   87    5.0000    4.7169
    4    5.0000
   0.79327 188.48077
   7.45673 189.43269
  15.70673 188.79807
  25.54327 187.21154
    4    5.0000
  41.09135 187.84615
  50.29327 190.38461
  56.63942 191.65384
  65.20673 191.97115
    2    5.0000
   3.33173 177.37500
   4.28366 172.61538
    5    5.0000
   0.47596 155.48077
   6.18750 164.36538
  14.12019 173.25000
  23.32212 177.05769
  31.25481 181.50000
    4    5.0000
  24.27404 151.99038
  24.27404 145.00961
  21.10096 137.71154
  16.97596 133.58654
    5    5.0000
  68.37981 183.72115
  71.23558 178.96154
  76.31250 173.25000
  84.24519 166.90384
  91.86058 157.38461
    4    5.0000
  69.01442 171.66346
  68.37981 163.09615
  68.37981 152.30769
  70.28365 147.23077
    3    5.0000
  61.71635 145.00961
  55.37019 143.10577
  49.02404 140.56731
    3    5.0000
  62.98558 136.44231
  61.39904 130.41346
  62.66827 126.28846
    3    5.0000
  64.57212 141.51923
  66.15865 138.98077
  70.28365 135.80769
    4    5.0000
  69.64904 143.74038
  71.87019 139.61538
  74.40865 136.12500
  76.62981 131.04808
    4    5.0000
  95.03365 161.19231
  96.93750 158.01923
  99.47596 153.89423
 102.01442 148.81731
    7    5.0000
 131.20673 179.91346
 136.60096 170.07692
 140.40865 163.73077
 145.80288 158.65384
 150.56250 155.16346
 155.63942 155.48077
 160.39904 156.11538
    5    5.0000
 173.40865 153.89423
 177.21634 154.21154
 182.92788 153.57692
 187.05288 150.08654
 188.00481 147.23077
    5    5.0000
 131.52404 162.46154
 134.06250 162.46154
 136.60096 158.01923
 139.45673 154.84615
 142.94711 153.89423
    4    5.0000
 153.10096 149.76923
 156.59134 149.13461
 159.76442 146.91346
 162.62019 145.64423
    4    5.0000
 162.30288 137.39423
 167.37981 138.34615
 172.13942 139.61538
 176.58173 141.20192
   10    5.0000
 111.53365 153.57692
 116.92788 153.89423
 122.63942 153.89423
 128.03365 150.72115
 134.06250 148.81731
 138.82211 148.81731
 143.26442 145.00961
 147.07211 140.88461
 150.24519 137.71154
 153.41827 135.49038
    7    5.0000
 108.99519 149.76923
 112.16827 145.96154
 115.02404 142.47115
 119.14904 140.88461
 120.10096 137.71154
 122.32211 135.80769
 126.44711 134.53846
    4    5.0000
 118.19711 134.53846
 120.73558 131.04808
 123.59135 129.46154
 127.39904 126.60577
    3    5.0000
 115.34135 130.73077
 110.26442 131.36538
 106.13942 129.46154
    3    5.0000
 115.02404 121.21154
 117.56250 123.11538
 121.05288 123.11538
    5    5.0000
 119.78365 126.92308
 115.02404 127.24038
 112.16827 123.75000
 109.94712 121.84615
 107.09135 118.67308
    4    5.0000
 102.01442 130.73077
  96.93750 131.68269
  90.27404 132.63461
  84.24519 133.26923
    5    5.0000
  74.40865 125.97115
  73.45673 121.84615
  74.09135 117.40385
  74.09135 113.27885
  71.55289 109.15385
    5    5.0000
  77.89904 118.99038
  81.07212 117.08654
  86.46635 117.72115
  89.95673 115.81731
  93.76442 115.81731
    4    5.0000
 114.07212 113.59615
 114.70673 110.10577
 117.24519 105.34615
 118.83173 100.90385
    6    5.0000
 103.60096 106.93269
 106.45673 105.66346
 110.26442 104.39423
 111.21635  99.63462
 108.36058  97.41346
 104.23558  97.41346
    5    5.0000
  32.52404 100.26923
  36.33173  99.95192
  42.99519  99.95192
  48.38942 100.58654
  52.83173 101.85577
    2    5.0000
   6.50481  84.08654
   7.13943  77.74039
    4    5.0000
   1.42789  61.24039
   6.50481  62.19231
  11.26443  64.41346
  12.21635  68.85577
    4    5.0000
  41.40866  93.92308
  36.01442  92.65385
  29.03366  92.33654
  23.32212  91.70192
    4    5.0000
  30.30289  81.54808
  24.27404  81.54808
  17.92789  81.86539
  16.02404  81.86539
    4    5.0000
  19.83173  62.82692
  19.19712  67.90385
  22.68750  73.29808
  25.54327  75.20192
    6    5.0000
  22.68750  59.33654
  24.59135  56.48077
  31.57212  52.35577
  35.69712  50.13462
  42.99519  49.81731
  48.70673  47.27885
    4    5.0000
  18.87981  48.86539
  20.78366  42.83654
  21.73558  36.80769
  20.78366  30.46154
    5    5.0000
  41.09135  84.40385
  45.21635  87.89423
  49.65865  91.06731
  53.78365  91.38462
  58.86058  88.84615
    3    5.0000
  54.41827  97.73077
  58.54327  96.46154
  62.03365  94.55769
    5    5.0000
  64.88942 100.26923
  69.96635  99.95192
  75.04327  99.00000
  78.53365  99.95192
  83.29327  98.68269
    5    5.0000
  66.79327  92.33654
  71.55289  91.06731
  75.36058  92.65385
  78.85096  89.79808
  82.34135  92.33654
    9    5.0000
  62.66827  84.40385
  64.88942  81.54808
  67.11058  76.15385
  69.33173  70.75962
  71.55289  65.36539
  71.55289  62.50962
  73.13942  58.70192
  75.04327  55.21154
  74.72596  50.76923
    4    5.0000
  66.15865  46.00962
  66.79327  43.47116
  68.37981  39.66346
  68.37981  36.80769
    3    5.0000
  75.99519  46.96154
  77.26442  43.78846
  77.89904  40.93269
    7    5.0000
  76.94712  32.04808
  74.72596  26.97116
  70.91827  21.25962
  68.37981  17.13462
  66.15865  13.32693
  65.20673  10.78846
  63.30289   5.39423
    6    5.0000
  55.68750  15.86539
  59.81250  14.91346
  65.52404  17.45193
  70.28365  18.40385
  75.67789  16.18269
  79.16827  14.27885
    5    5.0000
  73.77404   7.61539
  78.85096   7.61539
  83.29327   8.88462
  88.68750   8.88462
  90.27404   6.34616
    3    5.0000
  93.12981   9.51923
  95.66827   6.34616
 100.74519   4.75962
    6    5.0000
 106.13942   2.85577
 108.99519   5.71154
 109.94712  10.47116
 108.99519  16.50000
 105.82212  20.94231
 104.23558  26.65385
    5    5.0000
 116.61058   3.80770
 119.14904   7.61539
 123.59135  11.10577
 128.98558  14.27885
 132.79327  19.67308
    4    5.0000
 128.98558  30.46154
 131.20673  28.55769
 130.88942  25.06731
 128.35096  21.25962
    3    5.0000
 132.79327  11.74039
 134.06250   9.51923
 135.64904   4.75962
    5    5.0000
 137.23558  13.64423
 139.77404  15.23077
 143.26442  14.27885
 145.48558  10.78846
 148.97596   8.25000
    5    5.0000
 151.19711  13.96154
 155.00481  13.00962
 155.32211  11.10577
 156.90865   7.61539
 161.03365   7.61539
    4    5.0000
 162.30288  10.47116
 167.06250   8.88462
 170.23558   7.61539
 171.18750   4.75962
    4    5.0000
 184.19711   6.66346
 187.05288   9.20193
 192.12981  11.74039
 195.30288  14.59616
    3    5.0000
 193.08173  19.03846
 194.66827  22.21154
 197.20673  28.24039
    4    5.0000
 189.90865  21.57693
 186.10096  21.25962
 178.16827  19.67308
 174.67788  19.99039
    4    5.0000
 170.87019  15.86539
 163.88942  17.13462
 160.08173  21.57693
 159.44711  24.75000
    7    5.0000
 142.62981  31.73077
 143.26442  29.82693
 145.80288  26.97116
 149.92788  24.75000
 154.37019  24.75000
 156.59134  26.33654
 156.90865  28.24039
    7    5.0000
 143.26442  19.99039
 140.09135  21.25962
 137.23558  22.52885
 135.33173  26.65385
 135.33173  30.14423
 132.47596  35.22116
 128.35096  37.12500
    4    5.0000
 124.54327  39.02885
 123.27404  43.15385
 120.73558  47.27885
 115.02404  48.23077
    4    5.0000
 112.80288  52.03846
 110.26442  50.13462
 107.09135  47.27885
 106.13942  44.10577
    4    5.0000
  81.38942  55.52885
  86.46635  55.21154
  91.86058  55.84616
  96.93750  57.11539
    3    5.0000
  85.51442  52.03846
  84.56250  49.18269
  84.24519  45.69231
    6    5.0000
  89.95673  88.21154
  93.44712  86.30769
  93.44712  80.91346
  90.90865  75.51923
  89.00481  69.80769
  91.22596  66.63462
    4    5.0000
  87.10096  94.55769
  91.86058  96.14423
  95.35096  95.19231
 100.74519  94.24038
    3    5.0000
 107.72596  92.97115
 107.40865  90.11538
 105.18750  86.30769
    4    5.0000
 108.99519  80.27885
 113.12019  85.67308
 115.97596  89.48077
 116.61058  93.92308
    6    5.0000
 119.46635  87.89423
 122.00481  85.35577
 125.49519  84.40385
 125.17788  80.27885
 128.98558  79.32692
 132.15865  77.42308
    3    5.0000
  97.25481  67.90385
 104.87019  66.95192
 107.40865  66.00000
    6    5.0000
 110.58173  76.78846
 108.99519  72.66346
 109.94712  68.53846
 109.31250  65.04808
 108.67788  59.97116
 110.58173  58.06731
    5    5.0000
 124.54327  71.71154
 122.95673  68.53846
 122.63942  64.09615
 120.73558  61.24039
 119.46635  55.84616
    3    5.0000
 129.93750  60.60577
 128.03365  56.16346
 124.54327  53.94231
    3    5.0000
 138.50481  61.87500
 143.58173  62.19231
 146.75481  65.04808
    4    5.0000
 129.62019  51.40385
 132.79327  51.40385
 137.23558  49.18269
 141.36058  46.96154
    4    5.0000
 152.34735  73.21875
 157.50360  70.44231
 165.03966  71.23558
 168.64904  73.93269
    5    5.0000
 161.66827 129.14423
 168.33173 129.14423
 169.91827 127.55769
 174.36058 125.01923
 176.58173 124.38461
    5    5.0000
 182.61058 133.90385
 183.56250 130.41346
 188.32211 126.92308
 185.46634 122.79808
 182.61058 121.84615
    3    5.0000
 191.17788 120.57692
 193.39904 118.67308
 197.20673 116.13461
    4    5.0000
 194.03365 111.05769
 192.44711 108.83654
 188.32211 107.88462
 182.61058 105.66346
    5    5.0000
 182.29327 116.13461
 182.29327 113.91346
 179.43750 110.10577
 175.31250 106.93269
 173.72596 104.39423
    3    5.0000
 172.77404 101.22115
 170.87019  99.00000
 167.06250  96.46154
    4    5.0000
 169.28365  90.43269
 172.13942  91.70192
 176.89904  91.38462
 181.97596  88.21154
    3    5.0000
 179.75481  96.46154
 181.97596 100.26923
 186.73557 101.22115
    3    5.0000
 164.20673  87.57692
 167.69711  86.94231
 173.72596  86.62500
    6    5.0000
 177.53365  78.37500
 180.38942  79.32692
 184.83173  78.05769
 187.05288  74.88462
 188.95673  72.34615
 193.71634  69.49039
    3    5.0000
 142.94711  51.08654
 145.80288  52.67308
 150.87981  53.62500
