73 
61      0.430      0.237      1.163
62      0.109      0.237      1.226
63     -0.200      0.237      1.233
64     -0.614      0.237      1.117
65     -0.958      0.237      0.779
66     -1.038      0.237      0.317
67     -0.757      0.237      0.240
68     -0.507      0.237     -0.011
69     -0.182      0.237     -0.084
70      0.019      0.237      0.045
71      0.270      0.237      0.227
72      0.502      0.237      0.657
49      0.488     -0.006      0.879
50      0.214     -0.006      1.062
51     -0.059     -0.006      1.062
52     -0.392     -0.006      0.964
53     -0.609     -0.006      0.727
54     -0.697     -0.006      0.449
55     -0.648     -0.006      0.171
56     -0.395     -0.006     -0.150
57     -0.132     -0.006     -0.163
58      0.088     -0.006     -0.056
59      0.296     -0.006      0.097
60      0.530     -0.006      0.450
37      0.519     -0.250      0.632
38      0.288     -0.250      0.879
39     -0.000     -0.250      0.919
40     -0.243     -0.250      0.823
41     -0.394     -0.250      0.665
42     -0.504     -0.250      0.466
43     -0.524     -0.250      0.180
44     -0.304     -0.250     -0.150
45     -0.057     -0.250     -0.185
46      0.170     -0.250     -0.102
47      0.299     -0.250      0.015
48      0.516     -0.250      0.278
25      0.423     -0.493      0.393
26      0.220     -0.493      0.674
27     -0.029     -0.493      0.693
28     -0.228     -0.493      0.622
29     -0.408     -0.493      0.491
30     -0.534     -0.493      0.258
31     -0.505     -0.493     -0.052
32     -0.253     -0.493     -0.317
33     -0.019     -0.493     -0.309
34      0.171     -0.493     -0.204
35      0.272     -0.493     -0.086
36      0.418     -0.493      0.104
13      0.314     -0.614      0.233
14      0.157     -0.614      0.503
15     -0.047     -0.614      0.524
16     -0.210     -0.614      0.481
17     -0.387     -0.614      0.383
18     -0.489     -0.614      0.209
19     -0.475     -0.614     -0.044
20     -0.282     -0.614     -0.260
21     -0.084     -0.614     -0.283
22      0.055     -0.614     -0.206
23      0.144     -0.614     -0.135
24      0.268     -0.614     -0.025
1      0.157     -0.736      0.047
2      0.057     -0.736      0.334
3     -0.166     -0.736      0.402
4     -0.327     -0.736      0.321
5     -0.373     -0.736      0.210
6     -0.366     -0.736      0.164
7     -0.400     -0.736     -0.013
8     -0.283     -0.736     -0.206
9     -0.112     -0.736     -0.253
10     -0.039     -0.736     -0.182
11      0.013     -0.736     -0.149
12      0.074     -0.736     -0.141
0     -0.147     -0.809      0.044
