73 
61      0.630      0.259      1.385
62      0.279      0.259      1.242
63      0.197      0.259      1.045
64     -0.112      0.259      1.060
65     -0.597      0.259      0.845
66     -0.738      0.259      0.426
67     -0.462      0.259      0.552
68     -0.346      0.259      0.284
69      0.011      0.259      0.018
70      0.278      0.259      0.114
71      0.434      0.259      0.304
72      0.643      0.259      0.700
49      0.625      0.046      1.128
50      0.309      0.046      1.114
51      0.197      0.046      0.959
52     -0.081      0.046      0.953
53     -0.441      0.046      0.775
54     -0.558      0.046      0.484
55     -0.444      0.046      0.412
56     -0.291      0.046      0.117
57     -0.030      0.046     -0.028
58      0.279      0.046      0.024
59      0.488      0.046      0.212
60      0.662      0.046      0.568
37      0.630     -0.166      0.750
38      0.393     -0.166      0.842
39      0.262     -0.166      0.766
40      0.070     -0.166      0.772
41     -0.226     -0.166      0.676
42     -0.364     -0.166      0.472
43     -0.333     -0.166      0.364
44     -0.199     -0.166      0.039
45      0.048     -0.166     -0.105
46      0.349     -0.166     -0.063
47      0.486     -0.166      0.088
48      0.621     -0.166      0.330
25      0.518     -0.379      0.568
26      0.285     -0.379      0.704
27      0.163     -0.379      0.601
28      0.040     -0.379      0.594
29     -0.231     -0.379      0.531
30     -0.393     -0.379      0.313
31     -0.354     -0.379      0.120
32     -0.169     -0.379     -0.156
33      0.054     -0.379     -0.215
34      0.269     -0.379     -0.140
35      0.382     -0.379     -0.014
36      0.494     -0.379      0.169
13      0.405     -0.472      0.432
14      0.203     -0.472      0.562
15      0.100     -0.472      0.467
16      0.008     -0.472      0.465
17     -0.236     -0.472      0.424
18     -0.377     -0.472      0.255
19     -0.356     -0.472      0.075
20     -0.205     -0.472     -0.145
21     -0.016     -0.472     -0.204
22      0.139     -0.472     -0.146
23      0.242     -0.472     -0.065
24      0.349     -0.472      0.054
1      0.253     -0.565      0.168
2      0.131     -0.565      0.340
3     -0.002     -0.565      0.326
4     -0.121     -0.565      0.295
5     -0.245     -0.565      0.227
6     -0.268     -0.565      0.173
7     -0.283     -0.565      0.057
8     -0.194     -0.565     -0.132
9     -0.018     -0.565     -0.217
10      0.102     -0.565     -0.161
11      0.153     -0.565     -0.098
12      0.186     -0.565     -0.072
0     -0.025     -0.621      0.076
