73 
61      0.457      0.247      1.085
62      0.158      0.247      1.166
63     -0.118      0.247      1.166
64     -0.519      0.247      1.078
65     -0.871      0.247      0.769
66     -0.966      0.247      0.331
67     -0.722      0.247      0.224
68     -0.474      0.247     -0.048
69     -0.132      0.247     -0.133
70      0.052      0.247      0.014
71      0.305      0.247      0.195
72      0.507      0.247      0.592
49      0.506      0.005      0.804
50      0.254      0.005      1.007
51      0.001      0.005      1.012
52     -0.326      0.005      0.934
53     -0.552      0.005      0.715
54     -0.651      0.005      0.449
55     -0.622      0.005      0.158
56     -0.370      0.005     -0.181
57     -0.093      0.005     -0.204
58      0.119      0.005     -0.085
59      0.328      0.005      0.070
60      0.539      0.005      0.402
37      0.537     -0.237      0.566
38      0.327     -0.237      0.823
39      0.061     -0.237      0.867
40     -0.177     -0.237      0.795
41     -0.348     -0.237      0.653
42     -0.469     -0.237      0.460
43     -0.499     -0.237      0.173
44     -0.283     -0.237     -0.171
45     -0.026     -0.237     -0.218
46      0.199     -0.237     -0.128
47      0.327     -0.237     -0.009
48      0.523     -0.237      0.232
25      0.437     -0.480      0.361
26      0.241     -0.480      0.650
27      0.011     -0.480      0.658
28     -0.176     -0.480      0.601
29     -0.367     -0.480      0.486
30     -0.509     -0.480      0.257
31     -0.493     -0.480     -0.064
32     -0.238     -0.480     -0.345
33      0.006     -0.480     -0.338
34      0.181     -0.480     -0.221
35      0.285     -0.480     -0.105
36      0.420     -0.480      0.071
13      0.319     -0.598      0.177
14      0.177     -0.598      0.458
15     -0.011     -0.598      0.478
16     -0.167     -0.598      0.451
17     -0.352     -0.598      0.369
18     -0.473     -0.598      0.195
19     -0.470     -0.598     -0.075
20     -0.270     -0.598     -0.303
21     -0.064     -0.598     -0.320
22      0.056     -0.598     -0.229
23      0.146     -0.598     -0.163
24      0.265     -0.598     -0.067
1      0.168     -0.716     -0.001
2      0.084     -0.716      0.284
3     -0.119     -0.716      0.354
4     -0.275     -0.716      0.293
5     -0.335     -0.716      0.198
6     -0.348     -0.716      0.149
7     -0.386     -0.716     -0.035
8     -0.266     -0.716     -0.235
9     -0.089     -0.716     -0.283
10     -0.023     -0.716     -0.204
11      0.030     -0.716     -0.171
12      0.084     -0.716     -0.171
0     -0.123     -0.787      0.015
