73 
61      0.425      0.278      1.057
62      0.165      0.278      1.107
63     -0.122      0.278      1.176
64     -0.528      0.278      1.093
65     -0.857      0.278      0.785
66     -0.938      0.278      0.363
67     -0.690      0.278      0.308
68     -0.480      0.278      0.070
69     -0.196      0.278     -0.017
70      0.046      0.278      0.060
71      0.277      0.278      0.232
72      0.527      0.278      0.662
49      0.494      0.049      0.820
50      0.253      0.049      1.004
51     -0.028      0.049      1.055
52     -0.349      0.049      0.955
53     -0.512      0.049      0.737
54     -0.591      0.049      0.509
55     -0.581      0.049      0.251
56     -0.363      0.049     -0.085
57     -0.106      0.049     -0.131
58      0.135      0.049     -0.043
59      0.335      0.049      0.114
60      0.542      0.049      0.446
37      0.516     -0.180      0.569
38      0.314     -0.180      0.845
39     -0.018     -0.180      0.954
40     -0.252     -0.180      0.828
41     -0.306     -0.180      0.677
42     -0.397     -0.180      0.538
43     -0.468     -0.180      0.255
44     -0.274     -0.180     -0.114
45     -0.023     -0.180     -0.172
46      0.219     -0.180     -0.092
47      0.339     -0.180      0.035
48      0.518     -0.180      0.273
25      0.408     -0.409      0.288
26      0.257     -0.409      0.589
27     -0.047     -0.409      0.723
28     -0.272     -0.409      0.633
29     -0.361     -0.409      0.490
30     -0.440     -0.409      0.318
31     -0.447     -0.409      0.042
32     -0.237     -0.409     -0.250
33     -0.002     -0.409     -0.286
34      0.238     -0.409     -0.203
35      0.324     -0.409     -0.066
36      0.406     -0.409      0.085
13      0.314     -0.510      0.112
14      0.212     -0.510      0.407
15     -0.021     -0.510      0.518
16     -0.190     -0.510      0.470
17     -0.273     -0.510      0.388
18     -0.349     -0.510      0.292
19     -0.401     -0.510      0.048
20     -0.249     -0.510     -0.216
21     -0.048     -0.510     -0.276
22      0.122     -0.510     -0.213
23      0.185     -0.510     -0.134
24      0.247     -0.510     -0.082
1      0.154     -0.611     -0.004
2      0.071     -0.611      0.319
3     -0.174     -0.611      0.418
4     -0.325     -0.611      0.319
5     -0.318     -0.611      0.216
6     -0.293     -0.611      0.213
7     -0.362     -0.611      0.047
8     -0.265     -0.611     -0.188
9     -0.082     -0.611     -0.257
10     -0.006     -0.611     -0.181
11      0.035     -0.611     -0.141
12      0.058     -0.611     -0.165
0     -0.126     -0.671      0.050
