73 
61      0.539      0.278      0.994
62      0.268      0.278      1.072
63      0.087      0.278      1.017
64     -0.269      0.278      0.999
65     -0.664      0.278      0.763
66     -0.797      0.278      0.373
67     -0.619      0.278      0.241
68     -0.391      0.278     -0.068
69     -0.012      0.278     -0.206
70      0.146      0.278     -0.030
71      0.386      0.278      0.148
72      0.532      0.278      0.480
49      0.561      0.037      0.718
50      0.338      0.037      0.928
51      0.142      0.037      0.914
52     -0.166      0.037      0.884
53     -0.432      0.037      0.703
54     -0.555      0.037      0.454
55     -0.545      0.037      0.182
56     -0.313      0.037     -0.188
57     -0.009      0.037     -0.255
58      0.205      0.037     -0.122
59      0.415      0.037      0.044
60      0.572      0.037      0.335
37      0.584     -0.205      0.466
38      0.412     -0.205      0.713
39      0.214     -0.205      0.747
40     -0.010     -0.205      0.736
41     -0.244     -0.205      0.633
42     -0.391     -0.205      0.446
43     -0.425     -0.205      0.196
44     -0.233     -0.205     -0.171
45      0.039     -0.205     -0.260
46      0.273     -0.205     -0.168
47      0.403     -0.205     -0.042
48      0.547     -0.205      0.157
25      0.472     -0.447      0.331
26      0.285     -0.447      0.610
27      0.107     -0.447      0.582
28     -0.053     -0.447      0.561
29     -0.282     -0.447      0.483
30     -0.457     -0.447      0.259
31     -0.454     -0.447     -0.056
32     -0.207     -0.447     -0.361
33      0.047     -0.447     -0.369
34      0.199     -0.447     -0.238
35      0.315     -0.447     -0.128
36      0.429     -0.447      0.022
13      0.333     -0.557      0.111
14      0.208     -0.557      0.390
15      0.064     -0.557      0.391
16     -0.072     -0.557      0.398
17     -0.287     -0.557      0.348
18     -0.447     -0.557      0.169
19     -0.453     -0.557     -0.115
20     -0.247     -0.557     -0.359
21     -0.031     -0.557     -0.372
22      0.053     -0.557     -0.261
23      0.150     -0.557     -0.205
24      0.258     -0.557     -0.132
1      0.199     -0.667     -0.073
2      0.141     -0.667      0.190
3     -0.010     -0.667      0.252
4     -0.151     -0.667      0.238
5     -0.253     -0.667      0.177
6     -0.306     -0.667      0.119
7     -0.348     -0.667     -0.067
8     -0.227     -0.667     -0.277
9     -0.040     -0.667     -0.330
10      0.017     -0.667     -0.240
11      0.072     -0.667     -0.206
12      0.113     -0.667     -0.218
0     -0.066     -0.733     -0.036
