73 
61      0.403      0.244      1.192
62      0.087      0.244      1.232
63     -0.242      0.244      1.271
64     -0.666      0.244      1.143
65     -0.995      0.244      0.790
66     -1.063      0.244      0.322
67     -0.761      0.244      0.281
68     -0.527      0.244      0.054
69     -0.233      0.244     -0.013
70     -0.001      0.244      0.079
71      0.241      0.244      0.258
72      0.507      0.244      0.716
49      0.474      0.006      0.923
50      0.193      0.006      1.088
51     -0.100      0.006      1.105
52     -0.435      0.006      0.988
53     -0.621      0.006      0.742
54     -0.695      0.006      0.473
55     -0.645      0.006      0.214
56     -0.405      0.006     -0.096
57     -0.157      0.006     -0.113
58      0.079      0.006     -0.025
59      0.283      0.006      0.127
60      0.527      0.006      0.492
37      0.502     -0.233      0.666
38      0.264     -0.233      0.916
39     -0.063     -0.233      0.980
40     -0.306     -0.233      0.851
41     -0.401     -0.233      0.681
42     -0.493     -0.233      0.501
43     -0.525     -0.233      0.215
44     -0.311     -0.233     -0.117
45     -0.072     -0.233     -0.150
46      0.164     -0.233     -0.074
47      0.289     -0.233      0.045
48      0.511     -0.233      0.317
25      0.403     -0.471      0.381
26      0.215     -0.471      0.661
27     -0.072     -0.471      0.737
28     -0.291     -0.471      0.646
29     -0.426     -0.471      0.495
30     -0.519     -0.471      0.282
31     -0.494     -0.471     -0.003
32     -0.261     -0.471     -0.265
33     -0.035     -0.471     -0.274
34      0.189     -0.471     -0.189
35      0.280     -0.471     -0.061
36      0.411     -0.471      0.126
13      0.310     -0.587      0.234
14      0.162     -0.587      0.505
15     -0.069     -0.587      0.562
16     -0.241     -0.587      0.503
17     -0.373     -0.587      0.397
18     -0.447     -0.587      0.255
19     -0.450     -0.587      0.021
20     -0.280     -0.587     -0.204
21     -0.087     -0.587     -0.247
22      0.081     -0.587     -0.187
23      0.158     -0.587     -0.109
24      0.263     -0.587     -0.011
1      0.146     -0.703      0.069
2      0.039     -0.703      0.373
3     -0.211     -0.703      0.452
4     -0.373     -0.703      0.345
5     -0.385     -0.703      0.224
6     -0.353     -0.703      0.198
7     -0.397     -0.703      0.030
8     -0.291     -0.703     -0.171
9     -0.121     -0.703     -0.228
10     -0.040     -0.703     -0.162
11      0.007     -0.703     -0.126
12      0.059     -0.703     -0.124
0     -0.160     -0.773      0.073
