73 
61      0.418      0.267      1.102
62      0.139      0.267      1.149
63     -0.162      0.267      1.207
64     -0.574      0.267      1.110
65     -0.903      0.267      0.787
66     -0.980      0.267      0.350
67     -0.714      0.267      0.299
68     -0.496      0.267      0.065
69     -0.208      0.267     -0.015
70      0.030      0.267      0.066
71      0.265      0.267      0.240
72      0.520      0.267      0.680
49      0.488      0.035      0.855
50      0.233      0.035      1.032
51     -0.052      0.035      1.071
52     -0.378      0.035      0.966
53     -0.548      0.035      0.739
54     -0.626      0.035      0.497
55     -0.602      0.035      0.239
56     -0.377      0.035     -0.089
57     -0.123      0.035     -0.125
58      0.116      0.035     -0.037
59      0.318      0.035      0.118
60      0.537      0.035      0.462
37      0.512     -0.198      0.602
38      0.297     -0.198      0.869
39     -0.033     -0.198      0.963
40     -0.270     -0.198      0.835
41     -0.338     -0.198      0.678
42     -0.429     -0.198      0.526
43     -0.487     -0.198      0.242
44     -0.286     -0.198     -0.115
45     -0.039     -0.198     -0.165
46      0.201     -0.198     -0.086
47      0.323     -0.198      0.038
48      0.515     -0.198      0.288
25      0.406     -0.430      0.319
26      0.243     -0.430      0.613
27     -0.055     -0.430      0.728
28     -0.279     -0.430      0.637
29     -0.383     -0.430      0.492
30     -0.466     -0.430      0.306
31     -0.463     -0.430      0.027
32     -0.245     -0.430     -0.255
33     -0.013     -0.430     -0.282
34      0.221     -0.430     -0.199
35      0.309     -0.430     -0.064
36      0.408     -0.430      0.098
13      0.313     -0.536      0.153
14      0.195     -0.536      0.439
15     -0.037     -0.536      0.533
16     -0.207     -0.536      0.481
17     -0.306     -0.536      0.391
18     -0.382     -0.536      0.279
19     -0.417     -0.536      0.039
20     -0.259     -0.536     -0.212
21     -0.061     -0.536     -0.266
22      0.108     -0.536     -0.204
23      0.176     -0.536     -0.126
24      0.253     -0.536     -0.058
1      0.151     -0.641      0.020
2      0.060     -0.641      0.337
3     -0.186     -0.641      0.430
4     -0.341     -0.641      0.328
5     -0.340     -0.641      0.219
6     -0.313     -0.641      0.208
7     -0.374     -0.641      0.041
8     -0.274     -0.641     -0.182
9     -0.095     -0.641     -0.248
10     -0.017     -0.641     -0.174
11      0.025     -0.641     -0.136
12      0.059     -0.641     -0.151
0     -0.137     -0.705      0.058
