73 
61      0.422      0.318      0.781
62      0.270      0.318      0.824
63      0.086      0.318      0.921
64     -0.258      0.318      0.919
65     -0.561      0.318      0.706
66     -0.648      0.318      0.402
67     -0.506      0.318      0.341
68     -0.357      0.318      0.102
69     -0.110      0.318     -0.010
70      0.126      0.318      0.036
71      0.334      0.318      0.193
72      0.519      0.318      0.539
49      0.486      0.118      0.614
50      0.322      0.118      0.802
51      0.094      0.118      0.885
52     -0.168      0.118      0.821
53     -0.278      0.118      0.672
54     -0.358      0.118      0.534
55     -0.416      0.118      0.302
56     -0.251      0.118     -0.054
57     -0.007      0.118     -0.136
58      0.226      0.118     -0.055
59      0.409      0.118      0.103
60      0.529      0.118      0.360
37      0.501     -0.083      0.400
38      0.361     -0.083      0.688
39      0.051     -0.083      0.840
40     -0.127     -0.083      0.724
41     -0.102     -0.083      0.627
42     -0.188     -0.083      0.573
43     -0.321     -0.083      0.313
44     -0.172     -0.083     -0.093
45      0.075     -0.083     -0.178
46      0.311     -0.083     -0.095
47      0.413     -0.083      0.040
48      0.500     -0.083      0.209
25      0.386     -0.283      0.157
26      0.294     -0.283      0.455
27     -0.007     -0.283      0.653
28     -0.206     -0.283      0.564
29     -0.205     -0.283      0.453
30     -0.257     -0.283      0.366
31     -0.321     -0.283      0.129
32     -0.160     -0.283     -0.199
33      0.070     -0.283     -0.270
34      0.319     -0.283     -0.192
35      0.389     -0.283     -0.043
36      0.381     -0.283      0.044
13      0.302     -0.353     -0.064
14      0.268     -0.353      0.244
15      0.051     -0.353      0.417
16     -0.085     -0.353      0.383
17     -0.072     -0.353      0.350
18     -0.146     -0.353      0.344
19     -0.276     -0.353      0.102
20     -0.160     -0.353     -0.212
21      0.040     -0.353     -0.290
22      0.202     -0.353     -0.221
23      0.233     -0.353     -0.140
24      0.215     -0.353     -0.165
1      0.154     -0.423     -0.116
2      0.112     -0.423      0.214
3     -0.107     -0.423      0.333
4     -0.226     -0.423      0.249
5     -0.180     -0.423      0.184
6     -0.164     -0.423      0.228
7     -0.269     -0.423      0.078
8     -0.192     -0.423     -0.199
9     -0.000     -0.423     -0.283
10      0.065     -0.423     -0.190
11      0.083     -0.423     -0.145
12      0.051     -0.423     -0.216
0     -0.056     -0.465      0.011
