73 
61      0.509      0.101      1.132
62      0.254      0.101      1.069
63      0.138      0.101      0.990
64     -0.086      0.101      0.973
65     -0.323      0.101      0.851
66     -0.465      0.101      0.630
67     -0.431      0.101      0.539
68     -0.321      0.101      0.248
69     -0.070      0.101      0.101
70      0.079      0.101      0.162
71      0.314      0.101      0.278
72      0.552      0.101      0.646
49      0.467     -0.031      0.792
50      0.284     -0.031      0.826
51      0.158     -0.031      0.830
52     -0.112     -0.031      0.843
53     -0.385     -0.031      0.696
54     -0.483     -0.031      0.482
55     -0.438     -0.031      0.380
56     -0.318     -0.031      0.133
57     -0.141     -0.031      0.026
58      0.127     -0.031      0.025
59      0.344     -0.031      0.158
60      0.542     -0.031      0.484
37      0.425     -0.164      0.598
38      0.242     -0.164      0.685
39      0.055     -0.164      0.721
40     -0.229     -0.164      0.714
41     -0.575     -0.164      0.513
42     -0.641     -0.164      0.206
43     -0.470     -0.164      0.141
44     -0.298     -0.164     -0.022
45     -0.114     -0.164     -0.089
46      0.198     -0.164     -0.081
47      0.352     -0.164      0.069
48      0.525     -0.164      0.375
25      0.331     -0.296      0.461
26      0.129     -0.296      0.582
27     -0.050     -0.296      0.568
28     -0.286     -0.296      0.545
29     -0.617     -0.296      0.357
30     -0.702     -0.296      0.012
31     -0.508     -0.296     -0.181
32     -0.259     -0.296     -0.252
33     -0.080     -0.296     -0.231
34      0.171     -0.296     -0.176
35      0.250     -0.296     -0.039
36      0.430     -0.296      0.237
13      0.270     -0.369      0.300
14      0.104     -0.369      0.462
15     -0.088     -0.369      0.477
16     -0.286     -0.369      0.435
17     -0.492     -0.369      0.286
18     -0.555     -0.369      0.051
19     -0.456     -0.369     -0.200
20     -0.238     -0.369     -0.254
21     -0.061     -0.369     -0.251
22      0.150     -0.369     -0.192
23      0.198     -0.369     -0.078
24      0.331     -0.369      0.114
1      0.198     -0.442      0.258
2      0.042     -0.442      0.394
3     -0.171     -0.442      0.416
4     -0.370     -0.442      0.328
5     -0.479     -0.442      0.155
6     -0.431     -0.442      0.025
7     -0.354     -0.442     -0.128
8     -0.204     -0.442     -0.183
9     -0.034     -0.442     -0.213
10      0.153     -0.442     -0.156
11      0.224     -0.442     -0.033
12      0.260     -0.442      0.099
0     -0.097     -0.485      0.080
