73 
61      0.446      0.312      0.923
62      0.242      0.312      0.982
63     -0.002      0.312      1.080
64     -0.390      0.312      1.043
65     -0.718      0.312      0.780
66     -0.813      0.312      0.405
67     -0.619      0.312      0.335
68     -0.434      0.312      0.087
69     -0.158      0.312     -0.020
70      0.093      0.312      0.041
71      0.314      0.312      0.206
72      0.546      0.312      0.607
49      0.514      0.092      0.717
50      0.313      0.092      0.921
51      0.044      0.092      1.005
52     -0.263      0.092      0.922
53     -0.403      0.092      0.732
54     -0.486      0.092      0.545
55     -0.517      0.092      0.287
56     -0.321      0.092     -0.075
57     -0.056      0.092     -0.150
58      0.191      0.092     -0.061
59      0.387      0.092      0.100
60      0.556      0.092      0.401
37      0.530     -0.127      0.472
38      0.364     -0.127      0.775
39      0.026     -0.127      0.928
40     -0.198     -0.127      0.805
41     -0.212     -0.127      0.673
42     -0.301     -0.127      0.576
43     -0.411     -0.127      0.294
44     -0.237     -0.127     -0.111
45      0.026     -0.127     -0.193
46      0.274     -0.127     -0.109
47      0.389     -0.127      0.025
48      0.525     -0.127      0.229
25      0.412     -0.347      0.196
26      0.299     -0.347      0.516
27     -0.021     -0.347      0.710
28     -0.253     -0.347      0.621
29     -0.297     -0.347      0.486
30     -0.361     -0.347      0.353
31     -0.401     -0.347      0.088
32     -0.213     -0.347     -0.235
33      0.031     -0.347     -0.299
34      0.287     -0.347     -0.218
35      0.367     -0.347     -0.071
36      0.402     -0.347      0.044
13      0.319     -0.433     -0.011
14      0.262     -0.433      0.309
15      0.027     -0.433      0.474
16     -0.139     -0.433      0.438
17     -0.174     -0.433      0.378
18     -0.252     -0.433      0.329
19     -0.352     -0.433      0.075
20     -0.218     -0.433     -0.227
21     -0.009     -0.433     -0.305
22      0.162     -0.433     -0.238
23      0.211     -0.433     -0.159
24      0.232     -0.433     -0.153
1      0.162     -0.518     -0.078
2      0.103     -0.518      0.265
3     -0.136     -0.518      0.385
4     -0.277     -0.518      0.294
5     -0.251     -0.518      0.208
6     -0.234     -0.518      0.229
7     -0.327     -0.518      0.063
8     -0.239     -0.518     -0.204
9     -0.043     -0.518     -0.287
10      0.028     -0.518     -0.199
11      0.062     -0.518     -0.156
12      0.058     -0.518     -0.205
0     -0.091     -0.569      0.026
