73 
61      0.505      0.127      1.182
62      0.234      0.127      1.105
63      0.111      0.127      1.015
64     -0.123      0.127      0.990
65     -0.375      0.127      0.850
66     -0.511      0.127      0.606
67     -0.445      0.127      0.544
68     -0.334      0.127      0.263
69     -0.080      0.127      0.110
70      0.078      0.127      0.171
71      0.308      0.127      0.291
72      0.554      0.127      0.674
49      0.464     -0.020      0.834
50      0.261     -0.020      0.873
51      0.117     -0.020      0.866
52     -0.150     -0.020      0.856
53     -0.402     -0.020      0.701
54     -0.493     -0.020      0.490
55     -0.450     -0.020      0.381
56     -0.323     -0.020      0.124
57     -0.139     -0.020      0.022
58      0.116     -0.020      0.033
59      0.334     -0.020      0.166
60      0.531     -0.020      0.491
37      0.431     -0.166      0.633
38      0.232     -0.166      0.737
39      0.020     -0.166      0.771
40     -0.249     -0.166      0.734
41     -0.538     -0.166      0.539
42     -0.600     -0.166      0.262
43     -0.464     -0.166      0.174
44     -0.293     -0.166     -0.017
45     -0.102     -0.166     -0.084
46      0.194     -0.166     -0.065
47      0.347     -0.166      0.081
48      0.517     -0.166      0.379
25      0.338     -0.312      0.476
26      0.128     -0.312      0.617
27     -0.070     -0.312      0.604
28     -0.294     -0.312      0.560
29     -0.583     -0.312      0.378
30     -0.660     -0.312      0.062
31     -0.494     -0.312     -0.133
32     -0.253     -0.312     -0.238
33     -0.068     -0.312     -0.225
34      0.171     -0.312     -0.162
35      0.256     -0.312     -0.027
36      0.421     -0.312      0.233
13      0.270     -0.389      0.307
14      0.100     -0.389      0.479
15     -0.094     -0.389      0.488
16     -0.284     -0.389      0.440
17     -0.482     -0.389      0.295
18     -0.538     -0.389      0.075
19     -0.448     -0.389     -0.159
20     -0.241     -0.389     -0.240
21     -0.063     -0.389     -0.244
22      0.135     -0.389     -0.183
23      0.192     -0.389     -0.074
24      0.315     -0.389      0.102
1      0.198     -0.466      0.256
2      0.043     -0.466      0.388
3     -0.156     -0.466      0.399
4     -0.347     -0.466      0.320
5     -0.472     -0.466      0.154
6     -0.428     -0.466      0.025
7     -0.350     -0.466     -0.110
8     -0.206     -0.466     -0.178
9     -0.036     -0.466     -0.215
10      0.138     -0.466     -0.156
11      0.206     -0.466     -0.042
12      0.242     -0.466      0.077
0     -0.097     -0.512      0.076
