73 
61      0.604      0.208      1.356
62      0.283      0.208      1.198
63      0.211      0.208      1.025
64     -0.071      0.208      1.041
65     -0.503      0.208      0.850
66     -0.629      0.208      0.489
67     -0.398      0.208      0.634
68     -0.319      0.208      0.364
69      0.003      0.208      0.095
70      0.281      0.208      0.158
71      0.451      0.208      0.343
72      0.667      0.208      0.758
49      0.579      0.033      1.077
50      0.285      0.033      1.055
51      0.178      0.033      0.917
52     -0.066      0.033      0.905
53     -0.375      0.033      0.752
54     -0.488      0.033      0.507
55     -0.419      0.033      0.407
56     -0.274      0.033      0.120
57     -0.043      0.033      0.001
58      0.235      0.033      0.044
59      0.453      0.033      0.214
60      0.634      0.033      0.568
37      0.589     -0.143      0.783
38      0.334     -0.143      0.891
39      0.150     -0.143      0.828
40     -0.029     -0.143      0.774
41     -0.231     -0.143      0.661
42     -0.333     -0.143      0.494
43     -0.330     -0.143      0.355
44     -0.186     -0.143      0.027
45      0.061     -0.143     -0.094
46      0.344     -0.143     -0.035
47      0.476     -0.143      0.122
48      0.604     -0.143      0.375
25      0.506     -0.318      0.587
26      0.260     -0.318      0.737
27      0.106     -0.318      0.636
28     -0.005     -0.318      0.587
29     -0.205     -0.318      0.513
30     -0.335     -0.318      0.330
31     -0.322     -0.318      0.115
32     -0.131     -0.318     -0.172
33      0.103     -0.318     -0.221
34      0.315     -0.318     -0.126
35      0.418     -0.318      0.017
36      0.505     -0.318      0.204
13      0.407     -0.396      0.416
14      0.213     -0.396      0.548
15      0.098     -0.396      0.467
16      0.010     -0.396      0.450
17     -0.189     -0.396      0.405
18     -0.307     -0.396      0.265
19     -0.306     -0.396      0.077
20     -0.158     -0.396     -0.147
21      0.036     -0.396     -0.206
22      0.209     -0.396     -0.142
23      0.302     -0.396     -0.041
24      0.384     -0.396      0.086
1      0.269     -0.475      0.247
2      0.123     -0.475      0.372
3     -0.003     -0.475      0.331
4     -0.124     -0.475      0.294
5     -0.274     -0.475      0.206
6     -0.277     -0.475      0.132
7     -0.257     -0.475      0.048
8     -0.162     -0.475     -0.131
9      0.026     -0.475     -0.219
10      0.171     -0.475     -0.153
11      0.216     -0.475     -0.063
12      0.232     -0.475     -0.013
0     -0.005     -0.522      0.087
