73 
61      0.566      0.215      1.365
62      0.240      0.215      1.215
63      0.141      0.215      1.055
64     -0.138      0.215      1.047
65     -0.530      0.215      0.849
66     -0.650      0.215      0.496
67     -0.432      0.215      0.611
68     -0.342      0.215      0.350
69     -0.038      0.215      0.112
70      0.211      0.215      0.174
71      0.397      0.215      0.344
72      0.633      0.215      0.768
49      0.537      0.031      1.051
50      0.247      0.031      1.056
51      0.103      0.031      0.948
52     -0.144      0.031      0.907
53     -0.405      0.031      0.742
54     -0.503      0.031      0.512
55     -0.446      0.031      0.399
56     -0.298      0.031      0.109
57     -0.073      0.031      0.003
58      0.180      0.031      0.050
59      0.399      0.031      0.208
60      0.586      0.031      0.552
37      0.545     -0.153      0.779
38      0.287     -0.153      0.910
39      0.060     -0.153      0.874
40     -0.129     -0.153      0.787
41     -0.284     -0.153      0.654
42     -0.368     -0.153      0.491
43     -0.366     -0.153      0.339
44     -0.215     -0.153      0.019
45      0.022     -0.153     -0.084
46      0.288     -0.153     -0.024
47      0.426     -0.153      0.125
48      0.564     -0.153      0.381
25      0.459     -0.338      0.571
26      0.215     -0.338      0.744
27      0.021     -0.338      0.673
28     -0.112     -0.338      0.598
29     -0.284     -0.338      0.496
30     -0.387     -0.338      0.308
31     -0.360     -0.338      0.096
32     -0.165     -0.338     -0.176
33      0.062     -0.338     -0.214
34      0.268     -0.338     -0.120
35      0.373     -0.338      0.019
36      0.465     -0.338      0.209
13      0.362     -0.421      0.390
14      0.170     -0.421      0.547
15      0.026     -0.421      0.488
16     -0.085     -0.421      0.453
17     -0.272     -0.421      0.380
18     -0.362     -0.421      0.233
19     -0.343     -0.421      0.053
20     -0.189     -0.421     -0.158
21      0.001     -0.421     -0.210
22      0.165     -0.421     -0.144
23      0.257     -0.421     -0.047
24      0.339     -0.421      0.076
1      0.246     -0.504      0.247
2      0.097     -0.504      0.369
3     -0.035     -0.504      0.331
4     -0.168     -0.504      0.291
5     -0.331     -0.504      0.187
6     -0.323     -0.504      0.096
7     -0.281     -0.504      0.019
8     -0.180     -0.504     -0.140
9      0.003     -0.504     -0.219
10      0.140     -0.504     -0.154
11      0.190     -0.504     -0.067
12      0.211     -0.504     -0.013
0     -0.036     -0.554      0.079
