73 
61      0.443      0.242      1.124
62      0.133      0.242      1.196
63     -0.159      0.242      1.199
64     -0.566      0.242      1.098
65     -0.915      0.242      0.774
66     -1.002      0.242      0.324
67     -0.740      0.242      0.232
68     -0.491      0.242     -0.030
69     -0.157      0.242     -0.109
70      0.035      0.242      0.029
71      0.287      0.242      0.211
72      0.505      0.242      0.624
49      0.497     -0.001      0.841
50      0.234     -0.001      1.034
51     -0.029     -0.001      1.037
52     -0.359     -0.001      0.949
53     -0.580     -0.001      0.721
54     -0.674     -0.001      0.449
55     -0.635     -0.001      0.165
56     -0.383     -0.001     -0.166
57     -0.113     -0.001     -0.183
58      0.104     -0.001     -0.071
59      0.312     -0.001      0.083
60      0.534     -0.001      0.426
37      0.528     -0.244      0.599
38      0.307     -0.244      0.851
39      0.030     -0.244      0.893
40     -0.210     -0.244      0.809
41     -0.371     -0.244      0.659
42     -0.487     -0.244      0.463
43     -0.512     -0.244      0.177
44     -0.293     -0.244     -0.161
45     -0.042     -0.244     -0.202
46      0.185     -0.244     -0.115
47      0.313     -0.244      0.003
48      0.519     -0.244      0.255
25      0.430     -0.486      0.377
26      0.231     -0.486      0.662
27     -0.009     -0.486      0.676
28     -0.202     -0.486      0.611
29     -0.387     -0.486      0.489
30     -0.521     -0.486      0.258
31     -0.499     -0.486     -0.058
32     -0.246     -0.486     -0.331
33     -0.007     -0.486     -0.324
34      0.176     -0.486     -0.212
35      0.278     -0.486     -0.095
36      0.419     -0.486      0.088
13      0.316     -0.606      0.205
14      0.167     -0.606      0.480
15     -0.029     -0.606      0.501
16     -0.189     -0.606      0.466
17     -0.369     -0.606      0.376
18     -0.481     -0.606      0.202
19     -0.472     -0.606     -0.060
20     -0.276     -0.606     -0.281
21     -0.074     -0.606     -0.302
22      0.056     -0.606     -0.218
23      0.145     -0.606     -0.149
24      0.267     -0.606     -0.046
1      0.163     -0.726      0.023
2      0.071     -0.726      0.309
3     -0.142     -0.726      0.378
4     -0.301     -0.726      0.307
5     -0.354     -0.726      0.204
6     -0.357     -0.726      0.156
7     -0.393     -0.726     -0.024
8     -0.274     -0.726     -0.221
9     -0.100     -0.726     -0.268
10     -0.031     -0.726     -0.193
11      0.022     -0.726     -0.160
12      0.079     -0.726     -0.156
0     -0.135     -0.798      0.030
