73 
61      0.330      0.122      1.043
62      0.101      0.122      0.867
63      0.065      0.122      0.741
64     -0.180      0.122      0.754
65     -0.549      0.122      0.555
66     -0.532      0.122      0.335
67     -0.382      0.122      0.504
68     -0.324      0.122      0.240
69     -0.051      0.122      0.037
70      0.038      0.122      0.127
71      0.143      0.122      0.210
72      0.384      0.122      0.553
49      0.302      0.011      0.817
50      0.112      0.011      0.734
51      0.048      0.011      0.665
52     -0.211      0.011      0.678
53     -0.558      0.011      0.475
54     -0.519      0.011      0.283
55     -0.385      0.011      0.436
56     -0.330      0.011      0.186
57     -0.146      0.011      0.029
58      0.043      0.011      0.050
59      0.173      0.011      0.147
60      0.359      0.011      0.432
37      0.269     -0.101      0.646
38      0.072     -0.101      0.644
39     -0.073     -0.101      0.611
40     -0.303     -0.101      0.575
41     -0.614     -0.101      0.364
42     -0.575     -0.101      0.143
43     -0.406     -0.101      0.252
44     -0.303     -0.101      0.041
45     -0.132     -0.101     -0.054
46      0.053     -0.101     -0.023
47      0.145     -0.101      0.065
48      0.308     -0.101      0.299
25      0.185     -0.213      0.501
26     -0.019     -0.213      0.556
27     -0.172     -0.213      0.503
28     -0.355     -0.213      0.447
29     -0.630     -0.213      0.256
30     -0.610     -0.213      0.017
31     -0.436     -0.213      0.005
32     -0.278     -0.213     -0.129
33     -0.139     -0.213     -0.138
34     -0.005     -0.213     -0.089
35      0.088     -0.213     -0.006
36      0.217     -0.213      0.179
13      0.133     -0.265      0.343
14     -0.036     -0.265      0.440
15     -0.197     -0.265      0.415
16     -0.364     -0.265      0.354
17     -0.575     -0.265      0.180
18     -0.525     -0.265      0.017
19     -0.405     -0.265     -0.038
20     -0.270     -0.265     -0.136
21     -0.135     -0.265     -0.158
22     -0.022     -0.265     -0.112
23      0.055     -0.265     -0.042
24      0.137     -0.265      0.071
1      0.073     -0.318      0.263
2     -0.074     -0.318      0.359
3     -0.253     -0.318      0.352
4     -0.430     -0.318      0.262
5     -0.551     -0.318      0.076
6     -0.431     -0.318     -0.009
7     -0.336     -0.318     -0.031
8     -0.245     -0.318     -0.091
9     -0.118     -0.318     -0.134
10     -0.012     -0.318     -0.094
11      0.050     -0.318     -0.024
12      0.080     -0.318      0.048
0     -0.187     -0.349      0.082
