73 
61      0.403      0.227      1.242
62      0.060      0.227      1.286
63     -0.282      0.227      1.301
64     -0.710      0.227      1.157
65     -1.044      0.227      0.789
66     -1.110      0.227      0.302
67     -0.792      0.227      0.255
68     -0.541      0.227      0.025
69     -0.233      0.227     -0.035
70     -0.015      0.227      0.076
71      0.234      0.227      0.259
72      0.497      0.227      0.721
49      0.470     -0.017      0.955
50      0.173     -0.017      1.116
51     -0.119     -0.017      1.113
52     -0.459     -0.017      0.994
53     -0.666     -0.017      0.739
54     -0.742     -0.017      0.449
55     -0.674     -0.017      0.184
56     -0.420     -0.017     -0.119
57     -0.171     -0.017     -0.121
58      0.057     -0.017     -0.027
59      0.264     -0.017      0.123
60      0.521     -0.017      0.498
37      0.502     -0.262      0.698
38      0.249     -0.262      0.935
39     -0.061     -0.262      0.971
40     -0.309     -0.262      0.852
41     -0.440     -0.262      0.677
42     -0.540     -0.262      0.472
43     -0.550     -0.262      0.186
44     -0.325     -0.262     -0.129
45     -0.089     -0.262     -0.152
46      0.141     -0.262     -0.076
47      0.270     -0.262      0.039
48      0.510     -0.262      0.323
25      0.408     -0.506      0.426
26      0.198     -0.506      0.698
27     -0.069     -0.506      0.728
28     -0.279     -0.506      0.643
29     -0.449     -0.506      0.496
30     -0.559     -0.506      0.259
31     -0.518     -0.506     -0.040
32     -0.269     -0.506     -0.289
33     -0.044     -0.506     -0.280
34      0.161     -0.506     -0.187
35      0.258     -0.506     -0.067
36      0.415     -0.506      0.137
13      0.309     -0.631      0.288
14      0.138     -0.631      0.548
15     -0.083     -0.631      0.569
16     -0.253     -0.631      0.510
17     -0.422     -0.631      0.397
18     -0.504     -0.631      0.223
19     -0.480     -0.631     -0.012
20     -0.294     -0.631     -0.217
21     -0.103     -0.631     -0.246
22      0.054     -0.631     -0.182
23      0.142     -0.631     -0.106
24      0.272     -0.631      0.016
1      0.146     -0.755      0.095
2      0.031     -0.755      0.384
3     -0.213     -0.755      0.450
4     -0.380     -0.755      0.349
5     -0.411     -0.755      0.223
6     -0.384     -0.755      0.179
7     -0.413     -0.755      0.008
8     -0.299     -0.755     -0.176
9     -0.135     -0.755     -0.223
10     -0.055     -0.755     -0.161
11     -0.003     -0.755     -0.127
12      0.064     -0.755     -0.112
0     -0.171     -0.830      0.074
