73 
61      0.079      0.168      0.310
62      0.056      0.168      0.147
63      0.155      0.168      0.063
64      0.103      0.168      0.107
65      0.020      0.168      0.073
66      0.094      0.168      0.132
67      0.079      0.168      0.232
68      0.060      0.168      0.140
69      0.099      0.168      0.096
70      0.145      0.168      0.107
71      0.294      0.168      0.231
72      0.163      0.168      0.252
49      0.106      0.085      0.308
50      0.037      0.085      0.229
51      0.113      0.085      0.105
52      0.177      0.085      0.109
53      0.190      0.085      0.158
54      0.168      0.085      0.217
55      0.106      0.085      0.213
56      0.130      0.085      0.068
57      0.130      0.085      0.096
58      0.202      0.085      0.109
59      0.291      0.085      0.216
60      0.191      0.085      0.257
37      0.149      0.002      0.328
38      0.037      0.002      0.327
39      0.015      0.002      0.211
40      0.193      0.002      0.134
41      0.319      0.002      0.233
42      0.256      0.002      0.319
43      0.149      0.002      0.244
44      0.195      0.002      0.054
45      0.231      0.002      0.087
46      0.306      0.002      0.134
47      0.330      0.002      0.239
48      0.240      0.002      0.292
25      0.123     -0.081      0.359
26     -0.002     -0.081      0.343
27     -0.032     -0.081      0.217
28      0.099     -0.081      0.127
29      0.230     -0.081      0.189
30      0.207     -0.081      0.273
31      0.123     -0.081      0.222
32      0.176     -0.081      0.036
33      0.231     -0.081      0.065
34      0.315     -0.081      0.127
35      0.320     -0.081      0.241
36      0.218     -0.081      0.292
13      0.121     -0.101      0.201
14      0.024     -0.101      0.253
15     -0.021     -0.101      0.168
16      0.099     -0.101      0.086
17      0.244     -0.101      0.157
18      0.222     -0.101      0.261
19      0.121     -0.101      0.192
20      0.173     -0.101     -0.006
21      0.242     -0.101      0.016
22      0.315     -0.101      0.086
23      0.276     -0.101      0.176
24      0.158     -0.101      0.151
1      0.041     -0.121     -0.024
2      0.001     -0.121      0.073
3     -0.064     -0.121      0.065
4     -0.056     -0.121      0.004
5      0.046     -0.121      0.007
6      0.107     -0.121      0.119
7      0.041     -0.121      0.109
8      0.077     -0.121     -0.058
9      0.152     -0.121     -0.060
10      0.187     -0.121      0.004
11      0.110     -0.121      0.044
12      0.001     -0.121     -0.065
0      0.054     -0.133      0.018
