73 
61      0.597      0.302      1.416
62      0.219      0.302      1.293
63      0.095      0.302      1.098
64     -0.229      0.302      1.081
65     -0.696      0.302      0.840
66     -0.841      0.302      0.393
67     -0.551      0.302      0.466
68     -0.395      0.302      0.211
69     -0.038      0.302     -0.011
70      0.182      0.302      0.107
71      0.351      0.302      0.280
72      0.581      0.302      0.674
49      0.600      0.053      1.128
50      0.273      0.053      1.156
51      0.108      0.053      1.027
52     -0.195      0.053      0.987
53     -0.525      0.053      0.777
54     -0.624      0.053      0.476
55     -0.497      0.053      0.403
56     -0.334      0.053      0.099
57     -0.062      0.053     -0.044
58      0.236      0.053      0.019
59      0.440      0.053      0.203
60      0.616      0.053      0.547
37      0.599     -0.196      0.722
38      0.370     -0.196      0.833
39      0.216     -0.196      0.787
40      0.003     -0.196      0.788
41     -0.293     -0.196      0.676
42     -0.431     -0.196      0.455
43     -0.384     -0.196      0.349
44     -0.246     -0.196      0.038
45     -0.011     -0.196     -0.099
46      0.279     -0.196     -0.066
47      0.425     -0.196      0.069
48      0.579     -0.196      0.308
25      0.463     -0.445      0.535
26      0.240     -0.445      0.690
27      0.087     -0.445      0.629
28     -0.073     -0.445      0.614
29     -0.355     -0.445      0.520
30     -0.502     -0.445      0.272
31     -0.426     -0.445      0.098
32     -0.239     -0.445     -0.148
33     -0.034     -0.445     -0.201
34      0.175     -0.445     -0.141
35      0.299     -0.445     -0.032
36      0.434     -0.445      0.151
13      0.342     -0.555      0.407
14      0.141     -0.555      0.570
15      0.006     -0.555      0.496
16     -0.119     -0.555      0.480
17     -0.379     -0.555      0.403
18     -0.497     -0.555      0.206
19     -0.438     -0.555      0.040
20     -0.278     -0.555     -0.159
21     -0.097     -0.555     -0.208
22      0.033     -0.555     -0.151
23      0.142     -0.555     -0.090
24      0.265     -0.555      0.018
1      0.211     -0.665      0.116
2      0.102     -0.665      0.315
3     -0.043     -0.665      0.323
4     -0.176     -0.665      0.293
5     -0.302     -0.665      0.215
6     -0.323     -0.665      0.153
7     -0.333     -0.665      0.025
8     -0.238     -0.665     -0.145
9     -0.077     -0.665     -0.217
10      0.016     -0.665     -0.166
11      0.075     -0.665     -0.127
12      0.128     -0.665     -0.113
0     -0.080     -0.731      0.056
