73 
61      0.232      0.235      0.519
62      0.151      0.235      0.448
63      0.124      0.235      0.445
64     -0.058      0.235      0.468
65     -0.238      0.235      0.354
66     -0.236      0.235      0.252
67     -0.181      0.235      0.281
68     -0.125      0.235      0.123
69      0.006      0.235      0.049
70      0.137      0.235      0.075
71      0.312      0.235      0.214
72      0.321      0.235      0.379
49      0.275      0.099      0.444
50      0.163      0.099      0.484
51      0.105      0.099      0.452
52      0.024      0.099      0.426
53     -0.018      0.099      0.387
54     -0.066      0.099      0.358
55     -0.126      0.099      0.252
56     -0.040      0.099      0.014
57      0.069      0.099     -0.007
58      0.213      0.099      0.036
59      0.344      0.099      0.166
60      0.341      0.099      0.303
37      0.305     -0.036      0.360
38      0.181     -0.036      0.488
39      0.031     -0.036      0.491
40      0.051     -0.036      0.396
41      0.132     -0.036      0.408
42      0.059     -0.036      0.432
43     -0.060     -0.036      0.274
44      0.032     -0.036     -0.011
45      0.162     -0.036     -0.031
46      0.308     -0.036      0.032
47      0.366     -0.036      0.150
48      0.356     -0.036      0.255
25      0.240     -0.171      0.269
26      0.130     -0.171      0.393
27     -0.021     -0.171      0.411
28     -0.037     -0.171      0.321
29      0.037     -0.171      0.306
30      0.001     -0.171      0.314
31     -0.074     -0.171      0.181
32      0.027     -0.171     -0.068
33      0.159     -0.171     -0.084
34      0.317     -0.171     -0.015
35      0.350     -0.171      0.115
36      0.290     -0.171      0.182
13      0.201     -0.213      0.084
14      0.133     -0.213      0.249
15      0.011     -0.213      0.279
16      0.017     -0.213      0.218
17      0.103     -0.213      0.243
18      0.059     -0.213      0.298
19     -0.055     -0.213      0.152
20      0.025     -0.213     -0.098
21      0.152     -0.213     -0.120
22      0.265     -0.213     -0.051
23      0.257     -0.213      0.035
24      0.183     -0.213      0.010
1      0.091     -0.255     -0.065
2      0.050     -0.255      0.135
3     -0.083     -0.255      0.184
4     -0.131     -0.255      0.113
5     -0.054     -0.255      0.086
6     -0.013     -0.255      0.167
7     -0.097     -0.255      0.095
8     -0.043     -0.255     -0.121
9      0.084     -0.255     -0.159
10      0.133     -0.255     -0.082
11      0.098     -0.255     -0.040
12      0.023     -0.255     -0.132
0      0.005     -0.281      0.015
