73 
61      0.647      0.237      1.369
62      0.309      0.237      1.216
63      0.248      0.237      1.018
64     -0.053      0.237      1.050
65     -0.547      0.237      0.847
66     -0.687      0.237      0.443
67     -0.418      0.237      0.594
68     -0.322      0.237      0.320
69      0.036      0.237      0.032
70      0.326      0.237      0.118
71      0.476      0.237      0.316
72      0.673      0.237      0.713
49      0.638      0.043      1.128
50      0.326      0.043      1.093
51      0.241      0.043      0.924
52     -0.024      0.043      0.936
53     -0.398      0.043      0.773
54     -0.525      0.043      0.489
55     -0.418      0.043      0.416
56     -0.270      0.043      0.125
57     -0.013      0.043     -0.020
58      0.300      0.043      0.027
59      0.512      0.043      0.217
60      0.685      0.043      0.578
37      0.645     -0.151      0.763
38      0.405     -0.151      0.846
39      0.285     -0.151      0.755
40      0.103     -0.151      0.764
41     -0.193     -0.151      0.676
42     -0.330     -0.151      0.481
43     -0.308     -0.151      0.372
44     -0.176     -0.151      0.040
45      0.078     -0.151     -0.108
46      0.385     -0.151     -0.061
47      0.516     -0.151      0.097
48      0.642     -0.151      0.341
25      0.546     -0.345      0.585
26      0.307     -0.345      0.711
27      0.201     -0.345      0.587
28      0.096     -0.345      0.584
29     -0.169     -0.345      0.537
30     -0.338     -0.345      0.334
31     -0.318     -0.345      0.131
32     -0.134     -0.345     -0.159
33      0.098     -0.345     -0.222
34      0.316     -0.345     -0.139
35      0.424     -0.345     -0.004
36      0.524     -0.345      0.178
13      0.436     -0.430      0.445
14      0.235     -0.430      0.558
15      0.147     -0.430      0.453
16      0.072     -0.430      0.458
17     -0.164     -0.430      0.434
18     -0.317     -0.430      0.280
19     -0.315     -0.430      0.092
20     -0.168     -0.430     -0.138
21      0.024     -0.430     -0.202
22      0.192     -0.430     -0.143
23      0.292     -0.430     -0.053
24      0.391     -0.430      0.072
1      0.274     -0.515      0.194
2      0.145     -0.515      0.352
3      0.018     -0.515      0.328
4     -0.093     -0.515      0.297
5     -0.216     -0.515      0.232
6     -0.240     -0.515      0.183
7     -0.258     -0.515      0.073
8     -0.171     -0.515     -0.125
9      0.012     -0.515     -0.217
10      0.146     -0.515     -0.158
11      0.191     -0.515     -0.084
12      0.215     -0.515     -0.052
0      0.002     -0.566      0.085
