73 
61      0.511      0.267      0.928
62      0.255      0.267      1.047
63      0.045      0.267      1.030
64     -0.327      0.267      0.999
65     -0.699      0.267      0.749
66     -0.822      0.267      0.361
67     -0.653      0.267      0.193
68     -0.407      0.267     -0.120
69     -0.031      0.267     -0.231
70      0.120      0.267     -0.049
71      0.377      0.267      0.131
72      0.518      0.267      0.464
49      0.542      0.027      0.653
50      0.334      0.027      0.898
51      0.121      0.027      0.911
52     -0.192      0.027      0.873
53     -0.438      0.027      0.691
54     -0.560      0.027      0.449
55     -0.571      0.027      0.133
56     -0.320      0.027     -0.244
57     -0.015      0.027     -0.287
58      0.182      0.027     -0.143
59      0.392      0.027      0.017
60      0.557      0.027      0.306
37      0.571     -0.213      0.435
38      0.404     -0.213      0.711
39      0.184     -0.213      0.762
40     -0.046     -0.213      0.737
41     -0.255     -0.213      0.629
42     -0.399     -0.213      0.447
43     -0.449     -0.213      0.161
44     -0.240     -0.213     -0.213
45      0.036     -0.213     -0.284
46      0.257     -0.213     -0.180
47      0.383     -0.213     -0.058
48      0.536     -0.213      0.142
25      0.467     -0.454      0.296
26      0.285     -0.454      0.602
27      0.092     -0.454      0.588
28     -0.074     -0.454      0.558
29     -0.284     -0.454      0.477
30     -0.458     -0.454      0.256
31     -0.467     -0.454     -0.088
32     -0.207     -0.454     -0.400
33      0.055     -0.454     -0.396
34      0.200     -0.454     -0.254
35      0.312     -0.454     -0.143
36      0.426     -0.454      0.006
13      0.328     -0.565      0.065
14      0.215     -0.565      0.368
15      0.061     -0.565      0.388
16     -0.082     -0.565      0.392
17     -0.282     -0.565      0.341
18     -0.443     -0.565      0.166
19     -0.460     -0.565     -0.138
20     -0.245     -0.565     -0.388
21     -0.024     -0.565     -0.394
22      0.058     -0.565     -0.276
23      0.150     -0.565     -0.220
24      0.258     -0.565     -0.149
1      0.190     -0.677     -0.096
2      0.137     -0.677      0.184
3     -0.025     -0.677      0.259
4     -0.171     -0.677      0.238
5     -0.260     -0.677      0.173
6     -0.311     -0.677      0.118
7     -0.359     -0.677     -0.079
8     -0.232     -0.677     -0.295
9     -0.042     -0.677     -0.343
10      0.009     -0.677     -0.248
11      0.063     -0.677     -0.215
12      0.104     -0.677     -0.230
0     -0.075     -0.744     -0.045
