73 
61      0.453      0.323      0.878
62      0.268      0.323      0.941
63      0.039      0.323      1.048
64     -0.344      0.323      1.026
65     -0.672      0.323      0.778
66     -0.772      0.323      0.418
67     -0.595      0.323      0.344
68     -0.418      0.323      0.093
69     -0.146      0.323     -0.021
70      0.108      0.323      0.034
71      0.326      0.323      0.197
72      0.552      0.323      0.589
49      0.521      0.107      0.682
50      0.333      0.107      0.893
51      0.068      0.107      0.988
52     -0.235      0.107      0.911
53     -0.366      0.107      0.731
54     -0.451      0.107      0.557
55     -0.495      0.107      0.299
56     -0.307      0.107     -0.071
57     -0.039      0.107     -0.156
58      0.210      0.107     -0.067
59      0.405      0.107      0.095
60      0.561      0.107      0.386
37      0.535     -0.110      0.440
38      0.380     -0.110      0.752
39      0.041     -0.110      0.919
40     -0.181     -0.110      0.797
41     -0.180     -0.110      0.672
42     -0.269     -0.110      0.589
43     -0.393     -0.110      0.307
44     -0.225     -0.110     -0.110
45      0.042     -0.110     -0.200
46      0.293     -0.110     -0.115
47      0.405     -0.110      0.021
48      0.527     -0.110      0.215
25      0.414     -0.326      0.166
26      0.313     -0.326      0.491
27     -0.012     -0.326      0.706
28     -0.246     -0.326      0.616
29     -0.275     -0.326      0.484
30     -0.335     -0.326      0.364
31     -0.385     -0.326      0.103
32     -0.205     -0.326     -0.230
33      0.042     -0.326     -0.303
34      0.303     -0.326     -0.223
35      0.382     -0.326     -0.073
36      0.401     -0.326      0.030
13      0.321     -0.407     -0.052
14      0.278     -0.407      0.276
15      0.043     -0.407      0.460
16     -0.123     -0.407      0.427
17     -0.140     -0.407      0.375
18     -0.219     -0.407      0.341
19     -0.336     -0.407      0.084
20     -0.207     -0.407     -0.231
21      0.005     -0.407     -0.314
22      0.176     -0.407     -0.246
23      0.219     -0.407     -0.167
24      0.227     -0.407     -0.176
1      0.164     -0.487     -0.102
2      0.114     -0.487      0.247
3     -0.124     -0.487      0.374
4     -0.261     -0.487      0.285
5     -0.228     -0.487      0.206
6     -0.214     -0.487      0.235
7     -0.315     -0.487      0.069
8     -0.231     -0.487     -0.209
9     -0.030     -0.487     -0.297
10      0.040     -0.487     -0.206
11      0.071     -0.487     -0.161
12      0.057     -0.487     -0.219
0     -0.080     -0.535      0.018
