73 
61      0.501      0.152      1.233
62      0.213      0.152      1.141
63      0.084      0.152      1.040
64     -0.161      0.152      1.007
65     -0.428      0.152      0.849
66     -0.557      0.152      0.582
67     -0.459      0.152      0.549
68     -0.348      0.152      0.277
69     -0.090      0.152      0.119
70      0.076      0.152      0.180
71      0.303      0.152      0.305
72      0.557      0.152      0.703
49      0.461     -0.008      0.875
50      0.238     -0.008      0.919
51      0.076     -0.008      0.902
52     -0.187     -0.008      0.870
53     -0.418     -0.008      0.707
54     -0.503     -0.008      0.498
55     -0.462     -0.008      0.381
56     -0.329     -0.008      0.114
57     -0.138     -0.008      0.019
58      0.105     -0.008      0.040
59      0.323     -0.008      0.173
60      0.521     -0.008      0.499
37      0.437     -0.168      0.667
38      0.223     -0.168      0.790
39     -0.015     -0.168      0.820
40     -0.269     -0.168      0.754
41     -0.501     -0.168      0.564
42     -0.559     -0.168      0.318
43     -0.458     -0.168      0.207
44     -0.288     -0.168     -0.011
45     -0.090     -0.168     -0.079
46      0.190     -0.168     -0.049
47      0.341     -0.168      0.094
48      0.509     -0.168      0.382
25      0.345     -0.329      0.492
26      0.127     -0.329      0.652
27     -0.090     -0.329      0.641
28     -0.301     -0.329      0.575
29     -0.548     -0.329      0.399
30     -0.619     -0.329      0.112
31     -0.480     -0.329     -0.085
32     -0.248     -0.329     -0.224
33     -0.056     -0.329     -0.218
34      0.172     -0.329     -0.149
35      0.263     -0.329     -0.015
36      0.412     -0.329      0.229
13      0.271     -0.409      0.314
14      0.096     -0.409      0.495
15     -0.099     -0.409      0.499
16     -0.281     -0.409      0.445
17     -0.471     -0.409      0.303
18     -0.522     -0.409      0.098
19     -0.440     -0.409     -0.119
20     -0.244     -0.409     -0.225
21     -0.064     -0.409     -0.238
22      0.120     -0.409     -0.174
23      0.186     -0.409     -0.071
24      0.298     -0.409      0.090
1      0.198     -0.490      0.253
2      0.043     -0.490      0.382
3     -0.141     -0.490      0.382
4     -0.324     -0.490      0.311
5     -0.466     -0.490      0.152
6     -0.425     -0.490      0.025
7     -0.345     -0.490     -0.092
8     -0.209     -0.490     -0.173
9     -0.038     -0.490     -0.216
10      0.123     -0.490     -0.156
11      0.189     -0.490     -0.050
12      0.224     -0.490      0.054
0     -0.098     -0.539      0.073
