73 
61      0.470      0.252      1.046
62      0.182      0.252      1.137
63     -0.078      0.252      1.132
64     -0.471      0.252      1.058
65     -0.828      0.252      0.764
66     -0.930      0.252      0.339
67     -0.705      0.252      0.216
68     -0.457      0.252     -0.066
69     -0.106      0.252     -0.157
70      0.069      0.252     -0.002
71      0.323      0.252      0.179
72      0.510      0.252      0.560
49      0.515      0.010      0.766
50      0.274      0.010      0.980
51      0.031      0.010      0.986
52     -0.292      0.010      0.918
53     -0.523      0.010      0.709
54     -0.629      0.010      0.449
55     -0.610      0.010      0.152
56     -0.358      0.010     -0.197
57     -0.074      0.010     -0.225
58      0.135      0.010     -0.100
59      0.344      0.010      0.057
60      0.543      0.010      0.378
37      0.545     -0.231      0.533
38      0.346     -0.231      0.795
39      0.092     -0.231      0.841
40     -0.145     -0.231      0.780
41     -0.324     -0.231      0.647
42     -0.452     -0.231      0.457
43     -0.486     -0.231      0.170
44     -0.272     -0.231     -0.181
45     -0.011     -0.231     -0.235
46      0.214     -0.231     -0.141
47      0.341     -0.231     -0.021
48      0.526     -0.231      0.210
25      0.445     -0.473      0.345
26      0.252     -0.473      0.638
27      0.031     -0.473      0.641
28     -0.151     -0.473      0.590
29     -0.346     -0.473      0.484
30     -0.496     -0.473      0.257
31     -0.486     -0.473     -0.070
32     -0.230     -0.473     -0.359
33      0.018     -0.473     -0.353
34      0.186     -0.473     -0.229
35      0.292     -0.473     -0.114
36      0.422     -0.473      0.055
13      0.321     -0.590      0.149
14      0.186     -0.590      0.435
15      0.007     -0.590      0.456
16     -0.146     -0.590      0.436
17     -0.334     -0.590      0.362
18     -0.466     -0.590      0.188
19     -0.467     -0.590     -0.091
20     -0.263     -0.590     -0.324
21     -0.054     -0.590     -0.339
22      0.057     -0.590     -0.241
23      0.147     -0.590     -0.177
24      0.263     -0.590     -0.087
1      0.174     -0.706     -0.025
2      0.097     -0.706      0.259
3     -0.096     -0.706      0.330
4     -0.249     -0.706      0.279
5     -0.316     -0.706      0.192
6     -0.339     -0.706      0.141
7     -0.379     -0.706     -0.046
8     -0.257     -0.706     -0.250
9     -0.077     -0.706     -0.298
10     -0.015     -0.706     -0.215
11      0.038     -0.706     -0.182
12      0.089     -0.706     -0.185
0     -0.111     -0.776     -0.000
