73 
61      0.168      0.109      0.787
62     -0.001      0.109      0.586
63      0.013      0.109      0.459
64     -0.195      0.109      0.486
65     -0.561      0.109      0.287
66     -0.462      0.109      0.111
67     -0.279      0.109      0.385
68     -0.261      0.109      0.187
69     -0.030      0.109     -0.005
70      0.008      0.109      0.082
71      0.023      0.109      0.131
72      0.217      0.109      0.392
49      0.154      0.031      0.667
50     -0.003      0.031      0.538
51     -0.020      0.031      0.444
52     -0.222      0.031      0.454
53     -0.539      0.031      0.262
54     -0.435      0.031      0.120
55     -0.280      0.031      0.379
56     -0.271      0.031      0.177
57     -0.120      0.031      0.024
58     -0.011      0.031      0.054
59      0.047      0.031      0.111
60      0.189      0.031      0.318
37      0.133     -0.048      0.542
38     -0.033     -0.048      0.494
39     -0.127     -0.048      0.429
40     -0.281     -0.048      0.386
41     -0.511     -0.048      0.212
42     -0.425     -0.048      0.081
43     -0.290     -0.048      0.261
44     -0.245     -0.048      0.066
45     -0.115     -0.048     -0.025
46     -0.035     -0.048      0.013
47      0.006     -0.048      0.050
48      0.130     -0.048      0.199
25      0.070     -0.126      0.423
26     -0.094     -0.126      0.431
27     -0.203     -0.126      0.367
28     -0.320     -0.126      0.306
29     -0.510     -0.126      0.150
30     -0.439     -0.126      0.016
31     -0.311     -0.126      0.104
32     -0.232     -0.126     -0.038
33     -0.143     -0.126     -0.060
34     -0.098     -0.126     -0.025
35     -0.016     -0.126      0.013
36      0.059     -0.126      0.113
13      0.034     -0.157      0.297
14     -0.103     -0.157      0.340
15     -0.216     -0.157      0.298
16     -0.333     -0.157      0.240
17     -0.504     -0.157      0.088
18     -0.404     -0.157     -0.005
19     -0.297     -0.157      0.057
20     -0.233     -0.157     -0.046
21     -0.147     -0.157     -0.078
22     -0.109     -0.157     -0.047
23     -0.033     -0.157     -0.015
24      0.006     -0.157      0.034
1     -0.008     -0.188      0.214
2     -0.121     -0.188      0.269
3     -0.246     -0.188      0.247
4     -0.376     -0.188      0.174
5     -0.480     -0.188      0.019
6     -0.345     -0.188     -0.025
7     -0.259     -0.188      0.027
8     -0.218     -0.188     -0.024
9     -0.140     -0.188     -0.065
10     -0.098     -0.188     -0.042
11     -0.053     -0.188     -0.014
12     -0.031     -0.188      0.011
0     -0.198     -0.207      0.066
