73 
61      0.614      0.281      1.400
62      0.249      0.281      1.267
63      0.146      0.281      1.071
64     -0.170      0.281      1.071
65     -0.646      0.281      0.842
66     -0.790      0.281      0.409
67     -0.506      0.281      0.509
68     -0.371      0.281      0.248
69     -0.014      0.281      0.003
70      0.230      0.281      0.111
71      0.392      0.281      0.292
72      0.612      0.281      0.687
49      0.613      0.050      1.128
50      0.291      0.050      1.135
51      0.152      0.050      0.993
52     -0.138      0.050      0.970
53     -0.483      0.050      0.776
54     -0.591      0.050      0.480
55     -0.471      0.050      0.407
56     -0.312      0.050      0.108
57     -0.046      0.050     -0.036
58      0.257      0.050      0.022
59      0.464      0.050      0.208
60      0.639      0.050      0.558
37      0.614     -0.181      0.736
38      0.382     -0.181      0.838
39      0.239     -0.181      0.777
40      0.036     -0.181      0.780
41     -0.260     -0.181      0.676
42     -0.397     -0.181      0.464
43     -0.359     -0.181      0.357
44     -0.223     -0.181      0.038
45      0.019     -0.181     -0.102
46      0.314     -0.181     -0.065
47      0.455     -0.181      0.078
48      0.600     -0.181      0.319
25      0.491     -0.412      0.551
26      0.262     -0.412      0.697
27      0.125     -0.412      0.615
28     -0.017     -0.412      0.604
29     -0.293     -0.412      0.525
30     -0.448     -0.412      0.293
31     -0.390     -0.412      0.109
32     -0.204     -0.412     -0.152
33      0.010     -0.412     -0.208
34      0.222     -0.412     -0.140
35      0.341     -0.412     -0.023
36      0.464     -0.412      0.160
13      0.374     -0.514      0.419
14      0.172     -0.514      0.566
15      0.053     -0.514      0.481
16     -0.056     -0.514      0.473
17     -0.307     -0.514      0.413
18     -0.437     -0.514      0.231
19     -0.397     -0.514      0.058
20     -0.241     -0.514     -0.152
21     -0.057     -0.514     -0.206
22      0.086     -0.514     -0.148
23      0.192     -0.514     -0.078
24      0.307     -0.514      0.036
1      0.232     -0.615      0.142
2      0.116     -0.615      0.327
3     -0.023     -0.615      0.324
4     -0.148     -0.615      0.294
5     -0.274     -0.615      0.221
6     -0.295     -0.615      0.163
7     -0.308     -0.615      0.041
8     -0.216     -0.615     -0.138
9     -0.048     -0.615     -0.217
10      0.059     -0.615     -0.163
11      0.114     -0.615     -0.113
12      0.157     -0.615     -0.092
0     -0.053     -0.676      0.066
