73 
61      0.270      0.251      0.572
62      0.175      0.251      0.523
63      0.117      0.251      0.540
64     -0.098      0.251      0.558
65     -0.303      0.251      0.424
66     -0.318      0.251      0.282
67     -0.246      0.251      0.293
68     -0.171      0.251      0.119
69     -0.017      0.251      0.037
70      0.134      0.251      0.067
71      0.316      0.251      0.209
72      0.361      0.251      0.411
49      0.317      0.103      0.478
50      0.195      0.103      0.547
51      0.103      0.103      0.539
52     -0.015      0.103      0.505
53     -0.070      0.103      0.444
54     -0.124      0.103      0.393
55     -0.184      0.103      0.262
56     -0.082      0.103      0.000
57      0.054      0.103     -0.033
58      0.215      0.103      0.018
59      0.357      0.103      0.154
60      0.379      0.103      0.314
37      0.344     -0.045      0.368
38      0.217     -0.045      0.528
39      0.035     -0.045      0.561
40      0.015     -0.045      0.462
41      0.085     -0.045      0.452
42      0.009     -0.045      0.460
43     -0.112     -0.045      0.282
44     -0.009     -0.045     -0.027
45      0.145     -0.045     -0.060
46      0.309     -0.045      0.007
47      0.376     -0.045      0.128
48      0.385     -0.045      0.246
25      0.269     -0.194      0.247
26      0.163     -0.194      0.405
27     -0.018     -0.194      0.459
28     -0.070     -0.194      0.370
29     -0.012     -0.194      0.336
30     -0.051     -0.194      0.324
31     -0.124     -0.194      0.170
32     -0.011     -0.194     -0.095
33      0.142     -0.194     -0.121
34      0.317     -0.194     -0.050
35      0.358     -0.194      0.083
36      0.309     -0.194      0.154
13      0.221     -0.241      0.054
14      0.160     -0.241      0.248
15      0.019     -0.241      0.306
16     -0.003     -0.241      0.251
17      0.068     -0.241      0.264
18      0.018     -0.241      0.307
19     -0.100     -0.241      0.142
20     -0.012     -0.241     -0.121
21      0.130     -0.241     -0.154
22      0.252     -0.241     -0.085
23      0.252     -0.241     -0.000
24      0.190     -0.241     -0.025
1      0.104     -0.289     -0.076
2      0.063     -0.289      0.151
3     -0.088     -0.289      0.214
4     -0.150     -0.289      0.140
5     -0.080     -0.289      0.105
6     -0.043     -0.289      0.179
7     -0.131     -0.289      0.092
8     -0.073     -0.289     -0.136
9      0.067     -0.289     -0.184
10      0.119     -0.289     -0.104
11      0.095     -0.289     -0.061
12      0.029     -0.289     -0.149
0     -0.007     -0.317      0.014
