73 
61      0.396      0.233      1.236
62      0.061      0.233      1.274
63     -0.282      0.233      1.303
64     -0.712      0.233      1.160
65     -1.041      0.233      0.792
66     -1.104      0.233      0.308
67     -0.785      0.233      0.272
68     -0.542      0.233      0.048
69     -0.246      0.233     -0.012
70     -0.016      0.233      0.086
71      0.228      0.233      0.266
72      0.501      0.233      0.735
49      0.468     -0.009      0.958
50      0.173     -0.009      1.116
51     -0.124     -0.009      1.121
52     -0.464     -0.009      0.999
53     -0.658     -0.009      0.743
54     -0.730     -0.009      0.461
55     -0.666     -0.009      0.202
56     -0.418     -0.009     -0.100
57     -0.174     -0.009     -0.107
58      0.060     -0.009     -0.019
59      0.265     -0.009      0.132
60      0.522     -0.009      0.507
37      0.498     -0.250      0.699
38      0.247     -0.250      0.939
39     -0.077     -0.250      0.989
40     -0.324     -0.250      0.859
41     -0.432     -0.250      0.682
42     -0.525     -0.250      0.488
43     -0.544     -0.250      0.202
44     -0.323     -0.250     -0.118
45     -0.088     -0.250     -0.143
46      0.145     -0.250     -0.069
47      0.273     -0.250      0.048
48      0.509     -0.250      0.331
25      0.402     -0.492      0.411
26      0.201     -0.492      0.686
27     -0.081     -0.492      0.741
28     -0.298     -0.492      0.650
29     -0.448     -0.492      0.497
30     -0.545     -0.492      0.271
31     -0.509     -0.492     -0.018
32     -0.269     -0.492     -0.270
33     -0.045     -0.492     -0.270
34      0.172     -0.492     -0.184
35      0.266     -0.492     -0.059
36      0.412     -0.492      0.139
13      0.308     -0.613      0.275
14      0.145     -0.613      0.537
15     -0.085     -0.613      0.577
16     -0.257     -0.613      0.514
17     -0.406     -0.613      0.401
18     -0.479     -0.613      0.243
19     -0.466     -0.613      0.012
20     -0.290     -0.613     -0.200
21     -0.100     -0.613     -0.237
22      0.067     -0.613     -0.179
23      0.150     -0.613     -0.101
24      0.268     -0.613      0.013
1      0.144     -0.734      0.094
2      0.028     -0.734      0.391
3     -0.224     -0.734      0.463
4     -0.390     -0.734      0.354
5     -0.407     -0.734      0.226
6     -0.373     -0.734      0.192
7     -0.408     -0.734      0.025
8     -0.299     -0.734     -0.166
9     -0.134     -0.734     -0.218
10     -0.051     -0.734     -0.156
11     -0.002     -0.734     -0.121
12      0.059     -0.734     -0.111
0     -0.171     -0.807      0.081
