73 
61      0.118      0.185      0.362
62      0.080      0.185      0.222
63      0.147      0.185      0.159
64      0.062      0.185      0.197
65     -0.044      0.185      0.143
66      0.012      0.185      0.162
67      0.014      0.185      0.244
68      0.014      0.185      0.136
69      0.076      0.185      0.084
70      0.143      0.185      0.099
71      0.298      0.185      0.226
72      0.203      0.185      0.284
49      0.148      0.089      0.342
50      0.068      0.089      0.293
51      0.111      0.089      0.192
52      0.138      0.089      0.189
53      0.138      0.089      0.215
54      0.109      0.089      0.252
55      0.048      0.089      0.223
56      0.087      0.089      0.054
57      0.114      0.089      0.070
58      0.205      0.089      0.091
59      0.304      0.089      0.204
60      0.229      0.089      0.269
37      0.188     -0.008      0.336
38      0.073     -0.008      0.368
39      0.019     -0.008      0.281
40      0.157     -0.008      0.200
41      0.273     -0.008      0.277
42      0.206     -0.008      0.348
43      0.097     -0.008      0.251
44      0.154     -0.008      0.038
45      0.214     -0.008      0.057
46      0.307     -0.008      0.109
47      0.339     -0.008      0.217
48      0.269     -0.008      0.283
25      0.152     -0.104      0.337
26      0.031     -0.104      0.355
27     -0.029     -0.104      0.265
28      0.065     -0.104      0.176
29      0.182     -0.104      0.219
30      0.155     -0.104      0.283
31      0.074     -0.104      0.212
32      0.138     -0.104      0.010
33      0.213     -0.104      0.028
34      0.315     -0.104      0.092
35      0.327     -0.104      0.210
36      0.236     -0.104      0.264
13      0.141     -0.129      0.172
14      0.051     -0.129      0.252
15     -0.013     -0.129      0.195
16      0.079     -0.129      0.119
17      0.209     -0.129      0.178
18      0.181     -0.129      0.270
19      0.077     -0.129      0.182
20      0.136     -0.129     -0.029
21      0.219     -0.129     -0.018
22      0.302     -0.129      0.052
23      0.271     -0.129      0.140
24      0.164     -0.129      0.116
1      0.053     -0.155     -0.035
2      0.013     -0.155      0.089
3     -0.069     -0.155      0.095
4     -0.075     -0.155      0.031
5      0.021     -0.155      0.027
6      0.077     -0.155      0.131
7      0.006     -0.155      0.106
8      0.047     -0.155     -0.074
9      0.135     -0.155     -0.085
10      0.173     -0.155     -0.017
11      0.107     -0.155      0.023
12      0.007     -0.155     -0.082
0      0.041     -0.170      0.017
