73 
61      0.582      0.296      1.311
62      0.231      0.296      1.238
63      0.093      0.296      1.078
64     -0.239      0.296      1.060
65     -0.688      0.296      0.821
66     -0.830      0.296      0.388
67     -0.568      0.296      0.409
68     -0.394      0.296      0.142
69     -0.032      0.296     -0.060
70      0.173      0.296      0.073
71      0.359      0.296      0.247
72      0.569      0.296      0.626
49      0.590      0.049      1.026
50      0.290      0.049      1.099
51      0.117      0.049      0.999
52     -0.188      0.049      0.961
53     -0.502      0.049      0.759
54     -0.607      0.049      0.471
55     -0.509      0.049      0.348
56     -0.329      0.049      0.027
57     -0.049      0.049     -0.097
58      0.228      0.049     -0.016
59      0.434      0.049      0.163
60      0.605      0.049      0.494
37      0.595     -0.198      0.658
38      0.381     -0.198      0.803
39      0.215     -0.198      0.777
40     -0.000     -0.198      0.775
41     -0.281     -0.198      0.666
42     -0.421     -0.198      0.453
43     -0.394     -0.198      0.311
44     -0.243     -0.198     -0.015
45      0.002     -0.198     -0.139
46      0.278     -0.198     -0.092
47      0.420     -0.198      0.041
48      0.571     -0.198      0.270
25      0.465     -0.446      0.484
26      0.251     -0.446      0.670
27      0.092     -0.446      0.617
28     -0.068     -0.446      0.601
29     -0.337     -0.446      0.511
30     -0.491     -0.446      0.269
31     -0.433     -0.446      0.060
32     -0.231     -0.446     -0.202
33     -0.013     -0.446     -0.243
34      0.181     -0.446     -0.166
35      0.303     -0.446     -0.056
36      0.433     -0.446      0.119
13      0.340     -0.556      0.333
14      0.158     -0.556      0.525
15      0.020     -0.556      0.470
16     -0.108     -0.556      0.460
17     -0.356     -0.556      0.389
18     -0.485     -0.556      0.197
19     -0.442     -0.556      0.002
20     -0.270     -0.556     -0.209
21     -0.081     -0.556     -0.249
22      0.038     -0.556     -0.178
23      0.144     -0.556     -0.119
24      0.264     -0.556     -0.019
1      0.208     -0.665      0.069
2      0.111     -0.665      0.284
3     -0.035     -0.665      0.305
4     -0.170     -0.665      0.279
5     -0.290     -0.665      0.205
6     -0.319     -0.665      0.144
7     -0.337     -0.665      0.002
8     -0.235     -0.665     -0.178
9     -0.068     -0.665     -0.245
10      0.016     -0.665     -0.185
11      0.074     -0.665     -0.147
12      0.124     -0.665     -0.139
0     -0.077     -0.731      0.033
