73 
61      0.389      0.222      1.281
62      0.035      0.222      1.316
63     -0.322      0.222      1.335
64     -0.758      0.222      1.177
65     -1.087      0.222      0.794
66     -1.146      0.222      0.295
67     -0.809      0.222      0.263
68     -0.558      0.222      0.043
69     -0.258      0.222     -0.011
70     -0.032      0.222      0.092
71      0.216      0.222      0.275
72      0.494      0.222      0.753
49      0.461     -0.023      0.992
50      0.153     -0.023      1.143
51     -0.148     -0.023      1.138
52     -0.493     -0.023      1.010
53     -0.694     -0.023      0.745
54     -0.765     -0.023      0.449
55     -0.687     -0.023      0.190
56     -0.432     -0.023     -0.103
57     -0.190     -0.023     -0.100
58      0.041     -0.023     -0.013
59      0.248     -0.023      0.137
60      0.517     -0.023      0.522
37      0.493     -0.268      0.731
38      0.230     -0.268      0.963
39     -0.092     -0.268      0.997
40     -0.342     -0.268      0.866
41     -0.464     -0.268      0.683
42     -0.557     -0.268      0.475
43     -0.562     -0.268      0.189
44     -0.335     -0.268     -0.119
45     -0.104     -0.268     -0.136
46      0.127     -0.268     -0.063
47      0.256     -0.268      0.051
48      0.506     -0.268      0.346
25      0.401     -0.512      0.442
26      0.187     -0.512      0.710
27     -0.089     -0.512      0.746
28     -0.304     -0.512      0.654
29     -0.469     -0.512      0.499
30     -0.571     -0.512      0.259
31     -0.525     -0.512     -0.034
32     -0.277     -0.512     -0.275
33     -0.056     -0.512     -0.266
34      0.156     -0.512     -0.179
35      0.251     -0.512     -0.058
36      0.413     -0.512      0.153
13      0.307     -0.639      0.316
14      0.129     -0.639      0.570
15     -0.101     -0.639      0.592
16     -0.274     -0.639      0.525
17     -0.439     -0.639      0.404
18     -0.512     -0.639      0.230
19     -0.482     -0.639      0.003
20     -0.301     -0.639     -0.196
21     -0.113     -0.639     -0.228
22      0.054     -0.639     -0.170
23      0.141     -0.639     -0.092
24      0.274     -0.639      0.036
1      0.141     -0.765      0.118
2      0.018     -0.765      0.409
3     -0.236     -0.765      0.474
4     -0.406     -0.765      0.362
5     -0.430     -0.765      0.229
6     -0.393     -0.765      0.187
7     -0.420     -0.765      0.019
8     -0.308     -0.765     -0.161
9     -0.147     -0.765     -0.208
10     -0.062     -0.765     -0.150
11     -0.011     -0.765     -0.116
12      0.060     -0.765     -0.097
0     -0.183     -0.841      0.089
