73 
61      0.643      0.201      1.346
62      0.326      0.201      1.181
63      0.280      0.201      0.995
64     -0.003      0.201      1.035
65     -0.475      0.201      0.851
66     -0.607      0.201      0.483
67     -0.364      0.201      0.657
68     -0.296      0.201      0.378
69      0.044      0.201      0.078
70      0.352      0.201      0.141
71      0.505      0.201      0.341
72      0.701      0.201      0.748
49      0.621      0.035      1.103
50      0.323      0.035      1.053
51      0.254      0.035      0.886
52      0.012      0.035      0.903
53     -0.344      0.035      0.761
54     -0.473      0.035      0.502
55     -0.393      0.035      0.416
56     -0.251      0.035      0.132
57     -0.012      0.035     -0.001
58      0.289      0.035      0.038
59      0.507      0.035      0.221
60      0.682      0.035      0.583
37      0.633     -0.132      0.787
38      0.381     -0.132      0.873
39      0.241     -0.132      0.781
40      0.071     -0.132      0.761
41     -0.179     -0.132      0.669
42     -0.298     -0.132      0.496
43     -0.293     -0.132      0.371
44     -0.158     -0.132      0.034
45      0.099     -0.132     -0.104
46      0.399     -0.132     -0.047
47      0.526     -0.132      0.118
48      0.644     -0.132      0.369
25      0.554     -0.298      0.603
26      0.306     -0.298      0.731
27      0.192     -0.298      0.598
28      0.101     -0.298      0.575
29     -0.125     -0.298      0.531
30     -0.282     -0.298      0.353
31     -0.283     -0.298      0.134
32     -0.098     -0.298     -0.169
33      0.144     -0.298     -0.229
34      0.363     -0.298     -0.131
35      0.462     -0.298      0.015
36      0.545     -0.298      0.200
13      0.453     -0.372      0.443
14      0.255     -0.372      0.550
15      0.169     -0.372      0.445
16      0.104     -0.372      0.446
17     -0.105     -0.372      0.430
18     -0.252     -0.372      0.297
19     -0.269     -0.372      0.102
20     -0.126     -0.372     -0.135
21      0.071     -0.372     -0.202
22      0.253     -0.372     -0.140
23      0.347     -0.372     -0.035
24      0.429     -0.372      0.097
1      0.293     -0.445      0.247
2      0.149     -0.445      0.374
3      0.028     -0.445      0.331
4     -0.081     -0.445      0.297
5     -0.216     -0.445      0.225
6     -0.231     -0.445      0.168
7     -0.232     -0.445      0.077
8     -0.144     -0.445     -0.122
9      0.049     -0.445     -0.218
10      0.202     -0.445     -0.153
11      0.242     -0.445     -0.059
12      0.252     -0.445     -0.012
0      0.026     -0.489      0.096
