73 
61      0.494      0.204      1.333
62      0.173      0.204      1.213
63      0.029      0.204      1.090
64     -0.236      0.204      1.042
65     -0.533      0.204      0.848
66     -0.648      0.204      0.533
67     -0.487      0.204      0.560
68     -0.375      0.204      0.307
69     -0.110      0.204      0.137
70      0.073      0.204      0.198
71      0.293      0.204      0.333
72      0.563      0.204      0.759
49      0.456      0.015      0.958
50      0.193      0.015      1.013
51     -0.007      0.015      0.973
52     -0.263      0.015      0.897
53     -0.450      0.015      0.718
54     -0.523      0.015      0.514
55     -0.487      0.015      0.381
56     -0.339      0.015      0.096
57     -0.136      0.015      0.012
58      0.083      0.015      0.055
59      0.302      0.015      0.188
60      0.500      0.015      0.514
37      0.450     -0.173      0.736
38      0.203     -0.173      0.894
39     -0.086     -0.173      0.918
40     -0.309     -0.173      0.793
41     -0.427     -0.173      0.615
42     -0.478     -0.173      0.431
43     -0.445     -0.173      0.273
44     -0.278     -0.173     -0.001
45     -0.066     -0.173     -0.068
46      0.181     -0.173     -0.017
47      0.331     -0.173      0.119
48      0.492     -0.173      0.390
25      0.359     -0.361      0.524
26      0.125     -0.361      0.722
27     -0.130     -0.361      0.713
28     -0.317     -0.361      0.605
29     -0.478     -0.361      0.440
30     -0.535     -0.361      0.213
31     -0.451     -0.361      0.010
32     -0.237     -0.361     -0.196
33     -0.032     -0.361     -0.205
34      0.173     -0.361     -0.123
35      0.277     -0.361      0.010
36      0.394     -0.361      0.221
13      0.271     -0.450      0.329
14      0.089     -0.450      0.528
15     -0.111     -0.450      0.520
16     -0.277     -0.450      0.455
17     -0.451     -0.450      0.321
18     -0.488     -0.450      0.145
19     -0.424     -0.450     -0.037
20     -0.249     -0.450     -0.196
21     -0.066     -0.450     -0.224
22      0.091     -0.450     -0.156
23      0.173     -0.450     -0.063
24      0.265     -0.450      0.066
1      0.198     -0.539      0.249
2      0.045     -0.539      0.370
3     -0.112     -0.539      0.348
4     -0.278     -0.539      0.294
5     -0.453     -0.539      0.150
6     -0.419     -0.539      0.025
7     -0.335     -0.539     -0.056
8     -0.214     -0.539     -0.164
9     -0.042     -0.539     -0.219
10      0.093     -0.539     -0.156
11      0.154     -0.539     -0.067
12      0.188     -0.539      0.009
0     -0.098     -0.592      0.065
