73 
61      0.497      0.262      0.967
62      0.231      0.262      1.077
63      0.004      0.262      1.064
64     -0.375      0.262      1.018
65     -0.742      0.262      0.754
66     -0.858      0.262      0.354
67     -0.671      0.262      0.200
68     -0.424      0.262     -0.102
69     -0.056      0.262     -0.206
70      0.103      0.262     -0.033
71      0.359      0.262      0.147
72      0.515      0.262      0.496
49      0.533      0.021      0.690
50      0.314      0.021      0.925
51      0.091      0.021      0.936
52     -0.225      0.021      0.888
53     -0.466      0.021      0.697
54     -0.583      0.021      0.449
55     -0.584      0.021      0.139
56     -0.333      0.021     -0.228
57     -0.035      0.021     -0.266
58      0.166      0.021     -0.129
59      0.376      0.021      0.030
60      0.552      0.021      0.330
37      0.563     -0.219      0.468
38      0.384     -0.219      0.739
39      0.153     -0.219      0.789
40     -0.079     -0.219      0.752
41     -0.278     -0.219      0.635
42     -0.416     -0.219      0.451
43     -0.461     -0.219      0.164
44     -0.251     -0.219     -0.202
45      0.021     -0.219     -0.267
46      0.243     -0.219     -0.167
47      0.369     -0.219     -0.046
48      0.533     -0.219      0.164
25      0.459     -0.460      0.313
26      0.274     -0.460      0.614
27      0.072     -0.460      0.606
28     -0.099     -0.460      0.569
29     -0.305     -0.460      0.479
30     -0.471     -0.460      0.256
31     -0.474     -0.460     -0.082
32     -0.214     -0.460     -0.387
33      0.043     -0.460     -0.382
34      0.195     -0.460     -0.246
35      0.306     -0.460     -0.133
36      0.425     -0.460      0.022
13      0.326     -0.574      0.093
14      0.205     -0.574      0.390
15      0.043     -0.574      0.410
16     -0.103     -0.574      0.407
17     -0.299     -0.574      0.348
18     -0.450     -0.574      0.174
19     -0.462     -0.574     -0.123
20     -0.251     -0.574     -0.366
21     -0.034     -0.574     -0.376
22      0.057     -0.574     -0.265
23      0.149     -0.574     -0.206
24      0.260     -0.574     -0.129
1      0.185     -0.687     -0.073
2      0.124     -0.687      0.209
3     -0.049     -0.687      0.283
4     -0.197     -0.687      0.252
5     -0.278     -0.687      0.180
6     -0.320     -0.687      0.126
7     -0.366     -0.687     -0.068
8     -0.241     -0.687     -0.280
9     -0.054     -0.687     -0.328
10      0.001     -0.687     -0.237
11      0.054     -0.687     -0.204
12      0.099     -0.687     -0.215
0     -0.087     -0.755     -0.030
