73 
61      0.528      0.222      1.374
62      0.196      0.222      1.232
63      0.072      0.222      1.085
64     -0.206      0.222      1.053
65     -0.558      0.222      0.848
66     -0.672      0.222      0.502
67     -0.467      0.222      0.588
68     -0.365      0.222      0.336
69     -0.079      0.222      0.129
70      0.141      0.222      0.191
71      0.342      0.222      0.345
72      0.600      0.222      0.778
49      0.495      0.029      1.025
50      0.208      0.029      1.058
51      0.027      0.029      0.978
52     -0.222      0.029      0.909
53     -0.436      0.029      0.733
54     -0.518      0.029      0.517
55     -0.472      0.029      0.390
56     -0.321      0.029      0.097
57     -0.104      0.029      0.006
58      0.126      0.029      0.056
59      0.345      0.029      0.202
60      0.538      0.029      0.537
37      0.500     -0.164      0.775
38      0.240     -0.164      0.928
39     -0.031     -0.164      0.921
40     -0.229     -0.164      0.799
41     -0.337     -0.164      0.647
42     -0.403     -0.164      0.489
43     -0.403     -0.164      0.323
44     -0.244     -0.164      0.011
45     -0.016     -0.164     -0.073
46      0.232     -0.164     -0.012
47      0.376     -0.164      0.128
48      0.523     -0.164      0.387
25      0.412     -0.358      0.555
26      0.169     -0.358      0.750
27     -0.064     -0.358      0.711
28     -0.218     -0.358      0.609
29     -0.364     -0.358      0.478
30     -0.440     -0.358      0.285
31     -0.398     -0.358      0.077
32     -0.198     -0.358     -0.179
33      0.021     -0.358     -0.206
34      0.221     -0.358     -0.115
35      0.329     -0.358      0.020
36      0.425     -0.358      0.213
13      0.317     -0.446      0.363
14      0.128     -0.446      0.546
15     -0.045     -0.446      0.509
16     -0.180     -0.446      0.456
17     -0.356     -0.446      0.354
18     -0.417     -0.446      0.200
19     -0.379     -0.446      0.028
20     -0.221     -0.446     -0.170
21     -0.033     -0.446     -0.214
22      0.121     -0.446     -0.146
23      0.212     -0.446     -0.054
24      0.294     -0.446      0.065
1      0.222     -0.534      0.247
2      0.071     -0.534      0.367
3     -0.066     -0.534      0.331
4     -0.212     -0.534      0.288
5     -0.389     -0.534      0.168
6     -0.370     -0.534      0.061
7     -0.306     -0.534     -0.010
8     -0.198     -0.534     -0.150
9     -0.020     -0.534     -0.220
10      0.109     -0.534     -0.155
11      0.163     -0.534     -0.072
12      0.190     -0.534     -0.013
0     -0.067     -0.587      0.070
