73 
61      0.681      0.194      1.337
62      0.370      0.194      1.164
63      0.350      0.194      0.965
64      0.065      0.194      1.029
65     -0.447      0.194      0.852
66     -0.585      0.194      0.476
67     -0.329      0.194      0.680
68     -0.272      0.194      0.392
69      0.085      0.194      0.061
70      0.422      0.194      0.125
71      0.560      0.194      0.340
72      0.735      0.194      0.738
49      0.662      0.037      1.128
50      0.362      0.037      1.051
51      0.329      0.037      0.856
52      0.090      0.037      0.901
53     -0.314      0.037      0.771
54     -0.459      0.037      0.497
55     -0.366      0.037      0.425
56     -0.227      0.037      0.143
57      0.019      0.037     -0.004
58      0.343      0.037      0.032
59      0.560      0.037      0.227
60      0.730      0.037      0.599
37      0.677     -0.121      0.791
38      0.429     -0.121      0.855
39      0.332     -0.121      0.734
40      0.171     -0.121      0.748
41     -0.126     -0.121      0.676
42     -0.263     -0.121      0.498
43     -0.257     -0.121      0.387
44     -0.129     -0.121      0.042
45      0.137     -0.121     -0.114
46      0.455     -0.121     -0.058
47      0.576     -0.121      0.115
48      0.684     -0.121      0.363
25      0.601     -0.278      0.619
26      0.351     -0.278      0.724
27      0.277     -0.278      0.560
28      0.208     -0.278      0.564
29     -0.045     -0.278      0.548
30     -0.229     -0.278      0.375
31     -0.245     -0.278      0.152
32     -0.065     -0.278     -0.166
33      0.186     -0.278     -0.236
34      0.410     -0.278     -0.137
35      0.507     -0.278      0.014
36      0.585     -0.278      0.196
13      0.498     -0.347      0.470
14      0.297     -0.347      0.551
15      0.241     -0.347      0.424
16      0.199     -0.347      0.443
17     -0.021     -0.347      0.455
18     -0.197     -0.347      0.330
19     -0.232     -0.347      0.126
20     -0.095     -0.347     -0.124
21      0.105     -0.347     -0.197
22      0.297     -0.347     -0.138
23      0.392     -0.347     -0.029
24      0.474     -0.347      0.108
1      0.317     -0.415      0.247
2      0.174     -0.415      0.377
3      0.059     -0.415      0.331
4     -0.037     -0.415      0.300
5     -0.159     -0.415      0.244
6     -0.185     -0.415      0.204
7     -0.208     -0.415      0.105
8     -0.127     -0.415     -0.112
9      0.072     -0.415     -0.217
10      0.232     -0.415     -0.152
11      0.269     -0.415     -0.055
12      0.273     -0.415     -0.012
0      0.057     -0.456      0.105
