73 
61      0.156      0.201      0.414
62      0.104      0.201      0.297
63      0.140      0.201      0.254
64      0.022      0.201      0.287
65     -0.109      0.201      0.213
66     -0.071      0.201      0.192
67     -0.051      0.201      0.256
68     -0.032      0.201      0.131
69      0.052      0.201      0.072
70      0.141      0.201      0.091
71      0.303      0.201      0.222
72      0.242      0.201      0.316
49      0.190      0.092      0.376
50      0.100      0.092      0.356
51      0.109      0.092      0.279
52      0.100      0.092      0.268
53      0.086      0.092      0.272
54      0.051      0.092      0.287
55     -0.010      0.092      0.233
56      0.045      0.092      0.041
57      0.099      0.092      0.044
58      0.207      0.092      0.073
59      0.317      0.092      0.191
60      0.266      0.092      0.280
37      0.227     -0.017      0.344
38      0.109     -0.017      0.408
39      0.023     -0.017      0.351
40      0.122     -0.017      0.265
41      0.226     -0.017      0.320
42      0.157     -0.017      0.376
43      0.044     -0.017      0.259
44      0.114     -0.017      0.022
45      0.197     -0.017      0.028
46      0.307     -0.017      0.083
47      0.348     -0.017      0.194
48      0.298     -0.017      0.274
25      0.181     -0.126      0.314
26      0.064     -0.126      0.368
27     -0.027     -0.126      0.314
28      0.031     -0.126      0.224
29      0.133     -0.126      0.248
30      0.104     -0.126      0.293
31      0.024     -0.126      0.201
32      0.101     -0.126     -0.016
33      0.195     -0.126     -0.009
34      0.316     -0.126      0.056
35      0.335     -0.126      0.178
36      0.254     -0.126      0.237
13      0.161     -0.157      0.143
14      0.078     -0.157      0.251
15     -0.005     -0.157      0.223
16      0.058     -0.157      0.152
17      0.174     -0.157      0.200
18      0.140     -0.157      0.280
19      0.033     -0.157      0.172
20      0.099     -0.157     -0.052
21      0.197     -0.157     -0.052
22      0.290     -0.157      0.018
23      0.267     -0.157      0.105
24      0.171     -0.157      0.081
1      0.066     -0.188     -0.045
2      0.026     -0.188      0.104
3     -0.074     -0.188      0.124
4     -0.094     -0.188      0.059
5     -0.004     -0.188      0.047
6      0.047     -0.188      0.143
7     -0.028     -0.188      0.102
8      0.017     -0.188     -0.089
9      0.118     -0.188     -0.110
10      0.160     -0.188     -0.039
11      0.104     -0.188      0.002
12      0.012     -0.188     -0.098
0      0.029     -0.207      0.017
