73 
61      0.384      0.301      0.729
62      0.247      0.301      0.749
63      0.094      0.301      0.826
64     -0.218      0.301      0.829
65     -0.497      0.301      0.635
66     -0.565      0.301      0.372
67     -0.441      0.301      0.329
68     -0.310      0.301      0.106
69     -0.087      0.301      0.001
70      0.128      0.301      0.043
71      0.330      0.301      0.197
72      0.480      0.301      0.507
49      0.443      0.114      0.580
50      0.290      0.114      0.738
51      0.096      0.114      0.798
52     -0.130      0.114      0.742
53     -0.226      0.114      0.615
54     -0.299      0.114      0.498
55     -0.358      0.114      0.292
56     -0.209      0.114     -0.040
57      0.008      0.114     -0.110
58      0.223      0.114     -0.037
59      0.396      0.114      0.116
60      0.491      0.114      0.348
37      0.462     -0.073      0.392
38      0.325     -0.073      0.648
39      0.047     -0.073      0.771
40     -0.092     -0.073      0.658
41     -0.055     -0.073      0.583
42     -0.138     -0.073      0.545
43     -0.269     -0.073      0.305
44     -0.131     -0.073     -0.076
45      0.093     -0.073     -0.149
46      0.310     -0.073     -0.069
47      0.403     -0.073      0.062
48      0.472     -0.073      0.219
25      0.357     -0.261      0.180
26      0.262     -0.261      0.442
27     -0.009     -0.261      0.604
28     -0.172     -0.261      0.515
29     -0.157     -0.261      0.424
30     -0.205     -0.261      0.355
31     -0.271     -0.261      0.139
32     -0.123     -0.261     -0.173
33      0.088     -0.261     -0.233
34      0.319     -0.261     -0.157
35      0.381     -0.261     -0.011
36      0.363     -0.261      0.072
13      0.282     -0.325     -0.034
14      0.241     -0.325      0.245
15      0.043     -0.325      0.390
16     -0.065     -0.325      0.350
17     -0.037     -0.325      0.329
18     -0.105     -0.325      0.335
19     -0.232     -0.325      0.112
20     -0.123     -0.325     -0.189
21      0.063     -0.325     -0.256
22      0.214     -0.325     -0.187
23      0.238     -0.325     -0.105
24      0.209     -0.325     -0.130
1      0.142     -0.389     -0.106
2      0.100     -0.389      0.198
3     -0.102     -0.389      0.303
4     -0.207     -0.389      0.222
5     -0.155     -0.389      0.164
6     -0.134     -0.389      0.216
7     -0.235     -0.389      0.081
8     -0.163     -0.389     -0.183
9      0.017     -0.389     -0.258
10      0.078     -0.389     -0.169
11      0.086     -0.389     -0.124
12      0.046     -0.389     -0.199
0     -0.044     -0.428      0.012
