73 
61      0.346      0.285      0.676
62      0.223      0.285      0.673
63      0.101      0.285      0.731
64     -0.178      0.285      0.739
65     -0.432      0.285      0.565
66     -0.483      0.285      0.342
67     -0.376      0.285      0.317
68     -0.264      0.285      0.111
69     -0.064      0.285      0.013
70      0.130      0.285      0.051
71      0.325      0.285      0.201
72      0.440      0.285      0.475
49      0.401      0.110      0.546
50      0.258      0.110      0.674
51      0.099      0.110      0.712
52     -0.091      0.110      0.663
53     -0.174      0.110      0.558
54     -0.241      0.110      0.463
55     -0.300      0.110      0.282
56     -0.167      0.110     -0.027
57      0.024      0.110     -0.085
58      0.221      0.110     -0.019
59      0.383      0.110      0.128
60      0.454      0.110      0.337
37      0.423     -0.064      0.384
38      0.289     -0.064      0.608
39      0.043     -0.064      0.701
40     -0.056     -0.064      0.593
41     -0.008     -0.064      0.539
42     -0.089     -0.064      0.517
43     -0.217     -0.064      0.297
44     -0.090     -0.064     -0.060
45      0.110     -0.064     -0.119
46      0.310     -0.064     -0.044
47      0.394     -0.064      0.084
48      0.443     -0.064      0.228
25      0.328     -0.238      0.202
26      0.229     -0.238      0.430
27     -0.012     -0.238      0.556
28     -0.138     -0.238      0.467
29     -0.108     -0.238      0.394
30     -0.154     -0.238      0.345
31     -0.222     -0.238      0.149
32     -0.085     -0.238     -0.147
33      0.106     -0.238     -0.195
34      0.318     -0.238     -0.121
35      0.373     -0.238      0.020
36      0.345     -0.238      0.099
13      0.262     -0.297     -0.005
14      0.214     -0.297      0.246
15      0.035     -0.297      0.362
16     -0.044     -0.297      0.317
17     -0.002     -0.297      0.307
18     -0.064     -0.297      0.326
19     -0.188     -0.297      0.122
20     -0.086     -0.297     -0.166
21      0.085     -0.297     -0.222
22      0.227     -0.297     -0.153
23      0.243     -0.297     -0.070
24      0.202     -0.297     -0.095
1      0.129     -0.356     -0.096
2      0.088     -0.356      0.182
3     -0.097     -0.356      0.273
4     -0.188     -0.356      0.195
5     -0.130     -0.356      0.145
6     -0.104     -0.356      0.204
7     -0.200     -0.356      0.085
8     -0.133     -0.356     -0.168
9      0.033     -0.356     -0.233
10      0.092     -0.356     -0.147
11      0.089     -0.356     -0.103
12      0.040     -0.356     -0.182
0     -0.032     -0.391      0.013
