73 
61      0.210      0.136      0.984
62     -0.001      0.136      0.732
63      0.016      0.136      0.574
64     -0.243      0.136      0.608
65     -0.701      0.136      0.358
66     -0.577      0.136      0.138
67     -0.349      0.136      0.481
68     -0.326      0.136      0.234
69     -0.037      0.136     -0.006
70      0.010      0.136      0.103
71      0.029      0.136      0.164
72      0.272      0.136      0.490
49      0.192      0.038      0.834
50     -0.003      0.038      0.673
51     -0.026      0.038      0.554
52     -0.277      0.038      0.568
53     -0.673      0.038      0.327
54     -0.543      0.038      0.150
55     -0.350      0.038      0.473
56     -0.339      0.038      0.221
57     -0.150      0.038      0.030
58     -0.013      0.038      0.067
59      0.058      0.038      0.139
60      0.237      0.038      0.398
37      0.166     -0.059      0.678
38     -0.041     -0.059      0.617
39     -0.159     -0.059      0.537
40     -0.352     -0.059      0.483
41     -0.639     -0.059      0.265
42     -0.531     -0.059      0.101
43     -0.363     -0.059      0.326
44     -0.306     -0.059      0.082
45     -0.143     -0.059     -0.031
46     -0.044     -0.059      0.016
47      0.007     -0.059      0.062
48      0.163     -0.059      0.248
25      0.088     -0.157      0.528
26     -0.117     -0.157      0.538
27     -0.254     -0.157      0.459
28     -0.401     -0.157      0.382
29     -0.638     -0.157      0.188
30     -0.548     -0.157      0.020
31     -0.388     -0.157      0.129
32     -0.290     -0.157     -0.047
33     -0.178     -0.157     -0.075
34     -0.122     -0.157     -0.031
35     -0.020     -0.157      0.016
36      0.074     -0.157      0.141
13      0.042     -0.196      0.371
14     -0.129     -0.196      0.425
15     -0.270     -0.196      0.373
16     -0.416     -0.196      0.300
17     -0.631     -0.196      0.109
18     -0.505     -0.196     -0.006
19     -0.371     -0.196      0.071
20     -0.291     -0.196     -0.057
21     -0.184     -0.196     -0.097
22     -0.137     -0.196     -0.059
23     -0.041     -0.196     -0.018
24      0.008     -0.196      0.043
1     -0.010     -0.235      0.267
2     -0.152     -0.235      0.336
3     -0.307     -0.235      0.309
4     -0.470     -0.235      0.218
5     -0.600     -0.235      0.024
6     -0.431     -0.235     -0.031
7     -0.324     -0.235      0.034
8     -0.273     -0.235     -0.029
9     -0.175     -0.235     -0.082
10     -0.122     -0.235     -0.052
11     -0.066     -0.235     -0.017
12     -0.039     -0.235      0.014
0     -0.247     -0.258      0.083
