73 
61      0.194      0.218      0.467
62      0.128      0.218      0.373
63      0.132      0.218      0.349
64     -0.018      0.218      0.378
65     -0.173      0.218      0.284
66     -0.153      0.218      0.222
67     -0.116      0.218      0.269
68     -0.079      0.218      0.127
69      0.029      0.218      0.060
70      0.139      0.218      0.083
71      0.307      0.218      0.218
72      0.282      0.218      0.347
49      0.232      0.096      0.410
50      0.132      0.096      0.420
51      0.107      0.096      0.365
52      0.062      0.096      0.347
53      0.034      0.096      0.329
54     -0.007      0.096      0.322
55     -0.068      0.096      0.243
56      0.003      0.096      0.027
57      0.084      0.096      0.018
58      0.210      0.096      0.055
59      0.330      0.096      0.179
60      0.304      0.096      0.291
37      0.266     -0.026      0.352
38      0.145     -0.026      0.448
39      0.027     -0.026      0.421
40      0.086     -0.026      0.331
41      0.179     -0.026      0.364
42      0.108     -0.026      0.404
43     -0.008     -0.026      0.267
44      0.073     -0.026      0.005
45      0.179     -0.026     -0.002
46      0.308     -0.026      0.058
47      0.357     -0.026      0.172
48      0.327     -0.026      0.264
25      0.211     -0.149      0.292
26      0.097     -0.149      0.380
27     -0.024     -0.149      0.362
28     -0.003     -0.149      0.273
29      0.085     -0.149      0.277
30      0.052     -0.149      0.304
31     -0.025     -0.149      0.191
32      0.064     -0.149     -0.042
33      0.177     -0.149     -0.046
34      0.316     -0.149      0.021
35      0.343     -0.149      0.146
36      0.272     -0.149      0.209
13      0.181     -0.185      0.113
14      0.105     -0.185      0.250
15      0.003     -0.185      0.251
16      0.038     -0.185      0.185
17      0.139     -0.185      0.221
18      0.099     -0.185      0.289
19     -0.011     -0.185      0.162
20      0.062     -0.185     -0.075
21      0.175     -0.185     -0.086
22      0.277     -0.185     -0.017
23      0.262     -0.185      0.070
24      0.177     -0.185      0.045
1      0.079     -0.222     -0.055
2      0.038     -0.222      0.120
3     -0.078     -0.222      0.154
4     -0.112     -0.222      0.086
5     -0.029     -0.222      0.066
6      0.017     -0.222      0.155
7     -0.063     -0.222      0.099
8     -0.013     -0.222     -0.105
9      0.101     -0.222     -0.134
10      0.146     -0.222     -0.061
11      0.101     -0.222     -0.019
12      0.018     -0.222     -0.115
0      0.017     -0.244      0.016
