73 
61      0.432      0.289      1.013
62      0.191      0.289      1.066
63     -0.082      0.289      1.144
64     -0.482      0.289      1.076
65     -0.810      0.289      0.783
66     -0.897      0.289      0.377
67     -0.666      0.289      0.317
68     -0.465      0.289      0.076
69     -0.183      0.289     -0.018
70      0.061      0.289      0.053
71      0.290      0.289      0.223
72      0.533      0.289      0.643
49      0.501      0.063      0.786
50      0.273      0.063      0.977
51     -0.004      0.063      1.038
52     -0.321      0.063      0.944
53     -0.475      0.063      0.735
54     -0.556      0.063      0.521
55     -0.559      0.063      0.263
56     -0.349      0.063     -0.082
57     -0.089      0.063     -0.137
58      0.154      0.063     -0.049
59      0.353      0.063      0.109
60      0.547      0.063      0.431
37      0.521     -0.162      0.537
38      0.330     -0.162      0.822
39     -0.004     -0.162      0.945
40     -0.234     -0.162      0.820
41     -0.275     -0.162      0.676
42     -0.365     -0.162      0.551
43     -0.449     -0.162      0.268
44     -0.262     -0.162     -0.113
45     -0.007     -0.162     -0.179
46      0.238     -0.162     -0.097
47      0.356     -0.162      0.031
48      0.520     -0.162      0.258
25      0.409     -0.388      0.258
26      0.271     -0.388      0.564
27     -0.038     -0.388      0.719
28     -0.266     -0.388      0.629
29     -0.340     -0.388      0.489
30     -0.413     -0.388      0.329
31     -0.432     -0.388      0.057
32     -0.229     -0.388     -0.245
33      0.009     -0.388     -0.291
34      0.254     -0.388     -0.208
35      0.338     -0.388     -0.068
36      0.405     -0.388      0.071
13      0.316     -0.484      0.071
14      0.228     -0.484      0.374
15     -0.005     -0.484      0.504
16     -0.173     -0.484      0.460
17     -0.240     -0.484      0.385
18     -0.317     -0.484      0.304
19     -0.385     -0.484      0.057
20     -0.238     -0.484     -0.220
21     -0.035     -0.484     -0.286
22      0.135     -0.484     -0.221
23      0.193     -0.484     -0.142
24      0.242     -0.484     -0.105
1      0.157     -0.580     -0.029
2      0.082     -0.580      0.301
3     -0.161     -0.580      0.407
4     -0.309     -0.580      0.311
5     -0.295     -0.580      0.214
6     -0.273     -0.580      0.219
7     -0.350     -0.580      0.052
8     -0.256     -0.580     -0.193
9     -0.069     -0.580     -0.267
10      0.006     -0.580     -0.187
11      0.044     -0.580     -0.146
12      0.058     -0.580     -0.178
0     -0.114     -0.637      0.042
