73 
61      0.439      0.301      0.968
62      0.217      0.301      1.024
63     -0.042      0.301      1.112
64     -0.436      0.301      1.060
65     -0.764      0.301      0.781
66     -0.855      0.301      0.391
67     -0.642      0.301      0.326
68     -0.449      0.301      0.082
69     -0.171      0.301     -0.019
70      0.077      0.301      0.047
71      0.302      0.301      0.214
72      0.539      0.301      0.625
49      0.508      0.078      0.751
50      0.293      0.078      0.949
51      0.020      0.078      1.022
52     -0.292      0.078      0.933
53     -0.439      0.078      0.734
54     -0.521      0.078      0.533
55     -0.538      0.078      0.275
56     -0.335      0.078     -0.078
57     -0.072      0.078     -0.143
58      0.172      0.078     -0.055
59      0.370      0.078      0.104
60      0.551      0.078      0.416
37      0.526     -0.145      0.505
38      0.347     -0.145      0.799
39      0.011     -0.145      0.936
40     -0.216     -0.145      0.812
41     -0.243     -0.145      0.675
42     -0.333     -0.145      0.564
43     -0.430     -0.145      0.281
44     -0.249     -0.145     -0.112
45      0.009     -0.145     -0.186
46      0.256     -0.145     -0.103
47      0.372     -0.145      0.028
48      0.522     -0.145      0.244
25      0.411     -0.368      0.227
26      0.285     -0.368      0.540
27     -0.029     -0.368      0.714
28     -0.259     -0.368      0.625
29     -0.318     -0.368      0.487
30     -0.387     -0.368      0.341
31     -0.416     -0.368      0.073
32     -0.221     -0.368     -0.240
33      0.020     -0.368     -0.295
34      0.271     -0.368     -0.213
35      0.353     -0.368     -0.070
36      0.404     -0.368      0.057
13      0.317     -0.458      0.030
14      0.245     -0.458      0.341
15      0.011     -0.458      0.489
16     -0.156     -0.458      0.449
17     -0.207     -0.458      0.381
18     -0.284     -0.458      0.316
19     -0.368     -0.458      0.066
20     -0.228     -0.458     -0.223
21     -0.022     -0.458     -0.295
22      0.149     -0.458     -0.230
23      0.202     -0.458     -0.151
24      0.237     -0.458     -0.129
1      0.159     -0.549     -0.053
2      0.093     -0.549      0.283
3     -0.149     -0.549      0.396
4     -0.293     -0.549      0.302
5     -0.273     -0.549      0.211
6     -0.254     -0.549      0.224
7     -0.339     -0.549      0.058
8     -0.248     -0.549     -0.198
9     -0.056     -0.549     -0.277
10      0.017     -0.549     -0.193
11      0.053     -0.549     -0.151
12      0.058     -0.549     -0.192
0     -0.103     -0.603      0.034
