73 
61      0.664      0.216      1.353
62      0.340      0.216      1.190
63      0.299      0.216      0.992
64      0.006      0.216      1.040
65     -0.497      0.216      0.850
66     -0.636      0.216      0.459
67     -0.374      0.216      0.637
68     -0.297      0.216      0.356
69      0.060      0.216      0.046
70      0.374      0.216      0.121
71      0.518      0.216      0.328
72      0.704      0.216      0.725
49      0.650      0.040      1.128
50      0.344      0.040      1.072
51      0.285      0.040      0.890
52      0.033      0.040      0.918
53     -0.356      0.040      0.772
54     -0.492      0.040      0.493
55     -0.392      0.040      0.421
56     -0.249      0.040      0.134
57      0.003      0.040     -0.012
58      0.322      0.040      0.030
59      0.536      0.040      0.222
60      0.708      0.040      0.588
37      0.661     -0.136      0.777
38      0.417     -0.136      0.850
39      0.309     -0.136      0.745
40      0.137     -0.136      0.756
41     -0.159     -0.136      0.676
42     -0.297     -0.136      0.490
43     -0.282     -0.136      0.379
44     -0.152     -0.136      0.041
45      0.107     -0.136     -0.111
46      0.420     -0.136     -0.060
47      0.546     -0.136      0.106
48      0.663     -0.136      0.352
25      0.573     -0.312      0.602
26      0.329     -0.312      0.717
27      0.239     -0.312      0.574
28      0.152     -0.312      0.574
29     -0.107     -0.312      0.543
30     -0.284     -0.312      0.354
31     -0.281     -0.312      0.142
32     -0.099     -0.312     -0.163
33      0.142     -0.312     -0.229
34      0.363     -0.312     -0.138
35      0.465     -0.312      0.005
36      0.554     -0.312      0.187
13      0.467     -0.388      0.457
14      0.266     -0.388      0.555
15      0.194     -0.388      0.438
16      0.135     -0.388      0.450
17     -0.092     -0.388      0.445
18     -0.257     -0.388      0.305
19     -0.274     -0.388      0.109
20     -0.132     -0.388     -0.131
21      0.065     -0.388     -0.200
22      0.244     -0.388     -0.141
23      0.342     -0.388     -0.041
24      0.432     -0.388      0.090
1      0.295     -0.465      0.221
2      0.160     -0.465      0.364
3      0.039     -0.465      0.329
4     -0.065     -0.465      0.298
5     -0.188     -0.465      0.238
6     -0.212     -0.465      0.193
7     -0.233     -0.465      0.089
8     -0.149     -0.465     -0.119
9      0.042     -0.465     -0.217
10      0.189     -0.465     -0.155
11      0.230     -0.465     -0.069
12      0.244     -0.465     -0.032
0      0.029     -0.511      0.095
