73 
61      0.126      0.082      0.590
62     -0.001      0.082      0.439
63      0.010      0.082      0.344
64     -0.146      0.082      0.365
65     -0.420      0.082      0.215
66     -0.346      0.082      0.083
67     -0.209      0.082      0.288
68     -0.196      0.082      0.140
69     -0.022      0.082     -0.003
70      0.006      0.082      0.062
71      0.017      0.082      0.099
72      0.163      0.082      0.294
49      0.115      0.023      0.500
50     -0.002      0.023      0.404
51     -0.015      0.023      0.333
52     -0.166      0.023      0.341
53     -0.404      0.023      0.196
54     -0.326      0.023      0.090
55     -0.210      0.023      0.284
56     -0.203      0.023      0.132
57     -0.090      0.023      0.018
58     -0.008      0.023      0.040
59      0.035      0.023      0.083
60      0.142      0.023      0.239
37      0.099     -0.036      0.407
38     -0.024     -0.036      0.370
39     -0.096     -0.036      0.322
40     -0.211     -0.036      0.290
41     -0.384     -0.036      0.159
42     -0.318     -0.036      0.061
43     -0.218     -0.036      0.196
44     -0.184     -0.036      0.049
45     -0.086     -0.036     -0.019
46     -0.027     -0.036      0.010
47      0.004     -0.036      0.037
48      0.098     -0.036      0.149
25      0.053     -0.094      0.317
26     -0.070     -0.094      0.323
27     -0.153     -0.094      0.275
28     -0.240     -0.094      0.229
29     -0.383     -0.094      0.113
30     -0.329     -0.094      0.012
31     -0.233     -0.094      0.078
32     -0.174     -0.094     -0.028
33     -0.107     -0.094     -0.045
34     -0.073     -0.094     -0.019
35     -0.012     -0.094      0.010
36      0.045     -0.094      0.084
13      0.025     -0.118      0.223
14     -0.077     -0.118      0.255
15     -0.162     -0.118      0.224
16     -0.250     -0.118      0.180
17     -0.378     -0.118      0.066
18     -0.303     -0.118     -0.004
19     -0.223     -0.118      0.042
20     -0.175     -0.118     -0.034
21     -0.111     -0.118     -0.058
22     -0.082     -0.118     -0.036
23     -0.024     -0.118     -0.011
24      0.005     -0.118      0.026
1     -0.006     -0.141      0.160
2     -0.091     -0.141      0.202
3     -0.184     -0.141      0.186
4     -0.282     -0.141      0.131
5     -0.360     -0.141      0.014
6     -0.259     -0.141     -0.019
7     -0.195     -0.141      0.020
8     -0.164     -0.141     -0.018
9     -0.105     -0.141     -0.049
10     -0.073     -0.141     -0.031
11     -0.039     -0.141     -0.010
12     -0.024     -0.141      0.008
0     -0.148     -0.155      0.050
