73 
61      0.524      0.272      0.889
62      0.280      0.272      1.017
63      0.086      0.272      0.996
64     -0.280      0.272      0.979
65     -0.655      0.272      0.744
66     -0.786      0.272      0.368
67     -0.636      0.272      0.185
68     -0.390      0.272     -0.138
69     -0.005      0.272     -0.255
70      0.137      0.272     -0.065
71      0.394      0.272      0.115
72      0.520      0.272      0.432
49      0.551      0.033      0.615
50      0.354      0.033      0.871
51      0.151      0.033      0.886
52     -0.158      0.033      0.858
53     -0.409      0.033      0.685
54     -0.538      0.033      0.449
55     -0.558      0.033      0.127
56     -0.308      0.033     -0.260
57      0.004      0.033     -0.308
58      0.198      0.033     -0.157
59      0.408      0.033      0.004
60      0.561      0.033      0.282
37      0.580     -0.207      0.402
38      0.423     -0.207      0.683
39      0.214     -0.207      0.736
40     -0.013     -0.207      0.723
41     -0.232     -0.207      0.623
42     -0.381     -0.207      0.444
43     -0.436     -0.207      0.158
44     -0.230     -0.207     -0.223
45      0.052     -0.207     -0.300
46      0.272     -0.207     -0.193
47      0.397     -0.207     -0.070
48      0.539     -0.207      0.119
25      0.474     -0.447      0.280
26      0.296     -0.447      0.590
27      0.112     -0.447      0.571
28     -0.048     -0.447      0.547
29     -0.264     -0.447      0.474
30     -0.446     -0.447      0.255
31     -0.461     -0.447     -0.095
32     -0.199     -0.447     -0.414
33      0.067     -0.447     -0.411
34      0.205     -0.447     -0.263
35      0.319     -0.447     -0.152
36      0.427     -0.447     -0.011
13      0.330     -0.557      0.037
14      0.224     -0.557      0.345
15      0.079     -0.557      0.365
16     -0.060     -0.557      0.377
17     -0.265     -0.557      0.334
18     -0.435     -0.557      0.159
19     -0.457     -0.557     -0.154
20     -0.239     -0.557     -0.409
21     -0.014     -0.557     -0.413
22      0.058     -0.557     -0.288
23      0.151     -0.557     -0.234
24      0.256     -0.557     -0.170
1      0.196     -0.667     -0.120
2      0.150     -0.667      0.159
3     -0.002     -0.667      0.235
4     -0.145     -0.667      0.224
5     -0.241     -0.667      0.167
6     -0.302     -0.667      0.110
7     -0.352     -0.667     -0.090
8     -0.224     -0.667     -0.310
9     -0.030     -0.667     -0.358
10      0.017     -0.667     -0.259
11      0.071     -0.667     -0.226
12      0.109     -0.667     -0.244
0     -0.063     -0.733     -0.059
