73 
61      0.308      0.268      0.624
62      0.199      0.268      0.598
63      0.109      0.268      0.635
64     -0.138      0.268      0.648
65     -0.367      0.268      0.495
66     -0.401      0.268      0.312
67     -0.311      0.268      0.305
68     -0.218      0.268      0.115
69     -0.040      0.268      0.025
70      0.132      0.268      0.059
71      0.321      0.268      0.205
72      0.401      0.268      0.443
49      0.359      0.107      0.512
50      0.227      0.107      0.611
51      0.101      0.107      0.625
52     -0.053      0.107      0.584
53     -0.122      0.107      0.501
54     -0.183      0.107      0.428
55     -0.242      0.107      0.272
56     -0.124      0.107     -0.013
57      0.039      0.107     -0.059
58      0.218      0.107     -0.000
59      0.370      0.107      0.141
60      0.416      0.107      0.326
37      0.383     -0.055      0.376
38      0.253     -0.055      0.568
39      0.039     -0.055      0.631
40     -0.020     -0.055      0.527
41      0.039     -0.055      0.496
42     -0.040     -0.055      0.489
43     -0.165     -0.055      0.290
44     -0.049     -0.055     -0.044
45      0.127     -0.055     -0.090
46      0.309     -0.055     -0.019
47      0.385     -0.055      0.106
48      0.414     -0.055      0.237
25      0.298     -0.216      0.225
26      0.196     -0.216      0.417
27     -0.015     -0.216      0.507
28     -0.104     -0.216      0.418
29     -0.060     -0.216      0.365
30     -0.102     -0.216      0.335
31     -0.173     -0.216      0.160
32     -0.048     -0.216     -0.121
33      0.124     -0.216     -0.158
34      0.318     -0.216     -0.086
35      0.366     -0.216      0.052
36      0.327     -0.216      0.127
13      0.242     -0.269      0.025
14      0.187     -0.269      0.247
15      0.027     -0.269      0.334
16     -0.024     -0.269      0.284
17      0.033     -0.269      0.286
18     -0.023     -0.269      0.316
19     -0.144     -0.269      0.132
20     -0.049     -0.269     -0.143
21      0.107     -0.269     -0.188
22      0.240     -0.269     -0.119
23      0.247     -0.269     -0.035
24      0.196     -0.269     -0.060
1      0.116     -0.322     -0.086
2      0.075     -0.322      0.167
3     -0.093     -0.322      0.244
4     -0.169     -0.322      0.167
5     -0.105     -0.322      0.125
6     -0.074     -0.322      0.191
7     -0.166     -0.322      0.088
8     -0.103     -0.322     -0.152
9      0.050     -0.322     -0.208
10      0.105     -0.322     -0.125
11      0.092     -0.322     -0.082
12      0.035     -0.322     -0.165
0     -0.020     -0.354      0.014
