73 
61      0.042      0.027      0.197
62     -0.000      0.027      0.146
63      0.003      0.027      0.115
64     -0.049      0.027      0.122
65     -0.140      0.027      0.072
66     -0.115      0.027      0.028
67     -0.070      0.027      0.096
68     -0.065      0.027      0.047
69     -0.007      0.027     -0.001
70      0.002      0.027      0.021
71      0.006      0.027      0.033
72      0.054      0.027      0.098
49      0.038      0.008      0.167
50     -0.001      0.008      0.135
51     -0.005      0.008      0.111
52     -0.055      0.008      0.114
53     -0.135      0.008      0.065
54     -0.109      0.008      0.030
55     -0.070      0.008      0.095
56     -0.068      0.008      0.044
57     -0.030      0.008      0.006
58     -0.003      0.008      0.013
59      0.012      0.008      0.028
60      0.047      0.008      0.080
37      0.033     -0.012      0.136
38     -0.008     -0.012      0.123
39     -0.032     -0.012      0.107
40     -0.070     -0.012      0.097
41     -0.128     -0.012      0.053
42     -0.106     -0.012      0.020
43     -0.073     -0.012      0.065
44     -0.061     -0.012      0.016
45     -0.029     -0.012     -0.006
46     -0.009     -0.012      0.003
47      0.001     -0.012      0.012
48      0.033     -0.012      0.050
25      0.018     -0.031      0.106
26     -0.023     -0.031      0.108
27     -0.051     -0.031      0.092
28     -0.080     -0.031      0.076
29     -0.128     -0.031      0.038
30     -0.110     -0.031      0.004
31     -0.078     -0.031      0.026
32     -0.058     -0.031     -0.009
33     -0.036     -0.031     -0.015
34     -0.024     -0.031     -0.006
35     -0.004     -0.031      0.003
36      0.015     -0.031      0.028
13      0.008     -0.039      0.074
14     -0.026     -0.039      0.085
15     -0.054     -0.039      0.075
16     -0.083     -0.039      0.060
17     -0.126     -0.039      0.022
18     -0.101     -0.039     -0.001
19     -0.074     -0.039      0.014
20     -0.058     -0.039     -0.011
21     -0.037     -0.039     -0.019
22     -0.027     -0.039     -0.012
23     -0.008     -0.039     -0.004
24      0.002     -0.039      0.009
1     -0.002     -0.047      0.053
2     -0.030     -0.047      0.067
3     -0.061     -0.047      0.062
4     -0.094     -0.047      0.044
5     -0.120     -0.047      0.005
6     -0.086     -0.047     -0.006
7     -0.065     -0.047      0.007
8     -0.055     -0.047     -0.006
9     -0.035     -0.047     -0.016
10     -0.024     -0.047     -0.010
11     -0.013     -0.047     -0.003
12     -0.008     -0.047      0.003
0     -0.049     -0.052      0.017
