73 
61      0.490      0.229      1.383
62      0.153      0.229      1.249
63      0.002      0.229      1.115
64     -0.274      0.229      1.059
65     -0.585      0.229      0.847
66     -0.694      0.229      0.509
67     -0.501      0.229      0.565
68     -0.388      0.229      0.321
69     -0.120      0.229      0.146
70      0.071      0.229      0.207
71      0.288      0.229      0.347
72      0.566      0.229      0.787
49      0.453      0.027      0.999
50      0.170      0.027      1.059
51     -0.048      0.027      1.009
52     -0.301      0.027      0.910
53     -0.467      0.027      0.723
54     -0.533      0.027      0.522
55     -0.499      0.027      0.381
56     -0.345      0.027      0.086
57     -0.135      0.027      0.008
58      0.072      0.027      0.062
59      0.291      0.027      0.195
60      0.489      0.027      0.522
37      0.456     -0.175      0.770
38      0.193     -0.175      0.947
39     -0.122     -0.175      0.968
40     -0.329     -0.175      0.812
41     -0.389     -0.175      0.640
42     -0.438     -0.175      0.487
43     -0.439     -0.175      0.306
44     -0.273     -0.175      0.004
45     -0.054     -0.175     -0.063
46      0.177     -0.175     -0.000
47      0.325     -0.175      0.131
48      0.483     -0.175      0.393
25      0.365     -0.377      0.540
26      0.124     -0.377      0.757
27     -0.150     -0.377      0.749
28     -0.325     -0.377      0.620
29     -0.444     -0.377      0.461
30     -0.493     -0.377      0.263
31     -0.437     -0.377      0.058
32     -0.232     -0.377     -0.182
33     -0.020     -0.377     -0.199
34      0.173     -0.377     -0.109
35      0.284     -0.377      0.022
36      0.385     -0.377      0.217
13      0.271     -0.470      0.336
14      0.086     -0.470      0.545
15     -0.117     -0.470      0.531
16     -0.274     -0.470      0.459
17     -0.440     -0.470      0.329
18     -0.472     -0.470      0.168
19     -0.416     -0.470      0.004
20     -0.252     -0.470     -0.181
21     -0.068     -0.470     -0.218
22      0.077     -0.470     -0.147
23      0.167     -0.470     -0.060
24      0.249     -0.470      0.054
1      0.198     -0.563      0.247
2      0.046     -0.563      0.365
3     -0.097     -0.563      0.331
4     -0.256     -0.563      0.285
5     -0.446     -0.563      0.148
6     -0.416     -0.563      0.025
7     -0.330     -0.563     -0.039
8     -0.216     -0.563     -0.159
9     -0.044     -0.563     -0.221
10      0.079     -0.563     -0.156
11      0.137     -0.563     -0.076
12      0.169     -0.563     -0.014
0     -0.098     -0.619      0.061
