73 
61      0.389      0.115      1.073
62      0.152      0.115      0.934
63      0.089      0.115      0.824
64     -0.149      0.115      0.827
65     -0.474      0.115      0.654
66     -0.510      0.115      0.433
67     -0.398      0.115      0.516
68     -0.323      0.115      0.242
69     -0.057      0.115      0.058
70      0.052      0.115      0.138
71      0.200      0.115      0.232
72      0.440      0.115      0.584
49      0.357     -0.003      0.809
50      0.169     -0.003      0.765
51      0.085     -0.003      0.720
52     -0.178     -0.003      0.733
53     -0.501     -0.003      0.548
54     -0.507     -0.003      0.349
55     -0.403     -0.003      0.418
56     -0.326     -0.003      0.168
57     -0.144     -0.003      0.028
58      0.071     -0.003      0.042
59      0.230     -0.003      0.150
60      0.420     -0.003      0.449
37      0.321     -0.122      0.630
38      0.129     -0.122      0.658
39     -0.030     -0.122      0.648
40     -0.278     -0.122      0.622
41     -0.601     -0.122      0.414
42     -0.597     -0.122      0.164
43     -0.427     -0.122      0.215
44     -0.301     -0.122      0.020
45     -0.126     -0.122     -0.066
46      0.101     -0.122     -0.042
47      0.214     -0.122      0.066
48      0.380     -0.122      0.324
25      0.234     -0.240      0.488
26      0.031     -0.240      0.565
27     -0.131     -0.240      0.524
28     -0.332     -0.240      0.480
29     -0.625     -0.240      0.290
30     -0.641     -0.240      0.015
31     -0.460     -0.240     -0.057
32     -0.271     -0.240     -0.170
33     -0.119     -0.240     -0.169
34      0.053     -0.240     -0.118
35      0.142     -0.240     -0.017
36      0.288     -0.240      0.199
13      0.179     -0.300      0.329
14      0.011     -0.300      0.447
15     -0.161     -0.300      0.436
16     -0.338     -0.300      0.381
17     -0.547     -0.300      0.216
18     -0.535     -0.300      0.028
19     -0.422     -0.300     -0.092
20     -0.259     -0.300     -0.175
21     -0.111     -0.300     -0.189
22      0.035     -0.300     -0.139
23      0.103     -0.300     -0.054
24      0.202     -0.300      0.086
1      0.115     -0.359      0.262
2     -0.035     -0.359      0.371
3     -0.225     -0.359      0.373
4     -0.410     -0.359      0.284
5     -0.527     -0.359      0.103
6     -0.431     -0.359      0.002
7     -0.342     -0.359     -0.063
8     -0.231     -0.359     -0.122
9     -0.090     -0.359     -0.161
10      0.043     -0.359     -0.115
11      0.108     -0.359     -0.027
12      0.140     -0.359      0.065
0     -0.157     -0.395      0.081
