73 
61      0.449      0.108      1.103
62      0.203      0.108      1.002
63      0.114      0.108      0.907
64     -0.117      0.108      0.900
65     -0.398      0.108      0.752
66     -0.488      0.108      0.532
67     -0.415      0.108      0.528
68     -0.322      0.108      0.245
69     -0.064      0.108      0.079
70      0.066      0.108      0.150
71      0.257      0.108      0.255
72      0.496      0.108      0.615
49      0.412     -0.017      0.801
50      0.226     -0.017      0.795
51      0.121     -0.017      0.775
52     -0.145     -0.017      0.788
53     -0.443     -0.017      0.622
54     -0.495     -0.017      0.416
55     -0.420     -0.017      0.399
56     -0.322     -0.017      0.151
57     -0.142     -0.017      0.027
58      0.099     -0.017      0.033
59      0.287     -0.017      0.154
60      0.481     -0.017      0.466
37      0.373     -0.143      0.614
38      0.186     -0.143      0.671
39      0.013     -0.143      0.685
40     -0.254     -0.143      0.668
41     -0.588     -0.143      0.464
42     -0.619     -0.143      0.185
43     -0.449     -0.143      0.178
44     -0.300     -0.143     -0.001
45     -0.120     -0.143     -0.078
46      0.150     -0.143     -0.062
47      0.283     -0.143      0.068
48      0.453     -0.143      0.350
25      0.282     -0.268      0.474
26      0.080     -0.268      0.573
27     -0.090     -0.268      0.546
28     -0.309     -0.268      0.513
29     -0.621     -0.268      0.324
30     -0.671     -0.268      0.013
31     -0.484     -0.268     -0.119
32     -0.265     -0.268     -0.211
33     -0.100     -0.268     -0.200
34      0.112     -0.268     -0.147
35      0.196     -0.268     -0.028
36      0.359     -0.268      0.218
13      0.225     -0.334      0.314
14      0.057     -0.334      0.455
15     -0.124     -0.334      0.456
16     -0.312     -0.334      0.408
17     -0.520     -0.334      0.251
18     -0.545     -0.334      0.040
19     -0.439     -0.334     -0.146
20     -0.249     -0.334     -0.215
21     -0.086     -0.334     -0.220
22      0.092     -0.334     -0.165
23      0.150     -0.334     -0.066
24      0.267     -0.334      0.100
1      0.156     -0.400      0.260
2      0.003     -0.400      0.383
3     -0.198     -0.400      0.395
4     -0.390     -0.400      0.306
5     -0.503     -0.400      0.129
6     -0.431     -0.400      0.014
7     -0.348     -0.400     -0.096
8     -0.217     -0.400     -0.152
9     -0.062     -0.400     -0.187
10      0.098     -0.400     -0.136
11      0.166     -0.400     -0.030
12      0.200     -0.400      0.082
0     -0.127     -0.440      0.081
