73 
61      0.568      0.290      1.205
62      0.243      0.290      1.183
63      0.091      0.290      1.057
64     -0.249      0.290      1.040
65     -0.680      0.290      0.802
66     -0.819      0.290      0.383
67     -0.585      0.290      0.353
68     -0.393      0.290      0.072
69     -0.025      0.290     -0.109
70      0.164      0.290      0.038
71      0.368      0.290      0.214
72      0.557      0.290      0.577
49      0.581      0.045      0.923
50      0.306      0.045      1.042
51      0.125      0.045      0.971
52     -0.180      0.045      0.935
53     -0.479      0.045      0.740
54     -0.590      0.045      0.465
55     -0.521      0.045      0.293
56     -0.323      0.045     -0.045
57     -0.035      0.045     -0.150
58      0.221      0.045     -0.051
59      0.427      0.045      0.123
60      0.594      0.045      0.441
37      0.591     -0.201      0.594
38      0.391     -0.201      0.773
39      0.215     -0.201      0.767
40     -0.004     -0.201      0.762
41     -0.269     -0.201      0.655
42     -0.411     -0.201      0.451
43     -0.405     -0.201      0.273
44     -0.240     -0.201     -0.067
45      0.014     -0.201     -0.179
46      0.276     -0.201     -0.117
47      0.414     -0.201      0.014
48      0.563     -0.201      0.232
25      0.468     -0.446      0.433
26      0.263     -0.446      0.650
27      0.097     -0.446      0.605
28     -0.063     -0.446      0.587
29     -0.319     -0.446      0.501
30     -0.480     -0.446      0.265
31     -0.440     -0.446      0.021
32     -0.223     -0.446     -0.255
33      0.007     -0.446     -0.285
34      0.187     -0.446     -0.190
35      0.307     -0.446     -0.080
36      0.432     -0.446      0.087
13      0.338     -0.556      0.259
14      0.174     -0.556      0.480
15      0.035     -0.556      0.443
16     -0.096     -0.556      0.439
17     -0.333     -0.556      0.375
18     -0.472     -0.556      0.187
19     -0.446     -0.556     -0.037
20     -0.262     -0.556     -0.259
21     -0.064     -0.556     -0.290
22      0.043     -0.556     -0.206
23      0.146     -0.556     -0.147
24      0.262     -0.556     -0.057
1      0.205     -0.666      0.022
2      0.121     -0.666      0.253
3     -0.027     -0.666      0.288
4     -0.164     -0.666      0.265
5     -0.278     -0.666      0.196
6     -0.314     -0.666      0.136
7     -0.341     -0.666     -0.021
8     -0.233     -0.666     -0.211
9     -0.059     -0.666     -0.274
10      0.016     -0.666     -0.203
11      0.074     -0.666     -0.167
12      0.120     -0.666     -0.165
0     -0.073     -0.732      0.010
