73 
61      0.553      0.284      1.100
62      0.255      0.284      1.128
63      0.089      0.284      1.037
64     -0.259      0.284      1.020
65     -0.672      0.284      0.783
66     -0.808      0.284      0.378
67     -0.602      0.284      0.297
68     -0.392      0.284      0.002
69     -0.019      0.284     -0.158
70      0.155      0.284      0.004
71      0.377      0.284      0.181
72      0.545      0.284      0.529
49      0.571      0.041      0.820
50      0.322      0.041      0.985
51      0.134      0.041      0.942
52     -0.173      0.041      0.909
53     -0.456      0.041      0.722
54     -0.572      0.041      0.460
55     -0.533      0.041      0.237
56     -0.318      0.041     -0.116
57     -0.022      0.041     -0.202
58      0.213      0.041     -0.087
59      0.421      0.041      0.083
60      0.583      0.041      0.388
37      0.588     -0.203      0.530
38      0.402     -0.203      0.743
39      0.215     -0.203      0.757
40     -0.007     -0.203      0.749
41     -0.256     -0.203      0.644
42     -0.401     -0.203      0.449
43     -0.415     -0.203      0.234
44     -0.236     -0.203     -0.119
45      0.027     -0.203     -0.220
46      0.275     -0.203     -0.142
47      0.409     -0.203     -0.014
48      0.555     -0.203      0.194
25      0.470     -0.446      0.382
26      0.274     -0.446      0.630
27      0.102     -0.446      0.594
28     -0.058     -0.446      0.574
29     -0.300     -0.446      0.492
30     -0.468     -0.446      0.262
31     -0.447     -0.446     -0.017
32     -0.215     -0.446     -0.308
33      0.027     -0.446     -0.327
34      0.193     -0.446     -0.214
35      0.311     -0.446     -0.104
36      0.430     -0.446      0.054
13      0.335     -0.556      0.185
14      0.191     -0.556      0.435
15      0.050     -0.556      0.417
16     -0.084     -0.556      0.419
17     -0.310     -0.556      0.361
18     -0.460     -0.556      0.178
19     -0.450     -0.556     -0.076
20     -0.254     -0.556     -0.309
21     -0.047     -0.556     -0.331
22      0.048     -0.556     -0.233
23      0.148     -0.556     -0.176
24      0.260     -0.556     -0.095
1      0.202     -0.666     -0.026
2      0.131     -0.666      0.221
3     -0.018     -0.666      0.270
4     -0.157     -0.666      0.251
5     -0.265     -0.666      0.186
6     -0.310     -0.666      0.127
7     -0.344     -0.666     -0.044
8     -0.230     -0.666     -0.244
9     -0.049     -0.666     -0.302
10      0.016     -0.666     -0.222
11      0.073     -0.666     -0.186
12      0.116     -0.666     -0.192
0     -0.070     -0.732     -0.013
