73 
61      0.270      0.129      1.013
62      0.050      0.129      0.799
63      0.040      0.129      0.657
64     -0.212      0.129      0.681
65     -0.625      0.129      0.457
66     -0.555      0.129      0.237
67     -0.365      0.129      0.492
68     -0.325      0.129      0.237
69     -0.044      0.129      0.015
70      0.024      0.129      0.115
71      0.086      0.129      0.187
72      0.328      0.129      0.521
49      0.247      0.025      0.825
50      0.054      0.025      0.703
51      0.011      0.025      0.610
52     -0.244      0.025      0.623
53     -0.616      0.025      0.401
54     -0.531      0.025      0.216
55     -0.368      0.025      0.455
56     -0.334      0.025      0.203
57     -0.148      0.025      0.030
58      0.015      0.025      0.059
59      0.115      0.025      0.143
60      0.298      0.025      0.415
37      0.218     -0.080      0.662
38      0.016     -0.080      0.631
39     -0.116     -0.080      0.574
40     -0.327     -0.080      0.529
41     -0.627     -0.080      0.315
42     -0.553     -0.080      0.122
43     -0.385     -0.080      0.289
44     -0.305     -0.080      0.062
45     -0.137     -0.080     -0.043
46      0.004     -0.080     -0.003
47      0.076     -0.080      0.064
48      0.235     -0.080      0.274
25      0.137     -0.185      0.515
26     -0.068     -0.185      0.547
27     -0.213     -0.185      0.481
28     -0.378     -0.185      0.415
29     -0.634     -0.185      0.222
30     -0.579     -0.185      0.019
31     -0.412     -0.185      0.067
32     -0.284     -0.185     -0.088
33     -0.159     -0.185     -0.106
34     -0.064     -0.185     -0.060
35      0.034     -0.185      0.005
36      0.145     -0.185      0.160
13      0.088     -0.231      0.357
14     -0.082     -0.231      0.433
15     -0.233     -0.231      0.394
16     -0.390     -0.231      0.327
17     -0.603     -0.231      0.145
18     -0.515     -0.231      0.005
19     -0.388     -0.231      0.017
20     -0.280     -0.231     -0.096
21     -0.160     -0.231     -0.128
22     -0.079     -0.231     -0.086
23      0.007     -0.231     -0.030
24      0.073     -0.231      0.057
1      0.031     -0.276      0.265
2     -0.113     -0.276      0.348
3     -0.280     -0.276      0.331
4     -0.450     -0.276      0.240
5     -0.575     -0.276      0.050
6     -0.431     -0.276     -0.020
7     -0.330     -0.276      0.001
8     -0.259     -0.276     -0.060
9     -0.146     -0.276     -0.108
10     -0.067     -0.276     -0.073
11     -0.008     -0.276     -0.020
12      0.021     -0.276      0.031
0     -0.217     -0.304      0.082
