73 
61      0.411      0.256      1.147
62      0.113      0.256      1.191
63     -0.202      0.256      1.239
64     -0.620      0.256      1.127
65     -0.949      0.256      0.789
66     -1.021      0.256      0.336
67     -0.737      0.256      0.290
68     -0.511      0.256      0.059
69     -0.221      0.256     -0.014
70      0.015      0.256      0.073
71      0.253      0.256      0.249
72      0.514      0.256      0.698
49      0.481      0.020      0.889
50      0.213      0.020      1.060
51     -0.076      0.020      1.088
52     -0.407      0.020      0.977
53     -0.585      0.020      0.740
54     -0.660      0.020      0.485
55     -0.623      0.020      0.227
56     -0.391      0.020     -0.092
57     -0.140      0.020     -0.119
58      0.097      0.020     -0.031
59      0.300      0.020      0.123
60      0.532      0.020      0.477
37      0.507     -0.215      0.634
38      0.280     -0.215      0.892
39     -0.048     -0.215      0.971
40     -0.288     -0.215      0.843
41     -0.369     -0.215      0.680
42     -0.461     -0.215      0.513
43     -0.506     -0.215      0.229
44     -0.299     -0.215     -0.116
45     -0.056     -0.215     -0.157
46      0.182     -0.215     -0.080
47      0.306     -0.215      0.041
48      0.513     -0.215      0.302
25      0.405     -0.450      0.350
26      0.229     -0.450      0.637
27     -0.064     -0.450      0.732
28     -0.285     -0.450      0.642
29     -0.404     -0.450      0.494
30     -0.492     -0.450      0.294
31     -0.478     -0.450      0.012
32     -0.253     -0.450     -0.260
33     -0.024     -0.450     -0.278
34      0.205     -0.450     -0.194
35      0.295     -0.450     -0.063
36      0.409     -0.450      0.112
13      0.311     -0.561      0.193
14      0.179     -0.561      0.472
15     -0.053     -0.561      0.548
16     -0.224     -0.561      0.492
17     -0.340     -0.561      0.394
18     -0.414     -0.561      0.267
19     -0.433     -0.561      0.030
20     -0.269     -0.561     -0.208
21     -0.074     -0.561     -0.257
22      0.095     -0.561     -0.196
23      0.167     -0.561     -0.117
24      0.258     -0.561     -0.035
1      0.149     -0.672      0.045
2      0.050     -0.672      0.355
3     -0.199     -0.672      0.441
4     -0.357     -0.672      0.337
5     -0.363     -0.672      0.221
6     -0.333     -0.672      0.203
7     -0.385     -0.672      0.036
8     -0.282     -0.672     -0.177
9     -0.108     -0.672     -0.238
10     -0.028     -0.672     -0.168
11      0.016     -0.672     -0.131
12      0.059     -0.672     -0.138
0     -0.149     -0.739      0.065
