73 
61      0.460      0.335      0.834
62      0.294      0.335      0.899
63      0.079      0.335      1.017
64     -0.299      0.335      1.009
65     -0.626      0.335      0.776
66     -0.730      0.335      0.432
67     -0.571      0.335      0.353
68     -0.403      0.335      0.098
69     -0.133      0.335     -0.022
70      0.124      0.335      0.028
71      0.339      0.335      0.188
72      0.559      0.335      0.570
49      0.528      0.121      0.648
50      0.353      0.121      0.865
51      0.092      0.121      0.972
52     -0.206      0.121      0.900
53     -0.330      0.121      0.729
54     -0.416      0.121      0.569
55     -0.474      0.121      0.311
56     -0.294      0.121     -0.068
57     -0.022      0.121     -0.162
58      0.229      0.121     -0.073
59      0.422      0.121      0.091
60      0.566      0.121      0.371
37      0.540     -0.092      0.408
38      0.397     -0.092      0.728
39      0.055     -0.092      0.910
40     -0.163     -0.092      0.789
41     -0.149     -0.092      0.671
42     -0.237     -0.092      0.601
43     -0.374     -0.092      0.321
44     -0.212     -0.092     -0.109
45      0.058     -0.092     -0.207
46      0.311     -0.092     -0.120
47      0.422     -0.092      0.018
48      0.529     -0.092      0.200
25      0.415     -0.306      0.135
26      0.327     -0.306      0.467
27     -0.004     -0.306      0.701
28     -0.240     -0.306      0.612
29     -0.253     -0.306      0.482
30     -0.308     -0.306      0.376
31     -0.370     -0.306      0.118
32     -0.197     -0.306     -0.225
33      0.052     -0.306     -0.307
34      0.320     -0.306     -0.228
35      0.396     -0.306     -0.075
36      0.399     -0.306      0.017
13      0.322     -0.381     -0.093
14      0.295     -0.381      0.243
15      0.059     -0.381      0.445
16     -0.106     -0.381      0.416
17     -0.107     -0.381      0.372
18     -0.187     -0.381      0.353
19     -0.320     -0.381      0.092
20     -0.197     -0.381     -0.235
21      0.018     -0.381     -0.324
22      0.189     -0.381     -0.255
23      0.228     -0.381     -0.176
24      0.221     -0.381     -0.200
1      0.167     -0.456     -0.127
2      0.125     -0.456      0.229
3     -0.111     -0.456      0.363
4     -0.245     -0.456      0.276
5     -0.206     -0.456      0.203
6     -0.194     -0.456      0.240
7     -0.304     -0.456      0.074
8     -0.222     -0.456     -0.215
9     -0.017     -0.456     -0.307
10      0.051     -0.456     -0.212
11      0.080     -0.456     -0.166
12      0.057     -0.456     -0.232
0     -0.068     -0.502      0.011
