73 
61      0.416      0.232      1.203
62      0.084      0.232      1.256
63     -0.241      0.232      1.267
64     -0.662      0.232      1.137
65     -1.001      0.232      0.784
66     -1.074      0.232      0.309
67     -0.774      0.232      0.247
68     -0.524      0.232      0.007
69     -0.208      0.232     -0.060
70      0.002      0.232      0.061
71      0.252      0.232      0.243
72      0.500      0.232      0.689
49      0.479     -0.012      0.917
50      0.194     -0.012      1.089
51     -0.089     -0.012      1.087
52     -0.426     -0.012      0.979
53     -0.637     -0.012      0.733
54     -0.720     -0.012      0.449
55     -0.661     -0.012      0.178
56     -0.407     -0.012     -0.135
57     -0.152     -0.012     -0.142
58      0.072     -0.012     -0.042
59      0.280     -0.012      0.110
60      0.526     -0.012      0.474
37      0.510     -0.256      0.665
38      0.269     -0.256      0.907
39     -0.031     -0.256      0.945
40     -0.276     -0.256      0.838
41     -0.417     -0.256      0.671
42     -0.522     -0.256      0.469
43     -0.537     -0.256      0.183
44     -0.314     -0.256     -0.140
45     -0.073     -0.256     -0.169
46      0.156     -0.256     -0.089
47      0.284     -0.256      0.027
48      0.513     -0.256      0.300
25      0.415     -0.499      0.410
26      0.209     -0.499      0.686
27     -0.049     -0.499      0.711
28     -0.253     -0.499      0.633
29     -0.428     -0.499      0.494
30     -0.546     -0.499      0.258
31     -0.512     -0.499     -0.046
32     -0.261     -0.499     -0.303
33     -0.032     -0.499     -0.295
34      0.166     -0.499     -0.196
35      0.265     -0.499     -0.077
36      0.416     -0.499      0.120
13      0.311     -0.622      0.260
14      0.148     -0.622      0.525
15     -0.065     -0.622      0.546
16     -0.232     -0.622      0.495
17     -0.404     -0.622      0.390
18     -0.497     -0.622      0.216
19     -0.477     -0.622     -0.028
20     -0.288     -0.622     -0.239
21     -0.093     -0.622     -0.265
22      0.055     -0.622     -0.194
23      0.143     -0.622     -0.121
24      0.270     -0.622     -0.005
1      0.152     -0.745      0.071
2      0.044     -0.745      0.359
3     -0.189     -0.745      0.426
4     -0.353     -0.745      0.335
5     -0.392     -0.745      0.216
6     -0.375     -0.745      0.172
7     -0.407     -0.745     -0.002
8     -0.291     -0.745     -0.191
9     -0.124     -0.745     -0.238
10     -0.047     -0.745     -0.171
11      0.005     -0.745     -0.138
12      0.069     -0.745     -0.127
0     -0.159     -0.819      0.059
