73 
61      0.497      0.178      1.283
62      0.193      0.178      1.177
63      0.057      0.178      1.065
64     -0.199      0.178      1.024
65     -0.480      0.178      0.848
66     -0.602      0.178      0.557
67     -0.473      0.178      0.555
68     -0.361      0.178      0.292
69     -0.100      0.178      0.128
70      0.074      0.178      0.189
71      0.298      0.178      0.319
72      0.560      0.178      0.731
49      0.459      0.004      0.917
50      0.215      0.004      0.966
51      0.034      0.004      0.938
52     -0.225      0.004      0.883
53     -0.434      0.004      0.712
54     -0.513      0.004      0.506
55     -0.474      0.004      0.381
56     -0.334      0.004      0.105
57     -0.137      0.004      0.015
58      0.094      0.004      0.047
59      0.313      0.004      0.181
60      0.510      0.004      0.507
37      0.444     -0.171      0.702
38      0.213     -0.171      0.842
39     -0.051     -0.171      0.869
40     -0.289     -0.171      0.773
41     -0.464     -0.171      0.590
42     -0.519     -0.171      0.374
43     -0.451     -0.171      0.240
44     -0.283     -0.171     -0.006
45     -0.078     -0.171     -0.074
46      0.185     -0.171     -0.033
47      0.336     -0.171      0.106
48      0.500     -0.171      0.386
25      0.352     -0.345      0.508
26      0.126     -0.345      0.687
27     -0.110     -0.345      0.677
28     -0.309     -0.345      0.590
29     -0.513     -0.345      0.419
30     -0.577     -0.345      0.162
31     -0.465     -0.345     -0.037
32     -0.242     -0.345     -0.210
33     -0.044     -0.345     -0.212
34      0.172     -0.345     -0.136
35      0.270     -0.345     -0.002
36      0.403     -0.345      0.225
13      0.271     -0.430      0.322
14      0.093     -0.430      0.512
15     -0.105     -0.430      0.509
16     -0.279     -0.430      0.450
17     -0.461     -0.430      0.312
18     -0.505     -0.430      0.121
19     -0.432     -0.430     -0.078
20     -0.247     -0.430     -0.210
21     -0.065     -0.430     -0.231
22      0.106     -0.430     -0.165
23      0.179     -0.430     -0.067
24      0.282     -0.430      0.078
1      0.198     -0.515      0.251
2      0.044     -0.515      0.376
3     -0.127     -0.515      0.365
4     -0.301     -0.515      0.302
5     -0.459     -0.515      0.151
6     -0.422     -0.515      0.025
7     -0.340     -0.515     -0.074
8     -0.211     -0.515     -0.169
9     -0.040     -0.515     -0.218
10      0.108     -0.515     -0.156
11      0.172     -0.515     -0.059
12      0.206     -0.515      0.032
0     -0.098     -0.566      0.069
