73 
61      0.484      0.257      1.007
62      0.206      0.257      1.107
63     -0.037      0.257      1.098
64     -0.423      0.257      1.038
65     -0.785      0.257      0.759
66     -0.894      0.257      0.346
67     -0.688      0.257      0.208
68     -0.440      0.257     -0.084
69     -0.081      0.257     -0.182
70      0.086      0.257     -0.018
71      0.341      0.257      0.163
72      0.512      0.257      0.528
49      0.524      0.016      0.728
50      0.294      0.016      0.953
51      0.061      0.016      0.961
52     -0.259      0.016      0.903
53     -0.495      0.016      0.703
54     -0.606      0.016      0.449
55     -0.597      0.016      0.146
56     -0.345      0.016     -0.213
57     -0.054      0.016     -0.246
58      0.151      0.016     -0.114
59      0.360      0.016      0.044
60      0.548      0.016      0.354
37      0.554     -0.225      0.501
38      0.365     -0.225      0.767
39      0.122     -0.225      0.815
40     -0.112     -0.225      0.766
41     -0.301     -0.225      0.641
42     -0.434     -0.225      0.454
43     -0.474     -0.225      0.167
44     -0.262     -0.225     -0.192
45      0.005     -0.225     -0.251
46      0.228     -0.225     -0.154
47      0.355     -0.225     -0.033
48      0.529     -0.225      0.187
25      0.452     -0.467      0.329
26      0.263     -0.467      0.626
27      0.051     -0.467      0.623
28     -0.125     -0.467      0.579
29     -0.325     -0.467      0.482
30     -0.483     -0.467      0.256
31     -0.480     -0.467     -0.076
32     -0.222     -0.467     -0.373
33      0.030     -0.467     -0.367
34      0.191     -0.467     -0.237
35      0.299     -0.467     -0.124
36      0.423     -0.467      0.038
13      0.323     -0.582      0.121
14      0.196     -0.582      0.413
15      0.025     -0.582      0.433
16     -0.125     -0.582      0.422
17     -0.317     -0.582      0.355
18     -0.458     -0.582      0.181
19     -0.465     -0.582     -0.107
20     -0.257     -0.582     -0.345
21     -0.044     -0.582     -0.357
22      0.057     -0.582     -0.253
23      0.148     -0.582     -0.192
24      0.262     -0.582     -0.108
1      0.179     -0.697     -0.049
2      0.110     -0.697      0.234
3     -0.072     -0.697      0.307
4     -0.223     -0.697      0.265
5     -0.297     -0.697      0.186
6     -0.329     -0.697      0.133
7     -0.373     -0.697     -0.057
8     -0.249     -0.697     -0.265
9     -0.065     -0.697     -0.313
10     -0.007     -0.697     -0.226
11      0.046     -0.697     -0.193
12      0.094     -0.697     -0.200
0     -0.099     -0.766     -0.015
