73 
61      0.084      0.055      0.394
62     -0.001      0.055      0.293
63      0.006      0.055      0.230
64     -0.097      0.055      0.243
65     -0.280      0.055      0.143
66     -0.231      0.055      0.055
67     -0.139      0.055      0.192
68     -0.130      0.055      0.094
69     -0.015      0.055     -0.002
70      0.004      0.055      0.041
71      0.012      0.055      0.066
72      0.109      0.055      0.196
49      0.077      0.015      0.333
50     -0.001      0.015      0.269
51     -0.010      0.015      0.222
52     -0.111      0.015      0.227
53     -0.269      0.015      0.131
54     -0.217      0.015      0.060
55     -0.140      0.015      0.189
56     -0.135      0.015      0.088
57     -0.060      0.015      0.012
58     -0.005      0.015      0.027
59      0.023      0.015      0.056
60      0.095      0.015      0.159
37      0.066     -0.024      0.271
38     -0.016     -0.024      0.247
39     -0.064     -0.024      0.215
40     -0.141     -0.024      0.193
41     -0.256     -0.024      0.106
42     -0.212     -0.024      0.040
43     -0.145     -0.024      0.131
44     -0.122     -0.024      0.033
45     -0.057     -0.024     -0.013
46     -0.018     -0.024      0.006
47      0.003     -0.024      0.025
48      0.065     -0.024      0.099
25      0.035     -0.063      0.211
26     -0.047     -0.063      0.215
27     -0.102     -0.063      0.183
28     -0.160     -0.063      0.153
29     -0.255     -0.063      0.075
30     -0.219     -0.063      0.008
31     -0.155     -0.063      0.052
32     -0.116     -0.063     -0.019
33     -0.071     -0.063     -0.030
34     -0.049     -0.063     -0.012
35     -0.008     -0.063      0.006
36      0.030     -0.063      0.056
13      0.017     -0.078      0.149
14     -0.052     -0.078      0.170
15     -0.108     -0.078      0.149
16     -0.166     -0.078      0.120
17     -0.252     -0.078      0.044
18     -0.202     -0.078     -0.003
19     -0.149     -0.078      0.028
20     -0.116     -0.078     -0.023
21     -0.074     -0.078     -0.039
22     -0.055     -0.078     -0.024
23     -0.016     -0.078     -0.007
24      0.003     -0.078      0.017
1     -0.004     -0.094      0.107
2     -0.061     -0.094      0.135
3     -0.123     -0.094      0.124
4     -0.188     -0.094      0.087
5     -0.240     -0.094      0.010
6     -0.172     -0.094     -0.013
7     -0.130     -0.094      0.014
8     -0.109     -0.094     -0.012
9     -0.070     -0.094     -0.033
10     -0.049     -0.094     -0.021
11     -0.026     -0.094     -0.007
12     -0.016     -0.094      0.006
0     -0.099     -0.103      0.033
