#T
# General Properties
# Continuum,Pipes,Convection,Diffusion,Dynamics,Homogenization,SolverType,HeatTransfer,LagrangeM,EyeModel,EyeAxiSym,CapDisj,AutoPresc
         1         1         0         1         0         0         1         0         0         1         0         0         0         0         0
# Fluid Properties
 Domain Type: 0 = 2D, 1 = 3D, Groups, bCapPrescAll, dCapPrescAll, nPipeContRatio
  0     1     1   0 1.000e+000   1   1   0 1.000e+000   1   0 1.000e+000   1   0 1.000e+000   1   1   0   0 5.000e+000
  MaxArea, Conv. Mat. ID, Diff. Mat. ID
  1.000e+000            1            1
# Tissue2D Data (NumPoints, nMoleculeNum, dMaxArea, ConvMat, DiffMat, bPipes, InnDomain, Thickness, Uniform, nHoles)
    4     1   1.000e+002            1            1            1            0   1.000e+000            0     0     0     1
# nContNumber, dX, dY, dZ, nNODC, bPrescExePotent, bPrescExeCurrD, bPrescCapPotent, bPrescCapCurrD
         1   2.45000e+002   4.65000e+002   0.00000e+000     1     0     0     0     0
# nMolNumber, SegType, bPrescPress, bPrescConce, bPrescPressCap, bPrescConceCap, SegTypeCap
         1     1     0     0     0     0     1
# Cells Number
 nCells
    0
# nContNumber, dX, dY, dZ, nNODC, bPrescExePotent, bPrescExeCurrD, bPrescCapPotent, bPrescCapCurrD
         2   2.45000e+002   5.00000e+000   0.00000e+000     0     0     0     0     0
# nMolNumber, SegType, bPrescPress, bPrescConce, bPrescPressCap, bPrescConceCap, SegTypeCap
         1     2     0     0     0     0     1
# Cells Number
 nCells
    0
# nContNumber, dX, dY, dZ, nNODC, bPrescExePotent, bPrescExeCurrD, bPrescCapPotent, bPrescCapCurrD
         3   7.05000e+002   5.00000e+000   0.00000e+000     1     0     0     1     0
       0.00000e+000  1
# nMolNumber, SegType, bPrescPress, bPrescConce, bPrescPressCap, bPrescConceCap, SegTypeCap
         1     1     0     0     0     0     1
# Cells Number
 nCells
    0
# nContNumber, dX, dY, dZ, nNODC, bPrescExePotent, bPrescExeCurrD, bPrescCapPotent, bPrescCapCurrD
         4   7.05000e+002   4.65000e+002   0.00000e+000     0     0     0     0     0
# nMolNumber, SegType, bPrescPress, bPrescConce, bPrescPressCap, bPrescConceCap, SegTypeCap
         1     2     0     0     0     0     1
# Cells Number
 nCells
    0
# Pipes Properties
#     Segments, Nodes, WallDiffus, ConnectType, bDeformable, bFormulation, bLargeNeuron
   68    69     0     0     0     0     1
    1  1.000000e+000  1.000000e+000  1.000000e+000  1.000000e+000  1.000000e+000  1.000000e+000  3.942000e+000  2.348100e+002  0.000000e+000  2.074900e+001  2.345000e+002  0.000000e+000   1  1.000000e+000  1.000000e+000  1.000000e+000  1.000000e+000  1.000000e+000
    2  1.000000e+000  1.000000e+000  1.000000e+000  1.000000e+000  1.000000e+000  1.000000e+000  2.074900e+001  2.345000e+002  0.000000e+000  3.600000e+001  2.354400e+002  0.000000e+000   1  1.000000e+000  1.000000e+000  1.000000e+000  1.000000e+000  1.000000e+000
    3  1.000000e+000  1.000000e+000  1.000000e+000  1.000000e+000  1.000000e+000  1.000000e+000  3.600000e+001  2.354400e+002  0.000000e+000  4.876100e+001  2.354400e+002  0.000000e+000   1  1.000000e+000  1.000000e+000  1.000000e+000  1.000000e+000  1.000000e+000
    4  1.000000e+000  1.000000e+000  1.000000e+000  1.000000e+000  1.000000e+000  1.000000e+000  4.876100e+001  2.354400e+002  0.000000e+000  6.183300e+001  2.357500e+002  0.000000e+000   1  1.000000e+000  1.000000e+000  1.000000e+000  1.000000e+000  1.000000e+000
    5  1.000000e+000  1.000000e+000  1.000000e+000  1.000000e+000  1.000000e+000  1.000000e+000  6.183300e+001  2.357500e+002  0.000000e+000  7.334900e+001  2.357500e+002  0.000000e+000   1  1.000000e+000  1.000000e+000  1.000000e+000  1.000000e+000  1.000000e+000
    6  1.000000e+000  1.000000e+000  1.000000e+000  1.000000e+000  1.000000e+000  1.000000e+000  7.334900e+001  2.357500e+002  0.000000e+000  9.140100e+001  2.419700e+002  0.000000e+000   1  1.000000e+000  1.000000e+000  1.000000e+000  1.000000e+000  1.000000e+000
    7  1.000000e+000  1.000000e+000  1.000000e+000  1.000000e+000  1.000000e+000  1.000000e+000  9.140100e+001  2.419700e+002  0.000000e+000  1.026100e+002  2.453900e+002  0.000000e+000   1  1.000000e+000  1.000000e+000  1.000000e+000  1.000000e+000  1.000000e+000
    8  1.000000e+000  1.000000e+000  1.000000e+000  1.000000e+000  1.000000e+000  1.000000e+000  1.026100e+002  2.453900e+002  0.000000e+000  1.135000e+002  2.497500e+002  0.000000e+000   1  1.000000e+000  1.000000e+000  1.000000e+000  1.000000e+000  1.000000e+000
    9  1.000000e+000  1.000000e+000  1.000000e+000  1.000000e+000  1.000000e+000  1.000000e+000  1.135000e+002  2.497500e+002  0.000000e+000  1.206600e+002  2.544200e+002  0.000000e+000   1  1.000000e+000  1.000000e+000  1.000000e+000  1.000000e+000  1.000000e+000
   10  1.000000e+000  1.000000e+000  1.000000e+000  1.000000e+000  1.000000e+000  1.000000e+000  1.206600e+002  2.544200e+002  0.000000e+000  1.278200e+002  2.587800e+002  0.000000e+000   1  1.000000e+000  1.000000e+000  1.000000e+000  1.000000e+000  1.000000e+000
   11  1.000000e+000  1.000000e+000  1.000000e+000  1.000000e+000  1.000000e+000  1.000000e+000  1.278200e+002  2.587800e+002  0.000000e+000  1.408900e+002  2.702900e+002  0.000000e+000   1  1.000000e+000  1.000000e+000  1.000000e+000  1.000000e+000  1.000000e+000
   12  1.000000e+000  1.000000e+000  1.000000e+000  1.000000e+000  1.000000e+000  1.000000e+000  1.408900e+002  2.702900e+002  0.000000e+000  1.477400e+002  2.762100e+002  0.000000e+000   1  1.000000e+000  1.000000e+000  1.000000e+000  1.000000e+000  1.000000e+000
   13  1.000000e+000  1.000000e+000  1.000000e+000  1.000000e+000  1.000000e+000  1.000000e+000  1.477400e+002  2.762100e+002  0.000000e+000  1.567600e+002  2.839900e+002  0.000000e+000   1  1.000000e+000  1.000000e+000  1.000000e+000  1.000000e+000  1.000000e+000
   14  1.000000e+000  1.000000e+000  1.000000e+000  1.000000e+000  1.000000e+000  1.000000e+000  1.567600e+002  2.839900e+002  0.000000e+000  1.692100e+002  2.948800e+002  0.000000e+000   1  1.000000e+000  1.000000e+000  1.000000e+000  1.000000e+000  1.000000e+000
   15  1.000000e+000  1.000000e+000  1.000000e+000  1.000000e+000  1.000000e+000  1.000000e+000  1.692100e+002  2.948800e+002  0.000000e+000  1.760600e+002  3.020400e+002  0.000000e+000   1  1.000000e+000  1.000000e+000  1.000000e+000  1.000000e+000  1.000000e+000
   16  1.000000e+000  1.000000e+000  1.000000e+000  1.000000e+000  1.000000e+000  1.000000e+000  1.760600e+002  3.020400e+002  0.000000e+000  1.844600e+002  3.092000e+002  0.000000e+000   1  1.000000e+000  1.000000e+000  1.000000e+000  1.000000e+000  1.000000e+000
   17  1.000000e+000  1.000000e+000  1.000000e+000  1.000000e+000  1.000000e+000  1.000000e+000  1.844600e+002  3.092000e+002  0.000000e+000  1.987800e+002  3.179100e+002  0.000000e+000   1  1.000000e+000  1.000000e+000  1.000000e+000  1.000000e+000  1.000000e+000
   18  1.000000e+000  1.000000e+000  1.000000e+000  1.000000e+000  1.000000e+000  1.000000e+000  1.987800e+002  3.179100e+002  0.000000e+000  2.071800e+002  3.232100e+002  0.000000e+000   1  1.000000e+000  1.000000e+000  1.000000e+000  1.000000e+000  1.000000e+000
   19  1.000000e+000  1.000000e+000  1.000000e+000  1.000000e+000  1.000000e+000  1.000000e+000  2.071800e+002  3.232100e+002  0.000000e+000  2.199400e+002  3.313000e+002  0.000000e+000   1  1.000000e+000  1.000000e+000  1.000000e+000  1.000000e+000  1.000000e+000
   20  1.000000e+000  1.000000e+000  1.000000e+000  1.000000e+000  1.000000e+000  1.000000e+000  2.199400e+002  3.313000e+002  0.000000e+000  2.305300e+002  3.381500e+002  0.000000e+000   1  1.000000e+000  1.000000e+000  1.000000e+000  1.000000e+000  1.000000e+000
   21  1.000000e+000  1.000000e+000  1.000000e+000  1.000000e+000  1.000000e+000  1.000000e+000  2.305300e+002  3.381500e+002  0.000000e+000  2.370600e+002  3.425000e+002  0.000000e+000   1  1.000000e+000  1.000000e+000  1.000000e+000  1.000000e+000  1.000000e+000
   22  1.000000e+000  1.000000e+000  1.000000e+000  1.000000e+000  1.000000e+000  1.000000e+000  2.370600e+002  3.425000e+002  0.000000e+000  2.454700e+002  3.518400e+002  0.000000e+000   1  1.000000e+000  1.000000e+000  1.000000e+000  1.000000e+000  1.000000e+000
   23  1.000000e+000  1.000000e+000  1.000000e+000  1.000000e+000  1.000000e+000  1.000000e+000  2.454700e+002  3.518400e+002  0.000000e+000  2.538700e+002  3.583800e+002  0.000000e+000   1  1.000000e+000  1.000000e+000  1.000000e+000  1.000000e+000  1.000000e+000
   24  1.000000e+000  1.000000e+000  1.000000e+000  1.000000e+000  1.000000e+000  1.000000e+000  2.538700e+002  3.583800e+002  0.000000e+000  2.610300e+002  3.649100e+002  0.000000e+000   1  1.000000e+000  1.000000e+000  1.000000e+000  1.000000e+000  1.000000e+000
   25  1.000000e+000  1.000000e+000  1.000000e+000  1.000000e+000  1.000000e+000  1.000000e+000  1.844600e+002  3.092000e+002  0.000000e+000  1.914300e+002  3.219000e+002  0.000000e+000   1  1.000000e+000  1.000000e+000  1.000000e+000  1.000000e+000  1.000000e+000
   26  1.000000e+000  1.000000e+000  1.000000e+000  1.000000e+000  1.000000e+000  1.000000e+000  1.914300e+002  3.219000e+002  0.000000e+000  1.972000e+002  3.316700e+002  0.000000e+000   1  1.000000e+000  1.000000e+000  1.000000e+000  1.000000e+000  1.000000e+000
   27  1.000000e+000  1.000000e+000  1.000000e+000  1.000000e+000  1.000000e+000  1.000000e+000  1.972000e+002  3.316700e+002  0.000000e+000  2.003900e+002  3.434200e+002  0.000000e+000   1  1.000000e+000  1.000000e+000  1.000000e+000  1.000000e+000  1.000000e+000
   28  1.000000e+000  1.000000e+000  1.000000e+000  1.000000e+000  1.000000e+000  1.000000e+000  2.003900e+002  3.434200e+002  0.000000e+000  2.057700e+002  3.551700e+002  0.000000e+000   1  1.000000e+000  1.000000e+000  1.000000e+000  1.000000e+000  1.000000e+000
   29  1.000000e+000  1.000000e+000  1.000000e+000  1.000000e+000  1.000000e+000  1.000000e+000  2.057700e+002  3.551700e+002  0.000000e+000  2.079600e+002  3.649300e+002  0.000000e+000   1  1.000000e+000  1.000000e+000  1.000000e+000  1.000000e+000  1.000000e+000
   30  1.000000e+000  1.000000e+000  1.000000e+000  1.000000e+000  1.000000e+000  1.000000e+000  2.079600e+002  3.649300e+002  0.000000e+000  2.137400e+002  3.762800e+002  0.000000e+000   1  1.000000e+000  1.000000e+000  1.000000e+000  1.000000e+000  1.000000e+000
   31  1.000000e+000  1.000000e+000  1.000000e+000  1.000000e+000  1.000000e+000  1.000000e+000  2.137400e+002  3.762800e+002  0.000000e+000  2.197100e+002  3.864400e+002  0.000000e+000   1  1.000000e+000  1.000000e+000  1.000000e+000  1.000000e+000  1.000000e+000
   32  1.000000e+000  1.000000e+000  1.000000e+000  1.000000e+000  1.000000e+000  1.000000e+000  2.197100e+002  3.864400e+002  0.000000e+000  2.266900e+002  3.968000e+002  0.000000e+000   1  1.000000e+000  1.000000e+000  1.000000e+000  1.000000e+000  1.000000e+000
   33  1.000000e+000  1.000000e+000  1.000000e+000  1.000000e+000  1.000000e+000  1.000000e+000  2.266900e+002  3.968000e+002  0.000000e+000  2.372400e+002  4.075600e+002  0.000000e+000   1  1.000000e+000  1.000000e+000  1.000000e+000  1.000000e+000  1.000000e+000
   34  1.000000e+000  1.000000e+000  1.000000e+000  1.000000e+000  1.000000e+000  1.000000e+000  2.372400e+002  4.075600e+002  0.000000e+000  2.490000e+002  4.153300e+002  0.000000e+000   1  1.000000e+000  1.000000e+000  1.000000e+000  1.000000e+000  1.000000e+000
   35  1.000000e+000  1.000000e+000  1.000000e+000  1.000000e+000  1.000000e+000  1.000000e+000  2.490000e+002  4.153300e+002  0.000000e+000  2.561700e+002  4.189100e+002  0.000000e+000   1  1.000000e+000  1.000000e+000  1.000000e+000  1.000000e+000  1.000000e+000
   36  1.000000e+000  1.000000e+000  1.000000e+000  1.000000e+000  1.000000e+000  1.000000e+000  2.370600e+002  3.425000e+002  0.000000e+000  2.509700e+002  3.473600e+002  0.000000e+000   1  1.000000e+000  1.000000e+000  1.000000e+000  1.000000e+000  1.000000e+000
   37  1.000000e+000  1.000000e+000  1.000000e+000  1.000000e+000  1.000000e+000  1.000000e+000  2.509700e+002  3.473600e+002  0.000000e+000  2.619200e+002  3.518400e+002  0.000000e+000   1  1.000000e+000  1.000000e+000  1.000000e+000  1.000000e+000  1.000000e+000
   38  1.000000e+000  1.000000e+000  1.000000e+000  1.000000e+000  1.000000e+000  1.000000e+000  1.278200e+002  2.587800e+002  0.000000e+000  1.485900e+002  2.624400e+002  0.000000e+000   1  1.000000e+000  1.000000e+000  1.000000e+000  1.000000e+000  1.000000e+000
   39  1.000000e+000  1.000000e+000  1.000000e+000  1.000000e+000  1.000000e+000  1.000000e+000  1.485900e+002  2.624400e+002  0.000000e+000  1.632100e+002  2.665000e+002  0.000000e+000   1  1.000000e+000  1.000000e+000  1.000000e+000  1.000000e+000  1.000000e+000
   40  1.000000e+000  1.000000e+000  1.000000e+000  1.000000e+000  1.000000e+000  1.000000e+000  1.632100e+002  2.665000e+002  0.000000e+000  1.855900e+002  2.682600e+002  0.000000e+000   1  1.000000e+000  1.000000e+000  1.000000e+000  1.000000e+000  1.000000e+000
   41  1.000000e+000  1.000000e+000  1.000000e+000  1.000000e+000  1.000000e+000  1.000000e+000  1.855900e+002  2.682600e+002  0.000000e+000  2.019700e+002  2.682600e+002  0.000000e+000   1  1.000000e+000  1.000000e+000  1.000000e+000  1.000000e+000  1.000000e+000
   42  1.000000e+000  1.000000e+000  1.000000e+000  1.000000e+000  1.000000e+000  1.000000e+000  2.019700e+002  2.682600e+002  0.000000e+000  2.217000e+002  2.719600e+002  0.000000e+000   1  1.000000e+000  1.000000e+000  1.000000e+000  1.000000e+000  1.000000e+000
   43  1.000000e+000  1.000000e+000  1.000000e+000  1.000000e+000  1.000000e+000  1.000000e+000  2.217000e+002  2.719600e+002  0.000000e+000  2.419700e+002  2.760100e+002  0.000000e+000   1  1.000000e+000  1.000000e+000  1.000000e+000  1.000000e+000  1.000000e+000
   44  1.000000e+000  1.000000e+000  1.000000e+000  1.000000e+000  1.000000e+000  1.000000e+000  2.419700e+002  2.760100e+002  0.000000e+000  2.578200e+002  2.823500e+002  0.000000e+000   1  1.000000e+000  1.000000e+000  1.000000e+000  1.000000e+000  1.000000e+000
   45  1.000000e+000  1.000000e+000  1.000000e+000  1.000000e+000  1.000000e+000  1.000000e+000  2.019700e+002  2.682600e+002  0.000000e+000  2.233300e+002  2.629800e+002  0.000000e+000   1  1.000000e+000  1.000000e+000  1.000000e+000  1.000000e+000  1.000000e+000
   46  1.000000e+000  1.000000e+000  1.000000e+000  1.000000e+000  1.000000e+000  1.000000e+000  2.233300e+002  2.629800e+002  0.000000e+000  2.396800e+002  2.596500e+002  0.000000e+000   1  1.000000e+000  1.000000e+000  1.000000e+000  1.000000e+000  1.000000e+000
   47  1.000000e+000  1.000000e+000  1.000000e+000  1.000000e+000  1.000000e+000  1.000000e+000  2.396800e+002  2.596500e+002  0.000000e+000  2.521600e+002  2.571500e+002  0.000000e+000   1  1.000000e+000  1.000000e+000  1.000000e+000  1.000000e+000  1.000000e+000
   48  1.000000e+000  1.000000e+000  1.000000e+000  1.000000e+000  1.000000e+000  1.000000e+000  2.521600e+002  2.571500e+002  0.000000e+000  2.707300e+002  2.554900e+002  0.000000e+000   1  1.000000e+000  1.000000e+000  1.000000e+000  1.000000e+000  1.000000e+000
   49  1.000000e+000  1.000000e+000  1.000000e+000  1.000000e+000  1.000000e+000  1.000000e+000  7.334900e+001  2.357500e+002  0.000000e+000  9.738000e+001  2.276600e+002  0.000000e+000   1  1.000000e+000  1.000000e+000  1.000000e+000  1.000000e+000  1.000000e+000
   50  1.000000e+000  1.000000e+000  1.000000e+000  1.000000e+000  1.000000e+000  1.000000e+000  9.738000e+001  2.276600e+002  0.000000e+000  1.162300e+002  2.276600e+002  0.000000e+000   1  1.000000e+000  1.000000e+000  1.000000e+000  1.000000e+000  1.000000e+000
   51  1.000000e+000  1.000000e+000  1.000000e+000  1.000000e+000  1.000000e+000  1.000000e+000  1.162300e+002  2.276600e+002  0.000000e+000  1.423600e+002  2.246200e+002  0.000000e+000   1  1.000000e+000  1.000000e+000  1.000000e+000  1.000000e+000  1.000000e+000
   52  1.000000e+000  1.000000e+000  1.000000e+000  1.000000e+000  1.000000e+000  1.000000e+000  1.423600e+002  2.246200e+002  0.000000e+000  1.697200e+002  2.118500e+002  0.000000e+000   1  1.000000e+000  1.000000e+000  1.000000e+000  1.000000e+000  1.000000e+000
   53  1.000000e+000  1.000000e+000  1.000000e+000  1.000000e+000  1.000000e+000  1.000000e+000  1.697200e+002  2.118500e+002  0.000000e+000  1.867400e+002  2.039500e+002  0.000000e+000   1  1.000000e+000  1.000000e+000  1.000000e+000  1.000000e+000  1.000000e+000
   54  1.000000e+000  1.000000e+000  1.000000e+000  1.000000e+000  1.000000e+000  1.000000e+000  1.867400e+002  2.039500e+002  0.000000e+000  1.970800e+002  1.966500e+002  0.000000e+000   1  1.000000e+000  1.000000e+000  1.000000e+000  1.000000e+000  1.000000e+000
   55  1.000000e+000  1.000000e+000  1.000000e+000  1.000000e+000  1.000000e+000  1.000000e+000  1.970800e+002  1.966500e+002  0.000000e+000  2.068000e+002  1.857100e+002  0.000000e+000   1  1.000000e+000  1.000000e+000  1.000000e+000  1.000000e+000  1.000000e+000
   56  1.000000e+000  1.000000e+000  1.000000e+000  1.000000e+000  1.000000e+000  1.000000e+000  2.068000e+002  1.857100e+002  0.000000e+000  2.189600e+002  1.711200e+002  0.000000e+000   1  1.000000e+000  1.000000e+000  1.000000e+000  1.000000e+000  1.000000e+000
   57  1.000000e+000  1.000000e+000  1.000000e+000  1.000000e+000  1.000000e+000  1.000000e+000  2.189600e+002  1.711200e+002  0.000000e+000  2.280800e+002  1.571400e+002  0.000000e+000   1  1.000000e+000  1.000000e+000  1.000000e+000  1.000000e+000  1.000000e+000
   58  1.000000e+000  1.000000e+000  1.000000e+000  1.000000e+000  1.000000e+000  1.000000e+000  2.280800e+002  1.571400e+002  0.000000e+000  2.359800e+002  1.443800e+002  0.000000e+000   1  1.000000e+000  1.000000e+000  1.000000e+000  1.000000e+000  1.000000e+000
   59  1.000000e+000  1.000000e+000  1.000000e+000  1.000000e+000  1.000000e+000  1.000000e+000  2.359800e+002  1.443800e+002  0.000000e+000  2.451000e+002  1.334300e+002  0.000000e+000   1  1.000000e+000  1.000000e+000  1.000000e+000  1.000000e+000  1.000000e+000
   60  1.000000e+000  1.000000e+000  1.000000e+000  1.000000e+000  1.000000e+000  1.000000e+000  2.451000e+002  1.334300e+002  0.000000e+000  2.548300e+002  1.188400e+002  0.000000e+000   1  1.000000e+000  1.000000e+000  1.000000e+000  1.000000e+000  1.000000e+000
   61  1.000000e+000  1.000000e+000  1.000000e+000  1.000000e+000  1.000000e+000  1.000000e+000  1.423600e+002  2.246200e+002  0.000000e+000  1.654600e+002  2.252300e+002  0.000000e+000   1  1.000000e+000  1.000000e+000  1.000000e+000  1.000000e+000  1.000000e+000
   62  1.000000e+000  1.000000e+000  1.000000e+000  1.000000e+000  1.000000e+000  1.000000e+000  1.654600e+002  2.252300e+002  0.000000e+000  1.934300e+002  2.215800e+002  0.000000e+000   1  1.000000e+000  1.000000e+000  1.000000e+000  1.000000e+000  1.000000e+000
   63  1.000000e+000  1.000000e+000  1.000000e+000  1.000000e+000  1.000000e+000  1.000000e+000  1.934300e+002  2.215800e+002  0.000000e+000  2.141000e+002  2.185400e+002  0.000000e+000   1  1.000000e+000  1.000000e+000  1.000000e+000  1.000000e+000  1.000000e+000
   64  1.000000e+000  1.000000e+000  1.000000e+000  1.000000e+000  1.000000e+000  1.000000e+000  2.141000e+002  2.185400e+002  0.000000e+000  2.335500e+002  2.094200e+002  0.000000e+000   1  1.000000e+000  1.000000e+000  1.000000e+000  1.000000e+000  1.000000e+000
   65  1.000000e+000  1.000000e+000  1.000000e+000  1.000000e+000  1.000000e+000  1.000000e+000  2.335500e+002  2.094200e+002  0.000000e+000  2.499600e+002  2.027300e+002  0.000000e+000   1  1.000000e+000  1.000000e+000  1.000000e+000  1.000000e+000  1.000000e+000
   66  1.000000e+000  1.000000e+000  1.000000e+000  1.000000e+000  1.000000e+000  1.000000e+000  2.499600e+002  2.027300e+002  0.000000e+000  2.651600e+002  1.972600e+002  0.000000e+000   1  1.000000e+000  1.000000e+000  1.000000e+000  1.000000e+000  1.000000e+000
   67  1.000000e+000  1.000000e+000  1.000000e+000  1.000000e+000  1.000000e+000  1.000000e+000  2.141000e+002  2.185400e+002  0.000000e+000  2.384100e+002  2.179300e+002  0.000000e+000   1  1.000000e+000  1.000000e+000  1.000000e+000  1.000000e+000  1.000000e+000
   68  1.000000e+000  1.000000e+000  1.000000e+000  1.000000e+000  1.000000e+000  1.000000e+000  2.384100e+002  2.179300e+002  0.000000e+000  2.603000e+002  2.215800e+002  0.000000e+000   1  1.000000e+000  1.000000e+000  1.000000e+000  1.000000e+000  1.000000e+000
    1  3.942000e+000  2.348100e+002  0.000000e+000     0     1     1     0
      1.000000e+000   1
# iMol, bPrescPress, iConc, bPrescVeloc, dInitConc
    1     0     0     0  0.000000e+000
    2  2.074900e+001  2.345000e+002  0.000000e+000     0     1     0     0
# iMol, bPrescPress, iConc, bPrescVeloc, dInitConc
    1     0     0     0  0.000000e+000
    3  3.600000e+001  2.354400e+002  0.000000e+000     0     1     0     0
# iMol, bPrescPress, iConc, bPrescVeloc, dInitConc
    1     0     0     0  0.000000e+000
    4  4.876100e+001  2.354400e+002  0.000000e+000     0     1     0     0
# iMol, bPrescPress, iConc, bPrescVeloc, dInitConc
    1     0     0     0  0.000000e+000
    5  6.183300e+001  2.357500e+002  0.000000e+000     0     1     0     0
# iMol, bPrescPress, iConc, bPrescVeloc, dInitConc
    1     0     0     0  0.000000e+000
    6  7.334900e+001  2.357500e+002  0.000000e+000     0     1     0     0
# iMol, bPrescPress, iConc, bPrescVeloc, dInitConc
    1     0     0     0  0.000000e+000
    7  9.140100e+001  2.419700e+002  0.000000e+000     0     1     0     0
# iMol, bPrescPress, iConc, bPrescVeloc, dInitConc
    1     0     0     0  0.000000e+000
    8  1.026100e+002  2.453900e+002  0.000000e+000     0     1     0     0
# iMol, bPrescPress, iConc, bPrescVeloc, dInitConc
    1     0     0     0  0.000000e+000
    9  1.135000e+002  2.497500e+002  0.000000e+000     0     1     0     0
# iMol, bPrescPress, iConc, bPrescVeloc, dInitConc
    1     0     0     0  0.000000e+000
   10  1.206600e+002  2.544200e+002  0.000000e+000     0     1     0     0
# iMol, bPrescPress, iConc, bPrescVeloc, dInitConc
    1     0     0     0  0.000000e+000
   11  1.278200e+002  2.587800e+002  0.000000e+000     0     1     0     0
# iMol, bPrescPress, iConc, bPrescVeloc, dInitConc
    1     0     0     0  0.000000e+000
   12  1.408900e+002  2.702900e+002  0.000000e+000     0     1     0     0
# iMol, bPrescPress, iConc, bPrescVeloc, dInitConc
    1     0     0     0  0.000000e+000
   13  1.477400e+002  2.762100e+002  0.000000e+000     0     1     0     0
# iMol, bPrescPress, iConc, bPrescVeloc, dInitConc
    1     0     0     0  0.000000e+000
   14  1.567600e+002  2.839900e+002  0.000000e+000     0     1     0     0
# iMol, bPrescPress, iConc, bPrescVeloc, dInitConc
    1     0     0     0  0.000000e+000
   15  1.692100e+002  2.948800e+002  0.000000e+000     0     1     0     0
# iMol, bPrescPress, iConc, bPrescVeloc, dInitConc
    1     0     0     0  0.000000e+000
   16  1.760600e+002  3.020400e+002  0.000000e+000     0     1     0     0
# iMol, bPrescPress, iConc, bPrescVeloc, dInitConc
    1     0     0     0  0.000000e+000
   17  1.844600e+002  3.092000e+002  0.000000e+000     0     1     0     0
# iMol, bPrescPress, iConc, bPrescVeloc, dInitConc
    1     0     0     0  0.000000e+000
   18  1.987800e+002  3.179100e+002  0.000000e+000     0     1     0     0
# iMol, bPrescPress, iConc, bPrescVeloc, dInitConc
    1     0     0     0  0.000000e+000
   19  2.071800e+002  3.232100e+002  0.000000e+000     0     1     0     0
# iMol, bPrescPress, iConc, bPrescVeloc, dInitConc
    1     0     0     0  0.000000e+000
   20  2.199400e+002  3.313000e+002  0.000000e+000     0     1     0     0
# iMol, bPrescPress, iConc, bPrescVeloc, dInitConc
    1     0     0     0  0.000000e+000
   21  2.305300e+002  3.381500e+002  0.000000e+000     0     1     0     0
# iMol, bPrescPress, iConc, bPrescVeloc, dInitConc
    1     0     0     0  0.000000e+000
   22  2.370600e+002  3.425000e+002  0.000000e+000     0     1     0     0
# iMol, bPrescPress, iConc, bPrescVeloc, dInitConc
    1     0     0     0  0.000000e+000
   23  2.454700e+002  3.518400e+002  0.000000e+000     0     1     0     0
# iMol, bPrescPress, iConc, bPrescVeloc, dInitConc
    1     0     0     0  0.000000e+000
   24  2.538700e+002  3.583800e+002  0.000000e+000     0     1     0     0
# iMol, bPrescPress, iConc, bPrescVeloc, dInitConc
    1     0     0     0  0.000000e+000
   25  2.610300e+002  3.649100e+002  0.000000e+000     0     1     0     0
# iMol, bPrescPress, iConc, bPrescVeloc, dInitConc
    1     0     0     0  0.000000e+000
   26  1.914300e+002  3.219000e+002  0.000000e+000     0     1     0     0
# iMol, bPrescPress, iConc, bPrescVeloc, dInitConc
    1     0     0     0  0.000000e+000
   27  1.972000e+002  3.316700e+002  0.000000e+000     0     1     0     0
# iMol, bPrescPress, iConc, bPrescVeloc, dInitConc
    1     0     0     0  0.000000e+000
   28  2.003900e+002  3.434200e+002  0.000000e+000     0     1     0     0
# iMol, bPrescPress, iConc, bPrescVeloc, dInitConc
    1     0     0     0  0.000000e+000
   29  2.057700e+002  3.551700e+002  0.000000e+000     0     1     0     0
# iMol, bPrescPress, iConc, bPrescVeloc, dInitConc
    1     0     0     0  0.000000e+000
   30  2.079600e+002  3.649300e+002  0.000000e+000     0     1     0     0
# iMol, bPrescPress, iConc, bPrescVeloc, dInitConc
    1     0     0     0  0.000000e+000
   31  2.137400e+002  3.762800e+002  0.000000e+000     0     1     0     0
# iMol, bPrescPress, iConc, bPrescVeloc, dInitConc
    1     0     0     0  0.000000e+000
   32  2.197100e+002  3.864400e+002  0.000000e+000     0     1     0     0
# iMol, bPrescPress, iConc, bPrescVeloc, dInitConc
    1     0     0     0  0.000000e+000
   33  2.266900e+002  3.968000e+002  0.000000e+000     0     1     0     0
# iMol, bPrescPress, iConc, bPrescVeloc, dInitConc
    1     0     0     0  0.000000e+000
   34  2.372400e+002  4.075600e+002  0.000000e+000     0     1     0     0
# iMol, bPrescPress, iConc, bPrescVeloc, dInitConc
    1     0     0     0  0.000000e+000
   35  2.490000e+002  4.153300e+002  0.000000e+000     0     1     0     0
# iMol, bPrescPress, iConc, bPrescVeloc, dInitConc
    1     0     0     0  0.000000e+000
   36  2.561700e+002  4.189100e+002  0.000000e+000     0     1     0     0
# iMol, bPrescPress, iConc, bPrescVeloc, dInitConc
    1     0     0     0  0.000000e+000
   37  2.509700e+002  3.473600e+002  0.000000e+000     0     1     0     0
# iMol, bPrescPress, iConc, bPrescVeloc, dInitConc
    1     0     0     0  0.000000e+000
   38  2.619200e+002  3.518400e+002  0.000000e+000     0     1     0     0
# iMol, bPrescPress, iConc, bPrescVeloc, dInitConc
    1     0     0     0  0.000000e+000
   39  1.485900e+002  2.624400e+002  0.000000e+000     0     1     0     0
# iMol, bPrescPress, iConc, bPrescVeloc, dInitConc
    1     0     0     0  0.000000e+000
   40  1.632100e+002  2.665000e+002  0.000000e+000     0     1     0     0
# iMol, bPrescPress, iConc, bPrescVeloc, dInitConc
    1     0     0     0  0.000000e+000
   41  1.855900e+002  2.682600e+002  0.000000e+000     0     1     0     0
# iMol, bPrescPress, iConc, bPrescVeloc, dInitConc
    1     0     0     0  0.000000e+000
   42  2.019700e+002  2.682600e+002  0.000000e+000     0     1     0     0
# iMol, bPrescPress, iConc, bPrescVeloc, dInitConc
    1     0     0     0  0.000000e+000
   43  2.217000e+002  2.719600e+002  0.000000e+000     0     1     0     0
# iMol, bPrescPress, iConc, bPrescVeloc, dInitConc
    1     0     0     0  0.000000e+000
   44  2.419700e+002  2.760100e+002  0.000000e+000     0     1     0     0
# iMol, bPrescPress, iConc, bPrescVeloc, dInitConc
    1     0     0     0  0.000000e+000
   45  2.578200e+002  2.823500e+002  0.000000e+000     0     1     0     0
# iMol, bPrescPress, iConc, bPrescVeloc, dInitConc
    1     0     0     0  0.000000e+000
   46  2.233300e+002  2.629800e+002  0.000000e+000     0     1     0     0
# iMol, bPrescPress, iConc, bPrescVeloc, dInitConc
    1     0     0     0  0.000000e+000
   47  2.396800e+002  2.596500e+002  0.000000e+000     0     1     0     0
# iMol, bPrescPress, iConc, bPrescVeloc, dInitConc
    1     0     0     0  0.000000e+000
   48  2.521600e+002  2.571500e+002  0.000000e+000     0     1     0     0
# iMol, bPrescPress, iConc, bPrescVeloc, dInitConc
    1     0     0     0  0.000000e+000
   49  2.707300e+002  2.554900e+002  0.000000e+000     0     1     0     0
# iMol, bPrescPress, iConc, bPrescVeloc, dInitConc
    1     0     0     0  0.000000e+000
   50  9.738000e+001  2.276600e+002  0.000000e+000     0     1     0     0
# iMol, bPrescPress, iConc, bPrescVeloc, dInitConc
    1     0     0     0  0.000000e+000
   51  1.162300e+002  2.276600e+002  0.000000e+000     0     1     0     0
# iMol, bPrescPress, iConc, bPrescVeloc, dInitConc
    1     0     0     0  0.000000e+000
   52  1.423600e+002  2.246200e+002  0.000000e+000     0     1     0     0
# iMol, bPrescPress, iConc, bPrescVeloc, dInitConc
    1     0     0     0  0.000000e+000
   53  1.697200e+002  2.118500e+002  0.000000e+000     0     1     0     0
# iMol, bPrescPress, iConc, bPrescVeloc, dInitConc
    1     0     0     0  0.000000e+000
   54  1.867400e+002  2.039500e+002  0.000000e+000     0     1     0     0
# iMol, bPrescPress, iConc, bPrescVeloc, dInitConc
    1     0     0     0  0.000000e+000
   55  1.970800e+002  1.966500e+002  0.000000e+000     0     1     0     0
# iMol, bPrescPress, iConc, bPrescVeloc, dInitConc
    1     0     0     0  0.000000e+000
   56  2.068000e+002  1.857100e+002  0.000000e+000     0     1     0     0
# iMol, bPrescPress, iConc, bPrescVeloc, dInitConc
    1     0     0     0  0.000000e+000
   57  2.189600e+002  1.711200e+002  0.000000e+000     0     1     0     0
# iMol, bPrescPress, iConc, bPrescVeloc, dInitConc
    1     0     0     0  0.000000e+000
   58  2.280800e+002  1.571400e+002  0.000000e+000     0     1     0     0
# iMol, bPrescPress, iConc, bPrescVeloc, dInitConc
    1     0     0     0  0.000000e+000
   59  2.359800e+002  1.443800e+002  0.000000e+000     0     1     0     0
# iMol, bPrescPress, iConc, bPrescVeloc, dInitConc
    1     0     0     0  0.000000e+000
   60  2.451000e+002  1.334300e+002  0.000000e+000     0     1     0     0
# iMol, bPrescPress, iConc, bPrescVeloc, dInitConc
    1     0     0     0  0.000000e+000
   61  2.548300e+002  1.188400e+002  0.000000e+000     0     1     0     0
# iMol, bPrescPress, iConc, bPrescVeloc, dInitConc
    1     0     0     0  0.000000e+000
   62  1.654600e+002  2.252300e+002  0.000000e+000     0     1     0     0
# iMol, bPrescPress, iConc, bPrescVeloc, dInitConc
    1     0     0     0  0.000000e+000
   63  1.934300e+002  2.215800e+002  0.000000e+000     0     1     0     0
# iMol, bPrescPress, iConc, bPrescVeloc, dInitConc
    1     0     0     0  0.000000e+000
   64  2.141000e+002  2.185400e+002  0.000000e+000     0     1     0     0
# iMol, bPrescPress, iConc, bPrescVeloc, dInitConc
    1     0     0     0  0.000000e+000
   65  2.335500e+002  2.094200e+002  0.000000e+000     0     1     0     0
# iMol, bPrescPress, iConc, bPrescVeloc, dInitConc
    1     0     0     0  0.000000e+000
   66  2.499600e+002  2.027300e+002  0.000000e+000     0     1     0     0
# iMol, bPrescPress, iConc, bPrescVeloc, dInitConc
    1     0     0     0  0.000000e+000
   67  2.651600e+002  1.972600e+002  0.000000e+000     0     1     0     0
# iMol, bPrescPress, iConc, bPrescVeloc, dInitConc
    1     0     0     0  0.000000e+000
   68  2.384100e+002  2.179300e+002  0.000000e+000     0     1     0     0
# iMol, bPrescPress, iConc, bPrescVeloc, dInitConc
    1     0     0     0  0.000000e+000
   69  2.603000e+002  2.215800e+002  0.000000e+000     0     1     0     0
# iMol, bPrescPress, iConc, bPrescVeloc, dInitConc
    1     0     0     0  0.000000e+000
# Concentration Functions - Number of Functions
    1
 nFunID, NumPoint
    1    2
 0.00e+000 1.00e+000
 1.00e+003 1.00e+000
# AutoGen Data
  AutoModelType,   AutoL0,   nAutoDiv,   bAutoRandom,   dAutoHmax,      bAutoContinuum,       bAutoUniform,  bAutoHomogeniz 
    0   5.00000e+000     2     0   2.00000e-001     1     1     0   5.00000e+000     2
  nAutoDirection,   bAutoPinn,   dAutoPinn,   bAutoPout,   dAutoPout,   bAutoCinn,  dAutoCinn,  bAutoCout, dAutoCout, bAutoVout, dAutoVout, bPrescInCont, bPrescWhole
    0     0   1.00000e+000     0   0.00000e+000     1   1.00000e+000     1   0.00000e+000     0   1.00000e-001     1     0     0
  dAutoDiam,   dAutoVisc,   dAutoDiff,   dAutoPoros,   dAutoPerme,   dAutoLeak,  dAutoWallD,  dAutoWallThick, nAutoPipeDiv 
  1.00000e+000   1.00000e-003   1.00000e+002   0.00000e+000   0.00000e+000   5.00000e-002   1.00000e+001   1.00000e-001     1
  bAutoRandDiam,   dAutoRandDiam,   bAutoRandVisc,   dAutoRandVisc,   bAutoRandWallD,   dAutoRandWallD,  bAutoDiagonal,  dAutoDiamDiag 
    0   1.00000e+001     0   1.00000e+001     0   1.00000e+001     0   1.00000e-001 
  bPipeGen,   bPipeGenY,   bGaussianD,   bPipeConn,   bContinDiv 
  1   1   0   0   0   1   1   1.000000   1   0.000000   0   1.000000   0   0.000000   1   1
# Time Periods
 numPer,NPrint,LstPrint,VelCapPrint,MaxIt,IGraph,IForce,dTolConv,dTolLam
    1    1    0    0   30    1    0 5.00e-002 1.00e-003
        20 5.00e-001
# Materials - InitConc, DiffMatNum, ConvMatNum, HeatMatNum
 0.0000e+000    1    1    1
 D(C) - Num. of pairs
    1
 Pairs - Concentration, Diff. coeff.
  0.000e+000  1.000e+001
 D(P) - Num. of pairs
    1
 Pairs - Pressure, Darcy coeff.
  0.000e+000  1.000e+000
 D(P) - Num. of pairs
    1
 Pairs - Temp, Density, SpecHeat, CondCoeff
  0.000e+000  1.000e+000  2.000e+000  5.000e+000
# Smeared Data - bSmeared, nType, dVolF, dDiam, dThick, dDiffC, dPart, bPart, bGauss, bRandVF, dRandVF, bSmeTable
    1    0  1.000e-002  1.000e-001  1.000e-002  1.000e+001  1.000e+000    0    0    0  2.000e+001    0
# Capillary Smeared model Data - nSmearedInd, bSmeCapConv, dSmeCapVisc, dSmeTisDarcy, dSmeWallLeak, bSmeCapDiff, dSmeCapDiff, bSmeTissDiff, bSmeTissCon
    5    0  1.000e-003  1.000e-001  5.000e-002    0  1.000e+002  1.000e+001    1    1
# General Smeared Parameters
# General Data - Indicators
 # nDarcyCoeff,nViscPipe,nViscCapill,nHydrPipe,nHydrCapill,nDarcyTens
    0    0    0    0    0    0
# General Data - Values
 # dDarcyCoeff,dViscPipe,dViscCapill,dHydrPipe,dHydrCapill
 1.000000e+000 1.000000e-003 1.000000e-003 1.000000e+000 1.000000e+000
# Data for capillary diameters
 dCapDiamX,m_dCapDiamY, m_dCapDiamZ 
 1.000000e+000 1.000000e+000 1.000000e+000
# Molucules and Cells data
 nMolNumber,nCellNumber
    1    0
# Molecule - Indicators
# nIndPipe,nIndExt,nIndCap,nIndPartPipe,nIndPartCap,nIndAdhePipe,nIndAdheCap,nIndWallPipe,nIndWallCap
    1    1    1    0    0    0    0    0    1
# Molecule - Values
# sMolName,dDiffPipe,dDiffExt,dDiffCapX,dDiffCapY,dPartPipe,dPartCap,dAdhePipe,dAdheCap,dDeAdhePipe,dDeAdheCap,dWallPipe,dWallCap,dInitConcPipe,dInitConcExt,dMolarMass
Mol1 1.000000e+002 1.000000e+002 1.000000e+002 1.000000e+002 1.000000e+000 1.000000e+000 1.000000e+000 1.000000e+000 1.000000e+000 1.000000e+000 1.000000e+002 1.000000e+002    0 1.000000e+000    0 1.000000e+000 1.000000e+000 1.000000e+002 1.000000e+000 1.000000e+000 1.000000e+000
# Cells Params data
 nCellParamNumber
    0
# Smeared Cell Data
 nSmeCells
    0
# Lymphatic System Data
# bLymDiff, bLymConv,dLymVolFract,dLymVesDiam,dLymHydrCoef,dLymDarTenXX,dLymDarTenYY,dLymDarTenXY,bLymPrescAll,dLymPrescAll
    0    0 1.000000e-002 1.000000e-001 1.000000e+000 1.000000e+000 1.000000e+000 1.000000e+000    0 0.000000e+000
# Tissue Cells, Capillaries and Neurons
 numCells, numCapillaries, bCells, bCapillaries,bCapPress,dCapPress,nCapPressFun,bCapConce,dCapConce,nCapConceFun
    1    1    0    0    0 1.00e+000    1    0 1.00e+000    1    1    0
# nID,     dX,             dY,       ElipseA,       ElipseB,      Angle,    Div, DiffMat, dMaxArea,bInter,b1DMembr,nDifMat1D, bMulti, bInner, nVesicles
    1  2.00000e+000  2.00000e+000  1.00000e+000  1.00000e+000  4.50000e+001    4    1  1.00000e+000    1    0    1  0  1  1  1 C1
  bPartOut, dPartOut, bPartInn, dPartInn,  RandX,        RandY,        RandEA,       RandEB,     RandAngle
    1  2.00000e+000    0  1.00000e+000  0.00000e+000  0.00000e+000  0.00000e+000  0.00000e+000  0.00000e+000    0
# VesID,    dX,            dY,       ElipseA,       ElipseB,      Angle,    Div, DiffMat, dMaxArea, nDifMatMem, nMulti
    1  0.00000e+000  0.00000e+000  2.50000e-001  2.50000e-001  4.50000e+001    4    1  1.00000e+000    1    0
  bPartit, dPartit, RandX,        RandY,        RandEA,       RandEB,     RandAngle
    1  2.00000e+000  0.00000e+000  0.00000e+000  0.00000e+000  0.00000e+000  0.00000e+000
# nID,     dX,             dY,       ElipseA,       ElipseB,      Angle,    Div, bWall, dThick, dMaxEA, b1DColl, nFunID, bMulti, nMatID, nType
    1  2.00000e+000  2.00000e+000  5.00000e-001  5.00000e-001  0.00000e+000   10    1  2.00000e-001  1.00000e+000    0    1  0  1  1  0
  bPBloodW, dPBloodW, bPWallS, dPWallS, bPColECM, dPColECM, bPWallECM, dPWallECM,  RandX,      RandY,        RandEA,       RandEB,     RandAngle
    0  1.00000e+000    0  1.00000e+000    0  1.00000e+000    0  1.00000e+000  0.00000e+000  0.00000e+000  0.00000e+000  0.00000e+000  0.00000e+000
# nID,     dX,             dY,       ElipseA,       ElipseB,      Angle,    Div, bEpot, dEpot, FunEpot, bCurr, dCurr, FunCurr, bMulti
    1  2.00000e+000  2.00000e+000  5.00000e-001  5.00000e-001  0.00000e+000    4    0  0.00000e+000    1    0  0.00000e+000    1    0 
#Eye Model data
 nEyeRegions
    0
#Countour data
 nEyeContours
    0
# Prescribed Data
 nPrescribed
    0
# Eye Mass Function
 nFunPoints
    2
 dTime, dValue
 0.00e+000 0.00e+000
 1.00e+003 1.00e+000
# General Ionic and Electric Data
 bIonicTrans, bElectrField, bIndIonECS, bIndIonCap
    1    2    1    0
# dFaradConst, dTemperature, dGasConstant, dPHExSpace, dEPotCapill, dEPotExCell, dDielConstECS, dEPotPipe, dEPotCape, dSmallFibRv
  9.64850e-001  3.10000e+002  8.31000e+000  5.00000e+000  0.00000e+000  0.00000e+000  1.00000e-001  0.00000e+000  0.00000e+000  2.90000e-002
# Flags for electric flow
 bIndPipee, bIndCapee, bIndExee, bIndCellee, bIndOrgee
    1    1    1    0    0
# dGAPipee, dGACapee, dGEXxx, dGEXyy, dGEXzz, dGMPipe, dGMCap, dCapaPipe, dCapaCap
  1.00000e+006  1.00000e+006  1.00000e+000  1.00000e+000  1.00000e+000  1.00000e+000  1.00000e+000  1.00000e+000  1.00000e+000
# bIndPipeDia, dPipeDiae, bIndCapDia, dCapDiae
    0  1.00000e+000    0  1.00000e+000    1
# bIndIonK, bIndIonNa, bIndIonKPf, bIndIonNaPf, nLenUnits, dEPotEqK, dEPotEqNa, IndNoble, IndOhara
    1    1    1    1    1 -1.00000e+002  4.00000e+001    0    0
# Molecule General Data
 nMolecules
    1
# dValence ,dDissocConst, dAcidValue, dWaterContent, dSorptionKn, dSorptionKd, dConstGamaN, dConstGamaD, dApex, dApdex, bIndIonECS
  4.00000e+000  1.00000e+000 -1.00000e+000  6.00000e-001  1.00000e-002  3.00000e-002  1.05000e+000  2.05000e+000  3.00000e-002  4.00000e-002    1
# Cells Params data
 nCellParamNumber
    0
# Cell Electric Parameters
 nCells
    0
