C PointsNum,MaxElemVol,TetGenParams,nAtrib,IndMov,MDMaxVolume,MDomDiv,MDOnly,MDDivF,MDPrescP
  395    1.000000e+00 YYpznno2q1.414a     0     0    1.000000e+00     1     0     0     0     0     0 YYpznno2q1.414a
  -1.152148000e-01  -7.575570000e+00  -1.218100000e-02
  -3.012290000e-02  -7.154820000e+00   8.039840000e-01
  -2.334590000e-01  -7.154820000e+00   7.550480000e-01
  -4.018280000e-01  -7.154820000e+00   6.432330000e-01
  -5.342570000e-01  -7.154820000e+00   5.092300000e-01
  -6.384580000e-01  -7.154820000e+00   3.658930000e-01
  -7.208340000e-01  -7.154820000e+00   2.094290000e-01
  -7.817890000e-01  -7.154820000e+00   3.709600000e-02
  -8.120680000e-01  -7.154820000e+00  -1.547880000e-01
  -7.865570000e-01  -7.154820000e+00  -3.567610000e-01
  -6.910870000e-01  -7.154820000e+00  -5.448680000e-01
  -5.335420000e-01  -7.154820000e+00  -6.927370000e-01
  -3.377010000e-01  -7.154820000e+00  -7.905250000e-01
  -1.231229000e-01  -7.154820000e+00  -8.223890000e-01
   7.755200000e-02  -7.154820000e+00  -7.588340000e-01
   2.273440000e-01  -7.154820000e+00  -6.233610000e-01
   3.284660000e-01  -7.154820000e+00  -4.704930000e-01
   4.015370000e-01  -7.154820000e+00  -3.268660000e-01
   4.637250000e-01  -7.154820000e+00  -1.894650000e-01
   5.031810000e-01  -7.154820000e+00  -4.090400000e-02
   5.114040000e-01  -7.154820000e+00   1.190980000e-01
   4.769050000e-01  -7.154820000e+00   2.792130000e-01
   4.041650000e-01  -7.154820000e+00   4.313840000e-01
   3.057470000e-01  -7.154820000e+00   5.850700000e-01
   1.666420000e-01  -7.154820000e+00   7.359680000e-01
  -8.408340000e-02  -6.734070000e+00   1.093310000e+00
  -3.624520000e-01  -6.734070000e+00   1.017125000e+00
  -5.916990000e-01  -6.734070000e+00   8.647630000e-01
  -7.744050000e-01  -6.734070000e+00   6.839350000e-01
  -9.209280000e-01  -6.734070000e+00   4.886800000e-01
  -1.042520000e+00  -6.734070000e+00   2.763960000e-01
  -1.144600000e+00  -6.734070000e+00   3.861320000e-02
  -1.209030000e+00  -6.734070000e+00  -2.380150000e-01
  -1.185650000e+00  -6.734070000e+00  -5.378790000e-01
  -1.043598000e+00  -6.734070000e+00  -8.109010000e-01
  -8.031290000e-01  -6.734070000e+00  -1.012340000e+00
  -5.127920000e-01  -6.734070000e+00  -1.126840000e+00
  -2.090834000e-01  -6.734070000e+00  -1.158650000e+00
   7.212900000e-02  -6.734070000e+00  -1.071470000e+00
   2.745210000e-01  -6.734070000e+00  -8.689090000e-01
   4.009010000e-01  -6.734070000e+00  -6.473710000e-01
   4.887500000e-01  -6.734070000e+00  -4.469380000e-01
   5.651340000e-01  -6.734070000e+00  -2.622580000e-01
   6.189860000e-01  -6.734070000e+00  -6.738680000e-02
   6.332410000e-01  -6.734070000e+00   1.432030000e-01
   5.901710000e-01  -6.734070000e+00   3.573610000e-01
   5.016970000e-01  -6.734070000e+00   5.663930000e-01
   3.795450000e-01  -6.734070000e+00   7.917270000e-01
   1.909450000e-01  -6.734070000e+00   1.010034000e+00
  -1.422710000e-01  -6.313310000e+00   1.309160000e+00
  -4.749520000e-01  -6.313310000e+00   1.225930000e+00
  -7.567170000e-01  -6.313310000e+00   1.058374000e+00
  -9.864310000e-01  -6.313310000e+00   8.486880000e-01
  -1.169160000e+00  -6.313310000e+00   6.108940000e-01
  -1.314030000e+00  -6.313310000e+00   3.490600000e-01
  -1.428430000e+00  -6.313310000e+00   5.652880000e-02
  -1.497910000e+00  -6.313310000e+00  -2.763190000e-01
  -1.473080000e+00  -6.313310000e+00  -6.385190000e-01
  -1.303860000e+00  -6.313310000e+00  -9.710640000e-01
  -1.006643000e+00  -6.313310000e+00  -1.209050000e+00
  -6.504120000e-01  -6.313310000e+00  -1.335200000e+00
  -2.862710000e-01  -6.313310000e+00  -1.366670000e+00
   4.791500000e-02  -6.313310000e+00  -1.258310000e+00
   2.733810000e-01  -6.313310000e+00  -9.951050000e-01
   4.099140000e-01  -6.313310000e+00  -7.306560000e-01
   5.052660000e-01  -6.313310000e+00  -5.002660000e-01
   5.918670000e-01  -6.313310000e+00  -2.901500000e-01
   6.621260000e-01  -6.313310000e+00  -6.947120000e-02
   6.890710000e-01  -6.313310000e+00   1.756170000e-01
   6.431910000e-01  -6.313310000e+00   4.251430000e-01
   5.480120000e-01  -6.313310000e+00   6.758120000e-01
   4.124670000e-01  -6.313310000e+00   9.543000000e-01
   1.893980000e-01  -6.313310000e+00   1.222800000e+00
  -2.079060000e-01  -5.892560000e+00   1.448210000e+00
  -5.817960000e-01  -5.892560000e+00   1.374460000e+00
  -9.130470000e-01  -5.892560000e+00   1.209660000e+00
  -1.190810000e+00  -5.892560000e+00   9.856370000e-01
  -1.411090000e+00  -5.892560000e+00   7.123420000e-01
  -1.583580000e+00  -5.892560000e+00   4.045060000e-01
  -1.720380000e+00  -5.892560000e+00   6.072760000e-02
  -1.801640000e+00  -5.892560000e+00  -3.308470000e-01
  -1.771630000e+00  -5.892560000e+00  -7.582860000e-01
  -1.566090000e+00  -5.892560000e+00  -1.143460000e+00
  -1.204030000e+00  -5.892560000e+00  -1.400750000e+00
  -7.827910000e-01  -5.892560000e+00  -1.514720000e+00
  -3.699060000e-01  -5.892560000e+00  -1.528640000e+00
   6.570000000e-03  -5.892560000e+00  -1.420400000e+00
   2.651550000e-01  -5.892560000e+00  -1.132250000e+00
   4.158320000e-01  -5.892560000e+00  -8.290100000e-01
   5.174680000e-01  -5.892560000e+00  -5.655840000e-01
   6.080970000e-01  -5.892560000e+00  -3.286180000e-01
   6.859920000e-01  -5.892560000e+00  -8.227240000e-02
   7.145360000e-01  -5.892560000e+00   1.906570000e-01
   6.608740000e-01  -5.892560000e+00   4.668790000e-01
   5.586160000e-01  -5.892560000e+00   7.482490000e-01
   4.126960000e-01  -5.892560000e+00   1.064710000e+00
   1.629540000e-01  -5.892560000e+00   1.361800000e+00
  -2.542050000e-01  -5.471800000e+00   1.516060000e+00
  -6.535600000e-01  -5.471800000e+00   1.456910000e+00
  -1.019437000e+00  -5.471800000e+00   1.301890000e+00
  -1.335770000e+00  -5.471800000e+00   1.071361000e+00
  -1.583770000e+00  -5.471800000e+00   7.743820000e-01
  -1.779940000e+00  -5.471800000e+00   4.348580000e-01
  -1.935730000e+00  -5.471800000e+00   5.180010000e-02
  -2.027890000e+00  -5.471800000e+00  -3.865470000e-01
  -1.987990000e+00  -5.471800000e+00  -8.602160000e-01
  -1.747810000e+00  -5.471800000e+00  -1.278810000e+00
  -1.338990000e+00  -5.471800000e+00  -1.544390000e+00
  -8.736820000e-01  -5.471800000e+00  -1.645810000e+00
  -4.292050000e-01  -5.471800000e+00  -1.644370000e+00
  -2.496800000e-02  -5.471800000e+00  -1.540200000e+00
   2.665170000e-01  -5.471800000e+00  -1.256170000e+00
   4.385360000e-01  -5.471800000e+00  -9.299400000e-01
   5.490970000e-01  -5.471800000e+00  -6.378540000e-01
   6.425120000e-01  -5.471800000e+00  -3.738530000e-01
   7.130680000e-01  -5.471800000e+00  -1.031999000e-01
   7.199090000e-01  -5.471800000e+00   1.880060000e-01
   6.556970000e-01  -5.471800000e+00   4.763950000e-01
   5.494360000e-01  -5.471800000e+00   7.724410000e-01
   3.993280000e-01  -5.471800000e+00   1.107280000e+00
   1.388210000e-01  -5.471800000e+00   1.425470000e+00
  -2.868390000e-01  -5.051050000e+00   1.567360000e+00
  -7.052700000e-01  -5.051050000e+00   1.522020000e+00
  -1.097110000e+00  -5.051050000e+00   1.378090000e+00
  -1.441750000e+00  -5.051050000e+00   1.145486000e+00
  -1.711280000e+00  -5.051050000e+00   8.303120000e-01
  -1.922130000e+00  -5.051050000e+00   4.671110000e-01
  -2.087210000e+00  -5.051050000e+00   5.657410000e-02
  -2.179890000e+00  -5.051050000e+00  -4.122200000e-01
  -2.131590000e+00  -5.051050000e+00  -9.163500000e-01
  -1.869430000e+00  -5.051050000e+00  -1.355020000e+00
  -1.429250000e+00  -5.051050000e+00  -1.623450000e+00
  -9.347960000e-01  -5.051050000e+00  -1.712080000e+00
  -4.718390000e-01  -5.051050000e+00  -1.695270000e+00
  -5.454000000e-02  -5.051050000e+00  -1.590720000e+00
   2.566600000e-01  -5.051050000e+00  -1.314900000e+00
   4.417640000e-01  -5.051050000e+00  -9.790300000e-01
   5.585960000e-01  -5.051050000e+00  -6.708700000e-01
   6.546100000e-01  -5.051050000e+00  -3.931370000e-01
   7.207430000e-01  -5.051050000e+00  -1.074259000e-01
   7.193710000e-01  -5.051050000e+00   1.943270000e-01
   6.507440000e-01  -5.051050000e+00   4.916150000e-01
   5.414040000e-01  -5.051050000e+00   7.978170000e-01
   3.884280000e-01  -5.051050000e+00   1.145310000e+00
   1.197446000e-01  -5.051050000e+00   1.473250000e+00
  -3.686040000e-01  -4.258630000e+00   1.746170000e+00
  -8.334260000e-01  -4.258630000e+00   1.722810000e+00
  -1.287000000e+00  -4.258630000e+00   1.591470000e+00
  -1.695710000e+00  -4.258630000e+00   1.345270000e+00
  -2.010240000e+00  -4.258630000e+00   9.854460000e-01
  -2.237890000e+00  -4.258630000e+00   5.603220000e-01
  -2.395560000e+00  -4.258630000e+00   8.915830000e-02
  -2.464340000e+00  -4.258630000e+00  -4.308550000e-01
  -2.389450000e+00  -4.258630000e+00  -9.777300000e-01
  -2.101690000e+00  -4.258630000e+00  -1.457930000e+00
  -1.618530000e+00  -4.258630000e+00  -1.748320000e+00
  -1.073278000e+00  -4.258630000e+00  -1.830530000e+00
  -5.716040000e-01  -4.258630000e+00  -1.799040000e+00
  -1.215888000e-01  -4.258630000e+00  -1.686430000e+00
   2.195400000e-01  -4.258630000e+00  -1.399680000e+00
   4.138500000e-01  -4.258630000e+00  -1.031296000e+00
   5.326460000e-01  -4.258630000e+00  -6.955100000e-01
   6.267600000e-01  -4.258630000e+00  -3.956590000e-01
   6.852810000e-01  -4.258630000e+00  -8.984170000e-02
   6.790080000e-01  -4.258630000e+00   2.280440000e-01
   6.114470000e-01  -4.258630000e+00   5.406880000e-01
   5.122810000e-01  -4.258630000e+00   8.760430000e-01
   3.649780000e-01  -4.258630000e+00   1.271170000e+00
   7.661629000e-02  -4.258630000e+00   1.636440000e+00
  -4.231530000e-01  -3.467210000e+00   1.916100000e+00
  -9.359590000e-01  -3.467210000e+00   1.912100000e+00
  -1.447980000e+00  -3.467210000e+00   1.791090000e+00
  -1.920220000e+00  -3.467210000e+00   1.531630000e+00
  -2.273990000e+00  -3.467210000e+00   1.123959000e+00
  -2.509310000e+00  -3.467210000e+00   6.382710000e-01
  -2.651540000e+00  -3.467210000e+00   1.115661000e-01
  -2.690270000e+00  -3.467210000e+00  -4.522260000e-01
  -2.586900000e+00  -3.467210000e+00  -1.031440000e+00
  -2.277050000e+00  -3.467210000e+00  -1.543330000e+00
  -1.764520000e+00  -3.467210000e+00  -1.858850000e+00
  -1.179200000e+00  -3.467210000e+00  -1.944790000e+00
  -6.411530000e-01  -3.467210000e+00  -1.909030000e+00
  -1.576358000e-01  -3.467210000e+00  -1.792100000e+00
   2.133620000e-01  -3.467210000e+00  -1.494070000e+00
   4.283120000e-01  -3.467210000e+00  -1.104900000e+00
   5.657290000e-01  -3.467210000e+00  -7.466660000e-01
   6.723270000e-01  -3.467210000e+00  -4.189530000e-01
   6.989830000e-01  -3.467210000e+00  -7.943390000e-02
   6.660120000e-01  -3.467210000e+00   2.536240000e-01
   5.942080000e-01  -3.467210000e+00   5.786060000e-01
   4.999370000e-01  -3.467210000e+00   9.376600000e-01
   3.581460000e-01  -3.467210000e+00   1.374350000e+00
   5.674980000e-02  -3.467210000e+00   1.779890000e+00
  -4.485970000e-01  -2.674800000e+00   1.980380000e+00
  -9.840400000e-01  -2.674800000e+00   1.997140000e+00
  -1.532120000e+00  -2.674800000e+00   1.892500000e+00
  -2.044750000e+00  -2.674800000e+00   1.631610000e+00
  -2.425220000e+00  -2.674800000e+00   1.197050000e+00
  -2.662390000e+00  -2.674800000e+00   6.724890000e-01
  -2.784530000e+00  -2.674800000e+00   1.104598000e-01
  -2.792860000e+00  -2.674800000e+00  -4.741260000e-01
  -2.660750000e+00  -2.674800000e+00  -1.061650000e+00
  -2.339310000e+00  -2.674800000e+00  -1.582250000e+00
  -1.824030000e+00  -2.674800000e+00  -1.918020000e+00
  -1.227910000e+00  -2.674800000e+00  -2.027590000e+00
  -6.695970000e-01  -2.674800000e+00  -2.009180000e+00
  -1.609577000e-01  -2.674800000e+00  -1.894940000e+00
   2.289720000e-01  -2.674800000e+00  -1.578580000e+00
   4.514200000e-01  -2.674800000e+00  -1.166560000e+00
   6.050360000e-01  -2.674800000e+00  -7.986920000e-01
   7.219280000e-01  -2.674800000e+00  -4.540050000e-01
   7.158160000e-01  -2.674800000e+00  -8.954020000e-02
   6.564470000e-01  -2.674800000e+00   2.501120000e-01
   5.812710000e-01  -2.674800000e+00   5.790300000e-01
   4.923320000e-01  -2.674800000e+00   9.493900000e-01
   3.537340000e-01  -2.674800000e+00   1.405720000e+00
   4.556270000e-02  -2.674800000e+00   1.828660000e+00
  -4.723260000e-01  -1.883380000e+00   1.934200000e+00
  -1.013240000e+00  -1.883380000e+00   1.993590000e+00
  -1.599650000e+00  -1.883380000e+00   1.944840000e+00
  -2.172030000e+00  -1.883380000e+00   1.711580000e+00
  -2.583820000e+00  -1.883380000e+00   1.252100000e+00
  -2.823740000e+00  -1.883380000e+00   6.879140000e-01
  -2.931190000e+00  -1.883380000e+00   8.987900000e-02
  -2.920510000e+00  -1.883380000e+00  -5.204290000e-01
  -2.770080000e+00  -1.883380000e+00  -1.127880000e+00
  -2.429990000e+00  -1.883380000e+00  -1.662780000e+00
  -1.890350000e+00  -1.883380000e+00  -2.002770000e+00
  -1.270730000e+00  -1.883380000e+00  -2.101960000e+00
  -6.963260000e-01  -1.883380000e+00  -2.077930000e+00
  -1.754214000e-01  -1.883380000e+00  -1.964160000e+00
   2.328180000e-01  -1.883380000e+00  -1.655220000e+00
   4.789560000e-01  -1.883380000e+00  -1.245400000e+00
   6.538180000e-01  -1.883380000e+00  -8.701490000e-01
   7.857020000e-01  -1.883380000e+00  -5.075870000e-01
   7.640850000e-01  -1.883380000e+00  -1.161210000e-01
   6.864930000e-01  -1.883380000e+00   2.404430000e-01
   5.975080000e-01  -1.883380000e+00   5.790710000e-01
   4.827980000e-01  -1.883380000e+00   9.410030000e-01
   3.201820000e-01  -1.883380000e+00   1.366410000e+00
   1.152000000e-02  -1.883380000e+00   1.764870000e+00
  -5.237900000e-01  -1.090960000e+00   1.802430000e+00
  -1.052530000e+00  -1.090960000e+00   1.899250000e+00
  -1.657820000e+00  -1.090960000e+00   1.908690000e+00
  -2.264170000e+00  -1.090960000e+00   1.704630000e+00
  -2.691020000e+00  -1.090960000e+00   1.236420000e+00
  -2.936340000e+00  -1.090960000e+00   6.550110000e-01
  -3.046630000e+00  -1.090960000e+00   4.125500000e-02
  -3.035860000e+00  -1.090960000e+00  -5.874180000e-01
  -2.880810000e+00  -1.090960000e+00  -1.210590000e+00
  -2.526140000e+00  -1.090960000e+00  -1.756100000e+00
  -1.965750000e+00  -1.090960000e+00  -2.093330000e+00
  -1.328720000e+00  -1.090960000e+00  -2.182720000e+00
  -7.467900000e-01  -1.090960000e+00  -2.152320000e+00
  -2.201575000e-01  -1.090960000e+00  -2.037430000e+00
   2.045970000e-01  -1.090960000e+00  -1.745230000e+00
   4.667660000e-01  -1.090960000e+00  -1.337300000e+00
   6.449660000e-01  -1.090960000e+00  -9.473440000e-01
   7.722030000e-01  -1.090960000e+00  -5.709380000e-01
   7.298350000e-01  -1.090960000e+00  -1.687450000e-01
   5.965370000e-01  -1.090960000e+00   1.780410000e-01
   4.983420000e-01  -1.090960000e+00   4.987110000e-01
   3.894740000e-01  -1.090960000e+00   8.445190000e-01
   2.434980000e-01  -1.090960000e+00   1.261540000e+00
  -5.979800000e-02  -1.090960000e+00   1.633830000e+00
  -5.926040000e-01  -3.545410000e-01   1.814920000e+00
  -1.198210000e-01  -3.545410000e-01   1.624500000e+00
   1.531060000e-01  -3.545410000e-01   1.197330000e+00
   2.367300000e-01  -3.545410000e-01   7.330400000e-01
   2.933140000e-01  -3.545410000e-01   3.878270000e-01
   3.896230000e-01  -3.545410000e-01   1.075790000e-01
   5.749060000e-01  -3.545410000e-01  -2.032940000e-01
   7.382870000e-01  -3.545410000e-01  -6.292310000e-01
   6.171980000e-01  -3.545410000e-01  -1.022210000e+00
   4.352500000e-01  -3.545410000e-01  -1.427150000e+00
   1.541910000e-01  -3.545410000e-01  -1.836640000e+00
  -2.918674000e-01  -3.545410000e-01  -2.101830000e+00
  -8.246040000e-01  -3.545410000e-01  -2.222930000e+00
  -1.420150000e+00  -3.545410000e-01  -2.273170000e+00
  -2.084530000e+00  -3.545410000e-01  -2.203460000e+00
  -2.679070000e+00  -3.545410000e-01  -1.869760000e+00
  -3.048710000e+00  -3.545410000e-01  -1.303350000e+00
  -3.188550000e+00  -3.545410000e-01  -6.491950000e-01
  -3.171280000e+00  -3.545410000e-01  -2.294000000e-03
  -3.033580000e+00  -3.545410000e-01   6.166340000e-01
  -2.774310000e+00  -3.545410000e-01   1.196010000e+00
  -2.357820000e+00  -3.545410000e-01   1.679920000e+00
  -1.759320000e+00  -3.545410000e-01   1.915490000e+00
  -1.139410000e+00  -3.545410000e-01   1.917470000e+00
  -1.657010000e+00  -3.675410000e-01  -1.825560000e+00
  -2.131700000e+00  -3.660410000e-01  -1.721080000e+00
  -1.536420000e+00  -3.651410000e-01   1.581280000e+00
  -1.141980000e+00  -3.708410000e-01   1.346420000e+00
  -1.819780000e+00  -3.846410000e-01  -9.738200000e-02
  -1.834430000e+00  -3.836410000e-01   1.431075000e-01
  -1.574800000e+00  -3.851410000e-01   1.813108000e-01
  -2.744957000e-01  -3.655410000e-01  -1.698020000e+00
  -1.447590000e+00  -3.870410000e-01  -3.615600000e-01
  -1.315130000e+00  -3.862410000e-01   2.185140000e-01
  -9.689200000e-01  -3.866410000e-01  -2.444690000e-01
  -2.239180000e+00  -3.784410000e-01   6.834000000e-02
  -2.213560000e+00  -3.792410000e-01  -4.034050000e-01
  -2.675110000e+00  -3.697410000e-01  -2.419130000e-01
  -2.355080000e+00  -3.724410000e-01   6.130050000e-01
  -2.434840000e+00  -3.728410000e-01   3.723660000e-01
  -2.453300000e+00  -3.707410000e-01   5.672490000e-01
  -5.613840000e-01  -3.684410000e-01   1.243377000e+00
  -9.437630000e-01  -3.797410000e-01   7.724070000e-01
  -1.361850000e+00  -3.751410000e-01  -1.528060000e+00
  -1.318510000e+00  -3.785410000e-01  -1.341610000e+00
  -1.135948000e+00  -3.775410000e-01  -1.403360000e+00
  -1.744500000e+00  -3.788410000e-01   7.985010000e-01
  -1.714620000e+00  -3.729410000e-01   1.203297000e+00
  -1.603030000e+00  -3.767410000e-01   1.003365000e+00
  -2.402570000e+00  -3.689410000e-01  -1.320140000e+00
  -1.793030000e+00  -3.765410000e-01  -1.329380000e+00
  -6.627930000e-01  -3.675410000e-01  -1.779390000e+00
  -9.533840000e-01  -3.763410000e-01  -1.463120000e+00
  -4.988300000e-01  -3.744410000e-01  -1.399060000e+00
  -1.957260000e+00  -3.707410000e-01   1.195328000e+00
  -1.911930000e+00  -3.647410000e-01   1.508950000e+00
  -1.812730000e+00  -3.689410000e-01   1.359120000e+00
  -1.140533000e+00  -3.677410000e-01  -1.845810000e+00
  -2.198900000e+00  -3.676410000e-01   1.189359000e+00
   2.033090000e-01  -3.654410000e-01  -1.132570000e+00
   2.358000000e-01  -3.676410000e-01  -7.472960000e-01
   1.475690000e-01  -3.665410000e-01  -1.398880000e-01
  -1.836440000e+00  -3.839410000e-01  -5.104760000e-01
  -2.081940000e+00  -3.788410000e-01  -8.653200000e-01
  -1.392659000e-01  -3.700410000e-01   4.084250000e-01
  -2.993170000e-01  -3.774410000e-01  -4.024300000e-02
  -2.633090000e+00  -3.689410000e-01   2.838549000e-01
  -2.608480000e+00  -3.699410000e-01  -7.930110000e-01
  -4.091500000e-02  -3.670410000e-01  -1.419360000e+00
  -2.496240000e-01  -3.761410000e-01  -9.882900000e-01
  -1.432790000e-01  -3.650410000e-01   9.837040000e-01
  -4.901530000e-01  -3.748410000e-01   7.365610000e-01
  -1.596730000e+00  -3.840410000e-01  -8.244780000e-01
  -2.232810000e+00  -3.729410000e-01   7.793500000e-01
  -2.238190000e+00  -3.760410000e-01   4.638770000e-01
  -5.232150000e-01  -3.794410000e-01  -1.017440000e+00
  -5.898650000e-01  -3.816410000e-01  -8.220790000e-01
  -1.220250000e+00  -3.803410000e-01   7.889200000e-01
  -1.316360000e+00  -3.763410000e-01   1.065426000e+00
  -1.130460000e+00  -3.781410000e-01   9.229160000e-01
  -2.096030000e+00  -3.721410000e-01   9.984630000e-01
  -2.215160000e+00  -3.703410000e-01   9.858550000e-01
  -1.993450000e+00  -3.764410000e-01   8.025670000e-01
  -1.850790000e+00  -3.821410000e-01   3.825970000e-01
  -2.044390000e+00  -3.794410000e-01   4.227370000e-01
  -1.288550000e+00  -3.866410000e-01  -5.393470000e-01
  -1.441490000e+00  -3.855410000e-01  -6.814130000e-01
  -1.126000000e+00  -3.858410000e-01  -7.131340000e-01
  -1.047210000e+00  -3.865410000e-01  -4.813020000e-01
  -8.535630000e-01  -3.852410000e-01  -5.510090000e-01
  -6.742880000e-01  -3.822410000e-01   2.407197000e-01
  -1.623020000e+00  -3.693410000e-01   1.392290000e+00
  -1.383250000e+00  -3.701410000e-01   1.369850000e+00
  -1.272180000e+00  -3.815410000e-01  -1.158160000e+00
  -1.031241000e+00  -3.818410000e-01  -1.104380000e+00
  -9.938130000e-01  -3.792410000e-01  -1.284750000e+00
  -1.402450000e+00  -3.835410000e-01   5.099740000e-01
  -1.173710000e+00  -3.819410000e-01   6.431910000e-01
  -2.255590000e-01  -3.775410000e-01  -4.682780000e-01
  -2.043410000e+00  -3.807410000e-01   2.239687800e-01
  -1.931580000e+00  -3.828410000e-01   6.429300000e-02
  -1.435450000e+00  -3.829410000e-01  -9.948200000e-01
  -1.529600000e+00  -3.795410000e-01  -1.240270000e+00
  -1.564160000e+00  -3.818410000e-01  -1.034370000e+00
  -1.671070000e+00  -3.818410000e-01   5.860150000e-01
  -1.626420000e+00  -3.832410000e-01   4.452860000e-01
  -2.472170000e+00  -3.685410000e-01   7.611320000e-01
  -5.711610000e-01  -3.828410000e-01  -2.282100000e-01
  -4.407870000e-01  -3.810410000e-01  -5.421970000e-01
  -6.435670000e-01  -3.780410000e-01  -1.234330000e+00
  -5.093220000e-01  -3.769410000e-01  -1.211750000e+00
  -9.603020000e-01  -3.838410000e-01  -8.898600000e-01
  -1.115740000e+00  -3.829410000e-01  -1.021510000e+00
  -1.515240000e+00  -3.747410000e-01   1.137361000e+00
  -1.974610000e+00  -3.737410000e-01   9.999480000e-01
  -8.157180000e-01  -3.853410000e-01  -4.350930000e-01
  -6.134880000e-01  -3.834410000e-01  -4.254630000e-01
  -1.279880000e+00  -3.846410000e-01  -8.524800000e-01
  -8.758450000e-01  -3.791410000e-01  -1.260860000e+00
  -7.999760000e-01  -3.774410000e-01  -1.346720000e+00
  -6.587160000e-01  -3.836410000e-01  -6.197170000e-01
  -3.453060000e-01  -3.786410000e-01  -7.667420000e-01
  -1.248000000e+00  -3.869410000e-01  -4.214310000e-01
  -7.249100000e-01  -3.827410000e-01  -8.426560000e-01
  -8.088090000e-01  -3.839410000e-01  -7.547910000e-01
  -1.494140000e+00  -3.802410000e-01   7.954340000e-01
  -7.933050000e-01  -3.813410000e-01  -1.059590000e+00
  -1.359910000e+00  -3.852410000e-01  -7.673060000e-01
  -2.115020000e+00  -3.765410000e-01   6.322220000e-01
  -2.237600000e+00  -3.774410000e-01   2.671089000e-01
C Number of facets
  786
C  Size  Node 1  ......Node N Marker
    3    0    1    2    3
    3    0    2    3    3
    3    0    3    4    3
    3    0    4    5    3
    3    0    5    6    3
    3    0    6    7    3
    3    0    7    8    3
    3    0    8    9    3
    3    0    9   10    3
    3    0   10   11    3
    3    0   11   12    3
    3    0   12   13    3
    3    0   13   14    3
    3    0   14   15    3
    3    0   15   16    3
    3    0   16   17    3
    3    0   17   18    3
    3    0   18   19    3
    3    0   19   20    3
    3    0   20   21    3
    3    0   21   22    3
    3    0   22   23    3
    3    0   23   24    3
    3    0   24    1    3
    3    1   25   26    3
    3    1   26    2    3
    3    2   26   27    3
    3    2   27    3    3
    3    3   27   28    3
    3    3   28    4    3
    3    4   28   29    3
    3    4   29    5    3
    3    5   29   30    3
    3    5   30    6    3
    3    6   30   31    3
    3    6   31    7    3
    3    7   31   32    3
    3    7   32    8    3
    3    8   32   33    3
    3    8   33    9    3
    3    9   33   34    3
    3    9   34   10    3
    3   10   34   35    3
    3   10   35   11    3
    3   11   35   36    3
    3   11   36   12    3
    3   12   36   37    3
    3   12   37   13    3
    3   13   37   38    3
    3   13   38   14    3
    3   14   38   39    3
    3   14   39   15    3
    3   15   39   40    3
    3   15   40   16    3
    3   16   40   41    3
    3   16   41   17    3
    3   17   41   42    3
    3   17   42   18    3
    3   18   42   43    3
    3   18   43   19    3
    3   19   43   44    3
    3   19   44   20    3
    3   20   44   45    3
    3   20   45   21    3
    3   21   45   46    3
    3   21   46   22    3
    3   22   46   47    3
    3   22   47   23    3
    3   23   47   48    3
    3   23   48   24    3
    3   24   48   25    3
    3   24   25    1    3
    3   25   49   50    3
    3   25   50   26    3
    3   26   50   51    3
    3   26   51   27    3
    3   27   51   52    3
    3   27   52   28    3
    3   28   52   53    3
    3   28   53   29    3
    3   29   53   54    3
    3   29   54   30    3
    3   30   54   55    3
    3   30   55   31    3
    3   31   55   56    3
    3   31   56   32    3
    3   32   56   57    3
    3   32   57   33    3
    3   33   57   58    3
    3   33   58   34    3
    3   34   58   59    3
    3   34   59   35    3
    3   35   59   60    3
    3   35   60   36    3
    3   36   60   61    3
    3   36   61   37    3
    3   37   61   62    3
    3   37   62   38    3
    3   38   62   63    3
    3   38   63   39    3
    3   39   63   64    3
    3   39   64   40    3
    3   40   64   65    3
    3   40   65   41    3
    3   41   65   66    3
    3   41   66   42    3
    3   42   66   67    3
    3   42   67   43    3
    3   43   67   68    3
    3   43   68   44    3
    3   44   68   69    3
    3   44   69   45    3
    3   45   69   70    3
    3   45   70   46    3
    3   46   70   71    3
    3   46   71   47    3
    3   47   71   72    3
    3   47   72   48    3
    3   48   72   49    3
    3   48   49   25    3
    3   49   73   74    3
    3   49   74   50    3
    3   50   74   75    3
    3   50   75   51    3
    3   51   75   76    3
    3   51   76   52    3
    3   52   76   77    3
    3   52   77   53    3
    3   53   77   78    3
    3   53   78   54    3
    3   54   78   79    3
    3   54   79   55    3
    3   55   79   80    3
    3   55   80   56    3
    3   56   80   81    3
    3   56   81   57    3
    3   57   81   82    3
    3   57   82   58    3
    3   58   82   83    3
    3   58   83   59    3
    3   59   83   84    3
    3   59   84   60    3
    3   60   84   85    3
    3   60   85   61    3
    3   61   85   86    3
    3   61   86   62    3
    3   62   86   87    3
    3   62   87   63    3
    3   63   87   88    3
    3   63   88   64    3
    3   64   88   89    3
    3   64   89   65    3
    3   65   89   90    3
    3   65   90   66    3
    3   66   90   91    3
    3   66   91   67    3
    3   67   91   92    3
    3   67   92   68    3
    3   68   92   93    3
    3   68   93   69    3
    3   69   93   94    3
    3   69   94   70    3
    3   70   94   95    3
    3   70   95   71    3
    3   71   95   96    3
    3   71   96   72    3
    3   72   96   73    3
    3   72   73   49    3
    3   73   97   98    3
    3   73   98   74    3
    3   74   98   99    3
    3   74   99   75    3
    3   75   99  100    3
    3   75  100   76    3
    3   76  100  101    3
    3   76  101   77    3
    3   77  101  102    3
    3   77  102   78    3
    3   78  102  103    3
    3   78  103   79    3
    3   79  103  104    3
    3   79  104   80    3
    3   80  104  105    3
    3   80  105   81    3
    3   81  105  106    3
    3   81  106   82    3
    3   82  106  107    3
    3   82  107   83    3
    3   83  107  108    3
    3   83  108   84    3
    3   84  108  109    3
    3   84  109   85    3
    3   85  109  110    3
    3   85  110   86    3
    3   86  110  111    3
    3   86  111   87    3
    3   87  111  112    3
    3   87  112   88    3
    3   88  112  113    3
    3   88  113   89    3
    3   89  113  114    3
    3   89  114   90    3
    3   90  114  115    3
    3   90  115   91    3
    3   91  115  116    3
    3   91  116   92    3
    3   92  116  117    3
    3   92  117   93    3
    3   93  117  118    3
    3   93  118   94    3
    3   94  118  119    3
    3   94  119   95    3
    3   95  119  120    3
    3   95  120   96    3
    3   96  120   97    3
    3   96   97   73    3
    3   97  121  122    3
    3   97  122   98    3
    3   98  122  123    3
    3   98  123   99    3
    3   99  123  124    3
    3   99  124  100    3
    3  100  124  125    3
    3  100  125  101    3
    3  101  125  126    3
    3  101  126  102    3
    3  102  126  127    3
    3  102  127  103    3
    3  103  127  128    3
    3  103  128  104    3
    3  104  128  129    3
    3  104  129  105    3
    3  105  129  130    3
    3  105  130  106    3
    3  106  130  131    3
    3  106  131  107    3
    3  107  131  132    3
    3  107  132  108    3
    3  108  132  133    3
    3  108  133  109    3
    3  109  133  134    3
    3  109  134  110    3
    3  110  134  135    3
    3  110  135  111    3
    3  111  135  136    3
    3  111  136  112    3
    3  112  136  137    3
    3  112  137  113    3
    3  113  137  138    3
    3  113  138  114    3
    3  114  138  139    3
    3  114  139  115    3
    3  115  139  140    3
    3  115  140  116    3
    3  116  140  141    3
    3  116  141  117    3
    3  117  141  142    3
    3  117  142  118    3
    3  118  142  143    3
    3  118  143  119    3
    3  119  143  144    3
    3  119  144  120    3
    3  120  144  121    3
    3  120  121   97    3
    3  121  145  146    3
    3  121  146  122    3
    3  122  146  147    3
    3  122  147  123    3
    3  123  147  148    3
    3  123  148  124    3
    3  124  148  149    3
    3  124  149  125    3
    3  125  149  150    3
    3  125  150  126    3
    3  126  150  151    3
    3  126  151  127    3
    3  127  151  152    3
    3  127  152  128    3
    3  128  152  153    3
    3  128  153  129    3
    3  129  153  154    3
    3  129  154  130    3
    3  130  154  155    3
    3  130  155  131    3
    3  131  155  156    3
    3  131  156  132    3
    3  132  156  157    3
    3  132  157  133    3
    3  133  157  158    3
    3  133  158  134    3
    3  134  158  159    3
    3  134  159  135    3
    3  135  159  160    3
    3  135  160  136    3
    3  136  160  161    3
    3  136  161  137    3
    3  137  161  162    3
    3  137  162  138    3
    3  138  162  163    3
    3  138  163  139    3
    3  139  163  164    3
    3  139  164  140    3
    3  140  164  165    3
    3  140  165  141    3
    3  141  165  166    3
    3  141  166  142    3
    3  142  166  167    3
    3  142  167  143    3
    3  143  167  168    3
    3  143  168  144    3
    3  144  168  145    3
    3  144  145  121    3
    3  145  169  170    3
    3  145  170  146    3
    3  146  170  171    3
    3  146  171  147    3
    3  147  171  172    3
    3  147  172  148    3
    3  148  172  173    3
    3  148  173  149    3
    3  149  173  174    3
    3  149  174  150    3
    3  150  174  175    3
    3  150  175  151    3
    3  151  175  176    3
    3  151  176  152    3
    3  152  176  177    3
    3  152  177  153    3
    3  153  177  178    3
    3  153  178  154    3
    3  154  178  179    3
    3  154  179  155    3
    3  155  179  180    3
    3  155  180  156    3
    3  156  180  181    3
    3  156  181  157    3
    3  157  181  182    3
    3  157  182  158    3
    3  158  182  183    3
    3  158  183  159    3
    3  159  183  184    3
    3  159  184  160    3
    3  160  184  185    3
    3  160  185  161    3
    3  161  185  186    3
    3  161  186  162    3
    3  162  186  187    3
    3  162  187  163    3
    3  163  187  188    3
    3  163  188  164    3
    3  164  188  189    3
    3  164  189  165    3
    3  165  189  190    3
    3  165  190  166    3
    3  166  190  191    3
    3  166  191  167    3
    3  167  191  192    3
    3  167  192  168    3
    3  168  192  169    3
    3  168  169  145    3
    3  169  193  194    3
    3  169  194  170    3
    3  170  194  195    3
    3  170  195  171    3
    3  171  195  196    3
    3  171  196  172    3
    3  172  196  197    3
    3  172  197  173    3
    3  173  197  198    3
    3  173  198  174    3
    3  174  198  199    3
    3  174  199  175    3
    3  175  199  200    3
    3  175  200  176    3
    3  176  200  201    3
    3  176  201  177    3
    3  177  201  202    3
    3  177  202  178    3
    3  178  202  203    3
    3  178  203  179    3
    3  179  203  204    3
    3  179  204  180    3
    3  180  204  205    3
    3  180  205  181    3
    3  181  205  206    3
    3  181  206  182    3
    3  182  206  207    3
    3  182  207  183    3
    3  183  207  208    3
    3  183  208  184    3
    3  184  208  209    3
    3  184  209  185    3
    3  185  209  210    3
    3  185  210  186    3
    3  186  210  211    3
    3  186  211  187    3
    3  187  211  212    3
    3  187  212  188    3
    3  188  212  213    3
    3  188  213  189    3
    3  189  213  214    3
    3  189  214  190    3
    3  190  214  215    3
    3  190  215  191    3
    3  191  215  216    3
    3  191  216  192    3
    3  192  216  193    3
    3  192  193  169    3
    3  193  217  218    3
    3  193  218  194    3
    3  194  218  219    3
    3  194  219  195    3
    3  195  219  220    3
    3  195  220  196    3
    3  196  220  221    3
    3  196  221  197    3
    3  197  221  222    3
    3  197  222  198    3
    3  198  222  223    3
    3  198  223  199    3
    3  199  223  224    3
    3  199  224  200    3
    3  200  224  225    3
    3  200  225  201    3
    3  201  225  226    3
    3  201  226  202    3
    3  202  226  227    3
    3  202  227  203    3
    3  203  227  228    3
    3  203  228  204    3
    3  204  228  229    3
    3  204  229  205    3
    3  205  229  230    3
    3  205  230  206    3
    3  206  230  231    3
    3  206  231  207    3
    3  207  231  232    3
    3  207  232  208    3
    3  208  232  233    3
    3  208  233  209    3
    3  209  233  234    3
    3  209  234  210    3
    3  210  234  235    3
    3  210  235  211    3
    3  211  235  236    3
    3  211  236  212    3
    3  212  236  237    3
    3  212  237  213    3
    3  213  237  238    3
    3  213  238  214    3
    3  214  238  239    3
    3  214  239  215    3
    3  215  239  240    3
    3  215  240  216    3
    3  216  240  217    3
    3  216  217  193    3
    3  217  241  242    3
    3  217  242  218    3
    3  218  242  243    3
    3  218  243  219    3
    3  219  243  244    3
    3  219  244  220    3
    3  220  244  245    3
    3  220  245  221    3
    3  221  245  246    3
    3  221  246  222    3
    3  222  246  247    3
    3  222  247  223    3
    3  223  247  248    3
    3  223  248  224    3
    3  224  248  249    3
    3  224  249  225    3
    3  225  249  250    3
    3  225  250  226    3
    3  226  250  251    3
    3  226  251  227    3
    3  227  251  252    3
    3  227  252  228    3
    3  228  252  253    3
    3  228  253  229    3
    3  229  253  254    3
    3  229  254  230    3
    3  230  254  255    3
    3  230  255  231    3
    3  231  255  256    3
    3  231  256  232    3
    3  232  256  257    3
    3  232  257  233    3
    3  233  257  258    3
    3  233  258  234    3
    3  234  258  259    3
    3  234  259  235    3
    3  235  259  260    3
    3  235  260  236    3
    3  236  260  261    3
    3  236  261  237    3
    3  237  261  262    3
    3  237  262  238    3
    3  238  262  263    3
    3  238  263  239    3
    3  239  263  264    3
    3  239  264  240    3
    3  240  264  241    3
    3  240  241  217    3
    3  264  265  241    3
    3  264  266  265    3
    3  263  266  264    3
    3  263  267  266    3
    3  262  267  263    3
    3  262  268  267    3
    3  261  268  262    3
    3  261  269  268    3
    3  260  269  261    3
    3  260  270  269    3
    3  259  270  260    3
    3  259  271  270    3
    3  258  271  259    3
    3  258  272  271    3
    3  257  272  258    3
    3  257  273  272    3
    3  256  273  257    3
    3  256  274  273    3
    3  255  274  256    3
    3  255  275  274    3
    3  254  275  255    3
    3  254  276  275    3
    3  253  276  254    3
    3  253  277  276    3
    3  252  277  253    3
    3  252  278  277    3
    3  251  278  252    3
    3  251  279  278    3
    3  250  279  251    3
    3  250  280  279    3
    3  249  280  250    3
    3  249  281  280    3
    3  248  281  249    3
    3  248  282  281    3
    3  247  282  248    3
    3  247  283  282    3
    3  246  283  247    3
    3  246  284  283    3
    3  245  284  246    3
    3  245  285  284    3
    3  244  285  245    3
    3  244  286  285    3
    3  243  286  244    3
    3  243  287  286    3
    3  242  287  243    3
    3  242  288  287    3
    3  241  288  242    3
    3  241  265  288    3
    3  289  279  290    1
    3  291  288  292    1
    3  293  294  295    3
    3  296  275  276    1
    3  297  298  299    1
    3  300  301  302    1
    3  303  304  305    3
    3  292  306  307    1
    3  308  309  310    4
    3  300  293  301    1
    3  311  312  313    3
    3  290  314  315    1
    3  316  317  318    1
    3  319  320  321    3
    3  317  322  308    1
    3  286  323  285    1
    3  286  287  320    1
    3  298  297  293    1
    3  324  325  273    1
    3  326  271  272    1
    3  327  328  301    1
    3  329  326  330    1
    3  300  331  304    1
    3  332  282  302    1
    3  272  325  326    1
    3  296  276  316    1
    3  296  333  275    1
    3  324  334  325    1
    3  335  329  336    1
    3  315  328  337    1
    3  338  339  303    3
    3  334  340  341    4
    3  279  289  278    1
    3  274  275  333    1
    3  322  278  289    1
    3  342  343  344    3
    3  332  301  328    1
    3  314  290  280    1
    3  345  338  346    3
    3  324  333  334    1
    3  277  316  276    1
    3  266  267  335    1
    3  288  291  287    1
    3  347  348  349    3
    3  316  322  317    1
    3  297  350  351    4
    3  327  301  293    1
    3  283  331  302    1
    3  352  353  354    4
    3  326  269  270    1
    3  332  302  301    1
    3  355  299  298    1
    3  312  356  357    3
    3  330  355  329    1
    3  336  306  335    1
    3  271  326  270    1
    3  358  359  360    4
    3  298  361  362    3
    3  283  302  282    1
    3  336  329  355    1
    3  326  363  330    1
    3  265  292  288    1
    3  300  364  365    3
    3  366  367  368    4
    3  333  318  334    1
    3  369  361  370    3
    3  327  293  297    1
    3  278  322  277    1
    3  320  291  356    3
    3  371  285  323    1
    3  363  325  334    1
    3  371  331  284    1
    3  364  339  349    3
    3  268  335  267    1
    3  372  363  373    4
    3  280  290  279    1
    3  266  306  265    1
    3  316  277  322    1
    3  328  315  314    1
    3  308  315  367    1
    3  355  330  372    1
    3  327  297  337    1
    3  280  281  314    1
    3  374  340  375    4
    3  296  316  318    1
    3  352  376  377    4
    3  355  307  336    1
    3  292  343  378    3
    3  326  325  363    1
    3  320  287  291    1
    3  345  319  379    3
    3  380  372  381    4
    3  358  366  382    4
    3  268  329  335    1
    3  273  274  324    1
    3  336  307  306    1
    3  265  306  292    1
    3  296  318  333    1
    3  383  374  384    4
    3  329  268  269    1
    3  385  373  386    4
    3  333  324  274    1
    3  283  284  331    1
    3  298  307  355    1
    3  299  353  387    4
    3  308  289  315    1
    3  273  325  272    1
    3  327  337  328    1
    3  388  376  389    4
    3  314  332  328    1
    3  281  282  332    1
    3  315  289  290    1
    3  363  372  330    1
    3  355  372  299    1
    3  285  371  284    1
    3  314  281  332    1
    3  269  326  329    1
    3  369  347  311    3
    3  266  335  306    1
    3  286  320  323    1
    3  308  322  289    1
    3  300  302  331    1
    3  343  390  313    3
    3  292  307  344    3
    3  298  348  370    3
    3  361  390  342    3
    3  343  342  390    3
    3  342  307  362    3
    3  347  369  348    3
    3  361  369  390    3
    3  369  311  390    3
    3  312  311  347    3
    3  311  313  390    3
    3  313  312  378    3
    3  298  362  307    3
    3  342  362  361    3
    3  342  344  307    3
    3  292  344  343    3
    3  369  370  348    3
    3  298  370  361    3
    3  292  378  312    3
    3  313  378  343    3
    3  334  318  375    4
    3  340  391  388    4
    3  318  317  384    4
    3  340  374  391    4
    3  352  385  389    4
    3  376  391  359    4
    3  376  388  391    4
    3  388  385  341    4
    3  359  391  383    4
    3  359  358  377    4
    3  374  383  391    4
    3  383  317  360    4
    3  374  375  318    4
    3  334  375  340    4
    3  334  341  385    4
    3  388  341  340    4
    3  388  389  385    4
    3  352  389  376    4
    3  352  377  358    4
    3  359  377  376    4
    3  358  360  317    4
    3  383  360  359    4
    3  383  384  317    4
    3  318  384  374    4
    3  367  358  309    4
    3  315  337  368    1
    3  353  352  350    4
    3  353  299  380    4
    3  372  380  299    4
    3  380  385  354    4
    3  350  352  392    4
    3  350  297  387    4
    3  366  337  392    4
    3  367  366  358    4
    3  363  334  386    4
    3  373  385  381    4
    3  392  337  351    4
    3  392  352  382    4
    3  380  381  385    4
    3  373  381  372    4
    3  358  317  310    4
    3  367  309  308    4
    3  385  386  334    4
    3  363  386  373    4
    3  366  368  337    4
    3  315  368  367    1
    3  299  387  297    4
    3  350  387  353    4
    3  352  354  385    4
    3  380  354  353    4
    3  358  382  352    4
    3  392  382  366    4
    3  297  351  337    4
    3  392  351  350    4
    3  308  310  317    4
    3  358  310  309    4
    3  312  347  379    3
    3  320  319  323    3
    3  371  323  346    3
    3  338  347  393    3
    3  364  300  394    3
    3  364  348  294    3
    3  319  345  323    3
    3  338  345  347    3
    3  348  298  295    3
    3  294  293  365    3
    3  304  339  394    3
    3  331  371  305    1
    3  364  349  348    3
    3  349  339  393    3
    3  338  393  339    3
    3  349  393  347    3
    3  338  303  371    3
    3  304  303  339    3
    3  356  312  321    3
    3  291  292  357    3
    3  364  394  339    3
    3  304  394  300    3
    3  319  321  312    3
    3  356  321  320    3
    3  293  295  298    3
    3  348  295  294    3
    3  312  357  292    3
    3  291  357  356    3
    3  345  346  323    3
    3  371  346  338    3
    3  303  305  371    3
    3  331  305  304    1
    3  345  379  347    3
    3  312  379  319    3
    3  300  365  293    3
    3  294  365  364    3
C Prescribed Values(Inlet, Outlet), InteractionSurface(Inlet, Outlet)
       1        0        0        2        2        2
C Inlet Pressure, FunID (E18.9,I5)
   1.000000000e+00    3
C Outlet Velocity
C     Vx,           Vy,            Vz,    indVx,indVy,indVz, FunID(3E18.9, 4I5)
   0.000000000e+00   1.000000000e+00   0.000000000e+00    1    0    0    4
C Inlet Velocity
C nNodeID,    Vx,           Vy,            Vz (I5, 3E18.9)
  265
    1  -2.050000000e+00  -2.350000000e+00   3.500000000e-01
    2  -2.000000000e-01  -2.200000000e+00   1.700000000e+00
    3  -7.000000000e-01  -2.200000000e+00   2.150000000e+00
    4  -1.350000000e+00  -2.200000000e+00   2.450000000e+00
    5  -2.000000000e+00  -2.200000000e+00   2.500000000e+00
    6  -2.600000000e+00  -2.200000000e+00   2.200000000e+00
    7  -2.950000000e+00  -2.200000000e+00   1.850000000e+00
    8  -3.250000000e+00  -2.200000000e+00   1.450000000e+00
    9  -3.550000000e+00  -2.200000000e+00   9.500000000e-01
   10  -3.850000000e+00  -2.200000000e+00   3.500000000e-01
   11  -3.800000000e+00  -2.200000000e+00  -2.500000000e-01
   12  -3.200000000e+00  -2.200000000e+00  -2.500000000e-01
   13  -2.600000000e+00  -2.200000000e+00   4.500000000e-01
   14  -2.550000000e+00  -2.200000000e+00   9.000000000e-01
   15  -2.500000000e+00  -2.200000000e+00   2.500000000e-01
   16  -1.900000000e+00  -2.200000000e+00  -9.500000000e-01
   17  -1.250000000e+00  -2.200000000e+00  -1.300000000e+00
   18  -9.000000000e-01  -2.200000000e+00  -1.100000000e+00
   19  -9.000000000e-01  -2.200000000e+00  -7.500000000e-01
   20  -1.350000000e+00  -2.200000000e+00  -5.500000000e-01
   21  -2.200000000e+00  -2.200000000e+00  -7.000000000e-01
   22  -2.400000000e+00  -2.200000000e+00  -1.100000000e+00
   23  -1.850000000e+00  -2.200000000e+00  -1.250000000e+00
   24  -9.500000000e-01  -2.200000000e+00  -7.000000000e-01
   25  -1.000000000e-01  -2.200000000e+00   7.000000000e-01
   26   1.000000000e-01  -2.050000000e+00   1.800000000e+00
   27  -4.500000000e-01  -2.050000000e+00   2.550000000e+00
   28  -1.250000000e+00  -2.050000000e+00   2.950000000e+00
   29  -2.000000000e+00  -2.050000000e+00   3.100000000e+00
   30  -2.650000000e+00  -2.050000000e+00   2.850000000e+00
   31  -3.100000000e+00  -2.050000000e+00   2.450000000e+00
   32  -3.400000000e+00  -2.050000000e+00   2.050000000e+00
   33  -3.800000000e+00  -2.050000000e+00   1.650000000e+00
   34  -4.450000000e+00  -2.050000000e+00   9.500000000e-01
   35  -4.650000000e+00  -2.050000000e+00   1.000000000e-01
   36  -3.750000000e+00  -2.050000000e+00   2.500000000e-01
   37  -3.000000000e+00  -2.050000000e+00   1.250000000e+00
   38  -3.050000000e+00  -2.050000000e+00   2.050000000e+00
   39  -3.200000000e+00  -2.050000000e+00   1.350000000e+00
   40  -2.500000000e+00  -2.050000000e+00  -6.000000000e-01
   41  -1.550000000e+00  -2.050000000e+00  -1.300000000e+00
   42  -1.000000000e+00  -2.050000000e+00  -1.200000000e+00
   43  -8.500000000e-01  -2.050000000e+00  -8.500000000e-01
   44  -1.250000000e+00  -2.050000000e+00  -6.000000000e-01
   45  -2.150000000e+00  -2.050000000e+00  -7.000000000e-01
   46  -2.450000000e+00  -2.050000000e+00  -1.200000000e+00
   47  -1.900000000e+00  -2.050000000e+00  -1.300000000e+00
   48  -8.500000000e-01  -2.050000000e+00  -8.000000000e-01
   49   1.000000000e-01  -2.050000000e+00   7.000000000e-01
   50   1.500000000e-01  -1.900000000e+00   1.450000000e+00
   51  -3.500000000e-01  -1.900000000e+00   2.250000000e+00
   52  -1.050000000e+00  -1.900000000e+00   2.800000000e+00
   53  -1.900000000e+00  -1.900000000e+00   3.100000000e+00
   54  -2.650000000e+00  -1.900000000e+00   3.000000000e+00
   55  -3.250000000e+00  -1.900000000e+00   2.700000000e+00
   56  -4.000000000e+00  -1.900000000e+00   2.400000000e+00
   57  -4.950000000e+00  -1.900000000e+00   1.800000000e+00
   58  -5.950000000e+00  -1.900000000e+00   7.000000000e-01
   59  -6.100000000e+00  -1.900000000e+00  -5.000000000e-01
   60  -4.700000000e+00  -1.900000000e+00  -2.000000000e-01
   61  -3.450000000e+00  -1.900000000e+00   1.600000000e+00
   62  -3.450000000e+00  -1.900000000e+00   3.050000000e+00
   63  -3.950000000e+00  -1.900000000e+00   2.500000000e+00
   64  -3.050000000e+00  -1.900000000e+00  -3.500000000e-01
   65  -1.650000000e+00  -1.900000000e+00  -1.700000000e+00
   66  -8.000000000e-01  -1.900000000e+00  -1.700000000e+00
   67  -5.500000000e-01  -1.900000000e+00  -1.250000000e+00
   68  -1.100000000e+00  -1.900000000e+00  -8.000000000e-01
   69  -2.400000000e+00  -1.900000000e+00  -9.500000000e-01
   70  -2.850000000e+00  -1.900000000e+00  -1.500000000e+00
   71  -2.200000000e+00  -1.900000000e+00  -1.700000000e+00
   72  -1.000000000e+00  -1.900000000e+00  -1.150000000e+00
   73   1.000000000e-01  -1.900000000e+00   3.500000000e-01
   74   3.500000000e-01  -1.800000000e+00   1.750000000e+00
   75  -1.500000000e-01  -1.800000000e+00   2.400000000e+00
   76  -7.500000000e-01  -1.800000000e+00   2.800000000e+00
   77  -1.500000000e+00  -1.800000000e+00   3.000000000e+00
   78  -2.200000000e+00  -1.800000000e+00   3.000000000e+00
   79  -2.850000000e+00  -1.800000000e+00   2.850000000e+00
   80  -3.650000000e+00  -1.800000000e+00   2.650000000e+00
   81  -4.750000000e+00  -1.800000000e+00   2.100000000e+00
   82  -6.000000000e+00  -1.800000000e+00   1.000000000e+00
   83  -6.350000000e+00  -1.800000000e+00  -3.500000000e-01
   84  -5.000000000e+00  -1.800000000e+00  -2.000000000e-01
   85  -3.700000000e+00  -1.800000000e+00   1.550000000e+00
   86  -3.700000000e+00  -1.800000000e+00   3.050000000e+00
   87  -4.200000000e+00  -1.800000000e+00   2.750000000e+00
   88  -3.300000000e+00  -1.800000000e+00  -4.000000000e-01
   89  -1.650000000e+00  -1.800000000e+00  -2.000000000e+00
   90  -5.500000000e-01  -1.800000000e+00  -2.000000000e+00
   91  -2.500000000e-01  -1.800000000e+00  -1.500000000e+00
   92  -9.500000000e-01  -1.800000000e+00  -1.000000000e+00
   93  -2.750000000e+00  -1.800000000e+00  -1.150000000e+00
   94  -3.200000000e+00  -1.800000000e+00  -1.850000000e+00
   95  -2.350000000e+00  -1.800000000e+00  -2.100000000e+00
   96  -9.000000000e-01  -1.800000000e+00  -1.450000000e+00
   97   4.500000000e-01  -1.800000000e+00   5.500000000e-01
   98   6.500000000e-01  -1.650000000e+00   2.700000000e+00
   99  -5.000000000e-02  -1.650000000e+00   3.200000000e+00
  100  -7.000000000e-01  -1.650000000e+00   3.350000000e+00
  101  -1.300000000e+00  -1.650000000e+00   3.450000000e+00
  102  -2.000000000e+00  -1.650000000e+00   3.350000000e+00
  103  -2.550000000e+00  -1.650000000e+00   3.200000000e+00
  104  -3.200000000e+00  -1.650000000e+00   3.050000000e+00
  105  -4.100000000e+00  -1.650000000e+00   2.700000000e+00
  106  -5.350000000e+00  -1.650000000e+00   1.800000000e+00
  107  -6.050000000e+00  -1.650000000e+00   4.500000000e-01
  108  -5.000000000e+00  -1.650000000e+00   3.500000000e-01
  109  -3.800000000e+00  -1.650000000e+00   1.750000000e+00
  110  -3.800000000e+00  -1.650000000e+00   3.050000000e+00
  111  -4.300000000e+00  -1.650000000e+00   2.900000000e+00
  112  -3.450000000e+00  -1.650000000e+00  -5.000000000e-02
  113  -1.750000000e+00  -1.650000000e+00  -1.800000000e+00
  114  -6.000000000e-01  -1.650000000e+00  -1.850000000e+00
  115  -2.500000000e-01  -1.650000000e+00  -1.400000000e+00
  116  -1.050000000e+00  -1.650000000e+00  -8.000000000e-01
  117  -3.100000000e+00  -1.650000000e+00  -1.100000000e+00
  118  -3.500000000e+00  -1.650000000e+00  -1.900000000e+00
  119  -2.500000000e+00  -1.650000000e+00  -2.150000000e+00
  120  -7.000000000e-01  -1.650000000e+00  -1.200000000e+00
  121   8.000000000e-01  -1.650000000e+00   1.400000000e+00
  122   7.500000000e-01  -1.500000000e+00   3.900000000e+00
  123   0.000000000e+00  -1.500000000e+00   4.150000000e+00
  124  -7.000000000e-01  -1.500000000e+00   4.000000000e+00
  125  -1.300000000e+00  -1.500000000e+00   3.900000000e+00
  126  -2.050000000e+00  -1.500000000e+00   3.850000000e+00
  127  -2.550000000e+00  -1.500000000e+00   3.600000000e+00
  128  -3.100000000e+00  -1.500000000e+00   3.450000000e+00
  129  -4.000000000e+00  -1.500000000e+00   3.100000000e+00
  130  -5.250000000e+00  -1.500000000e+00   2.300000000e+00
  131  -6.100000000e+00  -1.500000000e+00   8.500000000e-01
  132  -5.200000000e+00  -1.500000000e+00   5.500000000e-01
  133  -4.000000000e+00  -1.500000000e+00   1.750000000e+00
  134  -3.900000000e+00  -1.500000000e+00   2.950000000e+00
  135  -4.300000000e+00  -1.500000000e+00   3.000000000e+00
  136  -3.600000000e+00  -1.500000000e+00   3.000000000e-01
  137  -1.800000000e+00  -1.500000000e+00  -1.650000000e+00
  138  -6.000000000e-01  -1.500000000e+00  -1.750000000e+00
  139  -2.000000000e-01  -1.500000000e+00  -1.200000000e+00
  140  -1.150000000e+00  -1.500000000e+00  -6.500000000e-01
  141  -3.250000000e+00  -1.500000000e+00  -9.000000000e-01
  142  -3.500000000e+00  -1.500000000e+00  -1.700000000e+00
  143  -2.350000000e+00  -1.500000000e+00  -1.850000000e+00
  144  -4.500000000e-01  -1.500000000e+00  -6.000000000e-01
  145   1.150000000e+00  -1.500000000e+00   2.400000000e+00
  146   1.100000000e+00  -1.050000000e+00   4.900000000e+00
  147   1.500000000e-01  -1.050000000e+00   4.900000000e+00
  148  -4.500000000e-01  -1.050000000e+00   4.500000000e+00
  149  -9.000000000e-01  -1.050000000e+00   4.250000000e+00
  150  -1.650000000e+00  -1.050000000e+00   4.250000000e+00
  151  -2.300000000e+00  -1.050000000e+00   4.150000000e+00
  152  -3.100000000e+00  -1.050000000e+00   4.000000000e+00
  153  -4.200000000e+00  -1.050000000e+00   3.600000000e+00
  154  -5.500000000e+00  -1.050000000e+00   2.700000000e+00
  155  -6.350000000e+00  -1.050000000e+00   1.200000000e+00
  156  -5.600000000e+00  -1.050000000e+00   6.500000000e-01
  157  -4.250000000e+00  -1.050000000e+00   2.000000000e+00
  158  -4.000000000e+00  -1.050000000e+00   3.400000000e+00
  159  -4.500000000e+00  -1.050000000e+00   3.650000000e+00
  160  -3.950000000e+00  -1.050000000e+00   1.000000000e+00
  161  -1.800000000e+00  -1.050000000e+00  -1.550000000e+00
  162  -3.000000000e-01  -1.050000000e+00  -1.800000000e+00
  163   3.000000000e-01  -1.050000000e+00  -1.200000000e+00
  164  -1.050000000e+00  -1.050000000e+00  -4.500000000e-01
  165  -3.650000000e+00  -1.050000000e+00  -8.000000000e-01
  166  -3.650000000e+00  -1.050000000e+00  -1.600000000e+00
  167  -2.350000000e+00  -1.050000000e+00  -1.800000000e+00
  168  -1.000000000e-01  -1.050000000e+00  -2.500000000e-01
  169   1.700000000e+00  -1.050000000e+00   3.450000000e+00
  170   1.600000000e+00  -5.500000000e-01   5.950000000e+00
  171   6.000000000e-01  -5.500000000e-01   5.600000000e+00
  172   2.000000000e-01  -5.500000000e-01   4.600000000e+00
  173   2.000000000e-01  -5.500000000e-01   4.100000000e+00
  174  -4.000000000e-01  -5.500000000e-01   4.400000000e+00
  175  -1.250000000e+00  -5.500000000e-01   4.600000000e+00
  176  -2.400000000e+00  -5.500000000e-01   4.650000000e+00
  177  -3.850000000e+00  -5.500000000e-01   4.300000000e+00
  178  -5.400000000e+00  -5.500000000e-01   3.300000000e+00
  179  -6.350000000e+00  -5.500000000e-01   1.700000000e+00
  180  -5.550000000e+00  -5.500000000e-01   1.200000000e+00
  181  -3.950000000e+00  -5.500000000e-01   3.000000000e+00
  182  -3.850000000e+00  -5.500000000e-01   4.800000000e+00
  183  -4.700000000e+00  -5.500000000e-01   5.300000000e+00
  184  -4.450000000e+00  -5.500000000e-01   2.550000000e+00
  185  -2.150000000e+00  -5.500000000e-01  -6.500000000e-01
  186  -2.500000000e-01  -5.500000000e-01  -1.450000000e+00
  187   5.500000000e-01  -5.500000000e-01  -1.000000000e+00
  188  -1.400000000e+00  -5.500000000e-01  -1.000000000e-01
  189  -3.950000000e+00  -5.500000000e-01  -5.500000000e-01
  190  -3.650000000e+00  -5.500000000e-01  -1.350000000e+00
  191  -2.250000000e+00  -5.500000000e-01  -1.600000000e+00
  192   2.500000000e-01  -5.500000000e-01   1.000000000e-01
  193   2.350000000e+00  -5.500000000e-01   4.500000000e+00
  194   2.050000000e+00  -1.000000000e-01   5.850000000e+00
  195   1.150000000e+00  -1.000000000e-01   5.550000000e+00
  196   8.500000000e-01  -1.000000000e-01   4.700000000e+00
  197   8.000000000e-01  -1.000000000e-01   4.400000000e+00
  198   0.000000000e+00  -1.000000000e-01   4.900000000e+00
  199  -1.050000000e+00  -1.000000000e-01   5.150000000e+00
  200  -2.250000000e+00  -1.000000000e-01   5.100000000e+00
  201  -3.650000000e+00  -1.000000000e-01   4.650000000e+00
  202  -4.950000000e+00  -1.000000000e-01   3.650000000e+00
  203  -5.700000000e+00  -1.000000000e-01   2.300000000e+00
  204  -4.800000000e+00  -1.000000000e-01   2.100000000e+00
  205  -3.350000000e+00  -1.000000000e-01   4.300000000e+00
  206  -3.500000000e+00  -1.000000000e-01   6.400000000e+00
  207  -4.700000000e+00  -1.000000000e-01   6.850000000e+00
  208  -4.700000000e+00  -1.000000000e-01   3.750000000e+00
  209  -2.150000000e+00  -1.000000000e-01  -1.500000000e-01
  210   3.000000000e-01  -1.000000000e-01  -1.450000000e+00
  211   1.500000000e+00  -1.000000000e-01  -1.050000000e+00
  212  -9.000000000e-01  -1.000000000e-01   1.000000000e-01
  213  -3.650000000e+00  -1.000000000e-01  -3.000000000e-01
  214  -3.300000000e+00  -1.000000000e-01  -1.100000000e+00
  215  -2.050000000e+00  -1.000000000e-01  -1.500000000e+00
  216   4.000000000e-01  -1.000000000e-01  -5.000000000e-02
  217   2.650000000e+00  -1.000000000e-01   4.400000000e+00
  218   2.250000000e+00   4.000000000e-01   7.600000000e+00
  219   1.200000000e+00   4.000000000e-01   6.550000000e+00
  220   1.350000000e+00   4.000000000e-01   4.750000000e+00
  221   2.100000000e+00   4.000000000e-01   3.850000000e+00
  222   1.650000000e+00   4.000000000e-01   4.600000000e+00
  223   4.500000000e-01   4.000000000e-01   5.350000000e+00
  224  -1.250000000e+00   4.000000000e-01   5.700000000e+00
  225  -3.200000000e+00   4.000000000e-01   5.300000000e+00
  226  -5.000000000e+00   4.000000000e-01   4.200000000e+00
  227  -5.850000000e+00   4.000000000e-01   2.700000000e+00
  228  -4.850000000e+00   4.000000000e-01   2.550000000e+00
  229  -3.200000000e+00   4.000000000e-01   5.050000000e+00
  230  -3.400000000e+00   4.000000000e-01   7.450000000e+00
  231  -4.800000000e+00   4.000000000e-01   8.150000000e+00
  232  -5.100000000e+00   4.000000000e-01   5.200000000e+00
  233  -2.800000000e+00   4.000000000e-01   1.050000000e+00
  234  -1.500000000e-01   4.000000000e-01  -7.500000000e-01
  235   1.350000000e+00   4.000000000e-01  -6.000000000e-01
  236  -1.400000000e+00   4.000000000e-01   5.500000000e-01
  237  -4.100000000e+00   4.000000000e-01  -5.000000000e-02
  238  -3.550000000e+00   4.000000000e-01  -9.500000000e-01
  239  -1.900000000e+00   4.000000000e-01  -1.050000000e+00
  240   1.000000000e+00   4.000000000e-01   1.100000000e+00
  241   3.250000000e+00   4.000000000e-01   6.350000000e+00
  242   1.850000000e+00   8.500000000e-01   8.000000000e+00
  243   8.500000000e-01   8.500000000e-01   6.800000000e+00
  244   1.200000000e+00   8.500000000e-01   4.700000000e+00
  245   2.100000000e+00   8.500000000e-01   3.800000000e+00
  246   1.500000000e+00   8.500000000e-01   4.800000000e+00
  247   2.000000000e-01   8.500000000e-01   5.600000000e+00
  248  -1.750000000e+00   8.500000000e-01   5.900000000e+00
  249  -3.950000000e+00   8.500000000e-01   5.500000000e+00
  250  -5.900000000e+00   8.500000000e-01   4.200000000e+00
  251  -6.750000000e+00   8.500000000e-01   2.450000000e+00
  252  -5.500000000e+00   8.500000000e-01   2.250000000e+00
  253  -3.650000000e+00   8.500000000e-01   4.900000000e+00
  254  -3.700000000e+00   8.500000000e-01   7.400000000e+00
  255  -5.100000000e+00   8.500000000e-01   8.250000000e+00
  256  -5.650000000e+00   8.500000000e-01   5.800000000e+00
  257  -3.500000000e+00   8.500000000e-01   1.650000000e+00
  258  -1.000000000e+00   8.500000000e-01  -2.500000000e-01
  259   6.000000000e-01   8.500000000e-01  -3.000000000e-01
  260  -2.050000000e+00   8.500000000e-01   6.500000000e-01
  261  -4.550000000e+00   8.500000000e-01   1.500000000e-01
  262  -3.750000000e+00   8.500000000e-01  -6.500000000e-01
  263  -1.900000000e+00   8.500000000e-01  -5.500000000e-01
  264   1.200000000e+00   8.500000000e-01   2.150000000e+00
  265   3.200000000e+00   8.500000000e-01   7.350000000e+00
C Region List
