C PointsNum,MaxElemVol,TetGenParams,nAtrib,IndMov,MDMaxVolume,MDomDiv,MDOnly,MDDivF,MDPrescP
  395    1.000000e+00 YYpznno2q1.414a     0     0    1.000000e+00     1     0     0     0     0     0 YYpznno2q1.414a
  -2.452148000e-01  -8.723570000e+00  -3.518100000e-02
   5.887710000e-02  -8.237820000e+00   8.409840000e-01
  -1.734590000e-01  -8.237820000e+00   8.930480000e-01
  -4.218280000e-01  -8.237820000e+00   9.002330000e-01
  -6.852570000e-01  -8.237820000e+00   8.592300000e-01
  -9.404580000e-01  -8.237820000e+00   7.398930000e-01
  -1.117834000e+00  -8.237820000e+00   5.174290000e-01
  -1.186789000e+00  -8.237820000e+00   2.440960000e-01
  -1.177068000e+00  -8.237820000e+00  -2.778800000e-02
  -1.114557000e+00  -8.237820000e+00  -2.807610000e-01
  -1.009087000e+00  -8.237820000e+00  -5.108680000e-01
  -8.545420000e-01  -8.237820000e+00  -7.107370000e-01
  -6.547010000e-01  -8.237820000e+00  -8.655250000e-01
  -4.241229000e-01  -8.237820000e+00  -9.723890000e-01
  -1.704480000e-01  -8.237820000e+00  -1.022834000e+00
   8.734400000e-02  -8.237820000e+00  -9.903610000e-01
   2.934660000e-01  -8.237820000e+00  -8.294930000e-01
   4.245370000e-01  -8.237820000e+00  -6.218660000e-01
   5.137250000e-01  -8.237820000e+00  -4.214650000e-01
   5.731810000e-01  -8.237820000e+00  -2.249040000e-01
   5.604040000e-01  -8.237820000e+00  -2.490200000e-02
   5.039050000e-01  -8.237820000e+00   1.562130000e-01
   4.301650000e-01  -8.237820000e+00   3.223840000e-01
   3.497470000e-01  -8.237820000e+00   4.970700000e-01
   2.376420000e-01  -8.237820000e+00   6.859680000e-01
   9.791660000e-02  -7.752070000e+00   1.215310000e+00
  -2.324520000e-01  -7.752070000e+00   1.282125000e+00
  -5.726990000e-01  -7.752070000e+00   1.251763000e+00
  -9.034050000e-01  -7.752070000e+00   1.143935000e+00
  -1.201928000e+00  -7.752070000e+00   9.506800000e-01
  -1.415520000e+00  -7.752070000e+00   6.643960000e-01
  -1.523600000e+00  -7.752070000e+00   3.276132000e-01
  -1.546030000e+00  -7.752070000e+00  -1.901500000e-02
  -1.496650000e+00  -7.752070000e+00  -3.578790000e-01
  -1.372598000e+00  -7.752070000e+00  -6.779010000e-01
  -1.164129000e+00  -7.752070000e+00  -9.523400000e-01
  -8.847920000e-01  -7.752070000e+00  -1.152840000e+00
  -5.680834000e-01  -7.752070000e+00  -1.280650000e+00
  -2.288710000e-01  -7.752070000e+00  -1.331470000e+00
   1.095210000e-01  -7.752070000e+00  -1.280909000e+00
   3.739010000e-01  -7.752070000e+00  -1.061371000e+00
   5.377500000e-01  -7.752070000e+00  -7.839380000e-01
   6.471340000e-01  -7.752070000e+00  -5.222580000e-01
   7.229860000e-01  -7.752070000e+00  -2.713868000e-01
   7.102410000e-01  -7.752070000e+00  -1.579700000e-02
   6.451710000e-01  -7.752070000e+00   2.193610000e-01
   5.576970000e-01  -7.752070000e+00   4.403930000e-01
   4.675450000e-01  -7.752070000e+00   6.837270000e-01
   3.359450000e-01  -7.752070000e+00   9.690340000e-01
   9.872900000e-02  -7.266310000e+00   1.518160000e+00
  -3.039520000e-01  -7.266310000e+00   1.586930000e+00
  -7.117170000e-01  -7.266310000e+00   1.538374000e+00
  -1.103431000e+00  -7.266310000e+00   1.398688000e+00
  -1.452160000e+00  -7.266310000e+00   1.162894000e+00
  -1.708030000e+00  -7.266310000e+00   8.250600000e-01
  -1.847430000e+00  -7.266310000e+00   4.275288000e-01
  -1.888910000e+00  -7.266310000e+00   1.368100000e-02
  -1.844080000e+00  -7.266310000e+00  -3.995190000e-01
  -1.701860000e+00  -7.266310000e+00  -7.950640000e-01
  -1.445643000e+00  -7.266310000e+00  -1.131050000e+00
  -1.092412000e+00  -7.266310000e+00  -1.358200000e+00
  -7.012710000e-01  -7.266310000e+00  -1.481670000e+00
  -3.000850000e-01  -7.266310000e+00  -1.515310000e+00
   9.338100000e-02  -7.266310000e+00  -1.450105000e+00
   3.889140000e-01  -7.266310000e+00  -1.177656000e+00
   5.572660000e-01  -7.266310000e+00  -8.412660000e-01
   6.688670000e-01  -7.266310000e+00  -5.431500000e-01
   7.631260000e-01  -7.266310000e+00  -2.684712000e-01
   7.990710000e-01  -7.266310000e+00   1.661700000e-02
   7.681910000e-01  -7.266310000e+00   3.041430000e-01
   6.760120000e-01  -7.266310000e+00   5.818120000e-01
   5.664670000e-01  -7.266310000e+00   8.863000000e-01
   3.993980000e-01  -7.266310000e+00   1.232800000e+00
   1.040940000e-01  -6.783560000e+00   1.761210000e+00
  -3.617960000e-01  -6.783560000e+00   1.825460000e+00
  -8.230470000e-01  -6.783560000e+00   1.748660000e+00
  -1.251810000e+00  -6.783560000e+00   1.566637000e+00
  -1.627090000e+00  -6.783560000e+00   1.289342000e+00
  -1.908580000e+00  -6.783560000e+00   9.165060000e-01
  -2.089380000e+00  -6.783560000e+00   4.857276000e-01
  -2.181640000e+00  -6.783560000e+00   2.215300000e-02
  -2.175630000e+00  -6.783560000e+00  -4.652860000e-01
  -2.037090000e+00  -6.783560000e+00  -9.474600000e-01
  -1.726030000e+00  -6.783560000e+00  -1.346750000e+00
  -1.283791000e+00  -6.783560000e+00  -1.581720000e+00
  -8.139060000e-01  -6.783560000e+00  -1.680640000e+00
  -3.564300000e-01  -6.783560000e+00  -1.684400000e+00
   7.815500000e-02  -6.783560000e+00  -1.598250000e+00
   4.078320000e-01  -6.783560000e+00  -1.300010000e+00
   5.914680000e-01  -6.783560000e+00  -9.235840000e-01
   7.130970000e-01  -6.783560000e+00  -5.926180000e-01
   8.239920000e-01  -6.783560000e+00  -2.902724000e-01
   8.885360000e-01  -6.783560000e+00   2.665700000e-02
   8.768740000e-01  -6.783560000e+00   3.578790000e-01
   7.766160000e-01  -6.783560000e+00   6.822490000e-01
   6.516960000e-01  -6.783560000e+00   1.037710000e+00
   4.549540000e-01  -6.783560000e+00   1.438800000e+00
   1.077950000e-01  -6.299800000e+00   1.934060000e+00
  -4.035600000e-01  -6.299800000e+00   1.999910000e+00
  -9.094370000e-01  -6.299800000e+00   1.909890000e+00
  -1.374770000e+00  -6.299800000e+00   1.704361000e+00
  -1.779770000e+00  -6.299800000e+00   1.398382000e+00
  -2.086940000e+00  -6.299800000e+00   9.938580000e-01
  -2.293730000e+00  -6.299800000e+00   5.278001000e-01
  -2.413890000e+00  -6.299800000e+00   2.045300000e-02
  -2.426990000e+00  -6.299800000e+00  -5.222160000e-01
  -2.284810000e+00  -6.299800000e+00  -1.066810000e+00
  -1.932990000e+00  -6.299800000e+00  -1.512390000e+00
  -1.427682000e+00  -6.299800000e+00  -1.758810000e+00
  -9.002050000e-01  -6.299800000e+00  -1.848370000e+00
  -3.989680000e-01  -6.299800000e+00  -1.837200000e+00
   7.351700000e-02  -6.299800000e+00  -1.740170000e+00
   4.375360000e-01  -6.299800000e+00  -1.424940000e+00
   6.410970000e-01  -6.299800000e+00  -1.015854000e+00
   7.765120000e-01  -6.299800000e+00  -6.538530000e-01
   8.990680000e-01  -6.299800000e+00  -3.231999000e-01
   9.719090000e-01  -6.299800000e+00   2.500600000e-02
   9.586970000e-01  -6.299800000e+00   3.903950000e-01
   8.484360000e-01  -6.299800000e+00   7.474410000e-01
   7.123280000e-01  -6.299800000e+00   1.140280000e+00
   4.968210000e-01  -6.299800000e+00   1.583470000e+00
   9.816100000e-02  -5.815050000e+00   2.083360000e+00
  -4.502700000e-01  -5.815050000e+00   2.160020000e+00
  -9.991100000e-01  -5.815050000e+00   2.082090000e+00
  -1.517750000e+00  -5.815050000e+00   1.882486000e+00
  -1.977280000e+00  -5.815050000e+00   1.560312000e+00
  -2.321130000e+00  -5.815050000e+00   1.113111000e+00
  -2.535210000e+00  -5.815050000e+00   5.905741000e-01
  -2.638890000e+00  -5.815050000e+00   3.178000000e-02
  -2.624590000e+00  -5.815050000e+00  -5.513500000e-01
  -2.452430000e+00  -5.815050000e+00  -1.127020000e+00
  -2.079250000e+00  -5.815050000e+00  -1.601450000e+00
  -1.545796000e+00  -5.815050000e+00  -1.873080000e+00
  -9.838390000e-01  -5.815050000e+00  -1.977270000e+00
  -4.455400000e-01  -5.815050000e+00  -1.971720000e+00
   6.566000000e-02  -5.815050000e+00  -1.870900000e+00
   4.597640000e-01  -5.815050000e+00  -1.533030000e+00
   6.785960000e-01  -5.815050000e+00  -1.088870000e+00
   8.216100000e-01  -5.815050000e+00  -6.961370000e-01
   9.507430000e-01  -5.815050000e+00  -3.384259000e-01
   1.025371000e+00  -5.815050000e+00   3.632700000e-02
   1.007744000e+00  -5.815050000e+00   4.266150000e-01
   8.894040000e-01  -5.815050000e+00   8.098170000e-01
   7.464280000e-01  -5.815050000e+00   1.232310000e+00
   5.167446000e-01  -5.815050000e+00   1.710250000e+00
   9.739600000e-02  -4.867630000e+00   2.407170000e+00
  -5.234260000e-01  -4.867630000e+00   2.494810000e+00
  -1.145000000e+00  -4.867630000e+00   2.411470000e+00
  -1.734710000e+00  -4.867630000e+00   2.186270000e+00
  -2.260240000e+00  -4.867630000e+00   1.823446000e+00
  -2.652890000e+00  -4.867630000e+00   1.319322000e+00
  -2.876560000e+00  -4.867630000e+00   7.201583000e-01
  -2.957340000e+00  -4.867630000e+00   8.814500000e-02
  -2.904450000e+00  -4.867630000e+00  -5.507300000e-01
  -2.697690000e+00  -4.867630000e+00  -1.169930000e+00
  -2.299530000e+00  -4.867630000e+00  -1.693320000e+00
  -1.724278000e+00  -4.867630000e+00  -2.000530000e+00
  -1.109604000e+00  -4.867630000e+00  -2.121040000e+00
  -5.165888000e-01  -4.867630000e+00  -2.114430000e+00
   4.454000000e-02  -4.867630000e+00  -2.002680000e+00
   4.688500000e-01  -4.867630000e+00  -1.616296000e+00
   6.836460000e-01  -4.867630000e+00  -1.109510000e+00
   8.257600000e-01  -4.867630000e+00  -6.826590000e-01
   9.702810000e-01  -4.867630000e+00  -3.048417000e-01
   1.087008000e+00  -4.867630000e+00   9.404400000e-02
   1.098447000e+00  -4.867630000e+00   5.276880000e-01
   9.802810000e-01  -4.867630000e+00   9.610430000e-01
   8.279780000e-01  -4.867630000e+00   1.444170000e+00
   5.726162900e-01  -4.867630000e+00   1.990440000e+00
   9.084700000e-02  -3.921210000e+00   2.707100000e+00
  -5.859590000e-01  -3.921210000e+00   2.809100000e+00
  -1.267980000e+00  -3.921210000e+00   2.726090000e+00
  -1.918220000e+00  -3.921210000e+00   2.486630000e+00
  -2.501990000e+00  -3.921210000e+00   2.096959000e+00
  -2.933310000e+00  -3.921210000e+00   1.533271000e+00
  -3.134540000e+00  -3.921210000e+00   8.585661000e-01
  -3.141270000e+00  -3.921210000e+00   1.747740000e-01
  -3.007900000e+00  -3.921210000e+00  -4.754400000e-01
  -2.753050000e+00  -3.921210000e+00  -1.079330000e+00
  -2.364520000e+00  -3.921210000e+00  -1.609850000e+00
  -1.809200000e+00  -3.921210000e+00  -1.953790000e+00
  -1.192153000e+00  -3.921210000e+00  -2.112030000e+00
  -5.786358000e-01  -3.921210000e+00  -2.129100000e+00
   1.036200000e-02  -3.921210000e+00  -2.022070000e+00
   4.463120000e-01  -3.921210000e+00  -1.597900000e+00
   6.367290000e-01  -3.921210000e+00  -1.037666000e+00
   7.643270000e-01  -3.921210000e+00  -5.969530000e-01
   9.169830000e-01  -3.921210000e+00  -2.214339000e-01
   1.064012000e+00  -3.921210000e+00   1.806240000e-01
   1.075208000e+00  -3.921210000e+00   6.246060000e-01
   9.719370000e-01  -3.921210000e+00   1.078660000e+00
   8.421460000e-01  -3.921210000e+00   1.606350000e+00
   5.977498000e-01  -3.921210000e+00   2.228890000e+00
   5.340300000e-02  -2.973800000e+00   2.905380000e+00
  -6.670400000e-01  -2.973800000e+00   3.014140000e+00
  -1.397120000e+00  -2.973800000e+00   2.943500000e+00
  -2.102750000e+00  -2.973800000e+00   2.705610000e+00
  -2.743220000e+00  -2.973800000e+00   2.292050000e+00
  -3.218390000e+00  -2.973800000e+00   1.687489000e+00
  -3.434530000e+00  -2.973800000e+00   9.564598000e-01
  -3.435860000e+00  -2.973800000e+00   2.138740000e-01
  -3.282750000e+00  -2.973800000e+00  -4.876500000e-01
  -3.001310000e+00  -2.973800000e+00  -1.136250000e+00
  -2.579030000e+00  -2.973800000e+00  -1.704020000e+00
  -1.971910000e+00  -2.973800000e+00  -2.057590000e+00
  -1.304597000e+00  -2.973800000e+00  -2.192180000e+00
  -6.599577000e-01  -2.973800000e+00  -2.180940000e+00
  -5.002800000e-02  -2.973800000e+00  -2.058580000e+00
   4.204200000e-01  -2.973800000e+00  -1.652560000e+00
   6.170360000e-01  -2.973800000e+00  -1.058692000e+00
   7.459280000e-01  -2.973800000e+00  -5.930050000e-01
   9.088160000e-01  -2.973800000e+00  -2.015402000e-01
   1.075447000e+00  -2.973800000e+00   2.201120000e-01
   1.079271000e+00  -2.973800000e+00   6.870300000e-01
   9.813320000e-01  -2.973800000e+00   1.170390000e+00
   8.547340000e-01  -2.973800000e+00   1.740720000e+00
   6.005627000e-01  -2.973800000e+00   2.412660000e+00
  -1.326000000e-03  -2.027380000e+00   3.011200000e+00
  -7.512400000e-01  -2.027380000e+00   3.139590000e+00
  -1.519650000e+00  -2.027380000e+00   3.075840000e+00
  -2.277030000e+00  -2.027380000e+00   2.858580000e+00
  -2.972820000e+00  -2.027380000e+00   2.429100000e+00
  -3.483740000e+00  -2.027380000e+00   1.784914000e+00
  -3.702190000e+00  -2.027380000e+00   1.003879000e+00
  -3.688510000e+00  -2.027380000e+00   2.095710000e-01
  -3.512080000e+00  -2.027380000e+00  -5.318800000e-01
  -3.204990000e+00  -2.027380000e+00  -1.210780000e+00
  -2.757350000e+00  -2.027380000e+00  -1.804770000e+00
  -2.121730000e+00  -2.027380000e+00  -2.175960000e+00
  -1.420326000e+00  -2.027380000e+00  -2.311930000e+00
  -7.434214000e-01  -2.027380000e+00  -2.296160000e+00
  -1.051820000e-01  -2.027380000e+00  -2.169220000e+00
   4.049560000e-01  -2.027380000e+00  -1.775400000e+00
   6.188180000e-01  -2.027380000e+00  -1.149149000e+00
   7.437020000e-01  -2.027380000e+00  -6.445870000e-01
   8.900850000e-01  -2.027380000e+00  -2.231210000e-01
   1.010493000e+00  -2.027380000e+00   2.154430000e-01
   9.795080000e-01  -2.027380000e+00   6.780710000e-01
   8.967980000e-01  -2.027380000e+00   1.165003000e+00
   7.971820000e-01  -2.027380000e+00   1.762410000e+00
   5.645200000e-01  -2.027380000e+00   2.492870000e+00
  -1.297900000e-01  -1.079960000e+00   3.021430000e+00
  -8.845300000e-01  -1.079960000e+00   3.157250000e+00
  -1.668820000e+00  -1.079960000e+00   3.130690000e+00
  -2.458170000e+00  -1.079960000e+00   2.932630000e+00
  -3.193020000e+00  -1.079960000e+00   2.506420000e+00
  -3.728340000e+00  -1.079960000e+00   1.842011000e+00
  -3.976630000e+00  -1.079960000e+00   1.033255000e+00
  -4.006860000e+00  -1.079960000e+00   2.025820000e-01
  -3.864810000e+00  -1.079960000e+00  -5.995900000e-01
  -3.554140000e+00  -1.079960000e+00  -1.346100000e+00
  -3.064750000e+00  -1.079960000e+00  -1.984330000e+00
  -2.332720000e+00  -1.079960000e+00  -2.311720000e+00
  -1.559790000e+00  -1.079960000e+00  -2.344320000e+00
  -8.771575000e-01  -1.079960000e+00  -2.240430000e+00
  -2.664030000e-01  -1.079960000e+00  -2.075230000e+00
   2.767660000e-01  -1.079960000e+00  -1.795300000e+00
   5.519660000e-01  -1.079960000e+00  -1.224344000e+00
   6.822030000e-01  -1.079960000e+00  -6.959380000e-01
   7.958350000e-01  -1.079960000e+00  -2.427450000e-01
   8.055370000e-01  -1.079960000e+00   2.060410000e-01
   7.293420000e-01  -1.079960000e+00   6.377110000e-01
   6.834740000e-01  -1.079960000e+00   1.109519000e+00
   6.404980000e-01  -1.079960000e+00   1.728540000e+00
   4.572020000e-01  -1.079960000e+00   2.530830000e+00
  -2.806040000e-01  -3.545410000e-01   3.012920000e+00
   3.421790000e-01  -3.545410000e-01   2.587500000e+00
   5.161060000e-01  -3.545410000e-01   1.754330000e+00
   5.077300000e-01  -3.545410000e-01   1.096040000e+00
   5.133140000e-01  -3.545410000e-01   6.218270000e-01
   5.726230000e-01  -3.545410000e-01   2.085790000e-01
   6.199060000e-01  -3.545410000e-01  -2.332940000e-01
   5.332870000e-01  -3.545410000e-01  -6.922310000e-01
   4.161980000e-01  -3.545410000e-01  -1.234210000e+00
   8.525000000e-02  -3.545410000e-01  -1.716150000e+00
  -4.468090000e-01  -3.545410000e-01  -1.950640000e+00
  -1.024867400e+00  -3.545410000e-01  -2.164830000e+00
  -1.713604000e+00  -3.545410000e-01  -2.363930000e+00
  -2.558150000e+00  -3.545410000e-01  -2.453170000e+00
  -3.395530000e+00  -3.545410000e-01  -2.172460000e+00
  -3.942070000e+00  -3.545410000e-01  -1.482760000e+00
  -4.239710000e+00  -3.545410000e-01  -6.593500000e-01
  -4.330550000e+00  -3.545410000e-01   2.038050000e-01
  -4.247280000e+00  -3.545410000e-01   1.060706000e+00
  -3.949580000e+00  -3.545410000e-01   1.891634000e+00
  -3.395310000e+00  -3.545410000e-01   2.568010000e+00
  -2.631820000e+00  -3.545410000e-01   2.977920000e+00
  -1.822320000e+00  -3.545410000e-01   3.156490000e+00
  -1.031410000e+00  -3.545410000e-01   3.153470000e+00
  -2.844010000e+00  -3.714410000e-01  -1.808560000e+00
  -3.398700000e+00  -3.695410000e-01  -1.507080000e+00
  -1.609220000e+00  -3.683410000e-01   2.806280000e+00
  -1.132480000e+00  -3.757410000e-01   2.490420000e+00
  -2.594380000e+00  -3.939410000e-01   7.106180000e-01
  -2.530130000e+00  -3.924410000e-01   1.053107500e+00
  -2.147400000e+00  -3.944410000e-01   1.026310800e+00
  -9.504957000e-01  -3.689410000e-01  -1.773020000e+00
  -2.165390000e+00  -3.970410000e-01   2.184400000e-01
  -1.762660000e+00  -3.959410000e-01   1.008514000e+00
  -1.439120000e+00  -3.964410000e-01   2.345310000e-01
  -3.108880000e+00  -3.858410000e-01   1.050340000e+00
  -3.212460000e+00  -3.867410000e-01   3.765950000e-01
  -3.741710000e+00  -3.743410000e-01   6.990870000e-01
  -3.081280000e+00  -3.779410000e-01   1.808005000e+00
  -3.273140000e+00  -3.784410000e-01   1.510366000e+00
  -3.228800000e+00  -3.757410000e-01   1.770249000e+00
  -3.424840000e-01  -3.727410000e-01   2.209377000e+00
  -1.021463000e+00  -3.874410000e-01   1.665407000e+00
  -2.394850000e+00  -3.814410000e-01  -1.466060000e+00
  -2.290510000e+00  -3.859410000e-01  -1.213610000e+00
  -2.059948000e+00  -3.845410000e-01  -1.333360000e+00
  -2.160600000e+00  -3.862410000e-01   1.917501000e+00
  -1.965220000e+00  -3.786410000e-01   2.404297000e+00
  -1.884130000e+00  -3.835410000e-01   2.145365000e+00
  -3.621570000e+00  -3.733410000e-01  -8.571400000e-01
  -2.909030000e+00  -3.833410000e-01  -1.069380000e+00
  -1.479793000e+00  -3.715410000e-01  -1.850390000e+00
  -1.819384000e+00  -3.829410000e-01  -1.448120000e+00
  -1.179830000e+00  -3.804410000e-01  -1.426060000e+00
  -2.302260000e+00  -3.757410000e-01   2.441328000e+00
  -2.121430000e+00  -3.679410000e-01   2.767950000e+00
  -2.043330000e+00  -3.733410000e-01   2.591120000e+00
  -2.147533000e+00  -3.718410000e-01  -1.926810000e+00
  -2.631300000e+00  -3.716410000e-01   2.478359000e+00
  -1.475910000e-01  -3.687410000e-01  -1.282870000e+00
  -2.610000000e-02  -3.717410000e-01  -7.774440000e-01
   1.625690000e-01  -3.702410000e-01  -2.248800000e-02
  -2.746640000e+00  -3.929410000e-01   1.205240000e-01
  -3.156940000e+00  -3.862410000e-01  -3.173200000e-01
  -2.056590000e-02  -3.747410000e-01   8.349250000e-01
  -4.040170000e-01  -3.845410000e-01   2.828570000e-01
  -3.559190000e+00  -3.733410000e-01   1.414854900e+00
  -3.755480000e+00  -3.746410000e-01  -7.601100000e-02
  -5.589150000e-01  -3.708410000e-01  -1.548360000e+00
  -7.183240000e-01  -3.827410000e-01  -9.822900000e-01
   1.379210000e-01  -3.682410000e-01   1.642704000e+00
  -3.912530000e-01  -3.810410000e-01   1.454561000e+00
  -2.524730000e+00  -3.930410000e-01  -4.044780000e-01
  -2.850810000e+00  -3.785410000e-01   1.999350000e+00
  -2.977090000e+00  -3.826410000e-01   1.595877000e+00
  -1.100815000e+00  -3.870410000e-01  -9.494400000e-01
  -1.124265000e+00  -3.899410000e-01  -6.730790000e-01
  -1.416450000e+00  -3.882410000e-01   1.765920000e+00
  -1.459260000e+00  -3.829410000e-01   2.158426000e+00
  -1.241760000e+00  -3.854410000e-01   1.921916000e+00
  -2.571730000e+00  -3.775410000e-01   2.233463000e+00
  -2.741060000e+00  -3.752410000e-01   2.243855000e+00
  -2.509150000e+00  -3.830410000e-01   1.978567000e+00
  -2.467890000e+00  -3.906410000e-01   1.395597000e+00
  -2.725490000e+00  -3.871410000e-01   1.495737000e+00
  -2.002850000e+00  -3.964410000e-01  -8.634700000e-02
  -2.263290000e+00  -3.950410000e-01  -2.434130000e-01
  -1.837300000e+00  -3.954410000e-01  -3.801340000e-01
  -1.641210000e+00  -3.963410000e-01  -7.630200000e-02
  -1.393463000e+00  -3.946410000e-01  -2.320090000e-01
  -8.252880000e-01  -3.906410000e-01   8.207197000e-01
  -1.778020000e+00  -3.738410000e-01   2.605290000e+00
  -1.457250000e+00  -3.749410000e-01   2.547850000e+00
  -2.186180000e+00  -3.897410000e-01  -9.691600000e-01
  -1.834241000e+00  -3.902410000e-01  -9.493800000e-01
  -1.832813000e+00  -3.868410000e-01  -1.201750000e+00
  -1.779350000e+00  -3.924410000e-01   1.442974000e+00
  -1.400610000e+00  -3.903410000e-01   1.559191000e+00
  -4.918590000e-01  -3.846410000e-01  -3.066780000e-01
  -2.793380000e+00  -3.888410000e-01   1.217968780e+00
  -2.693380000e+00  -3.914410000e-01   9.642930000e-01
  -2.355450000e+00  -3.916410000e-01  -6.938200000e-01
  -2.547600000e+00  -3.871410000e-01  -1.017270000e+00
  -2.536160000e+00  -3.902410000e-01  -7.143700000e-01
  -2.136470000e+00  -3.901410000e-01   1.616015000e+00
  -2.124620000e+00  -3.919410000e-01   1.409286000e+00
  -3.186470000e+00  -3.727410000e-01   2.020132000e+00
  -8.636610000e-01  -3.914410000e-01   1.257900000e-01
  -8.132870000e-01  -3.891410000e-01  -3.411970000e-01
  -1.334567000e+00  -3.852410000e-01  -1.201330000e+00
  -1.141322000e+00  -3.838410000e-01  -1.197750000e+00
  -1.665302000e+00  -3.928410000e-01  -6.728600000e-01
  -1.923740000e+00  -3.916410000e-01  -8.165100000e-01
  -1.713340000e+00  -3.808410000e-01   2.291361000e+00
  -2.404210000e+00  -3.795410000e-01   2.209948000e+00
  -1.295418000e+00  -3.948410000e-01  -8.109300000e-02
  -1.005688000e+00  -3.922410000e-01  -1.314630000e-01
  -2.096880000e+00  -3.938410000e-01  -5.354800000e-01
  -1.663845000e+00  -3.867410000e-01  -1.192860000e+00
  -1.582976000e+00  -3.844410000e-01  -1.319720000e+00
  -1.144716000e+00  -3.925410000e-01  -3.837170000e-01
  -7.668060000e-01  -3.860410000e-01  -6.647420000e-01
  -1.903800000e+00  -3.968410000e-01   7.056900000e-02
  -1.319510000e+00  -3.914410000e-01  -6.676560000e-01
  -1.406009000e+00  -3.929410000e-01  -5.267910000e-01
  -1.806040000e+00  -3.880410000e-01   1.846434000e+00
  -1.489305000e+00  -3.895410000e-01  -9.425900000e-01
  -2.179510000e+00  -3.945410000e-01  -3.913060000e-01
  -2.744620000e+00  -3.832410000e-01   1.787222000e+00
  -3.043980000e+00  -3.843410000e-01   1.328108900e+00
C Number of facets
  786
C  Size  Node 1  ......Node N Marker
    3    0    1    2    3
    3    0    2    3    3
    3    0    3    4    3
    3    0    4    5    3
    3    0    5    6    3
    3    0    6    7    3
    3    0    7    8    3
    3    0    8    9    3
    3    0    9   10    3
    3    0   10   11    3
    3    0   11   12    3
    3    0   12   13    3
    3    0   13   14    3
    3    0   14   15    3
    3    0   15   16    3
    3    0   16   17    3
    3    0   17   18    3
    3    0   18   19    3
    3    0   19   20    3
    3    0   20   21    3
    3    0   21   22    3
    3    0   22   23    3
    3    0   23   24    3
    3    0   24    1    3
    3    1   25   26    3
    3    1   26    2    3
    3    2   26   27    3
    3    2   27    3    3
    3    3   27   28    3
    3    3   28    4    3
    3    4   28   29    3
    3    4   29    5    3
    3    5   29   30    3
    3    5   30    6    3
    3    6   30   31    3
    3    6   31    7    3
    3    7   31   32    3
    3    7   32    8    3
    3    8   32   33    3
    3    8   33    9    3
    3    9   33   34    3
    3    9   34   10    3
    3   10   34   35    3
    3   10   35   11    3
    3   11   35   36    3
    3   11   36   12    3
    3   12   36   37    3
    3   12   37   13    3
    3   13   37   38    3
    3   13   38   14    3
    3   14   38   39    3
    3   14   39   15    3
    3   15   39   40    3
    3   15   40   16    3
    3   16   40   41    3
    3   16   41   17    3
    3   17   41   42    3
    3   17   42   18    3
    3   18   42   43    3
    3   18   43   19    3
    3   19   43   44    3
    3   19   44   20    3
    3   20   44   45    3
    3   20   45   21    3
    3   21   45   46    3
    3   21   46   22    3
    3   22   46   47    3
    3   22   47   23    3
    3   23   47   48    3
    3   23   48   24    3
    3   24   48   25    3
    3   24   25    1    3
    3   25   49   50    3
    3   25   50   26    3
    3   26   50   51    3
    3   26   51   27    3
    3   27   51   52    3
    3   27   52   28    3
    3   28   52   53    3
    3   28   53   29    3
    3   29   53   54    3
    3   29   54   30    3
    3   30   54   55    3
    3   30   55   31    3
    3   31   55   56    3
    3   31   56   32    3
    3   32   56   57    3
    3   32   57   33    3
    3   33   57   58    3
    3   33   58   34    3
    3   34   58   59    3
    3   34   59   35    3
    3   35   59   60    3
    3   35   60   36    3
    3   36   60   61    3
    3   36   61   37    3
    3   37   61   62    3
    3   37   62   38    3
    3   38   62   63    3
    3   38   63   39    3
    3   39   63   64    3
    3   39   64   40    3
    3   40   64   65    3
    3   40   65   41    3
    3   41   65   66    3
    3   41   66   42    3
    3   42   66   67    3
    3   42   67   43    3
    3   43   67   68    3
    3   43   68   44    3
    3   44   68   69    3
    3   44   69   45    3
    3   45   69   70    3
    3   45   70   46    3
    3   46   70   71    3
    3   46   71   47    3
    3   47   71   72    3
    3   47   72   48    3
    3   48   72   49    3
    3   48   49   25    3
    3   49   73   74    3
    3   49   74   50    3
    3   50   74   75    3
    3   50   75   51    3
    3   51   75   76    3
    3   51   76   52    3
    3   52   76   77    3
    3   52   77   53    3
    3   53   77   78    3
    3   53   78   54    3
    3   54   78   79    3
    3   54   79   55    3
    3   55   79   80    3
    3   55   80   56    3
    3   56   80   81    3
    3   56   81   57    3
    3   57   81   82    3
    3   57   82   58    3
    3   58   82   83    3
    3   58   83   59    3
    3   59   83   84    3
    3   59   84   60    3
    3   60   84   85    3
    3   60   85   61    3
    3   61   85   86    3
    3   61   86   62    3
    3   62   86   87    3
    3   62   87   63    3
    3   63   87   88    3
    3   63   88   64    3
    3   64   88   89    3
    3   64   89   65    3
    3   65   89   90    3
    3   65   90   66    3
    3   66   90   91    3
    3   66   91   67    3
    3   67   91   92    3
    3   67   92   68    3
    3   68   92   93    3
    3   68   93   69    3
    3   69   93   94    3
    3   69   94   70    3
    3   70   94   95    3
    3   70   95   71    3
    3   71   95   96    3
    3   71   96   72    3
    3   72   96   73    3
    3   72   73   49    3
    3   73   97   98    3
    3   73   98   74    3
    3   74   98   99    3
    3   74   99   75    3
    3   75   99  100    3
    3   75  100   76    3
    3   76  100  101    3
    3   76  101   77    3
    3   77  101  102    3
    3   77  102   78    3
    3   78  102  103    3
    3   78  103   79    3
    3   79  103  104    3
    3   79  104   80    3
    3   80  104  105    3
    3   80  105   81    3
    3   81  105  106    3
    3   81  106   82    3
    3   82  106  107    3
    3   82  107   83    3
    3   83  107  108    3
    3   83  108   84    3
    3   84  108  109    3
    3   84  109   85    3
    3   85  109  110    3
    3   85  110   86    3
    3   86  110  111    3
    3   86  111   87    3
    3   87  111  112    3
    3   87  112   88    3
    3   88  112  113    3
    3   88  113   89    3
    3   89  113  114    3
    3   89  114   90    3
    3   90  114  115    3
    3   90  115   91    3
    3   91  115  116    3
    3   91  116   92    3
    3   92  116  117    3
    3   92  117   93    3
    3   93  117  118    3
    3   93  118   94    3
    3   94  118  119    3
    3   94  119   95    3
    3   95  119  120    3
    3   95  120   96    3
    3   96  120   97    3
    3   96   97   73    3
    3   97  121  122    3
    3   97  122   98    3
    3   98  122  123    3
    3   98  123   99    3
    3   99  123  124    3
    3   99  124  100    3
    3  100  124  125    3
    3  100  125  101    3
    3  101  125  126    3
    3  101  126  102    3
    3  102  126  127    3
    3  102  127  103    3
    3  103  127  128    3
    3  103  128  104    3
    3  104  128  129    3
    3  104  129  105    3
    3  105  129  130    3
    3  105  130  106    3
    3  106  130  131    3
    3  106  131  107    3
    3  107  131  132    3
    3  107  132  108    3
    3  108  132  133    3
    3  108  133  109    3
    3  109  133  134    3
    3  109  134  110    3
    3  110  134  135    3
    3  110  135  111    3
    3  111  135  136    3
    3  111  136  112    3
    3  112  136  137    3
    3  112  137  113    3
    3  113  137  138    3
    3  113  138  114    3
    3  114  138  139    3
    3  114  139  115    3
    3  115  139  140    3
    3  115  140  116    3
    3  116  140  141    3
    3  116  141  117    3
    3  117  141  142    3
    3  117  142  118    3
    3  118  142  143    3
    3  118  143  119    3
    3  119  143  144    3
    3  119  144  120    3
    3  120  144  121    3
    3  120  121   97    3
    3  121  145  146    3
    3  121  146  122    3
    3  122  146  147    3
    3  122  147  123    3
    3  123  147  148    3
    3  123  148  124    3
    3  124  148  149    3
    3  124  149  125    3
    3  125  149  150    3
    3  125  150  126    3
    3  126  150  151    3
    3  126  151  127    3
    3  127  151  152    3
    3  127  152  128    3
    3  128  152  153    3
    3  128  153  129    3
    3  129  153  154    3
    3  129  154  130    3
    3  130  154  155    3
    3  130  155  131    3
    3  131  155  156    3
    3  131  156  132    3
    3  132  156  157    3
    3  132  157  133    3
    3  133  157  158    3
    3  133  158  134    3
    3  134  158  159    3
    3  134  159  135    3
    3  135  159  160    3
    3  135  160  136    3
    3  136  160  161    3
    3  136  161  137    3
    3  137  161  162    3
    3  137  162  138    3
    3  138  162  163    3
    3  138  163  139    3
    3  139  163  164    3
    3  139  164  140    3
    3  140  164  165    3
    3  140  165  141    3
    3  141  165  166    3
    3  141  166  142    3
    3  142  166  167    3
    3  142  167  143    3
    3  143  167  168    3
    3  143  168  144    3
    3  144  168  145    3
    3  144  145  121    3
    3  145  169  170    3
    3  145  170  146    3
    3  146  170  171    3
    3  146  171  147    3
    3  147  171  172    3
    3  147  172  148    3
    3  148  172  173    3
    3  148  173  149    3
    3  149  173  174    3
    3  149  174  150    3
    3  150  174  175    3
    3  150  175  151    3
    3  151  175  176    3
    3  151  176  152    3
    3  152  176  177    3
    3  152  177  153    3
    3  153  177  178    3
    3  153  178  154    3
    3  154  178  179    3
    3  154  179  155    3
    3  155  179  180    3
    3  155  180  156    3
    3  156  180  181    3
    3  156  181  157    3
    3  157  181  182    3
    3  157  182  158    3
    3  158  182  183    3
    3  158  183  159    3
    3  159  183  184    3
    3  159  184  160    3
    3  160  184  185    3
    3  160  185  161    3
    3  161  185  186    3
    3  161  186  162    3
    3  162  186  187    3
    3  162  187  163    3
    3  163  187  188    3
    3  163  188  164    3
    3  164  188  189    3
    3  164  189  165    3
    3  165  189  190    3
    3  165  190  166    3
    3  166  190  191    3
    3  166  191  167    3
    3  167  191  192    3
    3  167  192  168    3
    3  168  192  169    3
    3  168  169  145    3
    3  169  193  194    3
    3  169  194  170    3
    3  170  194  195    3
    3  170  195  171    3
    3  171  195  196    3
    3  171  196  172    3
    3  172  196  197    3
    3  172  197  173    3
    3  173  197  198    3
    3  173  198  174    3
    3  174  198  199    3
    3  174  199  175    3
    3  175  199  200    3
    3  175  200  176    3
    3  176  200  201    3
    3  176  201  177    3
    3  177  201  202    3
    3  177  202  178    3
    3  178  202  203    3
    3  178  203  179    3
    3  179  203  204    3
    3  179  204  180    3
    3  180  204  205    3
    3  180  205  181    3
    3  181  205  206    3
    3  181  206  182    3
    3  182  206  207    3
    3  182  207  183    3
    3  183  207  208    3
    3  183  208  184    3
    3  184  208  209    3
    3  184  209  185    3
    3  185  209  210    3
    3  185  210  186    3
    3  186  210  211    3
    3  186  211  187    3
    3  187  211  212    3
    3  187  212  188    3
    3  188  212  213    3
    3  188  213  189    3
    3  189  213  214    3
    3  189  214  190    3
    3  190  214  215    3
    3  190  215  191    3
    3  191  215  216    3
    3  191  216  192    3
    3  192  216  193    3
    3  192  193  169    3
    3  193  217  218    3
    3  193  218  194    3
    3  194  218  219    3
    3  194  219  195    3
    3  195  219  220    3
    3  195  220  196    3
    3  196  220  221    3
    3  196  221  197    3
    3  197  221  222    3
    3  197  222  198    3
    3  198  222  223    3
    3  198  223  199    3
    3  199  223  224    3
    3  199  224  200    3
    3  200  224  225    3
    3  200  225  201    3
    3  201  225  226    3
    3  201  226  202    3
    3  202  226  227    3
    3  202  227  203    3
    3  203  227  228    3
    3  203  228  204    3
    3  204  228  229    3
    3  204  229  205    3
    3  205  229  230    3
    3  205  230  206    3
    3  206  230  231    3
    3  206  231  207    3
    3  207  231  232    3
    3  207  232  208    3
    3  208  232  233    3
    3  208  233  209    3
    3  209  233  234    3
    3  209  234  210    3
    3  210  234  235    3
    3  210  235  211    3
    3  211  235  236    3
    3  211  236  212    3
    3  212  236  237    3
    3  212  237  213    3
    3  213  237  238    3
    3  213  238  214    3
    3  214  238  239    3
    3  214  239  215    3
    3  215  239  240    3
    3  215  240  216    3
    3  216  240  217    3
    3  216  217  193    3
    3  217  241  242    3
    3  217  242  218    3
    3  218  242  243    3
    3  218  243  219    3
    3  219  243  244    3
    3  219  244  220    3
    3  220  244  245    3
    3  220  245  221    3
    3  221  245  246    3
    3  221  246  222    3
    3  222  246  247    3
    3  222  247  223    3
    3  223  247  248    3
    3  223  248  224    3
    3  224  248  249    3
    3  224  249  225    3
    3  225  249  250    3
    3  225  250  226    3
    3  226  250  251    3
    3  226  251  227    3
    3  227  251  252    3
    3  227  252  228    3
    3  228  252  253    3
    3  228  253  229    3
    3  229  253  254    3
    3  229  254  230    3
    3  230  254  255    3
    3  230  255  231    3
    3  231  255  256    3
    3  231  256  232    3
    3  232  256  257    3
    3  232  257  233    3
    3  233  257  258    3
    3  233  258  234    3
    3  234  258  259    3
    3  234  259  235    3
    3  235  259  260    3
    3  235  260  236    3
    3  236  260  261    3
    3  236  261  237    3
    3  237  261  262    3
    3  237  262  238    3
    3  238  262  263    3
    3  238  263  239    3
    3  239  263  264    3
    3  239  264  240    3
    3  240  264  241    3
    3  240  241  217    3
    3  264  265  241    3
    3  264  266  265    3
    3  263  266  264    3
    3  263  267  266    3
    3  262  267  263    3
    3  262  268  267    3
    3  261  268  262    3
    3  261  269  268    3
    3  260  269  261    3
    3  260  270  269    3
    3  259  270  260    3
    3  259  271  270    3
    3  258  271  259    3
    3  258  272  271    3
    3  257  272  258    3
    3  257  273  272    3
    3  256  273  257    3
    3  256  274  273    3
    3  255  274  256    3
    3  255  275  274    3
    3  254  275  255    3
    3  254  276  275    3
    3  253  276  254    3
    3  253  277  276    3
    3  252  277  253    3
    3  252  278  277    3
    3  251  278  252    3
    3  251  279  278    3
    3  250  279  251    3
    3  250  280  279    3
    3  249  280  250    3
    3  249  281  280    3
    3  248  281  249    3
    3  248  282  281    3
    3  247  282  248    3
    3  247  283  282    3
    3  246  283  247    3
    3  246  284  283    3
    3  245  284  246    3
    3  245  285  284    3
    3  244  285  245    3
    3  244  286  285    3
    3  243  286  244    3
    3  243  287  286    3
    3  242  287  243    3
    3  242  288  287    3
    3  241  288  242    3
    3  241  265  288    3
    3  289  279  290    1
    3  291  288  292    1
    3  293  294  295    3
    3  296  275  276    1
    3  297  298  299    1
    3  300  301  302    1
    3  303  304  305    3
    3  292  306  307    1
    3  308  309  310    4
    3  300  293  301    1
    3  311  312  313    3
    3  290  314  315    1
    3  316  317  318    1
    3  319  320  321    3
    3  317  322  308    1
    3  286  323  285    1
    3  286  287  320    1
    3  298  297  293    1
    3  324  325  273    1
    3  326  271  272    1
    3  327  328  301    1
    3  329  326  330    1
    3  300  331  304    1
    3  332  282  302    1
    3  272  325  326    1
    3  296  276  316    1
    3  296  333  275    1
    3  324  334  325    1
    3  335  329  336    1
    3  315  328  337    1
    3  338  339  303    3
    3  334  340  341    4
    3  279  289  278    1
    3  274  275  333    1
    3  322  278  289    1
    3  342  343  344    3
    3  332  301  328    1
    3  314  290  280    1
    3  345  338  346    3
    3  324  333  334    1
    3  277  316  276    1
    3  266  267  335    1
    3  288  291  287    1
    3  347  348  349    3
    3  316  322  317    1
    3  297  350  351    4
    3  327  301  293    1
    3  283  331  302    1
    3  352  353  354    4
    3  326  269  270    1
    3  332  302  301    1
    3  355  299  298    1
    3  312  356  357    3
    3  330  355  329    1
    3  336  306  335    1
    3  271  326  270    1
    3  358  359  360    4
    3  298  361  362    3
    3  283  302  282    1
    3  336  329  355    1
    3  326  363  330    1
    3  265  292  288    1
    3  300  364  365    3
    3  366  367  368    4
    3  333  318  334    1
    3  369  361  370    3
    3  327  293  297    1
    3  278  322  277    1
    3  320  291  356    3
    3  371  285  323    1
    3  363  325  334    1
    3  371  331  284    1
    3  364  339  349    3
    3  268  335  267    1
    3  372  363  373    4
    3  280  290  279    1
    3  266  306  265    1
    3  316  277  322    1
    3  328  315  314    1
    3  308  315  367    1
    3  355  330  372    1
    3  327  297  337    1
    3  280  281  314    1
    3  374  340  375    4
    3  296  316  318    1
    3  352  376  377    4
    3  355  307  336    1
    3  292  343  378    3
    3  326  325  363    1
    3  320  287  291    1
    3  345  319  379    3
    3  380  372  381    4
    3  358  366  382    4
    3  268  329  335    1
    3  273  274  324    1
    3  336  307  306    1
    3  265  306  292    1
    3  296  318  333    1
    3  383  374  384    4
    3  329  268  269    1
    3  385  373  386    4
    3  333  324  274    1
    3  283  284  331    1
    3  298  307  355    1
    3  299  353  387    4
    3  308  289  315    1
    3  273  325  272    1
    3  327  337  328    1
    3  388  376  389    4
    3  314  332  328    1
    3  281  282  332    1
    3  315  289  290    1
    3  363  372  330    1
    3  355  372  299    1
    3  285  371  284    1
    3  314  281  332    1
    3  269  326  329    1
    3  369  347  311    3
    3  266  335  306    1
    3  286  320  323    1
    3  308  322  289    1
    3  300  302  331    1
    3  343  390  313    3
    3  292  307  344    3
    3  298  348  370    3
    3  361  390  342    3
    3  343  342  390    3
    3  342  307  362    3
    3  347  369  348    3
    3  361  369  390    3
    3  369  311  390    3
    3  312  311  347    3
    3  311  313  390    3
    3  313  312  378    3
    3  298  362  307    3
    3  342  362  361    3
    3  342  344  307    3
    3  292  344  343    3
    3  369  370  348    3
    3  298  370  361    3
    3  292  378  312    3
    3  313  378  343    3
    3  334  318  375    4
    3  340  391  388    4
    3  318  317  384    4
    3  340  374  391    4
    3  352  385  389    4
    3  376  391  359    4
    3  376  388  391    4
    3  388  385  341    4
    3  359  391  383    4
    3  359  358  377    4
    3  374  383  391    4
    3  383  317  360    4
    3  374  375  318    4
    3  334  375  340    4
    3  334  341  385    4
    3  388  341  340    4
    3  388  389  385    4
    3  352  389  376    4
    3  352  377  358    4
    3  359  377  376    4
    3  358  360  317    4
    3  383  360  359    4
    3  383  384  317    4
    3  318  384  374    4
    3  367  358  309    4
    3  315  337  368    1
    3  353  352  350    4
    3  353  299  380    4
    3  372  380  299    4
    3  380  385  354    4
    3  350  352  392    4
    3  350  297  387    4
    3  366  337  392    4
    3  367  366  358    4
    3  363  334  386    4
    3  373  385  381    4
    3  392  337  351    4
    3  392  352  382    4
    3  380  381  385    4
    3  373  381  372    4
    3  358  317  310    4
    3  367  309  308    4
    3  385  386  334    4
    3  363  386  373    4
    3  366  368  337    4
    3  315  368  367    1
    3  299  387  297    4
    3  350  387  353    4
    3  352  354  385    4
    3  380  354  353    4
    3  358  382  352    4
    3  392  382  366    4
    3  297  351  337    4
    3  392  351  350    4
    3  308  310  317    4
    3  358  310  309    4
    3  312  347  379    3
    3  320  319  323    3
    3  371  323  346    3
    3  338  347  393    3
    3  364  300  394    3
    3  364  348  294    3
    3  319  345  323    3
    3  338  345  347    3
    3  348  298  295    3
    3  294  293  365    3
    3  304  339  394    3
    3  331  371  305    1
    3  364  349  348    3
    3  349  339  393    3
    3  338  393  339    3
    3  349  393  347    3
    3  338  303  371    3
    3  304  303  339    3
    3  356  312  321    3
    3  291  292  357    3
    3  364  394  339    3
    3  304  394  300    3
    3  319  321  312    3
    3  356  321  320    3
    3  293  295  298    3
    3  348  295  294    3
    3  312  357  292    3
    3  291  357  356    3
    3  345  346  323    3
    3  371  346  338    3
    3  303  305  371    3
    3  331  305  304    1
    3  345  379  347    3
    3  312  379  319    3
    3  300  365  293    3
    3  294  365  364    3
C Prescribed Values(Inlet, Outlet), InteractionSurface(Inlet, Outlet)
       3        1        0        2        2        2
C Inlet Velocity
C     Vx,           Vy,            Vz,    indVx,indVy,indVz, FunID (3E18.9, 4I5)
   0.000000000e+00   1.000000000e+00   0.000000000e+00    1    0    1    4
C Inlet Pressure, FunID (E18.9,I5)
   1.000000000e+00    3
C Outlet Pressure (E18.9,I5)
   1.000000000e+00    2
C Inlet Velocity
C nNodeID,    Vx,           Vy,            Vz (I5, 3E18.9)
  265
    1  -1.300000000e+00  -1.000000000e+00   1.200000000e+00
    2  -1.100000000e+00  -2.000000000e+00   2.000000000e-01
    3  -9.000000000e-01  -2.000000000e+00  -1.000000000e-01
    4  -8.000000000e-01  -2.000000000e+00   4.000000000e-01
    5  -1.100000000e+00  -2.000000000e+00   1.100000000e+00
    6  -1.800000000e+00  -2.000000000e+00   1.600000000e+00
    7  -2.100000000e+00  -2.000000000e+00   1.500000000e+00
    8  -1.800000000e+00  -2.000000000e+00   1.000000000e+00
    9  -9.000000000e-01  -2.000000000e+00   7.000000000e-01
   10  -2.000000000e-01  -2.000000000e+00   1.000000000e+00
   11   1.000000000e-01  -2.000000000e+00   1.300000000e+00
   12  -1.000000000e-01  -2.000000000e+00   1.400000000e+00
   13  -3.000000000e-01  -2.000000000e+00   1.600000000e+00
   14  -5.000000000e-01  -2.000000000e+00   1.800000000e+00
   15  -8.000000000e-01  -2.000000000e+00   1.900000000e+00
   16  -1.000000000e+00  -2.000000000e+00   1.900000000e+00
   17  -1.600000000e+00  -2.000000000e+00   2.200000000e+00
   18  -2.300000000e+00  -2.000000000e+00   2.400000000e+00
   19  -3.000000000e+00  -2.000000000e+00   2.200000000e+00
   20  -3.100000000e+00  -2.000000000e+00   1.500000000e+00
   21  -2.200000000e+00  -2.000000000e+00   9.000000000e-01
   22  -1.200000000e+00  -2.000000000e+00   8.000000000e-01
   23  -8.000000000e-01  -2.000000000e+00   9.000000000e-01
   24  -7.000000000e-01  -2.000000000e+00   1.000000000e+00
   25  -8.000000000e-01  -2.000000000e+00   1.000000000e+00
   26  -1.100000000e+00  -2.000000000e+00   8.000000000e-01
   27  -1.000000000e+00  -2.000000000e+00   4.000000000e-01
   28  -1.000000000e+00  -2.000000000e+00   1.000000000e+00
   29  -1.400000000e+00  -2.000000000e+00   1.600000000e+00
   30  -1.900000000e+00  -2.000000000e+00   2.000000000e+00
   31  -2.300000000e+00  -2.000000000e+00   1.700000000e+00
   32  -1.900000000e+00  -2.000000000e+00   1.200000000e+00
   33  -1.000000000e+00  -2.000000000e+00   9.000000000e-01
   34  -1.000000000e-01  -2.000000000e+00   1.100000000e+00
   35   2.000000000e-01  -2.000000000e+00   1.400000000e+00
   36   0.000000000e+00  -2.000000000e+00   1.700000000e+00
   37  -2.000000000e-01  -2.000000000e+00   2.000000000e+00
   38  -3.000000000e-01  -2.000000000e+00   2.300000000e+00
   39  -7.000000000e-01  -2.000000000e+00   2.400000000e+00
   40  -1.100000000e+00  -2.000000000e+00   2.400000000e+00
   41  -1.500000000e+00  -2.000000000e+00   2.500000000e+00
   42  -2.200000000e+00  -2.000000000e+00   2.500000000e+00
   43  -2.700000000e+00  -2.000000000e+00   2.200000000e+00
   44  -2.900000000e+00  -2.000000000e+00   1.700000000e+00
   45  -2.100000000e+00  -2.000000000e+00   1.100000000e+00
   46  -1.400000000e+00  -2.000000000e+00   9.000000000e-01
   47  -9.000000000e-01  -2.000000000e+00   1.000000000e+00
   48  -8.000000000e-01  -2.000000000e+00   1.200000000e+00
   49  -8.000000000e-01  -2.000000000e+00   1.300000000e+00
   50  -1.100000000e+00  -2.000000000e+00   8.000000000e-01
   51  -9.000000000e-01  -2.000000000e+00   3.000000000e-01
   52  -9.000000000e-01  -2.000000000e+00   1.000000000e+00
   53  -1.200000000e+00  -2.000000000e+00   1.900000000e+00
   54  -1.900000000e+00  -2.000000000e+00   2.300000000e+00
   55  -2.400000000e+00  -2.000000000e+00   2.100000000e+00
   56  -2.000000000e+00  -2.000000000e+00   1.500000000e+00
   57  -1.200000000e+00  -2.000000000e+00   1.200000000e+00
   58  -2.000000000e-01  -2.000000000e+00   1.300000000e+00
   59   2.000000000e-01  -2.000000000e+00   1.700000000e+00
   60   1.000000000e-01  -2.000000000e+00   1.900000000e+00
   61   0.000000000e+00  -2.000000000e+00   2.400000000e+00
   62  -1.000000000e-01  -2.000000000e+00   2.900000000e+00
   63  -6.000000000e-01  -2.000000000e+00   3.300000000e+00
   64  -1.100000000e+00  -2.000000000e+00   3.300000000e+00
   65  -1.700000000e+00  -2.000000000e+00   3.400000000e+00
   66  -2.500000000e+00  -2.000000000e+00   3.300000000e+00
   67  -3.000000000e+00  -2.000000000e+00   2.800000000e+00
   68  -3.000000000e+00  -2.000000000e+00   2.100000000e+00
   69  -1.600000000e+00  -2.000000000e+00   1.500000000e+00
   70  -3.000000000e-01  -2.000000000e+00   1.600000000e+00
   71   1.000000000e-01  -2.000000000e+00   2.000000000e+00
   72   1.000000000e-01  -2.000000000e+00   2.300000000e+00
   73  -5.000000000e-01  -2.000000000e+00   2.100000000e+00
   74  -1.000000000e+00  -1.300000000e+00   3.000000000e-01
   75  -7.000000000e-01  -1.300000000e+00  -1.000000000e-01
   76  -5.000000000e-01  -1.300000000e+00   6.000000000e-01
   77  -8.000000000e-01  -1.300000000e+00   1.500000000e+00
   78  -1.400000000e+00  -1.300000000e+00   2.100000000e+00
   79  -1.700000000e+00  -1.300000000e+00   1.900000000e+00
   80  -1.500000000e+00  -1.300000000e+00   1.500000000e+00
   81  -7.000000000e-01  -1.300000000e+00   1.300000000e+00
   82   0.000000000e+00  -1.300000000e+00   1.400000000e+00
   83   4.000000000e-01  -1.300000000e+00   1.800000000e+00
   84   3.000000000e-01  -1.300000000e+00   2.000000000e+00
   85   4.000000000e-01  -1.300000000e+00   2.600000000e+00
   86   2.000000000e-01  -1.300000000e+00   3.400000000e+00
   87  -4.000000000e-01  -1.300000000e+00   4.100000000e+00
   88  -1.000000000e+00  -1.300000000e+00   4.100000000e+00
   89  -1.700000000e+00  -1.300000000e+00   3.900000000e+00
   90  -2.600000000e+00  -1.300000000e+00   3.700000000e+00
   91  -3.100000000e+00  -1.300000000e+00   3.100000000e+00
   92  -3.000000000e+00  -1.300000000e+00   2.200000000e+00
   93  -1.200000000e+00  -1.300000000e+00   1.500000000e+00
   94   4.000000000e-01  -1.300000000e+00   1.800000000e+00
   95   8.000000000e-01  -1.300000000e+00   2.400000000e+00
   96   5.000000000e-01  -1.300000000e+00   2.800000000e+00
   97  -3.000000000e-01  -1.300000000e+00   2.200000000e+00
   98  -9.000000000e-01  -1.200000000e+00   3.000000000e-01
   99  -6.000000000e-01  -1.200000000e+00  -1.000000000e-01
  100  -3.000000000e-01  -1.200000000e+00   5.000000000e-01
  101  -6.000000000e-01  -1.200000000e+00   1.300000000e+00
  102  -1.000000000e+00  -1.200000000e+00   1.800000000e+00
  103  -1.200000000e+00  -1.200000000e+00   1.700000000e+00
  104  -1.000000000e+00  -1.200000000e+00   1.400000000e+00
  105  -4.000000000e-01  -1.200000000e+00   1.300000000e+00
  106   4.000000000e-01  -1.200000000e+00   1.400000000e+00
  107   8.000000000e-01  -1.200000000e+00   1.800000000e+00
  108   6.000000000e-01  -1.200000000e+00   2.100000000e+00
  109   7.000000000e-01  -1.200000000e+00   2.800000000e+00
  110   4.000000000e-01  -1.200000000e+00   3.600000000e+00
  111  -2.000000000e-01  -1.200000000e+00   4.200000000e+00
  112  -9.000000000e-01  -1.200000000e+00   4.300000000e+00
  113  -1.700000000e+00  -1.200000000e+00   4.100000000e+00
  114  -2.300000000e+00  -1.200000000e+00   3.600000000e+00
  115  -2.800000000e+00  -1.200000000e+00   2.900000000e+00
  116  -2.700000000e+00  -1.200000000e+00   2.200000000e+00
  117  -1.200000000e+00  -1.200000000e+00   1.600000000e+00
  118   2.000000000e-01  -1.200000000e+00   1.700000000e+00
  119   6.000000000e-01  -1.200000000e+00   2.200000000e+00
  120   4.000000000e-01  -1.200000000e+00   2.400000000e+00
  121  -4.000000000e-01  -1.200000000e+00   1.900000000e+00
  122  -1.200000000e+00  -1.100000000e+00  -7.000000000e-01
  123  -7.000000000e-01  -1.100000000e+00  -1.000000000e+00
  124  -4.000000000e-01  -1.100000000e+00   0.000000000e+00
  125  -7.000000000e-01  -1.100000000e+00   1.200000000e+00
  126  -1.400000000e+00  -1.100000000e+00   1.800000000e+00
  127  -1.800000000e+00  -1.100000000e+00   1.700000000e+00
  128  -1.600000000e+00  -1.100000000e+00   1.300000000e+00
  129  -7.000000000e-01  -1.100000000e+00   1.000000000e+00
  130   4.000000000e-01  -1.100000000e+00   1.100000000e+00
  131   8.000000000e-01  -1.100000000e+00   1.700000000e+00
  132   7.000000000e-01  -1.100000000e+00   2.100000000e+00
  133   7.000000000e-01  -1.100000000e+00   2.700000000e+00
  134   3.000000000e-01  -1.100000000e+00   3.300000000e+00
  135  -2.000000000e-01  -1.100000000e+00   3.900000000e+00
  136  -1.000000000e+00  -1.100000000e+00   3.900000000e+00
  137  -1.600000000e+00  -1.100000000e+00   3.600000000e+00
  138  -2.300000000e+00  -1.100000000e+00   3.300000000e+00
  139  -2.800000000e+00  -1.100000000e+00   2.700000000e+00
  140  -2.600000000e+00  -1.100000000e+00   2.000000000e+00
  141  -1.200000000e+00  -1.100000000e+00   1.400000000e+00
  142   1.000000000e-01  -1.100000000e+00   1.500000000e+00
  143   5.000000000e-01  -1.100000000e+00   1.900000000e+00
  144   1.000000000e-01  -1.100000000e+00   2.000000000e+00
  145  -7.000000000e-01  -1.100000000e+00   1.300000000e+00
  146  -1.300000000e+00  -1.000000000e+00  -2.000000000e-01
  147  -9.000000000e-01  -1.000000000e+00  -6.000000000e-01
  148  -6.000000000e-01  -1.000000000e+00  -2.000000000e-01
  149  -8.000000000e-01  -1.000000000e+00   1.000000000e+00
  150  -1.100000000e+00  -1.000000000e+00   1.000000000e+00
  151  -1.300000000e+00  -1.000000000e+00   1.100000000e+00
  152  -1.200000000e+00  -1.000000000e+00   9.000000000e-01
  153  -8.000000000e-01  -1.000000000e+00   8.000000000e-01
  154  -3.000000000e-01  -1.000000000e+00   9.000000000e-01
  155  -1.000000000e-01  -1.000000000e+00   1.100000000e+00
  156  -2.000000000e-01  -1.000000000e+00   1.300000000e+00
  157   0.000000000e+00  -1.000000000e+00   1.700000000e+00
  158  -1.000000000e-01  -1.000000000e+00   2.200000000e+00
  159  -5.000000000e-01  -1.000000000e+00   2.700000000e+00
  160  -1.000000000e+00  -1.000000000e+00   3.000000000e+00
  161  -1.700000000e+00  -1.000000000e+00   3.200000000e+00
  162  -2.800000000e+00  -1.000000000e+00   3.400000000e+00
  163  -3.600000000e+00  -1.000000000e+00   2.900000000e+00
  164  -3.500000000e+00  -1.000000000e+00   1.900000000e+00
  165  -1.600000000e+00  -1.000000000e+00   1.200000000e+00
  166   0.000000000e+00  -1.000000000e+00   1.400000000e+00
  167   2.000000000e-01  -1.000000000e+00   1.700000000e+00
  168   0.000000000e+00  -1.000000000e+00   1.900000000e+00
  169  -7.000000000e-01  -1.000000000e+00   1.400000000e+00
  170  -1.200000000e+00  -9.000000000e-01   1.000000000e+00
  171  -1.100000000e+00  -9.000000000e-01   1.000000000e+00
  172  -1.100000000e+00  -9.000000000e-01   1.000000000e+00
  173  -1.300000000e+00  -9.000000000e-01   1.000000000e+00
  174  -1.600000000e+00  -9.000000000e-01   1.000000000e+00
  175  -1.800000000e+00  -9.000000000e-01   1.000000000e+00
  176  -1.500000000e+00  -9.000000000e-01   1.000000000e+00
  177  -9.000000000e-01  -9.000000000e-01   9.000000000e-01
  178  -4.000000000e-01  -9.000000000e-01   1.100000000e+00
  179   0.000000000e+00  -9.000000000e-01   1.400000000e+00
  180  -2.000000000e-01  -9.000000000e-01   1.600000000e+00
  181  -3.000000000e-01  -9.000000000e-01   1.700000000e+00
  182  -5.000000000e-01  -9.000000000e-01   2.000000000e+00
  183  -7.000000000e-01  -9.000000000e-01   2.300000000e+00
  184  -1.000000000e+00  -9.000000000e-01   2.400000000e+00
  185  -1.700000000e+00  -9.000000000e-01   3.000000000e+00
  186  -3.000000000e+00  -9.000000000e-01   3.500000000e+00
  187  -3.800000000e+00  -9.000000000e-01   3.000000000e+00
  188  -3.600000000e+00  -9.000000000e-01   2.100000000e+00
  189  -1.900000000e+00  -9.000000000e-01   1.300000000e+00
  190  -7.000000000e-01  -9.000000000e-01   1.400000000e+00
  191  -4.000000000e-01  -9.000000000e-01   1.600000000e+00
  192  -3.000000000e-01  -9.000000000e-01   2.000000000e+00
  193  -7.000000000e-01  -9.000000000e-01   2.000000000e+00
  194  -1.600000000e+00  -8.000000000e-01   1.000000000e+00
  195  -1.500000000e+00  -8.000000000e-01   1.000000000e+00
  196  -1.400000000e+00  -8.000000000e-01   1.000000000e+00
  197  -1.500000000e+00  -8.000000000e-01   1.000000000e+00
  198  -1.600000000e+00  -8.000000000e-01   1.000000000e+00
  199  -1.700000000e+00  -8.000000000e-01   1.000000000e+00
  200  -1.600000000e+00  -8.000000000e-01   1.000000000e+00
  201  -1.300000000e+00  -8.000000000e-01   1.000000000e+00
  202  -1.100000000e+00  -8.000000000e-01   1.000000000e+00
  203  -1.000000000e+00  -8.000000000e-01   1.100000000e+00
  204  -1.100000000e+00  -8.000000000e-01   1.100000000e+00
  205  -1.000000000e+00  -8.000000000e-01   1.300000000e+00
  206  -9.000000000e-01  -8.000000000e-01   1.900000000e+00
  207  -1.000000000e+00  -8.000000000e-01   2.600000000e+00
  208  -1.400000000e+00  -8.000000000e-01   2.900000000e+00
  209  -2.200000000e+00  -8.000000000e-01   3.300000000e+00
  210  -3.800000000e+00  -8.000000000e-01   4.100000000e+00
  211  -4.900000000e+00  -8.000000000e-01   3.500000000e+00
  212  -4.700000000e+00  -8.000000000e-01   2.400000000e+00
  213  -2.700000000e+00  -8.000000000e-01   1.400000000e+00
  214  -1.300000000e+00  -8.000000000e-01   1.400000000e+00
  215  -9.000000000e-01  -8.000000000e-01   1.700000000e+00
  216  -6.000000000e-01  -8.000000000e-01   2.100000000e+00
  217  -1.000000000e+00  -8.000000000e-01   2.300000000e+00
  218  -1.600000000e+00  -7.000000000e-01   1.000000000e+00
  219  -1.400000000e+00  -7.000000000e-01   0.000000000e+00
  220  -1.200000000e+00  -7.000000000e-01   1.000000000e+00
  221  -1.100000000e+00  -7.000000000e-01   0.000000000e+00
  222  -1.100000000e+00  -7.000000000e-01   1.000000000e+00
  223  -1.100000000e+00  -7.000000000e-01   1.000000000e+00
  224  -1.100000000e+00  -7.000000000e-01   1.000000000e+00
  225  -9.000000000e-01  -7.000000000e-01   1.000000000e+00
  226  -7.000000000e-01  -7.000000000e-01   1.100000000e+00
  227  -1.000000000e+00  -7.000000000e-01   1.200000000e+00
  228  -1.000000000e+00  -7.000000000e-01   1.300000000e+00
  229  -6.000000000e-01  -7.000000000e-01   1.800000000e+00
  230  -4.000000000e-01  -7.000000000e-01   2.700000000e+00
  231  -9.000000000e-01  -7.000000000e-01   3.500000000e+00
  232  -1.600000000e+00  -7.000000000e-01   4.000000000e+00
  233  -2.300000000e+00  -7.000000000e-01   3.800000000e+00
  234  -3.600000000e+00  -7.000000000e-01   4.100000000e+00
  235  -4.700000000e+00  -7.000000000e-01   3.600000000e+00
  236  -4.500000000e+00  -7.000000000e-01   2.400000000e+00
  237  -2.600000000e+00  -7.000000000e-01   1.500000000e+00
  238  -1.300000000e+00  -7.000000000e-01   1.500000000e+00
  239  -9.000000000e-01  -7.000000000e-01   1.700000000e+00
  240  -6.000000000e-01  -7.000000000e-01   2.100000000e+00
  241  -9.000000000e-01  -7.000000000e-01   2.000000000e+00
  242  -1.800000000e+00  -6.000000000e-01   1.000000000e+00
  243  -1.700000000e+00  -6.000000000e-01   1.000000000e+00
  244  -1.600000000e+00  -6.000000000e-01   1.000000000e+00
  245  -1.700000000e+00  -6.000000000e-01   1.000000000e+00
  246  -2.000000000e+00  -6.000000000e-01   2.000000000e+00
  247  -2.200000000e+00  -6.000000000e-01   2.000000000e+00
  248  -3.000000000e+00  -6.000000000e-01   1.000000000e+00
  249  -2.000000000e+00  -6.000000000e-01   1.000000000e+00
  250  -1.000000000e+00  -6.000000000e-01   1.100000000e+00
  251  -1.000000000e+00  -6.000000000e-01   1.300000000e+00
  252  -1.000000000e+00  -6.000000000e-01   1.300000000e+00
  253  -1.000000000e+00  -6.000000000e-01   1.600000000e+00
  254  -8.000000000e-01  -6.000000000e-01   2.600000000e+00
  255  -1.100000000e+00  -6.000000000e-01   3.500000000e+00
  256  -1.800000000e+00  -6.000000000e-01   4.000000000e+00
  257  -2.300000000e+00  -6.000000000e-01   3.600000000e+00
  258  -3.400000000e+00  -6.000000000e-01   3.800000000e+00
  259  -4.400000000e+00  -6.000000000e-01   3.500000000e+00
  260  -4.500000000e+00  -6.000000000e-01   2.500000000e+00
  261  -2.600000000e+00  -6.000000000e-01   1.700000000e+00
  262  -1.300000000e+00  -6.000000000e-01   1.700000000e+00
  263  -8.000000000e-01  -6.000000000e-01   2.100000000e+00
  264  -5.000000000e-01  -6.000000000e-01   2.700000000e+00
  265  -1.000000000e+00  -6.000000000e-01   2.000000000e+00
C Region List
