C PointsNum,MaxElemVol,TetGenParams,nAtrib,IndMov,MDMaxVolume,MDomDiv,MDOnly,MDDivF,MDPrescP
  395    1.000000e+00 YYpznno2q1.414a     0     0    1.000000e+00     1     0     0     0     0     0 YYpznno2q1.414a
  -2.582148000e-01  -8.733570000e+00  -2.318100000e-02
   4.787710000e-02  -8.257820000e+00   8.429840000e-01
  -1.824590000e-01  -8.257820000e+00   8.920480000e-01
  -4.298280000e-01  -8.257820000e+00   9.042330000e-01
  -6.962570000e-01  -8.257820000e+00   8.702300000e-01
  -9.584580000e-01  -8.257820000e+00   7.558930000e-01
  -1.138834000e+00  -8.257820000e+00   5.324290000e-01
  -1.204789000e+00  -8.257820000e+00   2.540960000e-01
  -1.186068000e+00  -8.257820000e+00  -2.078800000e-02
  -1.116557000e+00  -8.257820000e+00  -2.707610000e-01
  -1.008087000e+00  -8.257820000e+00  -4.978680000e-01
  -8.555420000e-01  -8.257820000e+00  -6.967370000e-01
  -6.577010000e-01  -8.257820000e+00  -8.495250000e-01
  -4.291229000e-01  -8.257820000e+00  -9.543890000e-01
  -1.784480000e-01  -8.257820000e+00  -1.003834000e+00
   7.734400000e-02  -8.257820000e+00  -9.713610000e-01
   2.774660000e-01  -8.257820000e+00  -8.074930000e-01
   4.015370000e-01  -8.257820000e+00  -5.978660000e-01
   4.837250000e-01  -8.257820000e+00  -3.994650000e-01
   5.421810000e-01  -8.257820000e+00  -2.099040000e-01
   5.384040000e-01  -8.257820000e+00  -1.590200000e-02
   4.919050000e-01  -8.257820000e+00   1.642130000e-01
   4.221650000e-01  -8.257820000e+00   3.313840000e-01
   3.427470000e-01  -8.257820000e+00   5.070700000e-01
   2.296420000e-01  -8.257820000e+00   6.959680000e-01
   8.691660000e-02  -7.772070000e+00   1.223310000e+00
  -2.424520000e-01  -7.772070000e+00   1.286125000e+00
  -5.826990000e-01  -7.772070000e+00   1.261763000e+00
  -9.174050000e-01  -7.772070000e+00   1.159935000e+00
  -1.220928000e+00  -7.772070000e+00   9.706800000e-01
  -1.438520000e+00  -7.772070000e+00   6.813960000e-01
  -1.542600000e+00  -7.772070000e+00   3.396132000e-01
  -1.556030000e+00  -7.772070000e+00  -1.001500000e-02
  -1.497650000e+00  -7.772070000e+00  -3.468790000e-01
  -1.370598000e+00  -7.772070000e+00  -6.639010000e-01
  -1.164129000e+00  -7.772070000e+00  -9.353400000e-01
  -8.867920000e-01  -7.772070000e+00  -1.132840000e+00
  -5.710834000e-01  -7.772070000e+00  -1.257650000e+00
  -2.358710000e-01  -7.772070000e+00  -1.307470000e+00
   9.852100000e-02  -7.772070000e+00  -1.256909000e+00
   3.589010000e-01  -7.772070000e+00  -1.036371000e+00
   5.157500000e-01  -7.772070000e+00  -7.589380000e-01
   6.201340000e-01  -7.772070000e+00  -5.002580000e-01
   6.939860000e-01  -7.772070000e+00  -2.543868000e-01
   6.892410000e-01  -7.772070000e+00  -4.797000000e-03
   6.311710000e-01  -7.772070000e+00   2.283610000e-01
   5.486970000e-01  -7.772070000e+00   4.503930000e-01
   4.595450000e-01  -7.772070000e+00   6.957270000e-01
   3.279450000e-01  -7.772070000e+00   9.820340000e-01
   8.772900000e-02  -7.286310000e+00   1.526160000e+00
  -3.129520000e-01  -7.286310000e+00   1.589930000e+00
  -7.207170000e-01  -7.286310000e+00   1.548374000e+00
  -1.115431000e+00  -7.286310000e+00   1.417688000e+00
  -1.471160000e+00  -7.286310000e+00   1.185894000e+00
  -1.732030000e+00  -7.286310000e+00   8.460600000e-01
  -1.867430000e+00  -7.286310000e+00   4.425288000e-01
  -1.900910000e+00  -7.286310000e+00   2.568100000e-02
  -1.846080000e+00  -7.286310000e+00  -3.865190000e-01
  -1.699860000e+00  -7.286310000e+00  -7.780640000e-01
  -1.444643000e+00  -7.286310000e+00  -1.112050000e+00
  -1.092412000e+00  -7.286310000e+00  -1.334200000e+00
  -7.022710000e-01  -7.286310000e+00  -1.452670000e+00
  -3.060850000e-01  -7.286310000e+00  -1.482310000e+00
   8.238100000e-02  -7.286310000e+00  -1.417105000e+00
   3.719140000e-01  -7.286310000e+00  -1.143656000e+00
   5.322660000e-01  -7.286310000e+00  -8.082660000e-01
   6.388670000e-01  -7.286310000e+00  -5.151500000e-01
   7.331260000e-01  -7.286310000e+00  -2.474712000e-01
   7.830710000e-01  -7.286310000e+00   3.161700000e-02
   7.651910000e-01  -7.286310000e+00   3.201430000e-01
   6.770120000e-01  -7.286310000e+00   6.018120000e-01
   5.674670000e-01  -7.286310000e+00   9.093000000e-01
   3.943980000e-01  -7.286310000e+00   1.253800000e+00
   9.409400000e-02  -6.796560000e+00   1.764210000e+00
  -3.687960000e-01  -6.796560000e+00   1.824460000e+00
  -8.280470000e-01  -6.796560000e+00   1.754660000e+00
  -1.259810000e+00  -6.796560000e+00   1.581637000e+00
  -1.641090000e+00  -6.796560000e+00   1.310342000e+00
  -1.925580000e+00  -6.796560000e+00   9.355060000e-01
  -2.104380000e+00  -6.796560000e+00   5.007276000e-01
  -2.188640000e+00  -6.796560000e+00   3.515300000e-02
  -2.175630000e+00  -6.796560000e+00  -4.512860000e-01
  -2.033090000e+00  -6.796560000e+00  -9.294600000e-01
  -1.723030000e+00  -6.796560000e+00  -1.326750000e+00
  -1.279791000e+00  -6.796560000e+00  -1.555720000e+00
  -8.119060000e-01  -6.796560000e+00  -1.646640000e+00
  -3.604300000e-01  -6.796560000e+00  -1.643400000e+00
   6.815500000e-02  -6.796560000e+00  -1.557250000e+00
   3.908320000e-01  -6.796560000e+00  -1.261010000e+00
   5.654680000e-01  -6.796560000e+00  -8.865840000e-01
   6.820970000e-01  -6.796560000e+00  -5.616180000e-01
   7.939920000e-01  -6.796560000e+00  -2.682724000e-01
   8.765360000e-01  -6.796560000e+00   4.165700000e-02
   8.808740000e-01  -6.796560000e+00   3.758790000e-01
   7.846160000e-01  -6.796560000e+00   7.062490000e-01
   6.566960000e-01  -6.796560000e+00   1.065710000e+00
   4.519540000e-01  -6.796560000e+00   1.460800000e+00
   9.879500000e-02  -6.311800000e+00   1.937060000e+00
  -4.095600000e-01  -6.311800000e+00   1.998910000e+00
  -9.124370000e-01  -6.311800000e+00   1.914890000e+00
  -1.380770000e+00  -6.311800000e+00   1.717361000e+00
  -1.789770000e+00  -6.311800000e+00   1.416382000e+00
  -2.098940000e+00  -6.311800000e+00   1.010858000e+00
  -2.303730000e+00  -6.311800000e+00   5.418001000e-01
  -2.417890000e+00  -6.311800000e+00   3.345300000e-02
  -2.422990000e+00  -6.311800000e+00  -5.082160000e-01
  -2.276810000e+00  -6.311800000e+00  -1.048810000e+00
  -1.926990000e+00  -6.311800000e+00  -1.491390000e+00
  -1.420682000e+00  -6.311800000e+00  -1.730810000e+00
  -8.962050000e-01  -6.311800000e+00  -1.812370000e+00
  -4.009680000e-01  -6.311800000e+00  -1.795200000e+00
   6.451700000e-02  -6.311800000e+00  -1.697170000e+00
   4.205360000e-01  -6.311800000e+00  -1.383940000e+00
   6.180970000e-01  -6.311800000e+00  -9.798540000e-01
   7.485120000e-01  -6.311800000e+00  -6.248530000e-01
   8.720680000e-01  -6.311800000e+00  -3.011999000e-01
   9.599090000e-01  -6.311800000e+00   4.100600000e-02
   9.606970000e-01  -6.311800000e+00   4.073950000e-01
   8.544360000e-01  -6.311800000e+00   7.694410000e-01
   7.163280000e-01  -6.311800000e+00   1.164280000e+00
   4.928210000e-01  -6.311800000e+00   1.602470000e+00
   8.616100000e-02  -5.826050000e+00   2.076360000e+00
  -4.572700000e-01  -5.826050000e+00   2.150020000e+00
  -1.003110000e+00  -5.826050000e+00   2.082090000e+00
  -1.524750000e+00  -5.826050000e+00   1.894486000e+00
  -1.991280000e+00  -5.826050000e+00   1.578312000e+00
  -2.339130000e+00  -5.826050000e+00   1.130111000e+00
  -2.551210000e+00  -5.826050000e+00   6.035741000e-01
  -2.645890000e+00  -5.826050000e+00   4.178000000e-02
  -2.620590000e+00  -5.826050000e+00  -5.403500000e-01
  -2.444430000e+00  -5.826050000e+00  -1.110020000e+00
  -2.072250000e+00  -5.826050000e+00  -1.580450000e+00
  -1.538796000e+00  -5.826050000e+00  -1.846080000e+00
  -9.808390000e-01  -5.826050000e+00  -1.944270000e+00
  -4.475400000e-01  -5.826050000e+00  -1.932720000e+00
   5.566000000e-02  -5.826050000e+00  -1.831900000e+00
   4.437640000e-01  -5.826050000e+00  -1.497030000e+00
   6.555960000e-01  -5.826050000e+00  -1.055870000e+00
   7.936100000e-01  -5.826050000e+00  -6.691370000e-01
   9.247430000e-01  -5.826050000e+00  -3.184259000e-01
   1.013371000e+00  -5.826050000e+00   5.032700000e-02
   1.008744000e+00  -5.826050000e+00   4.416150000e-01
   8.944040000e-01  -5.826050000e+00   8.288170000e-01
   7.474280000e-01  -5.826050000e+00   1.252310000e+00
   5.097446000e-01  -5.826050000e+00   1.723250000e+00
   8.439600000e-02  -4.877630000e+00   2.405170000e+00
  -5.324260000e-01  -4.877630000e+00   2.488810000e+00
  -1.151000000e+00  -4.877630000e+00   2.409470000e+00
  -1.742710000e+00  -4.877630000e+00   2.196270000e+00
  -2.271240000e+00  -4.877630000e+00   1.833446000e+00
  -2.665890000e+00  -4.877630000e+00   1.330322000e+00
  -2.888560000e+00  -4.877630000e+00   7.291583000e-01
  -2.965340000e+00  -4.877630000e+00   9.614500000e-02
  -2.907450000e+00  -4.877630000e+00  -5.417300000e-01
  -2.698690000e+00  -4.877630000e+00  -1.158930000e+00
  -2.301530000e+00  -4.877630000e+00  -1.680320000e+00
  -1.724278000e+00  -4.877630000e+00  -1.983530000e+00
  -1.110604000e+00  -4.877630000e+00  -2.099040000e+00
  -5.215888000e-01  -4.877630000e+00  -2.087430000e+00
   3.454000000e-02  -4.877630000e+00  -1.972680000e+00
   4.518500000e-01  -4.877630000e+00  -1.584296000e+00
   6.556460000e-01  -4.877630000e+00  -1.075510000e+00
   7.897600000e-01  -4.877630000e+00  -6.536590000e-01
   9.352810000e-01  -4.877630000e+00  -2.858417000e-01
   1.071008000e+00  -4.877630000e+00   1.060440000e-01
   1.098447000e+00  -4.877630000e+00   5.416880000e-01
   9.822810000e-01  -4.877630000e+00   9.780430000e-01
   8.279780000e-01  -4.877630000e+00   1.463170000e+00
   5.656162900e-01  -4.877630000e+00   2.004440000e+00
   7.884700000e-02  -3.930210000e+00   2.717100000e+00
  -5.969590000e-01  -3.930210000e+00   2.819100000e+00
  -1.278980000e+00  -3.930210000e+00   2.736090000e+00
  -1.931220000e+00  -3.930210000e+00   2.496630000e+00
  -2.517990000e+00  -3.930210000e+00   2.106959000e+00
  -2.951310000e+00  -3.930210000e+00   1.543271000e+00
  -3.149540000e+00  -3.930210000e+00   8.685661000e-01
  -3.150270000e+00  -3.930210000e+00   1.837740000e-01
  -3.011900000e+00  -3.930210000e+00  -4.644400000e-01
  -2.753050000e+00  -3.930210000e+00  -1.065330000e+00
  -2.366520000e+00  -3.930210000e+00  -1.593850000e+00
  -1.812200000e+00  -3.930210000e+00  -1.936790000e+00
  -1.197153000e+00  -3.930210000e+00  -2.092030000e+00
  -5.856358000e-01  -3.930210000e+00  -2.106100000e+00
   3.620000000e-04  -3.930210000e+00  -1.998070000e+00
   4.293120000e-01  -3.930210000e+00  -1.567900000e+00
   6.067290000e-01  -3.930210000e+00  -1.002666000e+00
   7.263270000e-01  -3.930210000e+00  -5.669530000e-01
   8.809830000e-01  -3.930210000e+00  -2.004339000e-01
   1.045012000e+00  -3.930210000e+00   1.936240000e-01
   1.068208000e+00  -3.930210000e+00   6.386060000e-01
   9.679370000e-01  -3.930210000e+00   1.094660000e+00
   8.391460000e-01  -3.930210000e+00   1.626350000e+00
   5.907498000e-01  -3.930210000e+00   2.248890000e+00
   3.740300000e-02  -2.981800000e+00   2.915380000e+00
  -6.820400000e-01  -2.981800000e+00   3.024140000e+00
  -1.411120000e+00  -2.981800000e+00   2.953500000e+00
  -2.117750000e+00  -2.981800000e+00   2.715610000e+00
  -2.759220000e+00  -2.981800000e+00   2.302050000e+00
  -3.235390000e+00  -2.981800000e+00   1.697489000e+00
  -3.450530000e+00  -2.981800000e+00   9.664598000e-01
  -3.448860000e+00  -2.981800000e+00   2.238740000e-01
  -3.293750000e+00  -2.981800000e+00  -4.776500000e-01
  -3.011310000e+00  -2.981800000e+00  -1.125250000e+00
  -2.590030000e+00  -2.981800000e+00  -1.693020000e+00
  -1.981910000e+00  -2.981800000e+00  -2.044590000e+00
  -1.313597000e+00  -2.981800000e+00  -2.173180000e+00
  -6.699577000e-01  -2.981800000e+00  -2.154940000e+00
  -6.402800000e-02  -2.981800000e+00  -2.029580000e+00
   3.984200000e-01  -2.981800000e+00  -1.619560000e+00
   5.790360000e-01  -2.981800000e+00  -1.017692000e+00
   6.969280000e-01  -2.981800000e+00  -5.580050000e-01
   8.618160000e-01  -2.981800000e+00  -1.775402000e-01
   1.048447000e+00  -2.981800000e+00   2.341120000e-01
   1.066271000e+00  -2.981800000e+00   7.010300000e-01
   9.723320000e-01  -2.981800000e+00   1.187390000e+00
   8.487340000e-01  -2.981800000e+00   1.761720000e+00
   5.905627000e-01  -2.981800000e+00   2.435660000e+00
  -1.732600000e-02  -2.034380000e+00   3.021200000e+00
  -7.652400000e-01  -2.034380000e+00   3.139590000e+00
  -1.531650000e+00  -2.034380000e+00   3.085840000e+00
  -2.288030000e+00  -2.034380000e+00   2.858580000e+00
  -2.983820000e+00  -2.034380000e+00   2.439100000e+00
  -3.494740000e+00  -2.034380000e+00   1.794914000e+00
  -3.713190000e+00  -2.034380000e+00   1.013879000e+00
  -3.697510000e+00  -2.034380000e+00   2.195710000e-01
  -3.519080000e+00  -2.034380000e+00  -5.208800000e-01
  -3.214990000e+00  -2.034380000e+00  -1.198780000e+00
  -2.767350000e+00  -2.034380000e+00  -1.791770000e+00
  -2.127730000e+00  -2.034380000e+00  -2.157960000e+00
  -1.424326000e+00  -2.034380000e+00  -2.284930000e+00
  -7.524214000e-01  -2.034380000e+00  -2.261160000e+00
  -1.211820000e-01  -2.034380000e+00  -2.129220000e+00
   3.819560000e-01  -2.034380000e+00  -1.737400000e+00
   5.828180000e-01  -2.034380000e+00  -1.108149000e+00
   6.967020000e-01  -2.034380000e+00  -6.085870000e-01
   8.450850000e-01  -2.034380000e+00  -1.991210000e-01
   9.844930000e-01  -2.034380000e+00   2.304430000e-01
   9.665080000e-01  -2.034380000e+00   6.930710000e-01
   8.877980000e-01  -2.034380000e+00   1.182003000e+00
   7.911820000e-01  -2.034380000e+00   1.783410000e+00
   5.555200000e-01  -2.034380000e+00   2.512870000e+00
  -1.477900000e-01  -1.085960000e+00   3.031430000e+00
  -9.015300000e-01  -1.085960000e+00   3.167250000e+00
  -1.684820000e+00  -1.085960000e+00   3.140690000e+00
  -2.475170000e+00  -1.085960000e+00   2.942630000e+00
  -3.213020000e+00  -1.085960000e+00   2.526420000e+00
  -3.750340000e+00  -1.085960000e+00   1.862011000e+00
  -4.006630000e+00  -1.085960000e+00   1.043255000e+00
  -4.026860000e+00  -1.085960000e+00   2.125820000e-01
  -3.874810000e+00  -1.085960000e+00  -5.885900000e-01
  -3.564140000e+00  -1.085960000e+00  -1.333100000e+00
  -3.074750000e+00  -1.085960000e+00  -1.971330000e+00
  -2.342720000e+00  -1.085960000e+00  -2.295720000e+00
  -1.567790000e+00  -1.085960000e+00  -2.318320000e+00
  -8.881575000e-01  -1.085960000e+00  -2.205430000e+00
  -2.844030000e-01  -1.085960000e+00  -2.035230000e+00
   2.537660000e-01  -1.085960000e+00  -1.759300000e+00
   5.179660000e-01  -1.085960000e+00  -1.186344000e+00
   6.382030000e-01  -1.085960000e+00  -6.609380000e-01
   7.508350000e-01  -1.085960000e+00  -2.177450000e-01
   7.795370000e-01  -1.085960000e+00   2.230410000e-01
   7.163420000e-01  -1.085960000e+00   6.547110000e-01
   6.754740000e-01  -1.085960000e+00   1.130519000e+00
   6.354980000e-01  -1.085960000e+00   1.755540000e+00
   4.472020000e-01  -1.085960000e+00   2.550830000e+00
  -3.016040000e-01  -3.545410000e-01   3.012920000e+00
   3.311790000e-01  -3.545410000e-01   2.617500000e+00
   5.161060000e-01  -3.545410000e-01   1.789330000e+00
   5.057300000e-01  -3.545410000e-01   1.122040000e+00
   5.053140000e-01  -3.545410000e-01   6.418270000e-01
   5.506230000e-01  -3.545410000e-01   2.265790000e-01
   5.699060000e-01  -3.545410000e-01  -2.052940000e-01
   4.862870000e-01  -3.545410000e-01  -6.552310000e-01
   3.811980000e-01  -3.545410000e-01  -1.195210000e+00
   5.725000000e-02  -3.545410000e-01  -1.673150000e+00
  -4.678090000e-01  -3.545410000e-01  -1.904640000e+00
  -1.037867400e+00  -3.545410000e-01  -2.125830000e+00
  -1.723604000e+00  -3.545410000e-01  -2.336930000e+00
  -2.568150000e+00  -3.545410000e-01  -2.439170000e+00
  -3.415530000e+00  -3.545410000e-01  -2.162460000e+00
  -3.962070000e+00  -3.545410000e-01  -1.471760000e+00
  -4.259710000e+00  -3.545410000e-01  -6.483500000e-01
  -4.360550000e+00  -3.545410000e-01   2.138050000e-01
  -4.277280000e+00  -3.545410000e-01   1.080706000e+00
  -3.977580000e+00  -3.545410000e-01   1.901634000e+00
  -3.419310000e+00  -3.545410000e-01   2.588010000e+00
  -2.650820000e+00  -3.545410000e-01   2.987920000e+00
  -1.839320000e+00  -3.545410000e-01   3.166490000e+00
  -1.050410000e+00  -3.545410000e-01   3.163470000e+00
  -2.864010000e+00  -3.693410000e-01  -1.794560000e+00
  -3.418700000e+00  -3.676410000e-01  -1.495080000e+00
  -1.628420000e+00  -3.666410000e-01   2.816280000e+00
  -1.152280000e+00  -3.730410000e-01   2.500420000e+00
  -2.619380000e+00  -3.888410000e-01   7.306180000e-01
  -2.555130000e+00  -3.876410000e-01   1.073107500e+00
  -2.171400000e+00  -3.893410000e-01   1.046310800e+00
  -9.694957000e-01  -3.670410000e-01  -1.733020000e+00
  -2.189390000e+00  -3.915410000e-01   2.374400000e-01
  -1.785660000e+00  -3.906410000e-01   1.029514000e+00
  -1.463120000e+00  -3.910410000e-01   2.565310000e-01
  -3.134880000e+00  -3.818410000e-01   1.070340000e+00
  -3.232460000e+00  -3.826410000e-01   3.915950000e-01
  -3.761710000e+00  -3.718410000e-01   7.190870000e-01
  -3.107280000e+00  -3.749410000e-01   1.828005000e+00
  -3.300140000e+00  -3.753410000e-01   1.520366000e+00
  -3.255800000e+00  -3.730410000e-01   1.780249000e+00
  -3.584840000e-01  -3.704410000e-01   2.229377000e+00
  -1.040263000e+00  -3.832410000e-01   1.685407000e+00
  -2.414850000e+00  -3.780410000e-01  -1.447060000e+00
  -2.310510000e+00  -3.819410000e-01  -1.193610000e+00
  -2.079948000e+00  -3.807410000e-01  -1.310360000e+00
  -2.182600000e+00  -3.822410000e-01   1.927501000e+00
  -1.986220000e+00  -3.755410000e-01   2.414297000e+00
  -1.905130000e+00  -3.798410000e-01   2.155365000e+00
  -3.641570000e+00  -3.709410000e-01  -8.441400000e-01
  -2.929030000e+00  -3.796410000e-01  -1.054380000e+00
  -1.494793000e+00  -3.693410000e-01  -1.819390000e+00
  -1.839384000e+00  -3.793410000e-01  -1.423120000e+00
  -1.201830000e+00  -3.771410000e-01  -1.391060000e+00
  -2.324260000e+00  -3.730410000e-01   2.451328000e+00
  -2.141430000e+00  -3.661410000e-01   2.777950000e+00
  -2.063330000e+00  -3.709410000e-01   2.611120000e+00
  -2.167533000e+00  -3.696410000e-01  -1.905810000e+00
  -2.653300000e+00  -3.694410000e-01   2.488359000e+00
  -1.775910000e-01  -3.669410000e-01  -1.243770000e+00
  -6.110000000e-02  -3.695410000e-01  -7.425960000e-01
   1.315690000e-01  -3.682410000e-01   1.512000000e-03
  -2.769640000e+00  -3.880410000e-01   1.375240000e-01
  -3.186940000e+00  -3.822410000e-01  -3.023200000e-01
  -3.286590000e-02  -3.721410000e-01   8.579250000e-01
  -4.260170000e-01  -3.806410000e-01   3.068570000e-01
  -3.587190000e+00  -3.709410000e-01   1.434854900e+00
  -3.785480000e+00  -3.720410000e-01  -6.301100000e-02
  -5.839150000e-01  -3.687410000e-01  -1.507760000e+00
  -7.453240000e-01  -3.791410000e-01  -9.482900000e-01
   1.309210000e-01  -3.664410000e-01   1.670704000e+00
  -4.052530000e-01  -3.776410000e-01   1.476561000e+00
  -2.544730000e+00  -3.880410000e-01  -3.864780000e-01
  -2.875810000e+00  -3.755410000e-01   2.019350000e+00
  -3.003090000e+00  -3.790410000e-01   1.605877000e+00
  -1.125815000e+00  -3.828410000e-01  -9.194400000e-01
  -1.149265000e+00  -3.853410000e-01  -6.450790000e-01
  -1.436450000e+00  -3.839410000e-01   1.785920000e+00
  -1.479460000e+00  -3.793410000e-01   2.168426000e+00
  -1.261660000e+00  -3.814410000e-01   1.941916000e+00
  -2.595730000e+00  -3.745410000e-01   2.253463000e+00
  -2.764060000e+00  -3.725410000e-01   2.263855000e+00
  -2.533150000e+00  -3.794410000e-01   1.998567000e+00
  -2.492890000e+00  -3.860410000e-01   1.405597000e+00
  -2.750490000e+00  -3.829410000e-01   1.505737000e+00
  -2.026850000e+00  -3.911410000e-01  -6.634700000e-02
  -2.286290000e+00  -3.898410000e-01  -2.244130000e-01
  -1.860300000e+00  -3.901410000e-01  -3.581340000e-01
  -1.665210000e+00  -3.910410000e-01  -5.430200000e-02
  -1.417463000e+00  -3.895410000e-01  -2.080090000e-01
  -8.442880000e-01  -3.860410000e-01   8.417197000e-01
  -1.798420000e+00  -3.714410000e-01   2.615290000e+00
  -1.477250000e+00  -3.723410000e-01   2.557850000e+00
  -2.206180000e+00  -3.852410000e-01  -9.481600000e-01
  -1.856241000e+00  -3.856410000e-01  -9.253800000e-01
  -1.853813000e+00  -3.826410000e-01  -1.175750000e+00
  -1.801350000e+00  -3.876410000e-01   1.452974000e+00
  -1.421610000e+00  -3.857410000e-01   1.569191000e+00
  -5.198590000e-01  -3.807410000e-01  -2.776780000e-01
  -2.819380000e+00  -3.844410000e-01   1.237968780e+00
  -2.718380000e+00  -3.867410000e-01   9.842930000e-01
  -2.375450000e+00  -3.869410000e-01  -6.748200000e-01
  -2.567600000e+00  -3.829410000e-01  -9.982700000e-01
  -2.556160000e+00  -3.856410000e-01  -6.963700000e-01
  -2.159470000e+00  -3.856410000e-01   1.636015000e+00
  -2.148620000e+00  -3.872410000e-01   1.429286000e+00
  -3.212470000e+00  -3.704410000e-01   2.040132000e+00
  -8.876610000e-01  -3.867410000e-01   1.507900000e-01
  -8.392870000e-01  -3.847410000e-01  -3.141970000e-01
  -1.356567000e+00  -3.813410000e-01  -1.171330000e+00
  -1.165322000e+00  -3.801410000e-01  -1.165750000e+00
  -1.688302000e+00  -3.879410000e-01  -6.488600000e-01
  -1.946740000e+00  -3.868410000e-01  -7.935100000e-01
  -1.734340000e+00  -3.775410000e-01   2.301361000e+00
  -2.427210000e+00  -3.763410000e-01   2.229948000e+00
  -1.319418000e+00  -3.896410000e-01  -5.809300000e-02
  -1.029688000e+00  -3.874410000e-01  -1.064630000e-01
  -2.119880000e+00  -3.887410000e-01  -5.144800000e-01
  -1.684845000e+00  -3.826410000e-01  -1.165860000e+00
  -1.602976000e+00  -3.806410000e-01  -1.291720000e+00
  -1.169716000e+00  -3.876410000e-01  -3.577170000e-01
  -7.938060000e-01  -3.820410000e-01  -6.347420000e-01
  -1.927800000e+00  -3.914410000e-01   9.056900000e-02
  -1.344510000e+00  -3.867410000e-01  -6.406560000e-01
  -1.430009000e+00  -3.880410000e-01  -5.017910000e-01
  -1.828040000e+00  -3.837410000e-01   1.866434000e+00
  -1.512305000e+00  -3.850410000e-01  -9.155900000e-01
  -2.202510000e+00  -3.894410000e-01  -3.713060000e-01
  -2.769620000e+00  -3.795410000e-01   1.797222000e+00
  -3.069980000e+00  -3.805410000e-01   1.338108900e+00
C Number of facets
  786
C  Size  Node 1  ......Node N Marker
    3    0    1    2    3
    3    0    2    3    3
    3    0    3    4    3
    3    0    4    5    3
    3    0    5    6    3
    3    0    6    7    3
    3    0    7    8    3
    3    0    8    9    3
    3    0    9   10    3
    3    0   10   11    3
    3    0   11   12    3
    3    0   12   13    3
    3    0   13   14    3
    3    0   14   15    3
    3    0   15   16    3
    3    0   16   17    3
    3    0   17   18    3
    3    0   18   19    3
    3    0   19   20    3
    3    0   20   21    3
    3    0   21   22    3
    3    0   22   23    3
    3    0   23   24    3
    3    0   24    1    3
    3    1   25   26    3
    3    1   26    2    3
    3    2   26   27    3
    3    2   27    3    3
    3    3   27   28    3
    3    3   28    4    3
    3    4   28   29    3
    3    4   29    5    3
    3    5   29   30    3
    3    5   30    6    3
    3    6   30   31    3
    3    6   31    7    3
    3    7   31   32    3
    3    7   32    8    3
    3    8   32   33    3
    3    8   33    9    3
    3    9   33   34    3
    3    9   34   10    3
    3   10   34   35    3
    3   10   35   11    3
    3   11   35   36    3
    3   11   36   12    3
    3   12   36   37    3
    3   12   37   13    3
    3   13   37   38    3
    3   13   38   14    3
    3   14   38   39    3
    3   14   39   15    3
    3   15   39   40    3
    3   15   40   16    3
    3   16   40   41    3
    3   16   41   17    3
    3   17   41   42    3
    3   17   42   18    3
    3   18   42   43    3
    3   18   43   19    3
    3   19   43   44    3
    3   19   44   20    3
    3   20   44   45    3
    3   20   45   21    3
    3   21   45   46    3
    3   21   46   22    3
    3   22   46   47    3
    3   22   47   23    3
    3   23   47   48    3
    3   23   48   24    3
    3   24   48   25    3
    3   24   25    1    3
    3   25   49   50    3
    3   25   50   26    3
    3   26   50   51    3
    3   26   51   27    3
    3   27   51   52    3
    3   27   52   28    3
    3   28   52   53    3
    3   28   53   29    3
    3   29   53   54    3
    3   29   54   30    3
    3   30   54   55    3
    3   30   55   31    3
    3   31   55   56    3
    3   31   56   32    3
    3   32   56   57    3
    3   32   57   33    3
    3   33   57   58    3
    3   33   58   34    3
    3   34   58   59    3
    3   34   59   35    3
    3   35   59   60    3
    3   35   60   36    3
    3   36   60   61    3
    3   36   61   37    3
    3   37   61   62    3
    3   37   62   38    3
    3   38   62   63    3
    3   38   63   39    3
    3   39   63   64    3
    3   39   64   40    3
    3   40   64   65    3
    3   40   65   41    3
    3   41   65   66    3
    3   41   66   42    3
    3   42   66   67    3
    3   42   67   43    3
    3   43   67   68    3
    3   43   68   44    3
    3   44   68   69    3
    3   44   69   45    3
    3   45   69   70    3
    3   45   70   46    3
    3   46   70   71    3
    3   46   71   47    3
    3   47   71   72    3
    3   47   72   48    3
    3   48   72   49    3
    3   48   49   25    3
    3   49   73   74    3
    3   49   74   50    3
    3   50   74   75    3
    3   50   75   51    3
    3   51   75   76    3
    3   51   76   52    3
    3   52   76   77    3
    3   52   77   53    3
    3   53   77   78    3
    3   53   78   54    3
    3   54   78   79    3
    3   54   79   55    3
    3   55   79   80    3
    3   55   80   56    3
    3   56   80   81    3
    3   56   81   57    3
    3   57   81   82    3
    3   57   82   58    3
    3   58   82   83    3
    3   58   83   59    3
    3   59   83   84    3
    3   59   84   60    3
    3   60   84   85    3
    3   60   85   61    3
    3   61   85   86    3
    3   61   86   62    3
    3   62   86   87    3
    3   62   87   63    3
    3   63   87   88    3
    3   63   88   64    3
    3   64   88   89    3
    3   64   89   65    3
    3   65   89   90    3
    3   65   90   66    3
    3   66   90   91    3
    3   66   91   67    3
    3   67   91   92    3
    3   67   92   68    3
    3   68   92   93    3
    3   68   93   69    3
    3   69   93   94    3
    3   69   94   70    3
    3   70   94   95    3
    3   70   95   71    3
    3   71   95   96    3
    3   71   96   72    3
    3   72   96   73    3
    3   72   73   49    3
    3   73   97   98    3
    3   73   98   74    3
    3   74   98   99    3
    3   74   99   75    3
    3   75   99  100    3
    3   75  100   76    3
    3   76  100  101    3
    3   76  101   77    3
    3   77  101  102    3
    3   77  102   78    3
    3   78  102  103    3
    3   78  103   79    3
    3   79  103  104    3
    3   79  104   80    3
    3   80  104  105    3
    3   80  105   81    3
    3   81  105  106    3
    3   81  106   82    3
    3   82  106  107    3
    3   82  107   83    3
    3   83  107  108    3
    3   83  108   84    3
    3   84  108  109    3
    3   84  109   85    3
    3   85  109  110    3
    3   85  110   86    3
    3   86  110  111    3
    3   86  111   87    3
    3   87  111  112    3
    3   87  112   88    3
    3   88  112  113    3
    3   88  113   89    3
    3   89  113  114    3
    3   89  114   90    3
    3   90  114  115    3
    3   90  115   91    3
    3   91  115  116    3
    3   91  116   92    3
    3   92  116  117    3
    3   92  117   93    3
    3   93  117  118    3
    3   93  118   94    3
    3   94  118  119    3
    3   94  119   95    3
    3   95  119  120    3
    3   95  120   96    3
    3   96  120   97    3
    3   96   97   73    3
    3   97  121  122    3
    3   97  122   98    3
    3   98  122  123    3
    3   98  123   99    3
    3   99  123  124    3
    3   99  124  100    3
    3  100  124  125    3
    3  100  125  101    3
    3  101  125  126    3
    3  101  126  102    3
    3  102  126  127    3
    3  102  127  103    3
    3  103  127  128    3
    3  103  128  104    3
    3  104  128  129    3
    3  104  129  105    3
    3  105  129  130    3
    3  105  130  106    3
    3  106  130  131    3
    3  106  131  107    3
    3  107  131  132    3
    3  107  132  108    3
    3  108  132  133    3
    3  108  133  109    3
    3  109  133  134    3
    3  109  134  110    3
    3  110  134  135    3
    3  110  135  111    3
    3  111  135  136    3
    3  111  136  112    3
    3  112  136  137    3
    3  112  137  113    3
    3  113  137  138    3
    3  113  138  114    3
    3  114  138  139    3
    3  114  139  115    3
    3  115  139  140    3
    3  115  140  116    3
    3  116  140  141    3
    3  116  141  117    3
    3  117  141  142    3
    3  117  142  118    3
    3  118  142  143    3
    3  118  143  119    3
    3  119  143  144    3
    3  119  144  120    3
    3  120  144  121    3
    3  120  121   97    3
    3  121  145  146    3
    3  121  146  122    3
    3  122  146  147    3
    3  122  147  123    3
    3  123  147  148    3
    3  123  148  124    3
    3  124  148  149    3
    3  124  149  125    3
    3  125  149  150    3
    3  125  150  126    3
    3  126  150  151    3
    3  126  151  127    3
    3  127  151  152    3
    3  127  152  128    3
    3  128  152  153    3
    3  128  153  129    3
    3  129  153  154    3
    3  129  154  130    3
    3  130  154  155    3
    3  130  155  131    3
    3  131  155  156    3
    3  131  156  132    3
    3  132  156  157    3
    3  132  157  133    3
    3  133  157  158    3
    3  133  158  134    3
    3  134  158  159    3
    3  134  159  135    3
    3  135  159  160    3
    3  135  160  136    3
    3  136  160  161    3
    3  136  161  137    3
    3  137  161  162    3
    3  137  162  138    3
    3  138  162  163    3
    3  138  163  139    3
    3  139  163  164    3
    3  139  164  140    3
    3  140  164  165    3
    3  140  165  141    3
    3  141  165  166    3
    3  141  166  142    3
    3  142  166  167    3
    3  142  167  143    3
    3  143  167  168    3
    3  143  168  144    3
    3  144  168  145    3
    3  144  145  121    3
    3  145  169  170    3
    3  145  170  146    3
    3  146  170  171    3
    3  146  171  147    3
    3  147  171  172    3
    3  147  172  148    3
    3  148  172  173    3
    3  148  173  149    3
    3  149  173  174    3
    3  149  174  150    3
    3  150  174  175    3
    3  150  175  151    3
    3  151  175  176    3
    3  151  176  152    3
    3  152  176  177    3
    3  152  177  153    3
    3  153  177  178    3
    3  153  178  154    3
    3  154  178  179    3
    3  154  179  155    3
    3  155  179  180    3
    3  155  180  156    3
    3  156  180  181    3
    3  156  181  157    3
    3  157  181  182    3
    3  157  182  158    3
    3  158  182  183    3
    3  158  183  159    3
    3  159  183  184    3
    3  159  184  160    3
    3  160  184  185    3
    3  160  185  161    3
    3  161  185  186    3
    3  161  186  162    3
    3  162  186  187    3
    3  162  187  163    3
    3  163  187  188    3
    3  163  188  164    3
    3  164  188  189    3
    3  164  189  165    3
    3  165  189  190    3
    3  165  190  166    3
    3  166  190  191    3
    3  166  191  167    3
    3  167  191  192    3
    3  167  192  168    3
    3  168  192  169    3
    3  168  169  145    3
    3  169  193  194    3
    3  169  194  170    3
    3  170  194  195    3
    3  170  195  171    3
    3  171  195  196    3
    3  171  196  172    3
    3  172  196  197    3
    3  172  197  173    3
    3  173  197  198    3
    3  173  198  174    3
    3  174  198  199    3
    3  174  199  175    3
    3  175  199  200    3
    3  175  200  176    3
    3  176  200  201    3
    3  176  201  177    3
    3  177  201  202    3
    3  177  202  178    3
    3  178  202  203    3
    3  178  203  179    3
    3  179  203  204    3
    3  179  204  180    3
    3  180  204  205    3
    3  180  205  181    3
    3  181  205  206    3
    3  181  206  182    3
    3  182  206  207    3
    3  182  207  183    3
    3  183  207  208    3
    3  183  208  184    3
    3  184  208  209    3
    3  184  209  185    3
    3  185  209  210    3
    3  185  210  186    3
    3  186  210  211    3
    3  186  211  187    3
    3  187  211  212    3
    3  187  212  188    3
    3  188  212  213    3
    3  188  213  189    3
    3  189  213  214    3
    3  189  214  190    3
    3  190  214  215    3
    3  190  215  191    3
    3  191  215  216    3
    3  191  216  192    3
    3  192  216  193    3
    3  192  193  169    3
    3  193  217  218    3
    3  193  218  194    3
    3  194  218  219    3
    3  194  219  195    3
    3  195  219  220    3
    3  195  220  196    3
    3  196  220  221    3
    3  196  221  197    3
    3  197  221  222    3
    3  197  222  198    3
    3  198  222  223    3
    3  198  223  199    3
    3  199  223  224    3
    3  199  224  200    3
    3  200  224  225    3
    3  200  225  201    3
    3  201  225  226    3
    3  201  226  202    3
    3  202  226  227    3
    3  202  227  203    3
    3  203  227  228    3
    3  203  228  204    3
    3  204  228  229    3
    3  204  229  205    3
    3  205  229  230    3
    3  205  230  206    3
    3  206  230  231    3
    3  206  231  207    3
    3  207  231  232    3
    3  207  232  208    3
    3  208  232  233    3
    3  208  233  209    3
    3  209  233  234    3
    3  209  234  210    3
    3  210  234  235    3
    3  210  235  211    3
    3  211  235  236    3
    3  211  236  212    3
    3  212  236  237    3
    3  212  237  213    3
    3  213  237  238    3
    3  213  238  214    3
    3  214  238  239    3
    3  214  239  215    3
    3  215  239  240    3
    3  215  240  216    3
    3  216  240  217    3
    3  216  217  193    3
    3  217  241  242    3
    3  217  242  218    3
    3  218  242  243    3
    3  218  243  219    3
    3  219  243  244    3
    3  219  244  220    3
    3  220  244  245    3
    3  220  245  221    3
    3  221  245  246    3
    3  221  246  222    3
    3  222  246  247    3
    3  222  247  223    3
    3  223  247  248    3
    3  223  248  224    3
    3  224  248  249    3
    3  224  249  225    3
    3  225  249  250    3
    3  225  250  226    3
    3  226  250  251    3
    3  226  251  227    3
    3  227  251  252    3
    3  227  252  228    3
    3  228  252  253    3
    3  228  253  229    3
    3  229  253  254    3
    3  229  254  230    3
    3  230  254  255    3
    3  230  255  231    3
    3  231  255  256    3
    3  231  256  232    3
    3  232  256  257    3
    3  232  257  233    3
    3  233  257  258    3
    3  233  258  234    3
    3  234  258  259    3
    3  234  259  235    3
    3  235  259  260    3
    3  235  260  236    3
    3  236  260  261    3
    3  236  261  237    3
    3  237  261  262    3
    3  237  262  238    3
    3  238  262  263    3
    3  238  263  239    3
    3  239  263  264    3
    3  239  264  240    3
    3  240  264  241    3
    3  240  241  217    3
    3  264  265  241    3
    3  264  266  265    3
    3  263  266  264    3
    3  263  267  266    3
    3  262  267  263    3
    3  262  268  267    3
    3  261  268  262    3
    3  261  269  268    3
    3  260  269  261    3
    3  260  270  269    3
    3  259  270  260    3
    3  259  271  270    3
    3  258  271  259    3
    3  258  272  271    3
    3  257  272  258    3
    3  257  273  272    3
    3  256  273  257    3
    3  256  274  273    3
    3  255  274  256    3
    3  255  275  274    3
    3  254  275  255    3
    3  254  276  275    3
    3  253  276  254    3
    3  253  277  276    3
    3  252  277  253    3
    3  252  278  277    3
    3  251  278  252    3
    3  251  279  278    3
    3  250  279  251    3
    3  250  280  279    3
    3  249  280  250    3
    3  249  281  280    3
    3  248  281  249    3
    3  248  282  281    3
    3  247  282  248    3
    3  247  283  282    3
    3  246  283  247    3
    3  246  284  283    3
    3  245  284  246    3
    3  245  285  284    3
    3  244  285  245    3
    3  244  286  285    3
    3  243  286  244    3
    3  243  287  286    3
    3  242  287  243    3
    3  242  288  287    3
    3  241  288  242    3
    3  241  265  288    3
    3  289  279  290    1
    3  291  288  292    1
    3  293  294  295    3
    3  296  275  276    1
    3  297  298  299    1
    3  300  301  302    1
    3  303  304  305    3
    3  292  306  307    1
    3  308  309  310    4
    3  300  293  301    1
    3  311  312  313    3
    3  290  314  315    1
    3  316  317  318    1
    3  319  320  321    3
    3  317  322  308    1
    3  286  323  285    1
    3  286  287  320    1
    3  298  297  293    1
    3  324  325  273    1
    3  326  271  272    1
    3  327  328  301    1
    3  329  326  330    1
    3  300  331  304    1
    3  332  282  302    1
    3  272  325  326    1
    3  296  276  316    1
    3  296  333  275    1
    3  324  334  325    1
    3  335  329  336    1
    3  315  328  337    1
    3  338  339  303    3
    3  334  340  341    4
    3  279  289  278    1
    3  274  275  333    1
    3  322  278  289    1
    3  342  343  344    3
    3  332  301  328    1
    3  314  290  280    1
    3  345  338  346    3
    3  324  333  334    1
    3  277  316  276    1
    3  266  267  335    1
    3  288  291  287    1
    3  347  348  349    3
    3  316  322  317    1
    3  297  350  351    4
    3  327  301  293    1
    3  283  331  302    1
    3  352  353  354    4
    3  326  269  270    1
    3  332  302  301    1
    3  355  299  298    1
    3  312  356  357    3
    3  330  355  329    1
    3  336  306  335    1
    3  271  326  270    1
    3  358  359  360    4
    3  298  361  362    3
    3  283  302  282    1
    3  336  329  355    1
    3  326  363  330    1
    3  265  292  288    1
    3  300  364  365    3
    3  366  367  368    4
    3  333  318  334    1
    3  369  361  370    3
    3  327  293  297    1
    3  278  322  277    1
    3  320  291  356    3
    3  371  285  323    1
    3  363  325  334    1
    3  371  331  284    1
    3  364  339  349    3
    3  268  335  267    1
    3  372  363  373    4
    3  280  290  279    1
    3  266  306  265    1
    3  316  277  322    1
    3  328  315  314    1
    3  308  315  367    1
    3  355  330  372    1
    3  327  297  337    1
    3  280  281  314    1
    3  374  340  375    4
    3  296  316  318    1
    3  352  376  377    4
    3  355  307  336    1
    3  292  343  378    3
    3  326  325  363    1
    3  320  287  291    1
    3  345  319  379    3
    3  380  372  381    4
    3  358  366  382    4
    3  268  329  335    1
    3  273  274  324    1
    3  336  307  306    1
    3  265  306  292    1
    3  296  318  333    1
    3  383  374  384    4
    3  329  268  269    1
    3  385  373  386    4
    3  333  324  274    1
    3  283  284  331    1
    3  298  307  355    1
    3  299  353  387    4
    3  308  289  315    1
    3  273  325  272    1
    3  327  337  328    1
    3  388  376  389    4
    3  314  332  328    1
    3  281  282  332    1
    3  315  289  290    1
    3  363  372  330    1
    3  355  372  299    1
    3  285  371  284    1
    3  314  281  332    1
    3  269  326  329    1
    3  369  347  311    3
    3  266  335  306    1
    3  286  320  323    1
    3  308  322  289    1
    3  300  302  331    1
    3  343  390  313    3
    3  292  307  344    3
    3  298  348  370    3
    3  361  390  342    3
    3  343  342  390    3
    3  342  307  362    3
    3  347  369  348    3
    3  361  369  390    3
    3  369  311  390    3
    3  312  311  347    3
    3  311  313  390    3
    3  313  312  378    3
    3  298  362  307    3
    3  342  362  361    3
    3  342  344  307    3
    3  292  344  343    3
    3  369  370  348    3
    3  298  370  361    3
    3  292  378  312    3
    3  313  378  343    3
    3  334  318  375    4
    3  340  391  388    4
    3  318  317  384    4
    3  340  374  391    4
    3  352  385  389    4
    3  376  391  359    4
    3  376  388  391    4
    3  388  385  341    4
    3  359  391  383    4
    3  359  358  377    4
    3  374  383  391    4
    3  383  317  360    4
    3  374  375  318    4
    3  334  375  340    4
    3  334  341  385    4
    3  388  341  340    4
    3  388  389  385    4
    3  352  389  376    4
    3  352  377  358    4
    3  359  377  376    4
    3  358  360  317    4
    3  383  360  359    4
    3  383  384  317    4
    3  318  384  374    4
    3  367  358  309    4
    3  315  337  368    1
    3  353  352  350    4
    3  353  299  380    4
    3  372  380  299    4
    3  380  385  354    4
    3  350  352  392    4
    3  350  297  387    4
    3  366  337  392    4
    3  367  366  358    4
    3  363  334  386    4
    3  373  385  381    4
    3  392  337  351    4
    3  392  352  382    4
    3  380  381  385    4
    3  373  381  372    4
    3  358  317  310    4
    3  367  309  308    4
    3  385  386  334    4
    3  363  386  373    4
    3  366  368  337    4
    3  315  368  367    1
    3  299  387  297    4
    3  350  387  353    4
    3  352  354  385    4
    3  380  354  353    4
    3  358  382  352    4
    3  392  382  366    4
    3  297  351  337    4
    3  392  351  350    4
    3  308  310  317    4
    3  358  310  309    4
    3  312  347  379    3
    3  320  319  323    3
    3  371  323  346    3
    3  338  347  393    3
    3  364  300  394    3
    3  364  348  294    3
    3  319  345  323    3
    3  338  345  347    3
    3  348  298  295    3
    3  294  293  365    3
    3  304  339  394    3
    3  331  371  305    1
    3  364  349  348    3
    3  349  339  393    3
    3  338  393  339    3
    3  349  393  347    3
    3  338  303  371    3
    3  304  303  339    3
    3  356  312  321    3
    3  291  292  357    3
    3  364  394  339    3
    3  304  394  300    3
    3  319  321  312    3
    3  356  321  320    3
    3  293  295  298    3
    3  348  295  294    3
    3  312  357  292    3
    3  291  357  356    3
    3  345  346  323    3
    3  371  346  338    3
    3  303  305  371    3
    3  331  305  304    1
    3  345  379  347    3
    3  312  379  319    3
    3  300  365  293    3
    3  294  365  364    3
C Prescribed Values(Inlet, Outlet), InteractionSurface(Inlet, Outlet)
       3        1        0        2        2        2
C Inlet Velocity
C     Vx,           Vy,            Vz,    indVx,indVy,indVz, FunID (3E18.9, 4I5)
   0.000000000e+00   1.000000000e+00   0.000000000e+00    1    0    1    4
C Inlet Pressure, FunID (E18.9,I5)
   1.000000000e+00    3
C Outlet Pressure (E18.9,I5)
   1.000000000e+00    2
C Inlet Velocity
C nNodeID,    Vx,           Vy,            Vz (I5, 3E18.9)
  265
    1   1.200000000e+00   3.000000000e+00  -3.000000000e-01
    2   4.000000000e-01   4.000000000e+00  -1.600000000e+00
    3   7.000000000e-01   4.000000000e+00  -1.400000000e+00
    4   1.000000000e+00   4.000000000e+00  -1.300000000e+00
    5   1.300000000e+00   4.000000000e+00  -1.200000000e+00
    6   1.500000000e+00   4.000000000e+00  -1.000000000e+00
    7   1.700000000e+00   4.000000000e+00  -9.000000000e-01
    8   2.400000000e+00   4.000000000e+00  -8.000000000e-01
    9   2.800000000e+00   4.000000000e+00  -3.000000000e-01
   10   3.100000000e+00   4.000000000e+00   3.000000000e-01
   11   3.000000000e+00   4.000000000e+00   9.000000000e-01
   12   2.500000000e+00   4.000000000e+00   1.500000000e+00
   13   1.900000000e+00   4.000000000e+00   1.600000000e+00
   14   1.300000000e+00   4.000000000e+00   1.300000000e+00
   15   9.000000000e-01   4.000000000e+00   9.000000000e-01
   16   6.000000000e-01   4.000000000e+00   7.000000000e-01
   17   8.000000000e-01   4.000000000e+00   0.000000000e+00
   18   1.300000000e+00   4.000000000e+00  -6.000000000e-01
   19   1.800000000e+00   4.000000000e+00  -8.000000000e-01
   20   1.400000000e+00   4.000000000e+00  -4.000000000e-01
   21   0.000000000e+00   4.000000000e+00  -3.000000000e-01
   22  -8.000000000e-01   4.000000000e+00  -7.000000000e-01
   23  -9.000000000e-01   4.000000000e+00  -1.200000000e+00
   24  -7.000000000e-01   4.000000000e+00  -1.700000000e+00
   25  -2.000000000e-01   4.000000000e+00  -2.000000000e+00
   26   2.000000000e-01   4.000000000e+00  -2.900000000e+00
   27   9.000000000e-01   4.000000000e+00  -2.700000000e+00
   28   1.400000000e+00   4.000000000e+00  -2.400000000e+00
   29   1.800000000e+00   4.000000000e+00  -1.800000000e+00
   30   1.800000000e+00   4.000000000e+00  -1.300000000e+00
   31   2.000000000e+00   4.000000000e+00  -1.000000000e+00
   32   2.600000000e+00   4.000000000e+00  -8.000000000e-01
   33   3.300000000e+00   4.000000000e+00  -3.000000000e-01
   34   3.800000000e+00   4.000000000e+00   4.000000000e-01
   35   3.800000000e+00   4.000000000e+00   1.400000000e+00
   36   3.300000000e+00   4.000000000e+00   2.000000000e+00
   37   2.500000000e+00   4.000000000e+00   2.200000000e+00
   38   1.600000000e+00   4.000000000e+00   2.200000000e+00
   39   9.000000000e-01   4.000000000e+00   2.000000000e+00
   40   5.000000000e-01   4.000000000e+00   1.700000000e+00
   41   4.000000000e-01   4.000000000e+00   7.000000000e-01
   42   1.000000000e+00   4.000000000e+00  -2.000000000e-01
   43   1.500000000e+00   4.000000000e+00  -6.000000000e-01
   44   1.200000000e+00   4.000000000e+00  -3.000000000e-01
   45  -2.000000000e-01   4.000000000e+00  -2.000000000e-01
   46  -9.000000000e-01   4.000000000e+00  -7.000000000e-01
   47  -1.100000000e+00   4.000000000e+00  -1.300000000e+00
   48  -9.000000000e-01   4.000000000e+00  -2.000000000e+00
   49  -5.000000000e-01   4.000000000e+00  -2.700000000e+00
   50   2.000000000e-01   4.000000000e+00  -4.800000000e+00
   51   1.200000000e+00   4.000000000e+00  -4.700000000e+00
   52   2.100000000e+00   4.000000000e+00  -4.100000000e+00
   53   2.600000000e+00   4.000000000e+00  -3.300000000e+00
   54   2.800000000e+00   4.000000000e+00  -2.500000000e+00
   55   3.100000000e+00   4.000000000e+00  -2.000000000e+00
   56   3.600000000e+00   4.000000000e+00  -1.500000000e+00
   57   4.300000000e+00   4.000000000e+00  -9.000000000e-01
   58   4.700000000e+00   4.000000000e+00   0.000000000e+00
   59   4.700000000e+00   4.000000000e+00   1.000000000e+00
   60   4.000000000e+00   4.000000000e+00   1.800000000e+00
   61   3.000000000e+00   4.000000000e+00   2.000000000e+00
   62   2.000000000e+00   4.000000000e+00   1.600000000e+00
   63   1.400000000e+00   4.000000000e+00   1.100000000e+00
   64   9.000000000e-01   4.000000000e+00   9.000000000e-01
   65   9.000000000e-01   4.000000000e+00   0.000000000e+00
   66   1.300000000e+00   4.000000000e+00  -8.000000000e-01
   67   1.700000000e+00   4.000000000e+00  -1.000000000e+00
   68   1.500000000e+00   4.000000000e+00  -8.000000000e-01
   69   5.000000000e-01   4.000000000e+00  -8.000000000e-01
   70  -4.000000000e-01   4.000000000e+00  -1.300000000e+00
   71  -7.000000000e-01   4.000000000e+00  -1.900000000e+00
   72  -8.000000000e-01   4.000000000e+00  -2.800000000e+00
   73  -6.000000000e-01   4.000000000e+00  -3.900000000e+00
   74   0.000000000e+00   2.900000000e+00  -6.200000000e+00
   75   1.500000000e+00   2.900000000e+00  -6.200000000e+00
   76   2.600000000e+00   2.900000000e+00  -5.300000000e+00
   77   3.100000000e+00   2.900000000e+00  -3.900000000e+00
   78   3.100000000e+00   2.900000000e+00  -2.800000000e+00
   79   3.300000000e+00   2.900000000e+00  -2.100000000e+00
   80   4.100000000e+00   2.900000000e+00  -1.800000000e+00
   81   5.000000000e+00   2.900000000e+00  -1.100000000e+00
   82   5.800000000e+00   2.900000000e+00   1.000000000e-01
   83   6.000000000e+00   2.900000000e+00   1.400000000e+00
   84   5.100000000e+00   2.900000000e+00   2.500000000e+00
   85   3.700000000e+00   2.900000000e+00   2.500000000e+00
   86   2.400000000e+00   2.900000000e+00   1.900000000e+00
   87   1.600000000e+00   2.900000000e+00   1.100000000e+00
   88   1.100000000e+00   2.900000000e+00   9.000000000e-01
   89   8.000000000e-01   2.900000000e+00   3.000000000e-01
   90   1.200000000e+00   2.900000000e+00  -6.000000000e-01
   91   1.600000000e+00   2.900000000e+00  -1.000000000e+00
   92   1.400000000e+00   2.900000000e+00  -9.000000000e-01
   93   5.000000000e-01   2.900000000e+00  -9.000000000e-01
   94  -2.000000000e-01   2.900000000e+00  -1.400000000e+00
   95  -5.000000000e-01   2.900000000e+00  -2.100000000e+00
   96  -8.000000000e-01   2.900000000e+00  -3.300000000e+00
   97  -8.000000000e-01   2.900000000e+00  -4.900000000e+00
   98  -1.000000000e-01   2.700000000e+00  -7.000000000e+00
   99   1.500000000e+00   2.700000000e+00  -7.000000000e+00
  100   2.800000000e+00   2.700000000e+00  -5.800000000e+00
  101   3.300000000e+00   2.700000000e+00  -3.900000000e+00
  102   2.900000000e+00   2.700000000e+00  -2.400000000e+00
  103   3.000000000e+00   2.700000000e+00  -1.900000000e+00
  104   3.900000000e+00   2.700000000e+00  -1.600000000e+00
  105   5.200000000e+00   2.700000000e+00  -1.000000000e+00
  106   6.300000000e+00   2.700000000e+00   3.000000000e-01
  107   6.600000000e+00   2.700000000e+00   1.900000000e+00
  108   5.800000000e+00   2.700000000e+00   3.300000000e+00
  109   4.100000000e+00   2.700000000e+00   3.200000000e+00
  110   2.600000000e+00   2.700000000e+00   2.600000000e+00
  111   1.700000000e+00   2.700000000e+00   1.800000000e+00
  112   1.000000000e+00   2.700000000e+00   1.400000000e+00
  113   7.000000000e-01   2.700000000e+00   7.000000000e-01
  114   9.000000000e-01   2.700000000e+00  -2.000000000e-01
  115   1.300000000e+00   2.700000000e+00  -6.000000000e-01
  116   1.200000000e+00   2.700000000e+00  -7.000000000e-01
  117   5.000000000e-01   2.700000000e+00  -8.000000000e-01
  118   0.000000000e+00   2.700000000e+00  -1.300000000e+00
  119  -2.000000000e-01   2.700000000e+00  -1.900000000e+00
  120  -8.000000000e-01   2.700000000e+00  -3.200000000e+00
  121  -1.000000000e+00   2.700000000e+00  -5.300000000e+00
  122  -1.000000000e-01   2.500000000e+00  -7.400000000e+00
  123   1.600000000e+00   2.500000000e+00  -7.500000000e+00
  124   3.100000000e+00   2.500000000e+00  -6.300000000e+00
  125   3.600000000e+00   2.500000000e+00  -4.400000000e+00
  126   3.300000000e+00   2.500000000e+00  -2.600000000e+00
  127   3.300000000e+00   2.500000000e+00  -1.900000000e+00
  128   4.100000000e+00   2.500000000e+00  -1.600000000e+00
  129   5.200000000e+00   2.500000000e+00  -1.000000000e+00
  130   6.000000000e+00   2.500000000e+00   3.000000000e-01
  131   6.300000000e+00   2.500000000e+00   1.800000000e+00
  132   5.700000000e+00   2.500000000e+00   2.900000000e+00
  133   4.200000000e+00   2.500000000e+00   3.400000000e+00
  134   2.900000000e+00   2.500000000e+00   3.200000000e+00
  135   1.800000000e+00   2.500000000e+00   2.700000000e+00
  136   9.000000000e-01   2.500000000e+00   2.400000000e+00
  137   6.000000000e-01   2.500000000e+00   1.300000000e+00
  138   9.000000000e-01   2.500000000e+00   0.000000000e+00
  139   1.500000000e+00   2.500000000e+00  -6.000000000e-01
  140   1.400000000e+00   2.500000000e+00  -7.000000000e-01
  141   9.000000000e-01   2.500000000e+00  -8.000000000e-01
  142   4.000000000e-01   2.500000000e+00  -1.100000000e+00
  143   0.000000000e+00   2.500000000e+00  -1.700000000e+00
  144  -6.000000000e-01   2.500000000e+00  -3.100000000e+00
  145  -1.000000000e+00   2.500000000e+00  -5.400000000e+00
  146  -3.000000000e-01   2.200000000e+00  -7.200000000e+00
  147   1.400000000e+00   2.200000000e+00  -7.200000000e+00
  148   2.900000000e+00   2.200000000e+00  -5.900000000e+00
  149   3.500000000e+00   2.200000000e+00  -4.000000000e+00
  150   3.000000000e+00   2.200000000e+00  -2.000000000e+00
  151   2.900000000e+00   2.200000000e+00  -1.500000000e+00
  152   3.700000000e+00   2.200000000e+00  -1.300000000e+00
  153   4.900000000e+00   2.200000000e+00  -6.000000000e-01
  154   5.800000000e+00   2.200000000e+00   5.000000000e-01
  155   6.200000000e+00   2.200000000e+00   2.100000000e+00
  156   5.600000000e+00   2.200000000e+00   3.300000000e+00
  157   4.300000000e+00   2.200000000e+00   4.000000000e+00
  158   2.900000000e+00   2.200000000e+00   4.200000000e+00
  159   1.600000000e+00   2.200000000e+00   4.000000000e+00
  160   5.000000000e-01   2.200000000e+00   3.500000000e+00
  161   1.000000000e-01   2.200000000e+00   2.100000000e+00
  162   6.000000000e-01   2.200000000e+00   6.000000000e-01
  163   1.100000000e+00   2.200000000e+00  -2.000000000e-01
  164   1.200000000e+00   2.200000000e+00  -4.000000000e-01
  165   6.000000000e-01   2.200000000e+00  -5.000000000e-01
  166   0.000000000e+00   2.200000000e+00  -8.000000000e-01
  167  -3.000000000e-01   2.200000000e+00  -1.500000000e+00
  168  -9.000000000e-01   2.200000000e+00  -2.800000000e+00
  169  -1.300000000e+00   2.200000000e+00  -5.200000000e+00
  170   0.000000000e+00   2.100000000e+00  -7.300000000e+00
  171   1.600000000e+00   2.100000000e+00  -7.000000000e+00
  172   3.100000000e+00   2.100000000e+00  -6.000000000e+00
  173   3.600000000e+00   2.100000000e+00  -4.000000000e+00
  174   3.600000000e+00   2.100000000e+00  -3.000000000e+00
  175   3.500000000e+00   2.100000000e+00  -2.000000000e+00
  176   4.200000000e+00   2.100000000e+00  -1.500000000e+00
  177   5.400000000e+00   2.100000000e+00  -8.000000000e-01
  178   6.200000000e+00   2.100000000e+00   3.000000000e-01
  179   6.300000000e+00   2.100000000e+00   1.800000000e+00
  180   5.700000000e+00   2.100000000e+00   3.100000000e+00
  181   4.500000000e+00   2.100000000e+00   3.800000000e+00
  182   3.100000000e+00   2.100000000e+00   3.900000000e+00
  183   1.900000000e+00   2.100000000e+00   3.500000000e+00
  184   9.000000000e-01   2.100000000e+00   3.100000000e+00
  185   5.000000000e-01   2.100000000e+00   1.700000000e+00
  186   1.300000000e+00   2.100000000e+00   0.000000000e+00
  187   1.900000000e+00   2.100000000e+00  -6.000000000e-01
  188   1.700000000e+00   2.100000000e+00  -6.000000000e-01
  189   7.000000000e-01   2.100000000e+00  -6.000000000e-01
  190   0.000000000e+00   2.100000000e+00  -1.000000000e+00
  191  -3.000000000e-01   2.100000000e+00  -1.800000000e+00
  192  -9.000000000e-01   2.100000000e+00  -3.100000000e+00
  193  -1.000000000e+00   2.100000000e+00  -5.300000000e+00
  194   6.000000000e-01   1.800000000e+00  -6.000000000e+00
  195   2.100000000e+00   1.800000000e+00  -7.000000000e+00
  196   3.500000000e+00   1.800000000e+00  -6.000000000e+00
  197   4.500000000e+00   1.800000000e+00  -5.000000000e+00
  198   5.000000000e+00   1.800000000e+00  -4.000000000e+00
  199   5.500000000e+00   1.800000000e+00  -3.000000000e+00
  200   6.300000000e+00   1.800000000e+00  -2.000000000e+00
  201   7.200000000e+00   1.800000000e+00  -1.000000000e+00
  202   7.700000000e+00   1.800000000e+00   5.000000000e-01
  203   7.600000000e+00   1.800000000e+00   2.100000000e+00
  204   6.800000000e+00   1.800000000e+00   3.600000000e+00
  205   5.300000000e+00   1.800000000e+00   4.100000000e+00
  206   3.600000000e+00   1.800000000e+00   3.800000000e+00
  207   2.300000000e+00   1.800000000e+00   3.100000000e+00
  208   1.400000000e+00   1.800000000e+00   2.600000000e+00
  209   9.000000000e-01   1.800000000e+00   1.700000000e+00
  210   1.500000000e+00   1.800000000e+00  -1.000000000e-01
  211   2.000000000e+00   1.800000000e+00  -6.000000000e-01
  212   1.800000000e+00   1.800000000e+00  -7.000000000e-01
  213   5.000000000e-01   1.800000000e+00  -7.000000000e-01
  214  -2.000000000e-01   1.800000000e+00  -1.400000000e+00
  215  -5.000000000e-01   1.800000000e+00  -2.400000000e+00
  216  -8.000000000e-01   1.800000000e+00  -3.700000000e+00
  217  -6.000000000e-01   1.800000000e+00  -5.600000000e+00
  218   7.000000000e-01   1.600000000e+00  -7.000000000e+00
  219   2.300000000e+00   1.600000000e+00  -7.000000000e+00
  220   3.700000000e+00   1.600000000e+00  -6.000000000e+00
  221   4.700000000e+00   1.600000000e+00  -5.000000000e+00
  222   5.500000000e+00   1.600000000e+00  -4.000000000e+00
  223   6.100000000e+00   1.600000000e+00  -3.000000000e+00
  224   6.800000000e+00   1.600000000e+00  -2.000000000e+00
  225   7.500000000e+00   1.600000000e+00  -1.000000000e+00
  226   7.700000000e+00   1.600000000e+00   4.000000000e-01
  227   7.700000000e+00   1.600000000e+00   2.000000000e+00
  228   7.000000000e+00   1.600000000e+00   3.300000000e+00
  229   5.300000000e+00   1.600000000e+00   3.900000000e+00
  230   3.700000000e+00   1.600000000e+00   3.700000000e+00
  231   2.500000000e+00   1.600000000e+00   3.200000000e+00
  232   1.600000000e+00   1.600000000e+00   2.600000000e+00
  233   9.000000000e-01   1.600000000e+00   1.900000000e+00
  234   1.500000000e+00   1.600000000e+00   1.000000000e-01
  235   2.100000000e+00   1.600000000e+00  -7.000000000e-01
  236   1.900000000e+00   1.600000000e+00  -7.000000000e-01
  237   8.000000000e-01   1.600000000e+00  -8.000000000e-01
  238   2.000000000e-01   1.600000000e+00  -1.400000000e+00
  239  -1.000000000e-01   1.600000000e+00  -2.300000000e+00
  240  -6.000000000e-01   1.600000000e+00  -3.700000000e+00
  241  -5.000000000e-01   1.600000000e+00  -5.600000000e+00
  242   9.000000000e-01   1.300000000e+00  -7.000000000e+00
  243   2.700000000e+00   1.300000000e+00  -7.000000000e+00
  244   4.300000000e+00   1.300000000e+00  -7.000000000e+00
  245   5.700000000e+00   1.300000000e+00  -6.000000000e+00
  246   6.800000000e+00   1.300000000e+00  -5.000000000e+00
  247   7.700000000e+00   1.300000000e+00  -4.000000000e+00
  248   8.800000000e+00   1.300000000e+00  -2.000000000e+00
  249   9.000000000e+00   1.300000000e+00  -1.000000000e+00
  250   9.000000000e+00   1.300000000e+00   7.000000000e-01
  251   8.000000000e+00   1.300000000e+00   2.300000000e+00
  252   8.000000000e+00   1.300000000e+00   3.800000000e+00
  253   6.000000000e+00   1.300000000e+00   4.300000000e+00
  254   4.100000000e+00   1.300000000e+00   3.800000000e+00
  255   2.800000000e+00   1.300000000e+00   3.000000000e+00
  256   2.000000000e+00   1.300000000e+00   2.400000000e+00
  257   9.000000000e-01   1.300000000e+00   2.500000000e+00
  258   5.000000000e-01   1.300000000e+00   1.500000000e+00
  259   6.000000000e-01   1.300000000e+00   4.000000000e-01
  260   8.000000000e-01   1.300000000e+00  -3.000000000e-01
  261   1.200000000e+00   1.300000000e+00  -8.000000000e-01
  262   1.400000000e+00   1.300000000e+00  -1.200000000e+00
  263   9.000000000e-01   1.300000000e+00  -1.900000000e+00
  264   1.000000000e-01   1.300000000e+00  -3.400000000e+00
  265  -3.000000000e-01   1.300000000e+00  -6.000000000e+00
C Region List
