C PointsNum,MaxElemVol,TetGenParams,nAtrib,IndMov,MDMaxVolume,MDomDiv,MDOnly,MDDivF,MDPrescP
  395    1.000000e+00 YYpznno2q1.414a     0     0    1.000000e+00     1     0     0     0     0     0 YYpznno2q1.414a
  -1.522148000e-01  -8.533570000e+00  -9.318100000e-02
   1.378771000e-01  -8.061820000e+00   8.459840000e-01
  -1.054590000e-01  -8.061820000e+00   9.130480000e-01
  -3.528280000e-01  -8.061820000e+00   8.592330000e-01
  -5.692570000e-01  -8.061820000e+00   7.422300000e-01
  -7.494580000e-01  -8.061820000e+00   5.818930000e-01
  -8.858340000e-01  -8.061820000e+00   3.894290000e-01
  -9.867890000e-01  -8.061820000e+00   1.750960000e-01
  -1.055068000e+00  -8.061820000e+00  -6.078800000e-02
  -1.071557000e+00  -8.061820000e+00  -3.197610000e-01
  -9.990870000e-01  -8.061820000e+00  -5.758680000e-01
  -8.315420000e-01  -8.061820000e+00  -7.857370000e-01
  -6.107010000e-01  -8.061820000e+00  -9.325250000e-01
  -3.661229000e-01  -8.061820000e+00  -1.022389000e+00
  -1.084480000e-01  -8.061820000e+00  -1.057834000e+00
   1.473440000e-01  -8.061820000e+00  -1.018361000e+00
   3.674660000e-01  -8.061820000e+00  -8.884930000e-01
   5.395370000e-01  -8.061820000e+00  -7.118660000e-01
   6.657250000e-01  -8.061820000e+00  -5.104650000e-01
   7.301810000e-01  -8.061820000e+00  -2.889040000e-01
   6.734040000e-01  -8.061820000e+00  -6.390200000e-02
   5.769050000e-01  -8.061820000e+00   1.202130000e-01
   4.841650000e-01  -8.061820000e+00   2.783840000e-01
   4.017470000e-01  -8.061820000e+00   4.450700000e-01
   3.016420000e-01  -8.061820000e+00   6.439680000e-01
   1.759166000e-01  -7.587070000e+00   1.171310000e+00
  -1.574520000e-01  -7.587070000e+00   1.253125000e+00
  -4.886990000e-01  -7.587070000e+00   1.163763000e+00
  -7.704050000e-01  -7.587070000e+00   9.879350000e-01
  -9.989280000e-01  -7.587070000e+00   7.676800000e-01
  -1.174520000e+00  -7.587070000e+00   5.143960000e-01
  -1.312600000e+00  -7.587070000e+00   2.366132000e-01
  -1.413030000e+00  -7.587070000e+00  -7.201500000e-02
  -1.448650000e+00  -7.587070000e+00  -4.178790000e-01
  -1.361598000e+00  -7.587070000e+00  -7.659010000e-01
  -1.138129000e+00  -7.587070000e+00  -1.050340000e+00
  -8.397920000e-01  -7.587070000e+00  -1.248840000e+00
  -5.080834000e-01  -7.587070000e+00  -1.368650000e+00
  -1.608710000e-01  -7.587070000e+00  -1.412470000e+00
   1.815210000e-01  -7.587070000e+00  -1.352909000e+00
   4.649010000e-01  -7.587070000e+00  -1.158371000e+00
   6.707500000e-01  -7.587070000e+00  -9.069380000e-01
   8.161340000e-01  -7.587070000e+00  -6.392580000e-01
   8.979860000e-01  -7.587070000e+00  -3.593868000e-01
   8.442410000e-01  -7.587070000e+00  -7.579700000e-02
   7.341710000e-01  -7.587070000e+00   1.643610000e-01
   6.236970000e-01  -7.587070000e+00   3.763930000e-01
   5.225450000e-01  -7.587070000e+00   6.057270000e-01
   3.969450000e-01  -7.587070000e+00   8.870340000e-01
   1.857290000e-01  -7.113310000e+00   1.485160000e+00
  -2.289520000e-01  -7.113310000e+00   1.574930000e+00
  -6.347170000e-01  -7.113310000e+00   1.451374000e+00
  -9.724310000e-01  -7.113310000e+00   1.226688000e+00
  -1.243160000e+00  -7.113310000e+00   9.528940000e-01
  -1.452030000e+00  -7.113310000e+00   6.450600000e-01
  -1.616430000e+00  -7.113310000e+00   3.115288000e-01
  -1.735910000e+00  -7.113310000e+00  -6.031900000e-02
  -1.781080000e+00  -7.113310000e+00  -4.755190000e-01
  -1.685860000e+00  -7.113310000e+00  -9.000640000e-01
  -1.417643000e+00  -7.113310000e+00  -1.246050000e+00
  -1.051412000e+00  -7.113310000e+00  -1.479200000e+00
  -6.492710000e-01  -7.113310000e+00  -1.613670000e+00
  -2.330850000e-01  -7.113310000e+00  -1.656310000e+00
   1.743810000e-01  -7.113310000e+00  -1.585105000e+00
   5.009140000e-01  -7.113310000e+00  -1.334656000e+00
   7.212660000e-01  -7.113310000e+00  -1.017266000e+00
   8.718670000e-01  -7.113310000e+00  -7.011500000e-01
   9.631260000e-01  -7.113310000e+00  -3.844712000e-01
   9.120710000e-01  -7.113310000e+00  -6.338300000e-02
   7.981910000e-01  -7.113310000e+00   2.131430000e-01
   6.820120000e-01  -7.113310000e+00   4.638120000e-01
   5.794670000e-01  -7.113310000e+00   7.473000000e-01
   4.473980000e-01  -7.113310000e+00   1.110800000e+00
   1.780940000e-01  -6.638560000e+00   1.752210000e+00
  -3.057960000e-01  -6.638560000e+00   1.839460000e+00
  -7.730470000e-01  -6.638560000e+00   1.686660000e+00
  -1.159810000e+00  -6.638560000e+00   1.421637000e+00
  -1.468090000e+00  -6.638560000e+00   1.106342000e+00
  -1.708580000e+00  -6.638560000e+00   7.545060000e-01
  -1.904380000e+00  -6.638560000e+00   3.737276000e-01
  -2.056640000e+00  -6.638560000e+00  -5.384700000e-02
  -2.126630000e+00  -6.638560000e+00  -5.412860000e-01
  -2.028090000e+00  -6.638560000e+00  -1.046460000e+00
  -1.709030000e+00  -6.638560000e+00  -1.453750000e+00
  -1.263791000e+00  -6.638560000e+00  -1.706720000e+00
  -7.869060000e-01  -6.638560000e+00  -1.831640000e+00
  -3.114300000e-01  -6.638560000e+00  -1.859400000e+00
   1.491550000e-01  -6.638560000e+00  -1.775250000e+00
   5.138320000e-01  -6.638560000e+00  -1.487010000e+00
   7.504680000e-01  -6.638560000e+00  -1.118584000e+00
   9.070970000e-01  -6.638560000e+00  -7.606180000e-01
   1.007992000e+00  -6.638560000e+00  -4.112724000e-01
   9.595360000e-01  -6.638560000e+00  -5.834300000e-02
   8.408740000e-01  -6.638560000e+00   2.498790000e-01
   7.206160000e-01  -6.638560000e+00   5.362490000e-01
   6.186960000e-01  -6.638560000e+00   8.687100000e-01
   4.809540000e-01  -6.638560000e+00   1.307800000e+00
   1.697950000e-01  -6.164800000e+00   1.955060000e+00
  -3.665600000e-01  -6.164800000e+00   2.037910000e+00
  -8.814370000e-01  -6.164800000e+00   1.871890000e+00
  -1.309770000e+00  -6.164800000e+00   1.585361000e+00
  -1.653770000e+00  -6.164800000e+00   1.240382000e+00
  -1.923940000e+00  -6.164800000e+00   8.518580000e-01
  -2.145730000e+00  -6.164800000e+00   4.298001000e-01
  -2.321890000e+00  -6.164800000e+00  -4.654700000e-02
  -2.408990000e+00  -6.164800000e+00  -5.922160000e-01
  -2.305810000e+00  -6.164800000e+00  -1.163810000e+00
  -1.944990000e+00  -6.164800000e+00  -1.621390000e+00
  -1.430682000e+00  -6.164800000e+00  -1.882810000e+00
  -8.932050000e-01  -6.164800000e+00  -1.995370000e+00
  -3.719680000e-01  -6.164800000e+00  -2.004200000e+00
   1.265170000e-01  -6.164800000e+00  -1.910170000e+00
   5.235360000e-01  -6.164800000e+00  -1.599940000e+00
   7.740970000e-01  -6.164800000e+00  -1.194854000e+00
   9.385120000e-01  -6.164800000e+00  -8.068530000e-01
   1.049068000e+00  -6.164800000e+00  -4.311999000e-01
   1.010909000e+00  -6.164800000e+00  -5.099400000e-02
   8.936970000e-01  -6.164800000e+00   2.883950000e-01
   7.714360000e-01  -6.164800000e+00   6.084410000e-01
   6.663280000e-01  -6.164800000e+00   9.842800000e-01
   5.158210000e-01  -6.164800000e+00   1.479470000e+00
   1.821610000e-01  -5.691050000e+00   2.169360000e+00
  -4.042700000e-01  -5.691050000e+00   2.258020000e+00
  -9.651100000e-01  -5.691050000e+00   2.076090000e+00
  -1.431750000e+00  -5.691050000e+00   1.761486000e+00
  -1.807280000e+00  -5.691050000e+00   1.385312000e+00
  -2.100130000e+00  -5.691050000e+00   9.611110000e-01
  -2.333210000e+00  -5.691050000e+00   4.995741000e-01
  -2.510890000e+00  -5.691050000e+00  -1.622000000e-02
  -2.593590000e+00  -5.691050000e+00  -6.023500000e-01
  -2.481430000e+00  -5.691050000e+00  -1.213020000e+00
  -2.097250000e+00  -5.691050000e+00  -1.705450000e+00
  -1.542796000e+00  -5.691050000e+00  -1.980080000e+00
  -9.648390000e-01  -5.691050000e+00  -2.089270000e+00
  -4.105400000e-01  -5.691050000e+00  -2.090720000e+00
   1.176600000e-01  -5.691050000e+00  -1.988900000e+00
   5.377640000e-01  -5.691050000e+00  -1.662030000e+00
   8.025960000e-01  -5.691050000e+00  -1.231870000e+00
   9.756100000e-01  -5.691050000e+00  -8.201370000e-01
   1.093743000e+00  -5.691050000e+00  -4.234259000e-01
   1.064371000e+00  -5.691050000e+00  -2.067300000e-02
   9.537440000e-01  -5.691050000e+00   3.436150000e-01
   8.314040000e-01  -5.691050000e+00   6.938170000e-01
   7.224280000e-01  -5.691050000e+00   1.108310000e+00
   5.607446000e-01  -5.691050000e+00   1.653250000e+00
   1.813960000e-01  -4.754630000e+00   2.414170000e+00
  -4.524260000e-01  -4.754630000e+00   2.516810000e+00
  -1.076000000e+00  -4.754630000e+00   2.374470000e+00
  -1.628710000e+00  -4.754630000e+00   2.085270000e+00
  -2.093240000e+00  -4.754630000e+00   1.689446000e+00
  -2.444890000e+00  -4.754630000e+00   1.199322000e+00
  -2.678560000e+00  -4.754630000e+00   6.461583000e-01
  -2.806340000e+00  -4.754630000e+00   5.014500000e-02
  -2.811450000e+00  -4.754630000e+00  -5.817300000e-01
  -2.642690000e+00  -4.754630000e+00  -1.211930000e+00
  -2.239530000e+00  -4.754630000e+00  -1.733320000e+00
  -1.655278000e+00  -4.754630000e+00  -2.024530000e+00
  -1.043604000e+00  -4.754630000e+00  -2.135040000e+00
  -4.595888000e-01  -4.754630000e+00  -2.132430000e+00
   9.754000000e-02  -4.754630000e+00  -2.033680000e+00
   5.498500000e-01  -4.754630000e+00  -1.702296000e+00
   8.416460000e-01  -4.754630000e+00  -1.254510000e+00
   1.037760000e+00  -4.754630000e+00  -8.186590000e-01
   1.172281000e+00  -4.754630000e+00  -3.918417000e-01
   1.167008000e+00  -4.754630000e+00   4.504400000e-02
   1.070447000e+00  -4.754630000e+00   4.536880000e-01
   9.412810000e-01  -4.754630000e+00   8.520430000e-01
   8.139780000e-01  -4.754630000e+00   1.314170000e+00
   6.136162900e-01  -4.754630000e+00   1.894440000e+00
   1.798470000e-01  -3.818210000e+00   2.599100000e+00
  -4.859590000e-01  -3.818210000e+00   2.709100000e+00
  -1.148980000e+00  -3.818210000e+00   2.587090000e+00
  -1.750220000e+00  -3.818210000e+00   2.304630000e+00
  -2.267990000e+00  -3.818210000e+00   1.897959000e+00
  -2.658310000e+00  -3.818210000e+00   1.370271000e+00
  -2.881540000e+00  -3.818210000e+00   7.585661000e-01
  -2.962270000e+00  -3.818210000e+00   1.167740000e-01
  -2.906900000e+00  -3.818210000e+00  -5.314400000e-01
  -2.699050000e+00  -3.818210000e+00  -1.158330000e+00
  -2.295520000e+00  -3.818210000e+00  -1.688850000e+00
  -1.709200000e+00  -3.818210000e+00  -1.992790000e+00
  -1.088153000e+00  -3.818210000e+00  -2.107030000e+00
  -4.936358000e-01  -3.818210000e+00  -2.105100000e+00
   7.436200000e-02  -3.818210000e+00  -2.005070000e+00
   5.363120000e-01  -3.818210000e+00  -1.669900000e+00
   8.297290000e-01  -3.818210000e+00  -1.209666000e+00
   1.029327000e+00  -3.818210000e+00  -7.659530000e-01
   1.170983000e+00  -3.818210000e+00  -3.334339000e-01
   1.194012000e+00  -3.818210000e+00   1.116240000e-01
   1.115208000e+00  -3.818210000e+00   5.416060000e-01
   9.919370000e-01  -3.818210000e+00   9.666600000e-01
   8.611460000e-01  -3.818210000e+00   1.461350000e+00
   6.437498000e-01  -3.818210000e+00   2.070890000e+00
   1.814030000e-01  -2.881800000e+00   2.825380000e+00
  -5.340400000e-01  -2.881800000e+00   2.954140000e+00
  -1.252120000e+00  -2.881800000e+00   2.843500000e+00
  -1.919750000e+00  -2.881800000e+00   2.565610000e+00
  -2.504220000e+00  -2.881800000e+00   2.132050000e+00
  -2.942390000e+00  -2.881800000e+00   1.557489000e+00
  -3.169530000e+00  -2.881800000e+00   8.694598000e-01
  -3.213860000e+00  -2.881800000e+00   1.638740000e-01
  -3.109750000e+00  -2.881800000e+00  -5.256500000e-01
  -2.860310000e+00  -2.881800000e+00  -1.177250000e+00
  -2.435030000e+00  -2.881800000e+00  -1.734020000e+00
  -1.817910000e+00  -2.881800000e+00  -2.052590000e+00
  -1.163597000e+00  -2.881800000e+00  -2.165180000e+00
  -5.409577000e-01  -2.881800000e+00  -2.157940000e+00
   5.297200000e-02  -2.881800000e+00  -2.056580000e+00
   5.494200000e-01  -2.881800000e+00  -1.729560000e+00
   8.770360000e-01  -2.881800000e+00  -1.258692000e+00
   1.102928000e+00  -2.881800000e+00  -7.890050000e-01
   1.250816000e+00  -2.881800000e+00  -3.215402000e-01
   1.259447000e+00  -2.881800000e+00   1.581120000e-01
   1.164271000e+00  -2.881800000e+00   6.140300000e-01
   1.037332000e+00  -2.881800000e+00   1.067390000e+00
   9.047340000e-01  -2.881800000e+00   1.598720000e+00
   6.775627000e-01  -2.881800000e+00   2.259660000e+00
   1.306740000e-01  -1.945380000e+00   2.991200000e+00
  -6.262400000e-01  -1.945380000e+00   3.129590000e+00
  -1.394650000e+00  -1.945380000e+00   3.025840000e+00
  -2.123030000e+00  -1.945380000e+00   2.758580000e+00
  -2.770820000e+00  -1.945380000e+00   2.309100000e+00
  -3.249740000e+00  -1.945380000e+00   1.674914000e+00
  -3.482190000e+00  -1.945380000e+00   9.338790000e-01
  -3.508510000e+00  -1.945380000e+00   1.645710000e-01
  -3.375080000e+00  -1.945380000e+00  -5.708800000e-01
  -3.094990000e+00  -1.945380000e+00  -1.258780000e+00
  -2.644350000e+00  -1.945380000e+00  -1.849770000e+00
  -1.992730000e+00  -1.945380000e+00  -2.191960000e+00
  -1.297326000e+00  -1.945380000e+00  -2.315930000e+00
  -6.344214000e-01  -1.945380000e+00  -2.311160000e+00
  -1.820000000e-04  -1.945380000e+00  -2.205220000e+00
   5.349560000e-01  -1.945380000e+00  -1.864400000e+00
   8.778180000e-01  -1.945380000e+00  -1.351149000e+00
   1.104702000e+00  -1.945380000e+00  -8.425870000e-01
   1.238085000e+00  -1.945380000e+00  -3.411210000e-01
   1.197493000e+00  -1.945380000e+00   1.594430000e-01
   1.074508000e+00  -1.945380000e+00   6.160710000e-01
   9.597980000e-01  -1.945380000e+00   1.077003000e+00
   8.511820000e-01  -1.945380000e+00   1.639410000e+00
   6.495200000e-01  -1.945380000e+00   2.370870000e+00
   3.221000000e-02  -1.008960000e+00   3.001430000e+00
  -7.345300000e-01  -1.008960000e+00   3.127250000e+00
  -1.509820000e+00  -1.008960000e+00   3.030690000e+00
  -2.247170000e+00  -1.008960000e+00   2.762630000e+00
  -2.902020000e+00  -1.008960000e+00   2.306420000e+00
  -3.385340000e+00  -1.008960000e+00   1.672011000e+00
  -3.649630000e+00  -1.008960000e+00   9.232550000e-01
  -3.731860000e+00  -1.008960000e+00   1.405820000e-01
  -3.644810000e+00  -1.008960000e+00  -6.395900000e-01
  -3.384140000e+00  -1.008960000e+00  -1.388100000e+00
  -2.894750000e+00  -1.008960000e+00  -2.015330000e+00
  -2.159720000e+00  -1.008960000e+00  -2.319720000e+00
  -1.410790000e+00  -1.008960000e+00  -2.361320000e+00
  -7.411575000e-01  -1.008960000e+00  -2.288430000e+00
  -1.274030000e-01  -1.008960000e+00  -2.157230000e+00
   4.217660000e-01  -1.008960000e+00  -1.879300000e+00
   7.929660000e-01  -1.008960000e+00  -1.397344000e+00
   1.028203000e+00  -1.008960000e+00  -8.849380000e-01
   1.137835000e+00  -1.008960000e+00  -3.677450000e-01
   9.915370000e-01  -1.008960000e+00   1.350410000e-01
   8.353420000e-01  -1.008960000e+00   5.567110000e-01
   7.514740000e-01  -1.008960000e+00   9.945190000e-01
   6.914980000e-01  -1.008960000e+00   1.563540000e+00
   5.532020000e-01  -1.008960000e+00   2.370830000e+00
  -7.460400000e-02  -3.545410000e-01   3.042920000e+00
   4.651790000e-01  -3.545410000e-01   2.417500000e+00
   5.301060000e-01  -3.545410000e-01   1.514330000e+00
   5.327300000e-01  -3.545410000e-01   9.300400000e-01
   5.763140000e-01  -3.545410000e-01   5.108270000e-01
   7.236230000e-01  -3.545410000e-01   1.265790000e-01
   9.999060000e-01  -3.545410000e-01  -3.722940000e-01
   9.242870000e-01  -3.545410000e-01  -9.032310000e-01
   6.791980000e-01  -3.545410000e-01  -1.413210000e+00
   2.812500000e-01  -3.545410000e-01  -1.852150000e+00
  -2.698090000e-01  -3.545410000e-01  -2.083640000e+00
  -8.618674000e-01  -3.545410000e-01  -2.248830000e+00
  -1.536604000e+00  -3.545410000e-01  -2.387930000e+00
  -2.338150000e+00  -3.545410000e-01  -2.431170000e+00
  -3.155530000e+00  -3.545410000e-01  -2.169460000e+00
  -3.692070000e+00  -3.545410000e-01  -1.501760000e+00
  -3.939710000e+00  -3.545410000e-01  -6.923500000e-01
  -3.969550000e+00  -3.545410000e-01   1.338050000e-01
  -3.837280000e+00  -3.545410000e-01   9.307060000e-01
  -3.543580000e+00  -3.545410000e-01   1.681634000e+00
  -3.054310000e+00  -3.545410000e-01   2.328010000e+00
  -2.389820000e+00  -3.545410000e-01   2.787920000e+00
  -1.643320000e+00  -3.545410000e-01   3.066490000e+00
  -8.554100000e-01  -3.545410000e-01   3.173470000e+00
  -2.594010000e+00  -3.970410000e-01  -1.812560000e+00
  -3.128700000e+00  -3.923410000e-01  -1.519080000e+00
  -1.405620000e+00  -3.892410000e-01   2.746280000e+00
  -9.228800000e-01  -4.078410000e-01   2.450420000e+00
  -2.268380000e+00  -4.533410000e-01   6.096180000e-01
  -2.206130000e+00  -4.497410000e-01   9.431075000e-01
  -1.849400000e+00  -4.545410000e-01   9.283108000e-01
  -7.584957000e-01  -3.906410000e-01  -1.880120000e+00
  -1.870390000e+00  -4.615410000e-01   1.304400000e-01
  -1.490660000e+00  -4.585410000e-01   9.105140000e-01
  -1.181120000e+00  -4.595410000e-01   1.335310000e-01
  -2.746880000e+00  -4.330410000e-01   9.303400000e-01
  -2.857460000e+00  -4.355410000e-01   2.885950000e-01
  -3.351710000e+00  -4.043410000e-01   5.890870000e-01
  -2.724280000e+00  -4.132410000e-01   1.638005000e+00
  -2.898140000e+00  -4.145410000e-01   1.350366000e+00
  -2.860800000e+00  -4.076410000e-01   1.600249000e+00
  -1.714840000e-01  -4.002410000e-01   2.129377000e+00
  -8.098630000e-01  -4.370410000e-01   1.575407000e+00
  -2.145850000e+00  -4.221410000e-01  -1.496060000e+00
  -2.033510000e+00  -4.332410000e-01  -1.258610000e+00
  -1.810948000e+00  -4.298410000e-01  -1.384360000e+00
  -1.874400000e+00  -4.342410000e-01   1.797501000e+00
  -1.717720000e+00  -4.150410000e-01   2.304297000e+00
  -1.626130000e+00  -4.273410000e-01   2.045365000e+00
  -3.321570000e+00  -4.017410000e-01  -8.881400000e-01
  -2.629030000e+00  -4.268410000e-01  -1.102380000e+00
  -1.280793000e+00  -3.972410000e-01  -1.915390000e+00
  -1.588384000e+00  -4.258410000e-01  -1.506120000e+00
  -9.588300000e-01  -4.196410000e-01  -1.524460000e+00
  -2.034010000e+00  -4.076410000e-01   2.301328000e+00
  -1.893430000e+00  -3.880410000e-01   2.647950000e+00
  -1.804130000e+00  -4.016410000e-01   2.481120000e+00
  -1.926533000e+00  -3.978410000e-01  -1.945810000e+00
  -2.341400000e+00  -3.974410000e-01   2.308359000e+00
   9.240900000e-02  -3.903410000e-01  -1.437070000e+00
   2.651300000e-01  -3.976410000e-01  -9.465960000e-01
   4.025690000e-01  -3.938410000e-01  -1.385880000e-01
  -2.425640000e+00  -4.509410000e-01   4.152400000e-02
  -2.836940000e+00  -4.342410000e-01  -3.743200000e-01
   9.873410000e-02  -4.052410000e-01   7.019250000e-01
  -1.972170000e-01  -4.297410000e-01   1.618570000e-01
  -3.166190000e+00  -4.018410000e-01   1.264854900e+00
  -3.410480000e+00  -4.049410000e-01  -1.370110000e-01
  -3.489150000e-01  -3.954410000e-01  -1.679360000e+00
  -4.703240000e-01  -4.254410000e-01  -1.113090000e+00
   2.189210000e-01  -3.889410000e-01   1.464704000e+00
  -2.382530000e-01  -4.210410000e-01   1.333561000e+00
  -2.224730000e+00  -4.510410000e-01  -4.694780000e-01
  -2.516810000e+00  -4.148410000e-01   1.839350000e+00
  -2.624090000e+00  -4.250410000e-01   1.445877000e+00
  -8.548150000e-01  -4.360410000e-01  -1.059840000e+00
  -8.732650000e-01  -4.433410000e-01  -7.830790000e-01
  -1.177650000e+00  -4.391410000e-01   1.685920000e+00
  -1.226460000e+00  -4.259410000e-01   2.088426000e+00
  -1.017660000e+00  -4.320410000e-01   1.851916000e+00
  -2.271730000e+00  -4.122410000e-01   2.083463000e+00
  -2.428060000e+00  -4.064410000e-01   2.073855000e+00
  -2.200150000e+00  -4.262410000e-01   1.838567000e+00
  -2.148890000e+00  -4.451410000e-01   1.275597000e+00
  -2.388490000e+00  -4.363410000e-01   1.355737000e+00
  -1.719850000e+00  -4.595410000e-01  -1.713470000e-01
  -1.973290000e+00  -4.565410000e-01  -3.184130000e-01
  -1.565300000e+00  -4.575410000e-01  -4.651340000e-01
  -1.373210000e+00  -4.595410000e-01  -1.703020000e-01
  -1.133463000e+00  -4.555410000e-01  -3.330090000e-01
  -6.168880000e-01  -4.452410000e-01   7.097197000e-01
  -1.552420000e+00  -4.030410000e-01   2.525290000e+00
  -1.239650000e+00  -4.057410000e-01   2.487850000e+00
  -1.915180000e+00  -4.429410000e-01  -1.027160000e+00
  -1.576241000e+00  -4.441410000e-01  -1.022380000e+00
  -1.585813000e+00  -4.355410000e-01  -1.266750000e+00
  -1.510250000e+00  -4.497410000e-01   1.342974000e+00
  -1.160510000e+00  -4.443410000e-01   1.469191000e+00
  -2.406590000e-01  -4.300410000e-01  -4.386780000e-01
  -2.451380000e+00  -4.405410000e-01   1.097968780e+00
  -2.358380000e+00  -4.472410000e-01   8.542930000e-01
  -2.073450000e+00  -4.476410000e-01  -7.538200000e-01
  -2.274600000e+00  -4.363410000e-01  -1.060270000e+00
  -2.252160000e+00  -4.441410000e-01  -7.683700000e-01
  -1.845470000e+00  -4.440410000e-01   1.506015000e+00
  -1.830620000e+00  -4.485410000e-01   1.309286000e+00
  -2.826470000e+00  -4.003410000e-01   1.830132000e+00
  -6.296610000e-01  -4.472410000e-01   1.179000000e-02
  -5.632870000e-01  -4.414410000e-01  -4.631970000e-01
  -1.096567000e+00  -4.316410000e-01  -1.295330000e+00
  -9.063220000e-01  -4.281410000e-01  -1.302650000e+00
  -1.404302000e+00  -4.507410000e-01  -7.588600000e-01
  -1.659740000e+00  -4.476410000e-01  -8.885100000e-01
  -1.471340000e+00  -4.206410000e-01   2.211361000e+00
  -2.115110000e+00  -4.173410000e-01   2.079948000e+00
  -1.039418000e+00  -4.555410000e-01  -1.850930000e-01
  -7.586880000e-01  -4.491410000e-01  -2.444630000e-01
  -1.819880000e+00  -4.531410000e-01  -6.074800000e-01
  -1.419845000e+00  -4.353410000e-01  -1.267860000e+00
  -1.345976000e+00  -4.296410000e-01  -1.395720000e+00
  -8.917160000e-01  -4.499410000e-01  -4.927170000e-01
  -5.168060000e-01  -4.336410000e-01  -7.909420000e-01
  -1.622800000e+00  -4.605410000e-01  -1.943100000e-02
  -1.065510000e+00  -4.471410000e-01  -7.686560000e-01
  -1.147009000e+00  -4.509410000e-01  -6.247910000e-01
  -1.542790000e+00  -4.386410000e-01   1.756434000e+00
  -1.238305000e+00  -4.424410000e-01  -1.032590000e+00
  -1.896510000e+00  -4.555410000e-01  -4.643060000e-01
  -2.412620000e+00  -4.265410000e-01   1.637222000e+00
  -2.683980000e+00  -4.294410000e-01   1.188108900e+00
C Number of facets
  786
C  Size  Node 1  ......Node N Marker
    3    0    1    2    3
    3    0    2    3    3
    3    0    3    4    3
    3    0    4    5    3
    3    0    5    6    3
    3    0    6    7    3
    3    0    7    8    3
    3    0    8    9    3
    3    0    9   10    3
    3    0   10   11    3
    3    0   11   12    3
    3    0   12   13    3
    3    0   13   14    3
    3    0   14   15    3
    3    0   15   16    3
    3    0   16   17    3
    3    0   17   18    3
    3    0   18   19    3
    3    0   19   20    3
    3    0   20   21    3
    3    0   21   22    3
    3    0   22   23    3
    3    0   23   24    3
    3    0   24    1    3
    3    1   25   26    3
    3    1   26    2    3
    3    2   26   27    3
    3    2   27    3    3
    3    3   27   28    3
    3    3   28    4    3
    3    4   28   29    3
    3    4   29    5    3
    3    5   29   30    3
    3    5   30    6    3
    3    6   30   31    3
    3    6   31    7    3
    3    7   31   32    3
    3    7   32    8    3
    3    8   32   33    3
    3    8   33    9    3
    3    9   33   34    3
    3    9   34   10    3
    3   10   34   35    3
    3   10   35   11    3
    3   11   35   36    3
    3   11   36   12    3
    3   12   36   37    3
    3   12   37   13    3
    3   13   37   38    3
    3   13   38   14    3
    3   14   38   39    3
    3   14   39   15    3
    3   15   39   40    3
    3   15   40   16    3
    3   16   40   41    3
    3   16   41   17    3
    3   17   41   42    3
    3   17   42   18    3
    3   18   42   43    3
    3   18   43   19    3
    3   19   43   44    3
    3   19   44   20    3
    3   20   44   45    3
    3   20   45   21    3
    3   21   45   46    3
    3   21   46   22    3
    3   22   46   47    3
    3   22   47   23    3
    3   23   47   48    3
    3   23   48   24    3
    3   24   48   25    3
    3   24   25    1    3
    3   25   49   50    3
    3   25   50   26    3
    3   26   50   51    3
    3   26   51   27    3
    3   27   51   52    3
    3   27   52   28    3
    3   28   52   53    3
    3   28   53   29    3
    3   29   53   54    3
    3   29   54   30    3
    3   30   54   55    3
    3   30   55   31    3
    3   31   55   56    3
    3   31   56   32    3
    3   32   56   57    3
    3   32   57   33    3
    3   33   57   58    3
    3   33   58   34    3
    3   34   58   59    3
    3   34   59   35    3
    3   35   59   60    3
    3   35   60   36    3
    3   36   60   61    3
    3   36   61   37    3
    3   37   61   62    3
    3   37   62   38    3
    3   38   62   63    3
    3   38   63   39    3
    3   39   63   64    3
    3   39   64   40    3
    3   40   64   65    3
    3   40   65   41    3
    3   41   65   66    3
    3   41   66   42    3
    3   42   66   67    3
    3   42   67   43    3
    3   43   67   68    3
    3   43   68   44    3
    3   44   68   69    3
    3   44   69   45    3
    3   45   69   70    3
    3   45   70   46    3
    3   46   70   71    3
    3   46   71   47    3
    3   47   71   72    3
    3   47   72   48    3
    3   48   72   49    3
    3   48   49   25    3
    3   49   73   74    3
    3   49   74   50    3
    3   50   74   75    3
    3   50   75   51    3
    3   51   75   76    3
    3   51   76   52    3
    3   52   76   77    3
    3   52   77   53    3
    3   53   77   78    3
    3   53   78   54    3
    3   54   78   79    3
    3   54   79   55    3
    3   55   79   80    3
    3   55   80   56    3
    3   56   80   81    3
    3   56   81   57    3
    3   57   81   82    3
    3   57   82   58    3
    3   58   82   83    3
    3   58   83   59    3
    3   59   83   84    3
    3   59   84   60    3
    3   60   84   85    3
    3   60   85   61    3
    3   61   85   86    3
    3   61   86   62    3
    3   62   86   87    3
    3   62   87   63    3
    3   63   87   88    3
    3   63   88   64    3
    3   64   88   89    3
    3   64   89   65    3
    3   65   89   90    3
    3   65   90   66    3
    3   66   90   91    3
    3   66   91   67    3
    3   67   91   92    3
    3   67   92   68    3
    3   68   92   93    3
    3   68   93   69    3
    3   69   93   94    3
    3   69   94   70    3
    3   70   94   95    3
    3   70   95   71    3
    3   71   95   96    3
    3   71   96   72    3
    3   72   96   73    3
    3   72   73   49    3
    3   73   97   98    3
    3   73   98   74    3
    3   74   98   99    3
    3   74   99   75    3
    3   75   99  100    3
    3   75  100   76    3
    3   76  100  101    3
    3   76  101   77    3
    3   77  101  102    3
    3   77  102   78    3
    3   78  102  103    3
    3   78  103   79    3
    3   79  103  104    3
    3   79  104   80    3
    3   80  104  105    3
    3   80  105   81    3
    3   81  105  106    3
    3   81  106   82    3
    3   82  106  107    3
    3   82  107   83    3
    3   83  107  108    3
    3   83  108   84    3
    3   84  108  109    3
    3   84  109   85    3
    3   85  109  110    3
    3   85  110   86    3
    3   86  110  111    3
    3   86  111   87    3
    3   87  111  112    3
    3   87  112   88    3
    3   88  112  113    3
    3   88  113   89    3
    3   89  113  114    3
    3   89  114   90    3
    3   90  114  115    3
    3   90  115   91    3
    3   91  115  116    3
    3   91  116   92    3
    3   92  116  117    3
    3   92  117   93    3
    3   93  117  118    3
    3   93  118   94    3
    3   94  118  119    3
    3   94  119   95    3
    3   95  119  120    3
    3   95  120   96    3
    3   96  120   97    3
    3   96   97   73    3
    3   97  121  122    3
    3   97  122   98    3
    3   98  122  123    3
    3   98  123   99    3
    3   99  123  124    3
    3   99  124  100    3
    3  100  124  125    3
    3  100  125  101    3
    3  101  125  126    3
    3  101  126  102    3
    3  102  126  127    3
    3  102  127  103    3
    3  103  127  128    3
    3  103  128  104    3
    3  104  128  129    3
    3  104  129  105    3
    3  105  129  130    3
    3  105  130  106    3
    3  106  130  131    3
    3  106  131  107    3
    3  107  131  132    3
    3  107  132  108    3
    3  108  132  133    3
    3  108  133  109    3
    3  109  133  134    3
    3  109  134  110    3
    3  110  134  135    3
    3  110  135  111    3
    3  111  135  136    3
    3  111  136  112    3
    3  112  136  137    3
    3  112  137  113    3
    3  113  137  138    3
    3  113  138  114    3
    3  114  138  139    3
    3  114  139  115    3
    3  115  139  140    3
    3  115  140  116    3
    3  116  140  141    3
    3  116  141  117    3
    3  117  141  142    3
    3  117  142  118    3
    3  118  142  143    3
    3  118  143  119    3
    3  119  143  144    3
    3  119  144  120    3
    3  120  144  121    3
    3  120  121   97    3
    3  121  145  146    3
    3  121  146  122    3
    3  122  146  147    3
    3  122  147  123    3
    3  123  147  148    3
    3  123  148  124    3
    3  124  148  149    3
    3  124  149  125    3
    3  125  149  150    3
    3  125  150  126    3
    3  126  150  151    3
    3  126  151  127    3
    3  127  151  152    3
    3  127  152  128    3
    3  128  152  153    3
    3  128  153  129    3
    3  129  153  154    3
    3  129  154  130    3
    3  130  154  155    3
    3  130  155  131    3
    3  131  155  156    3
    3  131  156  132    3
    3  132  156  157    3
    3  132  157  133    3
    3  133  157  158    3
    3  133  158  134    3
    3  134  158  159    3
    3  134  159  135    3
    3  135  159  160    3
    3  135  160  136    3
    3  136  160  161    3
    3  136  161  137    3
    3  137  161  162    3
    3  137  162  138    3
    3  138  162  163    3
    3  138  163  139    3
    3  139  163  164    3
    3  139  164  140    3
    3  140  164  165    3
    3  140  165  141    3
    3  141  165  166    3
    3  141  166  142    3
    3  142  166  167    3
    3  142  167  143    3
    3  143  167  168    3
    3  143  168  144    3
    3  144  168  145    3
    3  144  145  121    3
    3  145  169  170    3
    3  145  170  146    3
    3  146  170  171    3
    3  146  171  147    3
    3  147  171  172    3
    3  147  172  148    3
    3  148  172  173    3
    3  148  173  149    3
    3  149  173  174    3
    3  149  174  150    3
    3  150  174  175    3
    3  150  175  151    3
    3  151  175  176    3
    3  151  176  152    3
    3  152  176  177    3
    3  152  177  153    3
    3  153  177  178    3
    3  153  178  154    3
    3  154  178  179    3
    3  154  179  155    3
    3  155  179  180    3
    3  155  180  156    3
    3  156  180  181    3
    3  156  181  157    3
    3  157  181  182    3
    3  157  182  158    3
    3  158  182  183    3
    3  158  183  159    3
    3  159  183  184    3
    3  159  184  160    3
    3  160  184  185    3
    3  160  185  161    3
    3  161  185  186    3
    3  161  186  162    3
    3  162  186  187    3
    3  162  187  163    3
    3  163  187  188    3
    3  163  188  164    3
    3  164  188  189    3
    3  164  189  165    3
    3  165  189  190    3
    3  165  190  166    3
    3  166  190  191    3
    3  166  191  167    3
    3  167  191  192    3
    3  167  192  168    3
    3  168  192  169    3
    3  168  169  145    3
    3  169  193  194    3
    3  169  194  170    3
    3  170  194  195    3
    3  170  195  171    3
    3  171  195  196    3
    3  171  196  172    3
    3  172  196  197    3
    3  172  197  173    3
    3  173  197  198    3
    3  173  198  174    3
    3  174  198  199    3
    3  174  199  175    3
    3  175  199  200    3
    3  175  200  176    3
    3  176  200  201    3
    3  176  201  177    3
    3  177  201  202    3
    3  177  202  178    3
    3  178  202  203    3
    3  178  203  179    3
    3  179  203  204    3
    3  179  204  180    3
    3  180  204  205    3
    3  180  205  181    3
    3  181  205  206    3
    3  181  206  182    3
    3  182  206  207    3
    3  182  207  183    3
    3  183  207  208    3
    3  183  208  184    3
    3  184  208  209    3
    3  184  209  185    3
    3  185  209  210    3
    3  185  210  186    3
    3  186  210  211    3
    3  186  211  187    3
    3  187  211  212    3
    3  187  212  188    3
    3  188  212  213    3
    3  188  213  189    3
    3  189  213  214    3
    3  189  214  190    3
    3  190  214  215    3
    3  190  215  191    3
    3  191  215  216    3
    3  191  216  192    3
    3  192  216  193    3
    3  192  193  169    3
    3  193  217  218    3
    3  193  218  194    3
    3  194  218  219    3
    3  194  219  195    3
    3  195  219  220    3
    3  195  220  196    3
    3  196  220  221    3
    3  196  221  197    3
    3  197  221  222    3
    3  197  222  198    3
    3  198  222  223    3
    3  198  223  199    3
    3  199  223  224    3
    3  199  224  200    3
    3  200  224  225    3
    3  200  225  201    3
    3  201  225  226    3
    3  201  226  202    3
    3  202  226  227    3
    3  202  227  203    3
    3  203  227  228    3
    3  203  228  204    3
    3  204  228  229    3
    3  204  229  205    3
    3  205  229  230    3
    3  205  230  206    3
    3  206  230  231    3
    3  206  231  207    3
    3  207  231  232    3
    3  207  232  208    3
    3  208  232  233    3
    3  208  233  209    3
    3  209  233  234    3
    3  209  234  210    3
    3  210  234  235    3
    3  210  235  211    3
    3  211  235  236    3
    3  211  236  212    3
    3  212  236  237    3
    3  212  237  213    3
    3  213  237  238    3
    3  213  238  214    3
    3  214  238  239    3
    3  214  239  215    3
    3  215  239  240    3
    3  215  240  216    3
    3  216  240  217    3
    3  216  217  193    3
    3  217  241  242    3
    3  217  242  218    3
    3  218  242  243    3
    3  218  243  219    3
    3  219  243  244    3
    3  219  244  220    3
    3  220  244  245    3
    3  220  245  221    3
    3  221  245  246    3
    3  221  246  222    3
    3  222  246  247    3
    3  222  247  223    3
    3  223  247  248    3
    3  223  248  224    3
    3  224  248  249    3
    3  224  249  225    3
    3  225  249  250    3
    3  225  250  226    3
    3  226  250  251    3
    3  226  251  227    3
    3  227  251  252    3
    3  227  252  228    3
    3  228  252  253    3
    3  228  253  229    3
    3  229  253  254    3
    3  229  254  230    3
    3  230  254  255    3
    3  230  255  231    3
    3  231  255  256    3
    3  231  256  232    3
    3  232  256  257    3
    3  232  257  233    3
    3  233  257  258    3
    3  233  258  234    3
    3  234  258  259    3
    3  234  259  235    3
    3  235  259  260    3
    3  235  260  236    3
    3  236  260  261    3
    3  236  261  237    3
    3  237  261  262    3
    3  237  262  238    3
    3  238  262  263    3
    3  238  263  239    3
    3  239  263  264    3
    3  239  264  240    3
    3  240  264  241    3
    3  240  241  217    3
    3  264  265  241    3
    3  264  266  265    3
    3  263  266  264    3
    3  263  267  266    3
    3  262  267  263    3
    3  262  268  267    3
    3  261  268  262    3
    3  261  269  268    3
    3  260  269  261    3
    3  260  270  269    3
    3  259  270  260    3
    3  259  271  270    3
    3  258  271  259    3
    3  258  272  271    3
    3  257  272  258    3
    3  257  273  272    3
    3  256  273  257    3
    3  256  274  273    3
    3  255  274  256    3
    3  255  275  274    3
    3  254  275  255    3
    3  254  276  275    3
    3  253  276  254    3
    3  253  277  276    3
    3  252  277  253    3
    3  252  278  277    3
    3  251  278  252    3
    3  251  279  278    3
    3  250  279  251    3
    3  250  280  279    3
    3  249  280  250    3
    3  249  281  280    3
    3  248  281  249    3
    3  248  282  281    3
    3  247  282  248    3
    3  247  283  282    3
    3  246  283  247    3
    3  246  284  283    3
    3  245  284  246    3
    3  245  285  284    3
    3  244  285  245    3
    3  244  286  285    3
    3  243  286  244    3
    3  243  287  286    3
    3  242  287  243    3
    3  242  288  287    3
    3  241  288  242    3
    3  241  265  288    3
    3  289  279  290    1
    3  291  288  292    1
    3  293  294  295    3
    3  296  275  276    1
    3  297  298  299    1
    3  300  301  302    1
    3  303  304  305    3
    3  292  306  307    1
    3  308  309  310    4
    3  300  293  301    1
    3  311  312  313    3
    3  290  314  315    1
    3  316  317  318    1
    3  319  320  321    3
    3  317  322  308    1
    3  286  323  285    1
    3  286  287  320    1
    3  298  297  293    1
    3  324  325  273    1
    3  326  271  272    1
    3  327  328  301    1
    3  329  326  330    1
    3  300  331  304    1
    3  332  282  302    1
    3  272  325  326    1
    3  296  276  316    1
    3  296  333  275    1
    3  324  334  325    1
    3  335  329  336    1
    3  315  328  337    1
    3  338  339  303    3
    3  334  340  341    4
    3  279  289  278    1
    3  274  275  333    1
    3  322  278  289    1
    3  342  343  344    3
    3  332  301  328    1
    3  314  290  280    1
    3  345  338  346    3
    3  324  333  334    1
    3  277  316  276    1
    3  266  267  335    1
    3  288  291  287    1
    3  347  348  349    3
    3  316  322  317    1
    3  297  350  351    4
    3  327  301  293    1
    3  283  331  302    1
    3  352  353  354    4
    3  326  269  270    1
    3  332  302  301    1
    3  355  299  298    1
    3  312  356  357    3
    3  330  355  329    1
    3  336  306  335    1
    3  271  326  270    1
    3  358  359  360    4
    3  298  361  362    3
    3  283  302  282    1
    3  336  329  355    1
    3  326  363  330    1
    3  265  292  288    1
    3  300  364  365    3
    3  366  367  368    4
    3  333  318  334    1
    3  369  361  370    3
    3  327  293  297    1
    3  278  322  277    1
    3  320  291  356    3
    3  371  285  323    1
    3  363  325  334    1
    3  371  331  284    1
    3  364  339  349    3
    3  268  335  267    1
    3  372  363  373    4
    3  280  290  279    1
    3  266  306  265    1
    3  316  277  322    1
    3  328  315  314    1
    3  308  315  367    1
    3  355  330  372    1
    3  327  297  337    1
    3  280  281  314    1
    3  374  340  375    4
    3  296  316  318    1
    3  352  376  377    4
    3  355  307  336    1
    3  292  343  378    3
    3  326  325  363    1
    3  320  287  291    1
    3  345  319  379    3
    3  380  372  381    4
    3  358  366  382    4
    3  268  329  335    1
    3  273  274  324    1
    3  336  307  306    1
    3  265  306  292    1
    3  296  318  333    1
    3  383  374  384    4
    3  329  268  269    1
    3  385  373  386    4
    3  333  324  274    1
    3  283  284  331    1
    3  298  307  355    1
    3  299  353  387    4
    3  308  289  315    1
    3  273  325  272    1
    3  327  337  328    1
    3  388  376  389    4
    3  314  332  328    1
    3  281  282  332    1
    3  315  289  290    1
    3  363  372  330    1
    3  355  372  299    1
    3  285  371  284    1
    3  314  281  332    1
    3  269  326  329    1
    3  369  347  311    3
    3  266  335  306    1
    3  286  320  323    1
    3  308  322  289    1
    3  300  302  331    1
    3  343  390  313    3
    3  292  307  344    3
    3  298  348  370    3
    3  361  390  342    3
    3  343  342  390    3
    3  342  307  362    3
    3  347  369  348    3
    3  361  369  390    3
    3  369  311  390    3
    3  312  311  347    3
    3  311  313  390    3
    3  313  312  378    3
    3  298  362  307    3
    3  342  362  361    3
    3  342  344  307    3
    3  292  344  343    3
    3  369  370  348    3
    3  298  370  361    3
    3  292  378  312    3
    3  313  378  343    3
    3  334  318  375    4
    3  340  391  388    4
    3  318  317  384    4
    3  340  374  391    4
    3  352  385  389    4
    3  376  391  359    4
    3  376  388  391    4
    3  388  385  341    4
    3  359  391  383    4
    3  359  358  377    4
    3  374  383  391    4
    3  383  317  360    4
    3  374  375  318    4
    3  334  375  340    4
    3  334  341  385    4
    3  388  341  340    4
    3  388  389  385    4
    3  352  389  376    4
    3  352  377  358    4
    3  359  377  376    4
    3  358  360  317    4
    3  383  360  359    4
    3  383  384  317    4
    3  318  384  374    4
    3  367  358  309    4
    3  315  337  368    1
    3  353  352  350    4
    3  353  299  380    4
    3  372  380  299    4
    3  380  385  354    4
    3  350  352  392    4
    3  350  297  387    4
    3  366  337  392    4
    3  367  366  358    4
    3  363  334  386    4
    3  373  385  381    4
    3  392  337  351    4
    3  392  352  382    4
    3  380  381  385    4
    3  373  381  372    4
    3  358  317  310    4
    3  367  309  308    4
    3  385  386  334    4
    3  363  386  373    4
    3  366  368  337    4
    3  315  368  367    1
    3  299  387  297    4
    3  350  387  353    4
    3  352  354  385    4
    3  380  354  353    4
    3  358  382  352    4
    3  392  382  366    4
    3  297  351  337    4
    3  392  351  350    4
    3  308  310  317    4
    3  358  310  309    4
    3  312  347  379    3
    3  320  319  323    3
    3  371  323  346    3
    3  338  347  393    3
    3  364  300  394    3
    3  364  348  294    3
    3  319  345  323    3
    3  338  345  347    3
    3  348  298  295    3
    3  294  293  365    3
    3  304  339  394    3
    3  331  371  305    1
    3  364  349  348    3
    3  349  339  393    3
    3  338  393  339    3
    3  349  393  347    3
    3  338  303  371    3
    3  304  303  339    3
    3  356  312  321    3
    3  291  292  357    3
    3  364  394  339    3
    3  304  394  300    3
    3  319  321  312    3
    3  356  321  320    3
    3  293  295  298    3
    3  348  295  294    3
    3  312  357  292    3
    3  291  357  356    3
    3  345  346  323    3
    3  371  346  338    3
    3  303  305  371    3
    3  331  305  304    1
    3  345  379  347    3
    3  312  379  319    3
    3  300  365  293    3
    3  294  365  364    3
C Prescribed Values(Inlet, Outlet), InteractionSurface(Inlet, Outlet)
       1        0        0        2        2        2
C Inlet Pressure, FunID (E18.9,I5)
   1.000000000e+00    3
C Outlet Velocity
C     Vx,           Vy,            Vz,    indVx,indVy,indVz, FunID(3E18.9, 4I5)
   0.000000000e+00   1.000000000e+00   0.000000000e+00    1    0    0    4
C Inlet Velocity
C nNodeID,    Vx,           Vy,            Vz (I5, 3E18.9)
  265
    1   4.000000000e-01  -1.000000000e+00  -1.400000000e+00
    2   5.000000000e-01  -8.000000000e-01  -7.500000000e-01
    3   4.500000000e-01  -8.000000000e-01  -2.500000000e-01
    4   2.000000000e-01  -8.000000000e-01   1.000000000e-01
    5  -3.000000000e-01  -8.000000000e-01   3.000000000e-01
    6  -7.000000000e-01  -8.000000000e-01   2.500000000e-01
    7  -9.500000000e-01  -8.000000000e-01  -1.000000000e-01
    8  -1.100000000e+00  -8.000000000e-01  -4.500000000e-01
    9  -1.000000000e+00  -8.000000000e-01  -8.000000000e-01
   10  -7.500000000e-01  -8.000000000e-01  -1.050000000e+00
   11  -4.500000000e-01  -8.000000000e-01  -1.200000000e+00
   12  -4.500000000e-01  -8.000000000e-01  -1.450000000e+00
   13  -5.500000000e-01  -8.000000000e-01  -2.050000000e+00
   14  -3.500000000e-01  -8.000000000e-01  -2.800000000e+00
   15   1.000000000e-01  -8.000000000e-01  -3.350000000e+00
   16   8.000000000e-01  -8.000000000e-01  -3.450000000e+00
   17   1.550000000e+00  -8.000000000e-01  -3.450000000e+00
   18   2.350000000e+00  -8.000000000e-01  -3.200000000e+00
   19   2.950000000e+00  -8.000000000e-01  -2.700000000e+00
   20   3.100000000e+00  -8.000000000e-01  -1.850000000e+00
   21   2.050000000e+00  -8.000000000e-01  -1.100000000e+00
   22   1.000000000e+00  -8.000000000e-01  -9.000000000e-01
   23   5.000000000e-01  -8.000000000e-01  -1.000000000e+00
   24   3.000000000e-01  -8.000000000e-01  -1.150000000e+00
   25   3.500000000e-01  -8.000000000e-01  -1.150000000e+00
   26   4.000000000e-01  -8.000000000e-01  -6.000000000e-01
   27   3.000000000e-01  -8.000000000e-01  -2.500000000e-01
   28   5.000000000e-02  -8.000000000e-01   5.000000000e-02
   29  -3.000000000e-01  -8.000000000e-01   2.500000000e-01
   30  -6.500000000e-01  -8.000000000e-01   2.000000000e-01
   31  -9.000000000e-01  -8.000000000e-01  -5.000000000e-02
   32  -1.050000000e+00  -8.000000000e-01  -3.500000000e-01
   33  -1.100000000e+00  -8.000000000e-01  -7.000000000e-01
   34  -9.500000000e-01  -8.000000000e-01  -9.000000000e-01
   35  -7.500000000e-01  -8.000000000e-01  -1.150000000e+00
   36  -7.500000000e-01  -8.000000000e-01  -1.450000000e+00
   37  -8.500000000e-01  -8.000000000e-01  -2.100000000e+00
   38  -6.500000000e-01  -8.000000000e-01  -2.900000000e+00
   39  -1.500000000e-01  -8.000000000e-01  -3.450000000e+00
   40   5.500000000e-01  -8.000000000e-01  -3.450000000e+00
   41   1.150000000e+00  -8.000000000e-01  -3.100000000e+00
   42   1.600000000e+00  -8.000000000e-01  -2.600000000e+00
   43   1.900000000e+00  -8.000000000e-01  -2.100000000e+00
   44   2.000000000e+00  -8.000000000e-01  -1.550000000e+00
   45   1.500000000e+00  -8.000000000e-01  -1.050000000e+00
   46   9.000000000e-01  -8.000000000e-01  -8.500000000e-01
   47   5.000000000e-01  -8.000000000e-01  -8.000000000e-01
   48   3.500000000e-01  -8.000000000e-01  -8.500000000e-01
   49   3.000000000e-01  -8.000000000e-01  -9.000000000e-01
   50   2.000000000e-01  -7.500000000e-01  -1.000000000e+00
   51   1.500000000e-01  -7.500000000e-01  -5.000000000e-01
   52  -1.000000000e-01  -7.500000000e-01  -1.000000000e-01
   53  -5.000000000e-01  -7.500000000e-01   1.000000000e-01
   54  -9.000000000e-01  -7.500000000e-01   5.000000000e-02
   55  -1.200000000e+00  -7.500000000e-01  -2.000000000e-01
   56  -1.300000000e+00  -7.500000000e-01  -5.500000000e-01
   57  -1.300000000e+00  -7.500000000e-01  -8.500000000e-01
   58  -1.100000000e+00  -7.500000000e-01  -1.100000000e+00
   59  -9.000000000e-01  -7.500000000e-01  -1.250000000e+00
   60  -9.500000000e-01  -7.500000000e-01  -1.550000000e+00
   61  -1.100000000e+00  -7.500000000e-01  -2.350000000e+00
   62  -9.500000000e-01  -7.500000000e-01  -3.250000000e+00
   63  -3.500000000e-01  -7.500000000e-01  -3.950000000e+00
   64   4.000000000e-01  -7.500000000e-01  -4.000000000e+00
   65   1.100000000e+00  -7.500000000e-01  -3.650000000e+00
   66   1.600000000e+00  -7.500000000e-01  -3.150000000e+00
   67   1.850000000e+00  -7.500000000e-01  -2.500000000e+00
   68   1.900000000e+00  -7.500000000e-01  -1.850000000e+00
   69   9.500000000e-01  -7.500000000e-01  -1.300000000e+00
   70   0.000000000e+00  -7.500000000e-01  -1.300000000e+00
   71  -4.000000000e-01  -7.500000000e-01  -1.500000000e+00
   72  -4.000000000e-01  -7.500000000e-01  -1.700000000e+00
   73  -1.500000000e-01  -7.500000000e-01  -1.650000000e+00
   74   4.000000000e-01  -7.500000000e-01  -6.500000000e-01
   75   2.000000000e-01  -7.500000000e-01  -1.000000000e-01
   76  -1.500000000e-01  -7.500000000e-01   1.500000000e-01
   77  -5.500000000e-01  -7.500000000e-01   2.000000000e-01
   78  -9.500000000e-01  -7.500000000e-01   0.000000000e+00
   79  -1.200000000e+00  -7.500000000e-01  -3.000000000e-01
   80  -1.350000000e+00  -7.500000000e-01  -6.500000000e-01
   81  -1.350000000e+00  -7.500000000e-01  -9.500000000e-01
   82  -1.250000000e+00  -7.500000000e-01  -1.200000000e+00
   83  -1.100000000e+00  -7.500000000e-01  -1.450000000e+00
   84  -1.150000000e+00  -7.500000000e-01  -1.800000000e+00
   85  -1.350000000e+00  -7.500000000e-01  -2.750000000e+00
   86  -1.150000000e+00  -7.500000000e-01  -3.950000000e+00
   87  -4.000000000e-01  -7.500000000e-01  -4.750000000e+00
   88   5.500000000e-01  -7.500000000e-01  -4.850000000e+00
   89   1.350000000e+00  -7.500000000e-01  -4.200000000e+00
   90   1.750000000e+00  -7.500000000e-01  -3.450000000e+00
   91   1.950000000e+00  -7.500000000e-01  -2.700000000e+00
   92   1.950000000e+00  -7.500000000e-01  -2.000000000e+00
   93   9.500000000e-01  -7.500000000e-01  -1.450000000e+00
   94  -5.000000000e-02  -7.500000000e-01  -1.400000000e+00
   95  -4.500000000e-01  -7.500000000e-01  -1.650000000e+00
   96  -4.000000000e-01  -7.500000000e-01  -1.850000000e+00
   97  -5.000000000e-02  -7.500000000e-01  -1.650000000e+00
   98   5.000000000e-01  -6.500000000e-01  -1.200000000e+00
   99   4.000000000e-01  -6.500000000e-01  -7.500000000e-01
  100   1.000000000e-01  -6.500000000e-01  -2.000000000e-01
  101  -4.000000000e-01  -6.500000000e-01   1.000000000e-01
  102  -1.000000000e+00  -6.500000000e-01   5.000000000e-02
  103  -1.300000000e+00  -6.500000000e-01  -2.500000000e-01
  104  -1.500000000e+00  -6.500000000e-01  -6.500000000e-01
  105  -1.500000000e+00  -6.500000000e-01  -1.050000000e+00
  106  -1.350000000e+00  -6.500000000e-01  -1.450000000e+00
  107  -1.100000000e+00  -6.500000000e-01  -1.650000000e+00
  108  -1.100000000e+00  -6.500000000e-01  -2.000000000e+00
  109  -1.400000000e+00  -6.500000000e-01  -3.200000000e+00
  110  -1.150000000e+00  -6.500000000e-01  -4.550000000e+00
  111  -3.000000000e-01  -6.500000000e-01  -5.450000000e+00
  112   8.500000000e-01  -6.500000000e-01  -5.500000000e+00
  113   1.550000000e+00  -6.500000000e-01  -4.650000000e+00
  114   1.950000000e+00  -6.500000000e-01  -3.700000000e+00
  115   2.100000000e+00  -6.500000000e-01  -2.850000000e+00
  116   2.200000000e+00  -6.500000000e-01  -2.200000000e+00
  117   1.700000000e+00  -6.500000000e-01  -1.600000000e+00
  118   1.000000000e+00  -6.500000000e-01  -1.400000000e+00
  119   5.500000000e-01  -6.500000000e-01  -1.400000000e+00
  120   3.000000000e-01  -6.500000000e-01  -1.500000000e+00
  121   2.500000000e-01  -6.500000000e-01  -1.600000000e+00
  122   6.500000000e-01  -6.000000000e-01  -6.500000000e-01
  123   4.500000000e-01  -6.000000000e-01  -5.000000000e-02
  124  -5.000000000e-02  -6.000000000e-01   3.000000000e-01
  125  -6.000000000e-01  -6.000000000e-01   4.500000000e-01
  126  -1.100000000e+00  -6.000000000e-01   2.500000000e-01
  127  -1.400000000e+00  -6.000000000e-01  -1.000000000e-01
  128  -1.600000000e+00  -6.000000000e-01  -5.500000000e-01
  129  -1.650000000e+00  -6.000000000e-01  -1.000000000e+00
  130  -1.450000000e+00  -6.000000000e-01  -1.350000000e+00
  131  -1.200000000e+00  -6.000000000e-01  -1.650000000e+00
  132  -1.200000000e+00  -6.000000000e-01  -2.050000000e+00
  133  -1.500000000e+00  -6.000000000e-01  -3.300000000e+00
  134  -1.250000000e+00  -6.000000000e-01  -4.800000000e+00
  135  -3.000000000e-01  -6.000000000e-01  -5.800000000e+00
  136   9.000000000e-01  -6.000000000e-01  -5.900000000e+00
  137   1.750000000e+00  -6.000000000e-01  -4.950000000e+00
  138   2.150000000e+00  -6.000000000e-01  -3.850000000e+00
  139   2.300000000e+00  -6.000000000e-01  -2.950000000e+00
  140   2.350000000e+00  -6.000000000e-01  -2.250000000e+00
  141   1.700000000e+00  -6.000000000e-01  -1.600000000e+00
  142   9.500000000e-01  -6.000000000e-01  -1.350000000e+00
  143   5.000000000e-01  -6.000000000e-01  -1.350000000e+00
  144   3.500000000e-01  -6.000000000e-01  -1.450000000e+00
  145   4.000000000e-01  -6.000000000e-01  -1.400000000e+00
  146   8.000000000e-01  -5.500000000e-01   3.500000000e-01
  147   4.000000000e-01  -5.500000000e-01   9.500000000e-01
  148  -2.500000000e-01  -5.500000000e-01   1.300000000e+00
  149  -1.000000000e+00  -5.500000000e-01   1.350000000e+00
  150  -1.750000000e+00  -5.500000000e-01   1.100000000e+00
  151  -2.200000000e+00  -5.500000000e-01   5.500000000e-01
  152  -2.250000000e+00  -5.500000000e-01  -1.500000000e-01
  153  -2.000000000e+00  -5.500000000e-01  -7.500000000e-01
  154  -1.600000000e+00  -5.500000000e-01  -1.100000000e+00
  155  -1.250000000e+00  -5.500000000e-01  -1.350000000e+00
  156  -1.250000000e+00  -5.500000000e-01  -1.750000000e+00
  157  -1.600000000e+00  -5.500000000e-01  -3.050000000e+00
  158  -1.350000000e+00  -5.500000000e-01  -4.600000000e+00
  159  -3.500000000e-01  -5.500000000e-01  -5.700000000e+00
  160   9.000000000e-01  -5.500000000e-01  -5.900000000e+00
  161   1.850000000e+00  -5.500000000e-01  -5.000000000e+00
  162   2.400000000e+00  -5.500000000e-01  -4.000000000e+00
  163   2.700000000e+00  -5.500000000e-01  -3.000000000e+00
  164   2.650000000e+00  -5.500000000e-01  -2.150000000e+00
  165   1.650000000e+00  -5.500000000e-01  -1.400000000e+00
  166   8.000000000e-01  -5.500000000e-01  -1.150000000e+00
  167   5.000000000e-01  -5.500000000e-01  -1.200000000e+00
  168   4.000000000e-01  -5.500000000e-01  -1.150000000e+00
  169   6.000000000e-01  -5.500000000e-01  -8.000000000e-01
  170   5.000000000e-01  -5.000000000e-01   1.500000000e-01
  171   1.500000000e-01  -5.000000000e-01   1.000000000e+00
  172  -4.000000000e-01  -5.000000000e-01   9.500000000e-01
  173  -1.300000000e+00  -5.000000000e-01   1.600000000e+00
  174  -2.250000000e+00  -5.000000000e-01   1.450000000e+00
  175  -2.750000000e+00  -5.000000000e-01   8.500000000e-01
  176  -2.750000000e+00  -5.000000000e-01   0.000000000e+00
  177  -2.350000000e+00  -5.000000000e-01  -6.500000000e-01
  178  -1.800000000e+00  -5.000000000e-01  -1.000000000e+00
  179  -1.350000000e+00  -5.000000000e-01  -1.250000000e+00
  180  -1.400000000e+00  -5.000000000e-01  -1.600000000e+00
  181  -1.800000000e+00  -5.000000000e-01  -2.950000000e+00
  182  -1.600000000e+00  -5.000000000e-01  -4.650000000e+00
  183  -6.000000000e-01  -5.000000000e-01  -5.800000000e+00
  184   7.000000000e-01  -5.000000000e-01  -6.000000000e+00
  185   1.550000000e+00  -5.000000000e-01  -4.850000000e+00
  186   1.800000000e+00  -5.000000000e-01  -3.550000000e+00
  187   1.800000000e+00  -5.000000000e-01  -2.600000000e+00
  188   1.700000000e+00  -5.000000000e-01  -1.900000000e+00
  189   1.150000000e+00  -5.000000000e-01  -1.350000000e+00
  190   7.500000000e-01  -5.000000000e-01  -1.100000000e+00
  191   4.500000000e-01  -5.000000000e-01  -9.500000000e-01
  192   4.000000000e-01  -5.000000000e-01  -9.000000000e-01
  193   4.500000000e-01  -5.000000000e-01  -5.500000000e-01
  194   3.500000000e-01  -4.500000000e-01  -5.000000000e-01
  195   2.000000000e-01  -4.500000000e-01   0.000000000e+00
  196  -3.000000000e-01  -4.500000000e-01   5.000000000e-01
  197  -1.300000000e+00  -4.500000000e-01   1.500000000e+00
  198  -2.500000000e+00  -4.500000000e-01   1.500000000e+00
  199  -3.300000000e+00  -4.500000000e-01   1.000000000e+00
  200  -3.200000000e+00  -4.500000000e-01  -5.000000000e-02
  201  -2.600000000e+00  -4.500000000e-01  -8.500000000e-01
  202  -1.850000000e+00  -4.500000000e-01  -1.300000000e+00
  203  -1.350000000e+00  -4.500000000e-01  -1.450000000e+00
  204  -1.300000000e+00  -4.500000000e-01  -1.700000000e+00
  205  -1.800000000e+00  -4.500000000e-01  -3.050000000e+00
  206  -1.650000000e+00  -4.500000000e-01  -4.950000000e+00
  207  -6.500000000e-01  -4.500000000e-01  -6.250000000e+00
  208   7.500000000e-01  -4.500000000e-01  -6.550000000e+00
  209   1.700000000e+00  -4.500000000e-01  -5.450000000e+00
  210   2.050000000e+00  -4.500000000e-01  -4.050000000e+00
  211   2.050000000e+00  -4.500000000e-01  -3.050000000e+00
  212   2.000000000e+00  -4.500000000e-01  -2.250000000e+00
  213   1.300000000e+00  -4.500000000e-01  -1.600000000e+00
  214   7.500000000e-01  -4.500000000e-01  -1.350000000e+00
  215   4.500000000e-01  -4.500000000e-01  -1.300000000e+00
  216   2.500000000e-01  -4.500000000e-01  -1.250000000e+00
  217   2.500000000e-01  -4.500000000e-01  -1.200000000e+00
  218   2.000000000e-01  -4.000000000e-01  -1.500000000e+00
  219   1.000000000e-01  -4.000000000e-01  -1.000000000e+00
  220  -3.500000000e-01  -4.000000000e-01   0.000000000e+00
  221  -1.300000000e+00  -4.000000000e-01   1.000000000e+00
  222  -2.550000000e+00  -4.000000000e-01   1.000000000e+00
  223  -3.250000000e+00  -4.000000000e-01   1.000000000e+00
  224  -3.100000000e+00  -4.000000000e-01  -5.000000000e-01
  225  -2.450000000e+00  -4.000000000e-01  -1.200000000e+00
  226  -1.700000000e+00  -4.000000000e-01  -1.550000000e+00
  227  -1.300000000e+00  -4.000000000e-01  -1.700000000e+00
  228  -1.350000000e+00  -4.000000000e-01  -1.950000000e+00
  229  -2.000000000e+00  -4.000000000e-01  -3.600000000e+00
  230  -1.950000000e+00  -4.000000000e-01  -5.950000000e+00
  231  -7.500000000e-01  -4.000000000e-01  -7.600000000e+00
  232   9.000000000e-01  -4.000000000e-01  -8.000000000e+00
  233   1.850000000e+00  -4.000000000e-01  -6.300000000e+00
  234   1.800000000e+00  -4.000000000e-01  -4.350000000e+00
  235   1.400000000e+00  -4.000000000e-01  -3.150000000e+00
  236   1.500000000e+00  -4.000000000e-01  -2.550000000e+00
  237   1.150000000e+00  -4.000000000e-01  -2.000000000e+00
  238   7.500000000e-01  -4.000000000e-01  -1.700000000e+00
  239   3.500000000e-01  -4.000000000e-01  -1.650000000e+00
  240   1.000000000e-01  -4.000000000e-01  -1.700000000e+00
  241   5.000000000e-02  -4.000000000e-01  -1.750000000e+00
  242  -1.500000000e-01  -3.500000000e-01  -2.000000000e+00
  243  -5.000000000e-02  -3.500000000e-01  -1.500000000e+00
  244  -4.000000000e-01  -3.500000000e-01   0.000000000e+00
  245  -1.400000000e+00  -3.500000000e-01   5.000000000e-01
  246  -2.800000000e+00  -3.500000000e-01   1.500000000e+00
  247  -3.600000000e+00  -3.500000000e-01   5.000000000e-01
  248  -3.550000000e+00  -3.500000000e-01  -5.000000000e-01
  249  -3.000000000e+00  -3.500000000e-01  -1.150000000e+00
  250  -2.500000000e+00  -3.500000000e-01  -1.650000000e+00
  251  -2.000000000e+00  -3.500000000e-01  -1.800000000e+00
  252  -1.500000000e+00  -3.500000000e-01  -2.100000000e+00
  253  -2.150000000e+00  -3.500000000e-01  -3.450000000e+00
  254  -2.000000000e+00  -3.500000000e-01  -5.400000000e+00
  255  -9.500000000e-01  -3.500000000e-01  -6.650000000e+00
  256   5.000000000e-01  -3.500000000e-01  -7.000000000e+00
  257   1.500000000e+00  -3.500000000e-01  -5.950000000e+00
  258   1.600000000e+00  -3.500000000e-01  -4.350000000e+00
  259   1.400000000e+00  -3.500000000e-01  -3.200000000e+00
  260   1.750000000e+00  -3.500000000e-01  -2.650000000e+00
  261   1.200000000e+00  -3.500000000e-01  -1.950000000e+00
  262   4.000000000e-01  -3.500000000e-01  -1.700000000e+00
  263   0.000000000e+00  -3.500000000e-01  -1.700000000e+00
  264  -2.000000000e-01  -3.500000000e-01  -1.850000000e+00
  265  -3.000000000e-01  -3.500000000e-01  -2.250000000e+00
C Region List
