C PointsNum,MaxElemVol,TetGenParams,nAtrib,IndMov,MDMaxVolume,MDomDiv,MDOnly,MDDivF,MDPrescP
  395    1.000000e+00 YYpznno2q1.414a     0     0    1.000000e+00     1     0     0     0     0     0 YYpznno2q1.414a
  -2.372148000e-01  -7.714570000e+00   9.819000000e-03
  -4.212290000e-02  -7.285820000e+00   9.049840000e-01
  -2.754590000e-01  -7.285820000e+00   8.850480000e-01
  -4.838280000e-01  -7.285820000e+00   7.902330000e-01
  -6.562570000e-01  -7.285820000e+00   6.572300000e-01
  -7.944580000e-01  -7.285820000e+00   4.988930000e-01
  -8.988340000e-01  -7.285820000e+00   3.194290000e-01
  -9.777890000e-01  -7.285820000e+00   1.220960000e-01
  -1.024068000e+00  -7.285820000e+00  -9.678800000e-02
  -1.017557000e+00  -7.285820000e+00  -3.357610000e-01
  -9.210870000e-01  -7.285820000e+00  -5.598680000e-01
  -7.245420000e-01  -7.285820000e+00  -7.057370000e-01
  -4.937010000e-01  -7.285820000e+00  -7.635250000e-01
  -2.751229000e-01  -7.285820000e+00  -7.683890000e-01
  -7.344800000e-02  -7.285820000e+00  -7.448340000e-01
   1.123440000e-01  -7.285820000e+00  -6.813610000e-01
   2.524660000e-01  -7.285820000e+00  -5.464930000e-01
   3.465370000e-01  -7.285820000e+00  -3.908660000e-01
   4.107250000e-01  -7.285820000e+00  -2.354650000e-01
   4.221810000e-01  -7.285820000e+00  -7.290400000e-02
   3.814040000e-01  -7.285820000e+00   7.709800000e-02
   3.319050000e-01  -7.285820000e+00   2.112130000e-01
   2.931650000e-01  -7.285820000e+00   3.563840000e-01
   2.497470000e-01  -7.285820000e+00   5.430700000e-01
   1.586420000e-01  -7.285820000e+00   7.779680000e-01
  -7.808340000e-02  -6.857070000e+00   1.201310000e+00
  -3.884520000e-01  -6.857070000e+00   1.169125000e+00
  -6.646990000e-01  -6.857070000e+00   1.043763000e+00
  -8.944050000e-01  -6.857070000e+00   8.689350000e-01
  -1.080928000e+00  -6.857070000e+00   6.596800000e-01
  -1.227520000e+00  -6.857070000e+00   4.243960000e-01
  -1.348600000e+00  -6.857070000e+00   1.626132000e-01
  -1.438030000e+00  -6.857070000e+00  -1.390150000e-01
  -1.452650000e+00  -6.857070000e+00  -4.808790000e-01
  -1.320598000e+00  -6.857070000e+00  -8.039010000e-01
  -1.029129000e+00  -6.857070000e+00  -9.973400000e-01
  -6.937920000e-01  -6.857070000e+00  -1.050840000e+00
  -3.910834000e-01  -6.857070000e+00  -1.034650000e+00
  -1.218710000e-01  -6.857070000e+00  -9.884700000e-01
   1.245210000e-01  -6.857070000e+00  -9.049090000e-01
   3.089010000e-01  -6.857070000e+00  -7.263710000e-01
   4.287500000e-01  -6.857070000e+00  -5.179380000e-01
   5.151340000e-01  -6.857070000e+00  -3.132580000e-01
   5.439860000e-01  -6.857070000e+00  -1.023868000e-01
   5.032410000e-01  -6.857070000e+00   1.002030000e-01
   4.421710000e-01  -6.857070000e+00   2.863610000e-01
   3.896970000e-01  -6.857070000e+00   4.873930000e-01
   3.285450000e-01  -6.857070000e+00   7.437270000e-01
   1.969450000e-01  -6.857070000e+00   1.052034000e+00
  -1.342710000e-01  -6.428310000e+00   1.395160000e+00
  -4.949520000e-01  -6.428310000e+00   1.359930000e+00
  -8.207170000e-01  -6.428310000e+00   1.227374000e+00
  -1.099431000e+00  -6.428310000e+00   1.032688000e+00
  -1.327160000e+00  -6.428310000e+00   7.908940000e-01
  -1.509030000e+00  -6.428310000e+00   5.120600000e-01
  -1.668430000e+00  -6.428310000e+00   1.985288000e-01
  -1.793910000e+00  -6.428310000e+00  -1.703190000e-01
  -1.829080000e+00  -6.428310000e+00  -5.965190000e-01
  -1.668860000e+00  -6.428310000e+00  -1.001064000e+00
  -1.288643000e+00  -6.428310000e+00  -1.220050000e+00
  -8.574120000e-01  -6.428310000e+00  -1.238200000e+00
  -4.942710000e-01  -6.428310000e+00  -1.181670000e+00
  -1.900850000e-01  -6.428310000e+00  -1.107310000e+00
   8.938100000e-02  -6.428310000e+00  -1.018105000e+00
   3.099140000e-01  -6.428310000e+00  -8.336560000e-01
   4.572660000e-01  -6.428310000e+00  -6.012660000e-01
   5.598670000e-01  -6.428310000e+00  -3.651500000e-01
   5.951260000e-01  -6.428310000e+00  -1.174712000e-01
   5.440710000e-01  -6.428310000e+00   1.186170000e-01
   4.731910000e-01  -6.428310000e+00   3.361430000e-01
   4.180120000e-01  -6.428310000e+00   5.738120000e-01
   3.534670000e-01  -6.428310000e+00   8.843000000e-01
   1.943980000e-01  -6.428310000e+00   1.244800000e+00
  -1.849060000e-01  -6.000560000e+00   1.552210000e+00
  -5.887960000e-01  -6.000560000e+00   1.518460000e+00
  -9.580470000e-01  -6.000560000e+00   1.378660000e+00
  -1.279810000e+00  -6.000560000e+00   1.166637000e+00
  -1.543090000e+00  -6.000560000e+00   8.933420000e-01
  -1.753580000e+00  -6.000560000e+00   5.755060000e-01
  -1.939380000e+00  -6.000560000e+00   2.177276000e-01
  -2.087640000e+00  -6.000560000e+00  -2.058470000e-01
  -2.131630000e+00  -6.000560000e+00  -6.982860000e-01
  -1.947090000e+00  -6.000560000e+00  -1.164460000e+00
  -1.505030000e+00  -6.000560000e+00  -1.411750000e+00
  -1.004791000e+00  -6.000560000e+00  -1.421720000e+00
  -5.899060000e-01  -6.000560000e+00  -1.346640000e+00
  -2.454300000e-01  -6.000560000e+00  -1.255400000e+00
   6.815500000e-02  -6.000560000e+00  -1.155250000e+00
   3.188320000e-01  -6.000560000e+00  -9.510100000e-01
   4.834680000e-01  -6.000560000e+00  -6.865840000e-01
   5.940970000e-01  -6.000560000e+00  -4.186180000e-01
   6.279920000e-01  -6.000560000e+00  -1.412724000e-01
   5.505360000e-01  -6.000560000e+00   1.206570000e-01
   4.698740000e-01  -6.000560000e+00   3.558790000e-01
   4.176160000e-01  -6.000560000e+00   6.212490000e-01
   3.586960000e-01  -6.000560000e+00   9.777100000e-01
   1.879540000e-01  -6.000560000e+00   1.394800000e+00
  -2.162050000e-01  -5.571800000e+00   1.680060000e+00
  -6.545600000e-01  -5.571800000e+00   1.648910000e+00
  -1.059437000e+00  -5.571800000e+00   1.502890000e+00
  -1.413770000e+00  -5.571800000e+00   1.276361000e+00
  -1.702770000e+00  -5.571800000e+00   9.773820000e-01
  -1.931940000e+00  -5.571800000e+00   6.278580000e-01
  -2.126730000e+00  -5.571800000e+00   2.348001000e-01
  -2.274890000e+00  -5.571800000e+00  -2.255470000e-01
  -2.309990000e+00  -5.571800000e+00  -7.522160000e-01
  -2.108810000e+00  -5.571800000e+00  -1.250810000e+00
  -1.638990000e+00  -5.571800000e+00  -1.522390000e+00
  -1.102682000e+00  -5.571800000e+00  -1.539810000e+00
  -6.552050000e-01  -5.571800000e+00  -1.463370000e+00
  -2.819680000e-01  -5.571800000e+00  -1.366200000e+00
   5.851700000e-02  -5.571800000e+00  -1.258170000e+00
   3.345360000e-01  -5.571800000e+00  -1.039940000e+00
   5.120970000e-01  -5.571800000e+00  -7.508540000e-01
   6.285120000e-01  -5.571800000e+00  -4.568530000e-01
   6.480680000e-01  -5.571800000e+00  -1.531999000e-01
   5.329090000e-01  -5.571800000e+00   1.220060000e-01
   4.466970000e-01  -5.571800000e+00   3.633950000e-01
   4.004360000e-01  -5.571800000e+00   6.424410000e-01
   3.563280000e-01  -5.571800000e+00   1.034280000e+00
   1.878210000e-01  -5.571800000e+00   1.507470000e+00
  -2.408390000e-01  -5.143050000e+00   1.799360000e+00
  -7.072700000e-01  -5.143050000e+00   1.770020000e+00
  -1.140110000e+00  -5.143050000e+00   1.619090000e+00
  -1.520750000e+00  -5.143050000e+00   1.379486000e+00
  -1.833280000e+00  -5.143050000e+00   1.061312000e+00
  -2.075130000e+00  -5.143050000e+00   6.851110000e-01
  -2.275210000e+00  -5.143050000e+00   2.635741000e-01
  -2.420890000e+00  -5.143050000e+00  -2.252200000e-01
  -2.446590000e+00  -5.143050000e+00  -7.783500000e-01
  -2.234430000e+00  -5.143050000e+00  -1.303020000e+00
  -1.742250000e+00  -5.143050000e+00  -1.591450000e+00
  -1.175796000e+00  -5.143050000e+00  -1.606080000e+00
  -7.038390000e-01  -5.143050000e+00  -1.518270000e+00
  -3.135400000e-01  -5.143050000e+00  -1.411720000e+00
   4.166000000e-02  -5.143050000e+00  -1.297900000e+00
   3.337640000e-01  -5.143050000e+00  -1.077030000e+00
   5.215960000e-01  -5.143050000e+00  -7.748700000e-01
   6.426100000e-01  -5.143050000e+00  -4.661370000e-01
   6.527430000e-01  -5.143050000e+00  -1.454259000e-01
   5.243710000e-01  -5.143050000e+00   1.393270000e-01
   4.407440000e-01  -5.143050000e+00   3.906150000e-01
   4.004040000e-01  -5.143050000e+00   6.858170000e-01
   3.624280000e-01  -5.143050000e+00   1.107310000e+00
   1.897446000e-01  -5.143050000e+00   1.618250000e+00
  -3.026040000e-01  -4.321630000e+00   2.040170000e+00
  -8.234260000e-01  -4.321630000e+00   2.017810000e+00
  -1.314000000e+00  -4.321630000e+00   1.860470000e+00
  -1.749710000e+00  -4.321630000e+00   1.599270000e+00
  -2.109240000e+00  -4.321630000e+00   1.242446000e+00
  -2.376890000e+00  -4.321630000e+00   8.103220000e-01
  -2.582560000e+00  -4.321630000e+00   3.301583000e-01
  -2.716340000e+00  -4.321630000e+00  -2.138550000e-01
  -2.718450000e+00  -4.321630000e+00  -8.157300000e-01
  -2.483690000e+00  -4.321630000e+00  -1.386930000e+00
  -1.953530000e+00  -4.321630000e+00  -1.710320000e+00
  -1.326278000e+00  -4.321630000e+00  -1.710530000e+00
  -8.106040000e-01  -4.321630000e+00  -1.597040000e+00
  -3.925888000e-01  -4.321630000e+00  -1.467430000e+00
  -1.646000000e-02  -4.321630000e+00  -1.341680000e+00
   3.058500000e-01  -4.321630000e+00  -1.124296000e+00
   5.146460000e-01  -4.321630000e+00  -8.035100000e-01
   6.427600000e-01  -4.321630000e+00  -4.676590000e-01
   6.202810000e-01  -4.321630000e+00  -1.178417000e-01
   4.590080000e-01  -4.321630000e+00   1.790440000e-01
   3.934470000e-01  -4.321630000e+00   4.446880000e-01
   3.722810000e-01  -4.321630000e+00   7.690430000e-01
   3.599780000e-01  -4.321630000e+00   1.256170000e+00
   1.796162900e-01  -4.321630000e+00   1.843440000e+00
  -3.271530000e-01  -3.501210000e+00   2.274100000e+00
  -8.989590000e-01  -3.501210000e+00   2.248100000e+00
  -1.433980000e+00  -3.501210000e+00   2.068090000e+00
  -1.908220000e+00  -3.501210000e+00   1.778630000e+00
  -2.298990000e+00  -3.501210000e+00   1.388959000e+00
  -2.583310000e+00  -3.501210000e+00   9.152710000e-01
  -2.794540000e+00  -3.501210000e+00   3.905661000e-01
  -2.922270000e+00  -3.501210000e+00  -1.942260000e-01
  -2.910900000e+00  -3.501210000e+00  -8.344400000e-01
  -2.659050000e+00  -3.501210000e+00  -1.440330000e+00
  -2.095520000e+00  -3.501210000e+00  -1.786850000e+00
  -1.417200000e+00  -3.501210000e+00  -1.764790000e+00
  -8.711530000e-01  -3.501210000e+00  -1.621030000e+00
  -4.396358000e-01  -3.501210000e+00  -1.475100000e+00
  -5.363800000e-02  -3.501210000e+00  -1.340070000e+00
   2.983120000e-01  -3.501210000e+00  -1.143900000e+00
   5.497290000e-01  -3.501210000e+00  -8.326660000e-01
   7.063270000e-01  -3.501210000e+00  -4.779530000e-01
   6.159830000e-01  -3.501210000e+00  -8.543390000e-02
   4.290120000e-01  -3.501210000e+00   2.206240000e-01
   3.762080000e-01  -3.501210000e+00   4.976060000e-01
   3.659370000e-01  -3.501210000e+00   8.426600000e-01
   3.741460000e-01  -3.501210000e+00   1.379350000e+00
   1.977498000e-01  -3.501210000e+00   2.049890000e+00
  -3.275970000e-01  -2.679800000e+00   2.332380000e+00
  -9.150400000e-01  -2.679800000e+00   2.331140000e+00
  -1.480120000e+00  -2.679800000e+00   2.175500000e+00
  -1.995750000e+00  -2.679800000e+00   1.895610000e+00
  -2.424220000e+00  -2.679800000e+00   1.491050000e+00
  -2.723390000e+00  -2.679800000e+00   9.814890000e-01
  -2.919530000e+00  -2.679800000e+00   4.174598000e-01
  -3.011860000e+00  -2.679800000e+00  -1.951260000e-01
  -2.958750000e+00  -2.679800000e+00  -8.406500000e-01
  -2.681310000e+00  -2.679800000e+00  -1.443250000e+00
  -2.113030000e+00  -2.679800000e+00  -1.791020000e+00
  -1.429910000e+00  -2.679800000e+00  -1.769590000e+00
  -8.805970000e-01  -2.679800000e+00  -1.626180000e+00
  -4.439577000e-01  -2.679800000e+00  -1.481940000e+00
  -5.202800000e-02  -2.679800000e+00  -1.352580000e+00
   3.224200000e-01  -2.679800000e+00  -1.175560000e+00
   6.220360000e-01  -2.679800000e+00  -8.856920000e-01
   8.139280000e-01  -2.679800000e+00  -5.170050000e-01
   6.608160000e-01  -2.679800000e+00  -8.254020000e-02
   4.374470000e-01  -2.679800000e+00   2.321120000e-01
   3.822710000e-01  -2.679800000e+00   5.120300000e-01
   3.693320000e-01  -2.679800000e+00   8.603900000e-01
   3.767340000e-01  -2.679800000e+00   1.401720000e+00
   2.045627000e-01  -2.679800000e+00   2.091660000e+00
  -3.383260000e-01  -1.859380000e+00   2.390200000e+00
  -9.402400000e-01  -1.859380000e+00   2.388590000e+00
  -1.518650000e+00  -1.859380000e+00   2.228840000e+00
  -2.046030000e+00  -1.859380000e+00   1.941580000e+00
  -2.485820000e+00  -1.859380000e+00   1.528100000e+00
  -2.796740000e+00  -1.859380000e+00   1.007914000e+00
  -3.006190000e+00  -1.859380000e+00   4.298790000e-01
  -3.114510000e+00  -1.859380000e+00  -2.014290000e-01
  -3.070080000e+00  -1.859380000e+00  -8.748800000e-01
  -2.781990000e+00  -1.859380000e+00  -1.501780000e+00
  -2.180350000e+00  -1.859380000e+00  -1.850770000e+00
  -1.461730000e+00  -1.859380000e+00  -1.796960000e+00
  -9.003260000e-01  -1.859380000e+00  -1.630930000e+00
  -4.624214000e-01  -1.859380000e+00  -1.476160000e+00
  -7.218200000e-02  -1.859380000e+00  -1.344220000e+00
   3.119560000e-01  -1.859380000e+00  -1.182400000e+00
   6.448180000e-01  -1.859380000e+00  -9.141490000e-01
   8.667020000e-01  -1.859380000e+00  -5.435870000e-01
   6.790850000e-01  -1.859380000e+00  -8.512100000e-02
   4.394930000e-01  -1.859380000e+00   2.374430000e-01
   3.825080000e-01  -1.859380000e+00   5.230710000e-01
   3.697980000e-01  -1.859380000e+00   8.780030000e-01
   3.801820000e-01  -1.859380000e+00   1.432410000e+00
   2.075200000e-01  -1.859380000e+00   2.143870000e+00
  -4.127900000e-01  -1.037960000e+00   2.283430000e+00
  -1.001530000e+00  -1.037960000e+00   2.308250000e+00
  -1.586820000e+00  -1.037960000e+00   2.190690000e+00
  -2.139170000e+00  -1.037960000e+00   1.933630000e+00
  -2.600020000e+00  -1.037960000e+00   1.522420000e+00
  -2.924340000e+00  -1.037960000e+00   9.900110000e-01
  -3.151630000e+00  -1.037960000e+00   3.972550000e-01
  -3.273860000e+00  -1.037960000e+00  -2.574180000e-01
  -3.233810000e+00  -1.037960000e+00  -9.585900000e-01
  -2.933140000e+00  -1.037960000e+00  -1.610100000e+00
  -2.296750000e+00  -1.037960000e+00  -1.959330000e+00
  -1.547720000e+00  -1.037960000e+00  -1.887720000e+00
  -9.697900000e-01  -1.037960000e+00  -1.708320000e+00
  -5.251575000e-01  -1.037960000e+00  -1.542430000e+00
  -1.334030000e-01  -1.037960000e+00  -1.398230000e+00
   2.547660000e-01  -1.037960000e+00  -1.237300000e+00
   5.849660000e-01  -1.037960000e+00  -9.623440000e-01
   8.062030000e-01  -1.037960000e+00  -5.899380000e-01
   6.078350000e-01  -1.037960000e+00  -1.277450000e-01
   3.245370000e-01  -1.037960000e+00   1.880410000e-01
   2.733420000e-01  -1.037960000e+00   4.617110000e-01
   2.754740000e-01  -1.037960000e+00   8.125190000e-01
   3.164980000e-01  -1.037960000e+00   1.390540000e+00
   1.302020000e-01  -1.037960000e+00   2.073830000e+00
  -4.566040000e-01  -3.545410000e-01   2.356920000e+00
   1.091790000e-01  -3.545410000e-01   2.130500000e+00
   2.291060000e-01  -3.545410000e-01   1.323330000e+00
   1.147300000e-01  -3.545410000e-01   7.030400000e-01
   8.731400000e-02  -3.545410000e-01   3.778270000e-01
   1.126230000e-01  -3.545410000e-01   1.365790000e-01
   3.649060000e-01  -3.545410000e-01  -1.342940000e-01
   8.072870000e-01  -3.545410000e-01  -6.462310000e-01
   5.701980000e-01  -3.545410000e-01  -1.028210000e+00
   2.192500000e-01  -3.545410000e-01  -1.300150000e+00
  -1.798090000e-01  -3.545410000e-01  -1.460640000e+00
  -5.798674000e-01  -3.545410000e-01  -1.612830000e+00
  -1.035604000e+00  -3.545410000e-01  -1.787930000e+00
  -1.632150000e+00  -3.545410000e-01  -1.980170000e+00
  -2.412530000e+00  -3.545410000e-01  -2.063460000e+00
  -3.080070000e+00  -3.545410000e-01  -1.707760000e+00
  -3.378710000e+00  -3.545410000e-01  -1.025350000e+00
  -3.380550000e+00  -3.545410000e-01  -2.951950000e-01
  -3.221280000e+00  -3.545410000e-01   3.667060000e-01
  -2.971580000e+00  -3.545410000e-01   9.536340000e-01
  -2.644310000e+00  -3.545410000e-01   1.479010000e+00
  -2.202820000e+00  -3.545410000e-01   1.907920000e+00
  -1.662320000e+00  -3.545410000e-01   2.199490000e+00
  -1.070410000e+00  -3.545410000e-01   2.357470000e+00
  -1.917010000e+00  -3.866410000e-01  -1.599560000e+00
  -2.451700000e+00  -3.830410000e-01  -1.539080000e+00
  -1.444620000e+00  -3.807410000e-01   1.932280000e+00
  -1.052880000e+00  -3.947410000e-01   1.760420000e+00
  -1.879480000e+00  -4.290410000e-01   2.046180000e-01
  -1.855030000e+00  -4.263410000e-01   4.571075000e-01
  -1.592500000e+00  -4.301410000e-01   4.873108000e-01
  -5.374957000e-01  -3.817410000e-01  -1.332020000e+00
  -1.544390000e+00  -4.349410000e-01  -9.456000000e-02
  -1.329860000e+00  -4.329410000e-01   5.175140000e-01
  -1.048120000e+00  -4.338410000e-01  -1.146900000e-02
  -2.270180000e+00  -4.137410000e-01   3.953400000e-01
  -2.335460000e+00  -4.156410000e-01  -9.740500000e-02
  -2.770710000e+00  -3.921410000e-01   1.000870000e-01
  -2.294280000e+00  -3.988410000e-01   9.350050000e-01
  -2.409340000e+00  -3.997410000e-01   7.053660000e-01
  -2.397600000e+00  -3.946410000e-01   8.922490000e-01
  -4.424840000e-01  -3.890410000e-01   1.668377000e+00
  -8.928630000e-01  -4.167410000e-01   1.112407000e+00
  -1.582850000e+00  -4.055410000e-01  -1.268060000e+00
  -1.525510000e+00  -4.139410000e-01  -1.085610000e+00
  -1.338948000e+00  -4.113410000e-01  -1.131360000e+00
  -1.678600000e+00  -4.146410000e-01   1.130501000e+00
  -1.621220000e+00  -4.001410000e-01   1.531297000e+00
  -1.525130000e+00  -4.094410000e-01   1.345365000e+00
  -2.705570000e+00  -3.901410000e-01  -1.093140000e+00
  -2.038030000e+00  -4.090410000e-01  -1.100380000e+00
  -8.927930000e-01  -3.867410000e-01  -1.400390000e+00
  -1.155384000e+00  -4.083410000e-01  -1.175120000e+00
  -7.028300000e-01  -4.036410000e-01  -1.117060000e+00
  -1.851260000e+00  -3.946410000e-01   1.500328000e+00
  -1.796430000e+00  -3.798410000e-01   1.796950000e+00
  -1.707330000e+00  -3.900410000e-01   1.670120000e+00
  -1.354533000e+00  -3.872410000e-01  -1.524810000e+00
  -2.078300000e+00  -3.869410000e-01   1.476359000e+00
   8.140900000e-02  -3.815410000e-01  -1.039070000e+00
   1.982000000e-01  -3.870410000e-01  -7.024960000e-01
  -4.143100000e-02  -3.841410000e-01  -6.648800000e-02
  -1.966640000e+00  -4.272410000e-01  -2.304760000e-01
  -2.285940000e+00  -4.146410000e-01  -6.003200000e-01
  -2.262659000e-01  -3.928410000e-01   5.269250000e-01
  -4.040170000e-01  -4.112410000e-01   9.985700000e-02
  -2.621190000e+00  -3.901410000e-01   6.258549000e-01
  -2.823480000e+00  -3.925410000e-01  -4.920110000e-01
  -2.559150000e-01  -3.853410000e-01  -1.192360000e+00
  -3.763240000e-01  -4.080410000e-01  -8.322900000e-01
  -8.467900000e-02  -3.804410000e-01   1.208704000e+00
  -4.600530000e-01  -4.047410000e-01   1.012561000e+00
  -1.763730000e+00  -4.273410000e-01  -5.694780000e-01
  -2.152810000e+00  -4.000410000e-01   1.094350000e+00
  -2.201290000e+00  -4.077410000e-01   7.898770000e-01
  -6.698150000e-01  -4.160410000e-01  -8.134400000e-01
  -7.182650000e-01  -4.215410000e-01  -6.280790000e-01
  -1.167950000e+00  -4.183410000e-01   1.136920000e+00
  -1.240460000e+00  -4.084410000e-01   1.434426000e+00
  -1.067660000e+00  -4.129410000e-01   1.283916000e+00
  -1.997730000e+00  -3.980410000e-01   1.305463000e+00
  -2.114060000e+00  -3.936410000e-01   1.288855000e+00
  -1.918150000e+00  -4.086410000e-01   1.122567000e+00
  -1.834790000e+00  -4.228410000e-01   7.065970000e-01
  -2.017890000e+00  -4.162410000e-01   7.467370000e-01
  -1.406850000e+00  -4.339410000e-01  -2.903470000e-01
  -1.583290000e+00  -4.311410000e-01  -4.274130000e-01
  -1.261300000e+00  -4.319410000e-01  -4.761340000e-01
  -1.154210000e+00  -4.336410000e-01  -2.503020000e-01
  -9.654630000e-01  -4.305410000e-01  -3.390090000e-01
  -7.076880000e-01  -4.229410000e-01   4.757197000e-01
  -1.526420000e+00  -3.911410000e-01   1.733290000e+00
  -1.291650000e+00  -3.931410000e-01   1.747850000e+00
  -1.461180000e+00  -4.212410000e-01  -9.101600000e-01
  -1.205241000e+00  -4.221410000e-01  -8.563800000e-01
  -1.182813000e+00  -4.156410000e-01  -1.018750000e+00
  -1.377550000e+00  -4.263410000e-01   8.359740000e-01
  -1.136710000e+00  -4.222410000e-01   9.771910000e-01
  -3.218590000e-01  -4.114410000e-01  -3.486780000e-01
  -2.048470000e+00  -4.194410000e-01   5.459687800e-01
  -1.963980000e+00  -4.244410000e-01   3.782930000e-01
  -1.616450000e+00  -4.248410000e-01  -7.478200000e-01
  -1.743600000e+00  -4.162410000e-01  -9.962700000e-01
  -1.757160000e+00  -4.220410000e-01  -7.883700000e-01
  -1.631870000e+00  -4.220410000e-01   9.150150000e-01
  -1.605720000e+00  -4.254410000e-01   7.672860000e-01
  -2.387470000e+00  -3.891410000e-01   1.076132000e+00
  -6.596610000e-01  -4.244410000e-01  -4.621000000e-02
  -5.442870000e-01  -4.200410000e-01  -3.851970000e-01
  -8.215670000e-01  -4.126410000e-01  -9.843300000e-01
  -6.823220000e-01  -4.100410000e-01  -9.737500000e-01
  -1.109302000e+00  -4.270410000e-01  -6.598600000e-01
  -1.283740000e+00  -4.247410000e-01  -7.785100000e-01
  -1.430340000e+00  -4.044410000e-01   1.491361000e+00
  -1.883210000e+00  -4.018410000e-01   1.313948000e+00
  -9.154180000e-01  -4.307410000e-01  -2.260930000e-01
  -7.126880000e-01  -4.259410000e-01  -2.424630000e-01
  -1.436880000e+00  -4.288410000e-01  -6.084800000e-01
  -1.059845000e+00  -4.154410000e-01  -9.988600000e-01
  -9.919760000e-01  -4.111410000e-01  -1.074720000e+00
  -7.727160000e-01  -4.264410000e-01  -4.277170000e-01
  -4.598060000e-01  -4.142410000e-01  -6.117420000e-01
  -1.350800000e+00  -4.346410000e-01  -1.714310000e-01
  -8.605100000e-01  -4.243410000e-01  -6.336560000e-01
  -9.390090000e-01  -4.272410000e-01  -5.437910000e-01
  -1.436340000e+00  -4.180410000e-01   1.137434000e+00
  -9.543050000e-01  -4.208410000e-01  -8.255900000e-01
  -1.509510000e+00  -4.303410000e-01  -5.193060000e-01
  -2.057620000e+00  -4.088410000e-01   9.532220000e-01
  -2.233020000e+00  -4.110410000e-01   5.941089000e-01
C Number of facets
  786
C  Size  Node 1  ......Node N Marker
    3    0    1    2    3
    3    0    2    3    3
    3    0    3    4    3
    3    0    4    5    3
    3    0    5    6    3
    3    0    6    7    3
    3    0    7    8    3
    3    0    8    9    3
    3    0    9   10    3
    3    0   10   11    3
    3    0   11   12    3
    3    0   12   13    3
    3    0   13   14    3
    3    0   14   15    3
    3    0   15   16    3
    3    0   16   17    3
    3    0   17   18    3
    3    0   18   19    3
    3    0   19   20    3
    3    0   20   21    3
    3    0   21   22    3
    3    0   22   23    3
    3    0   23   24    3
    3    0   24    1    3
    3    1   25   26    3
    3    1   26    2    3
    3    2   26   27    3
    3    2   27    3    3
    3    3   27   28    3
    3    3   28    4    3
    3    4   28   29    3
    3    4   29    5    3
    3    5   29   30    3
    3    5   30    6    3
    3    6   30   31    3
    3    6   31    7    3
    3    7   31   32    3
    3    7   32    8    3
    3    8   32   33    3
    3    8   33    9    3
    3    9   33   34    3
    3    9   34   10    3
    3   10   34   35    3
    3   10   35   11    3
    3   11   35   36    3
    3   11   36   12    3
    3   12   36   37    3
    3   12   37   13    3
    3   13   37   38    3
    3   13   38   14    3
    3   14   38   39    3
    3   14   39   15    3
    3   15   39   40    3
    3   15   40   16    3
    3   16   40   41    3
    3   16   41   17    3
    3   17   41   42    3
    3   17   42   18    3
    3   18   42   43    3
    3   18   43   19    3
    3   19   43   44    3
    3   19   44   20    3
    3   20   44   45    3
    3   20   45   21    3
    3   21   45   46    3
    3   21   46   22    3
    3   22   46   47    3
    3   22   47   23    3
    3   23   47   48    3
    3   23   48   24    3
    3   24   48   25    3
    3   24   25    1    3
    3   25   49   50    3
    3   25   50   26    3
    3   26   50   51    3
    3   26   51   27    3
    3   27   51   52    3
    3   27   52   28    3
    3   28   52   53    3
    3   28   53   29    3
    3   29   53   54    3
    3   29   54   30    3
    3   30   54   55    3
    3   30   55   31    3
    3   31   55   56    3
    3   31   56   32    3
    3   32   56   57    3
    3   32   57   33    3
    3   33   57   58    3
    3   33   58   34    3
    3   34   58   59    3
    3   34   59   35    3
    3   35   59   60    3
    3   35   60   36    3
    3   36   60   61    3
    3   36   61   37    3
    3   37   61   62    3
    3   37   62   38    3
    3   38   62   63    3
    3   38   63   39    3
    3   39   63   64    3
    3   39   64   40    3
    3   40   64   65    3
    3   40   65   41    3
    3   41   65   66    3
    3   41   66   42    3
    3   42   66   67    3
    3   42   67   43    3
    3   43   67   68    3
    3   43   68   44    3
    3   44   68   69    3
    3   44   69   45    3
    3   45   69   70    3
    3   45   70   46    3
    3   46   70   71    3
    3   46   71   47    3
    3   47   71   72    3
    3   47   72   48    3
    3   48   72   49    3
    3   48   49   25    3
    3   49   73   74    3
    3   49   74   50    3
    3   50   74   75    3
    3   50   75   51    3
    3   51   75   76    3
    3   51   76   52    3
    3   52   76   77    3
    3   52   77   53    3
    3   53   77   78    3
    3   53   78   54    3
    3   54   78   79    3
    3   54   79   55    3
    3   55   79   80    3
    3   55   80   56    3
    3   56   80   81    3
    3   56   81   57    3
    3   57   81   82    3
    3   57   82   58    3
    3   58   82   83    3
    3   58   83   59    3
    3   59   83   84    3
    3   59   84   60    3
    3   60   84   85    3
    3   60   85   61    3
    3   61   85   86    3
    3   61   86   62    3
    3   62   86   87    3
    3   62   87   63    3
    3   63   87   88    3
    3   63   88   64    3
    3   64   88   89    3
    3   64   89   65    3
    3   65   89   90    3
    3   65   90   66    3
    3   66   90   91    3
    3   66   91   67    3
    3   67   91   92    3
    3   67   92   68    3
    3   68   92   93    3
    3   68   93   69    3
    3   69   93   94    3
    3   69   94   70    3
    3   70   94   95    3
    3   70   95   71    3
    3   71   95   96    3
    3   71   96   72    3
    3   72   96   73    3
    3   72   73   49    3
    3   73   97   98    3
    3   73   98   74    3
    3   74   98   99    3
    3   74   99   75    3
    3   75   99  100    3
    3   75  100   76    3
    3   76  100  101    3
    3   76  101   77    3
    3   77  101  102    3
    3   77  102   78    3
    3   78  102  103    3
    3   78  103   79    3
    3   79  103  104    3
    3   79  104   80    3
    3   80  104  105    3
    3   80  105   81    3
    3   81  105  106    3
    3   81  106   82    3
    3   82  106  107    3
    3   82  107   83    3
    3   83  107  108    3
    3   83  108   84    3
    3   84  108  109    3
    3   84  109   85    3
    3   85  109  110    3
    3   85  110   86    3
    3   86  110  111    3
    3   86  111   87    3
    3   87  111  112    3
    3   87  112   88    3
    3   88  112  113    3
    3   88  113   89    3
    3   89  113  114    3
    3   89  114   90    3
    3   90  114  115    3
    3   90  115   91    3
    3   91  115  116    3
    3   91  116   92    3
    3   92  116  117    3
    3   92  117   93    3
    3   93  117  118    3
    3   93  118   94    3
    3   94  118  119    3
    3   94  119   95    3
    3   95  119  120    3
    3   95  120   96    3
    3   96  120   97    3
    3   96   97   73    3
    3   97  121  122    3
    3   97  122   98    3
    3   98  122  123    3
    3   98  123   99    3
    3   99  123  124    3
    3   99  124  100    3
    3  100  124  125    3
    3  100  125  101    3
    3  101  125  126    3
    3  101  126  102    3
    3  102  126  127    3
    3  102  127  103    3
    3  103  127  128    3
    3  103  128  104    3
    3  104  128  129    3
    3  104  129  105    3
    3  105  129  130    3
    3  105  130  106    3
    3  106  130  131    3
    3  106  131  107    3
    3  107  131  132    3
    3  107  132  108    3
    3  108  132  133    3
    3  108  133  109    3
    3  109  133  134    3
    3  109  134  110    3
    3  110  134  135    3
    3  110  135  111    3
    3  111  135  136    3
    3  111  136  112    3
    3  112  136  137    3
    3  112  137  113    3
    3  113  137  138    3
    3  113  138  114    3
    3  114  138  139    3
    3  114  139  115    3
    3  115  139  140    3
    3  115  140  116    3
    3  116  140  141    3
    3  116  141  117    3
    3  117  141  142    3
    3  117  142  118    3
    3  118  142  143    3
    3  118  143  119    3
    3  119  143  144    3
    3  119  144  120    3
    3  120  144  121    3
    3  120  121   97    3
    3  121  145  146    3
    3  121  146  122    3
    3  122  146  147    3
    3  122  147  123    3
    3  123  147  148    3
    3  123  148  124    3
    3  124  148  149    3
    3  124  149  125    3
    3  125  149  150    3
    3  125  150  126    3
    3  126  150  151    3
    3  126  151  127    3
    3  127  151  152    3
    3  127  152  128    3
    3  128  152  153    3
    3  128  153  129    3
    3  129  153  154    3
    3  129  154  130    3
    3  130  154  155    3
    3  130  155  131    3
    3  131  155  156    3
    3  131  156  132    3
    3  132  156  157    3
    3  132  157  133    3
    3  133  157  158    3
    3  133  158  134    3
    3  134  158  159    3
    3  134  159  135    3
    3  135  159  160    3
    3  135  160  136    3
    3  136  160  161    3
    3  136  161  137    3
    3  137  161  162    3
    3  137  162  138    3
    3  138  162  163    3
    3  138  163  139    3
    3  139  163  164    3
    3  139  164  140    3
    3  140  164  165    3
    3  140  165  141    3
    3  141  165  166    3
    3  141  166  142    3
    3  142  166  167    3
    3  142  167  143    3
    3  143  167  168    3
    3  143  168  144    3
    3  144  168  145    3
    3  144  145  121    3
    3  145  169  170    3
    3  145  170  146    3
    3  146  170  171    3
    3  146  171  147    3
    3  147  171  172    3
    3  147  172  148    3
    3  148  172  173    3
    3  148  173  149    3
    3  149  173  174    3
    3  149  174  150    3
    3  150  174  175    3
    3  150  175  151    3
    3  151  175  176    3
    3  151  176  152    3
    3  152  176  177    3
    3  152  177  153    3
    3  153  177  178    3
    3  153  178  154    3
    3  154  178  179    3
    3  154  179  155    3
    3  155  179  180    3
    3  155  180  156    3
    3  156  180  181    3
    3  156  181  157    3
    3  157  181  182    3
    3  157  182  158    3
    3  158  182  183    3
    3  158  183  159    3
    3  159  183  184    3
    3  159  184  160    3
    3  160  184  185    3
    3  160  185  161    3
    3  161  185  186    3
    3  161  186  162    3
    3  162  186  187    3
    3  162  187  163    3
    3  163  187  188    3
    3  163  188  164    3
    3  164  188  189    3
    3  164  189  165    3
    3  165  189  190    3
    3  165  190  166    3
    3  166  190  191    3
    3  166  191  167    3
    3  167  191  192    3
    3  167  192  168    3
    3  168  192  169    3
    3  168  169  145    3
    3  169  193  194    3
    3  169  194  170    3
    3  170  194  195    3
    3  170  195  171    3
    3  171  195  196    3
    3  171  196  172    3
    3  172  196  197    3
    3  172  197  173    3
    3  173  197  198    3
    3  173  198  174    3
    3  174  198  199    3
    3  174  199  175    3
    3  175  199  200    3
    3  175  200  176    3
    3  176  200  201    3
    3  176  201  177    3
    3  177  201  202    3
    3  177  202  178    3
    3  178  202  203    3
    3  178  203  179    3
    3  179  203  204    3
    3  179  204  180    3
    3  180  204  205    3
    3  180  205  181    3
    3  181  205  206    3
    3  181  206  182    3
    3  182  206  207    3
    3  182  207  183    3
    3  183  207  208    3
    3  183  208  184    3
    3  184  208  209    3
    3  184  209  185    3
    3  185  209  210    3
    3  185  210  186    3
    3  186  210  211    3
    3  186  211  187    3
    3  187  211  212    3
    3  187  212  188    3
    3  188  212  213    3
    3  188  213  189    3
    3  189  213  214    3
    3  189  214  190    3
    3  190  214  215    3
    3  190  215  191    3
    3  191  215  216    3
    3  191  216  192    3
    3  192  216  193    3
    3  192  193  169    3
    3  193  217  218    3
    3  193  218  194    3
    3  194  218  219    3
    3  194  219  195    3
    3  195  219  220    3
    3  195  220  196    3
    3  196  220  221    3
    3  196  221  197    3
    3  197  221  222    3
    3  197  222  198    3
    3  198  222  223    3
    3  198  223  199    3
    3  199  223  224    3
    3  199  224  200    3
    3  200  224  225    3
    3  200  225  201    3
    3  201  225  226    3
    3  201  226  202    3
    3  202  226  227    3
    3  202  227  203    3
    3  203  227  228    3
    3  203  228  204    3
    3  204  228  229    3
    3  204  229  205    3
    3  205  229  230    3
    3  205  230  206    3
    3  206  230  231    3
    3  206  231  207    3
    3  207  231  232    3
    3  207  232  208    3
    3  208  232  233    3
    3  208  233  209    3
    3  209  233  234    3
    3  209  234  210    3
    3  210  234  235    3
    3  210  235  211    3
    3  211  235  236    3
    3  211  236  212    3
    3  212  236  237    3
    3  212  237  213    3
    3  213  237  238    3
    3  213  238  214    3
    3  214  238  239    3
    3  214  239  215    3
    3  215  239  240    3
    3  215  240  216    3
    3  216  240  217    3
    3  216  217  193    3
    3  217  241  242    3
    3  217  242  218    3
    3  218  242  243    3
    3  218  243  219    3
    3  219  243  244    3
    3  219  244  220    3
    3  220  244  245    3
    3  220  245  221    3
    3  221  245  246    3
    3  221  246  222    3
    3  222  246  247    3
    3  222  247  223    3
    3  223  247  248    3
    3  223  248  224    3
    3  224  248  249    3
    3  224  249  225    3
    3  225  249  250    3
    3  225  250  226    3
    3  226  250  251    3
    3  226  251  227    3
    3  227  251  252    3
    3  227  252  228    3
    3  228  252  253    3
    3  228  253  229    3
    3  229  253  254    3
    3  229  254  230    3
    3  230  254  255    3
    3  230  255  231    3
    3  231  255  256    3
    3  231  256  232    3
    3  232  256  257    3
    3  232  257  233    3
    3  233  257  258    3
    3  233  258  234    3
    3  234  258  259    3
    3  234  259  235    3
    3  235  259  260    3
    3  235  260  236    3
    3  236  260  261    3
    3  236  261  237    3
    3  237  261  262    3
    3  237  262  238    3
    3  238  262  263    3
    3  238  263  239    3
    3  239  263  264    3
    3  239  264  240    3
    3  240  264  241    3
    3  240  241  217    3
    3  264  265  241    3
    3  264  266  265    3
    3  263  266  264    3
    3  263  267  266    3
    3  262  267  263    3
    3  262  268  267    3
    3  261  268  262    3
    3  261  269  268    3
    3  260  269  261    3
    3  260  270  269    3
    3  259  270  260    3
    3  259  271  270    3
    3  258  271  259    3
    3  258  272  271    3
    3  257  272  258    3
    3  257  273  272    3
    3  256  273  257    3
    3  256  274  273    3
    3  255  274  256    3
    3  255  275  274    3
    3  254  275  255    3
    3  254  276  275    3
    3  253  276  254    3
    3  253  277  276    3
    3  252  277  253    3
    3  252  278  277    3
    3  251  278  252    3
    3  251  279  278    3
    3  250  279  251    3
    3  250  280  279    3
    3  249  280  250    3
    3  249  281  280    3
    3  248  281  249    3
    3  248  282  281    3
    3  247  282  248    3
    3  247  283  282    3
    3  246  283  247    3
    3  246  284  283    3
    3  245  284  246    3
    3  245  285  284    3
    3  244  285  245    3
    3  244  286  285    3
    3  243  286  244    3
    3  243  287  286    3
    3  242  287  243    3
    3  242  288  287    3
    3  241  288  242    3
    3  241  265  288    3
    3  289  279  290    1
    3  291  288  292    1
    3  293  294  295    3
    3  296  275  276    1
    3  297  298  299    1
    3  300  301  302    1
    3  303  304  305    3
    3  292  306  307    1
    3  308  309  310    4
    3  300  293  301    1
    3  311  312  313    3
    3  290  314  315    1
    3  316  317  318    1
    3  319  320  321    3
    3  317  322  308    1
    3  286  323  285    1
    3  286  287  320    1
    3  298  297  293    1
    3  324  325  273    1
    3  326  271  272    1
    3  327  328  301    1
    3  329  326  330    1
    3  300  331  304    1
    3  332  282  302    1
    3  272  325  326    1
    3  296  276  316    1
    3  296  333  275    1
    3  324  334  325    1
    3  335  329  336    1
    3  315  328  337    1
    3  338  339  303    3
    3  334  340  341    4
    3  279  289  278    1
    3  274  275  333    1
    3  322  278  289    1
    3  342  343  344    3
    3  332  301  328    1
    3  314  290  280    1
    3  345  338  346    3
    3  324  333  334    1
    3  277  316  276    1
    3  266  267  335    1
    3  288  291  287    1
    3  347  348  349    3
    3  316  322  317    1
    3  297  350  351    4
    3  327  301  293    1
    3  283  331  302    1
    3  352  353  354    4
    3  326  269  270    1
    3  332  302  301    1
    3  355  299  298    1
    3  312  356  357    3
    3  330  355  329    1
    3  336  306  335    1
    3  271  326  270    1
    3  358  359  360    4
    3  298  361  362    3
    3  283  302  282    1
    3  336  329  355    1
    3  326  363  330    1
    3  265  292  288    1
    3  300  364  365    3
    3  366  367  368    4
    3  333  318  334    1
    3  369  361  370    3
    3  327  293  297    1
    3  278  322  277    1
    3  320  291  356    3
    3  371  285  323    1
    3  363  325  334    1
    3  371  331  284    1
    3  364  339  349    3
    3  268  335  267    1
    3  372  363  373    4
    3  280  290  279    1
    3  266  306  265    1
    3  316  277  322    1
    3  328  315  314    1
    3  308  315  367    1
    3  355  330  372    1
    3  327  297  337    1
    3  280  281  314    1
    3  374  340  375    4
    3  296  316  318    1
    3  352  376  377    4
    3  355  307  336    1
    3  292  343  378    3
    3  326  325  363    1
    3  320  287  291    1
    3  345  319  379    3
    3  380  372  381    4
    3  358  366  382    4
    3  268  329  335    1
    3  273  274  324    1
    3  336  307  306    1
    3  265  306  292    1
    3  296  318  333    1
    3  383  374  384    4
    3  329  268  269    1
    3  385  373  386    4
    3  333  324  274    1
    3  283  284  331    1
    3  298  307  355    1
    3  299  353  387    4
    3  308  289  315    1
    3  273  325  272    1
    3  327  337  328    1
    3  388  376  389    4
    3  314  332  328    1
    3  281  282  332    1
    3  315  289  290    1
    3  363  372  330    1
    3  355  372  299    1
    3  285  371  284    1
    3  314  281  332    1
    3  269  326  329    1
    3  369  347  311    3
    3  266  335  306    1
    3  286  320  323    1
    3  308  322  289    1
    3  300  302  331    1
    3  343  390  313    3
    3  292  307  344    3
    3  298  348  370    3
    3  361  390  342    3
    3  343  342  390    3
    3  342  307  362    3
    3  347  369  348    3
    3  361  369  390    3
    3  369  311  390    3
    3  312  311  347    3
    3  311  313  390    3
    3  313  312  378    3
    3  298  362  307    3
    3  342  362  361    3
    3  342  344  307    3
    3  292  344  343    3
    3  369  370  348    3
    3  298  370  361    3
    3  292  378  312    3
    3  313  378  343    3
    3  334  318  375    4
    3  340  391  388    4
    3  318  317  384    4
    3  340  374  391    4
    3  352  385  389    4
    3  376  391  359    4
    3  376  388  391    4
    3  388  385  341    4
    3  359  391  383    4
    3  359  358  377    4
    3  374  383  391    4
    3  383  317  360    4
    3  374  375  318    4
    3  334  375  340    4
    3  334  341  385    4
    3  388  341  340    4
    3  388  389  385    4
    3  352  389  376    4
    3  352  377  358    4
    3  359  377  376    4
    3  358  360  317    4
    3  383  360  359    4
    3  383  384  317    4
    3  318  384  374    4
    3  367  358  309    4
    3  315  337  368    1
    3  353  352  350    4
    3  353  299  380    4
    3  372  380  299    4
    3  380  385  354    4
    3  350  352  392    4
    3  350  297  387    4
    3  366  337  392    4
    3  367  366  358    4
    3  363  334  386    4
    3  373  385  381    4
    3  392  337  351    4
    3  392  352  382    4
    3  380  381  385    4
    3  373  381  372    4
    3  358  317  310    4
    3  367  309  308    4
    3  385  386  334    4
    3  363  386  373    4
    3  366  368  337    4
    3  315  368  367    1
    3  299  387  297    4
    3  350  387  353    4
    3  352  354  385    4
    3  380  354  353    4
    3  358  382  352    4
    3  392  382  366    4
    3  297  351  337    4
    3  392  351  350    4
    3  308  310  317    4
    3  358  310  309    4
    3  312  347  379    3
    3  320  319  323    3
    3  371  323  346    3
    3  338  347  393    3
    3  364  300  394    3
    3  364  348  294    3
    3  319  345  323    3
    3  338  345  347    3
    3  348  298  295    3
    3  294  293  365    3
    3  304  339  394    3
    3  331  371  305    1
    3  364  349  348    3
    3  349  339  393    3
    3  338  393  339    3
    3  349  393  347    3
    3  338  303  371    3
    3  304  303  339    3
    3  356  312  321    3
    3  291  292  357    3
    3  364  394  339    3
    3  304  394  300    3
    3  319  321  312    3
    3  356  321  320    3
    3  293  295  298    3
    3  348  295  294    3
    3  312  357  292    3
    3  291  357  356    3
    3  345  346  323    3
    3  371  346  338    3
    3  303  305  371    3
    3  331  305  304    1
    3  345  379  347    3
    3  312  379  319    3
    3  300  365  293    3
    3  294  365  364    3
C Prescribed Values(Inlet, Outlet), InteractionSurface(Inlet, Outlet)
       1        0        0        2        2        2
C Inlet Pressure, FunID (E18.9,I5)
   1.000000000e+00    3
C Outlet Velocity
C     Vx,           Vy,            Vz,    indVx,indVy,indVz, FunID(3E18.9, 4I5)
   0.000000000e+00   1.000000000e+00   0.000000000e+00    1    0    0    4
C Inlet Velocity
C nNodeID,    Vx,           Vy,            Vz (I5, 3E18.9)
  265
    1   1.000000000e+00  -6.350000000e+00   2.500000000e-01
    2   1.650000000e+00  -6.000000000e+00   5.000000000e-01
    3   1.500000000e+00  -6.000000000e+00   9.000000000e-01
    4   1.150000000e+00  -6.000000000e+00   1.300000000e+00
    5   6.500000000e-01  -6.000000000e+00   1.550000000e+00
    6   1.500000000e-01  -6.000000000e+00   1.600000000e+00
    7  -2.500000000e-01  -6.000000000e+00   1.400000000e+00
    8  -3.000000000e-01  -6.000000000e+00   1.100000000e+00
    9  -2.500000000e-01  -6.000000000e+00   8.500000000e-01
   10  -1.500000000e-01  -6.000000000e+00   7.000000000e-01
   11  -2.500000000e-01  -6.000000000e+00   5.000000000e-01
   12  -5.000000000e-01  -6.000000000e+00  -5.000000000e-02
   13  -6.000000000e-01  -6.000000000e+00  -8.000000000e-01
   14  -4.000000000e-01  -6.000000000e+00  -1.500000000e+00
   15   1.000000000e-01  -6.000000000e+00  -1.900000000e+00
   16   6.500000000e-01  -6.000000000e+00  -1.700000000e+00
   17   8.500000000e-01  -6.000000000e+00  -1.200000000e+00
   18   9.500000000e-01  -6.000000000e+00  -9.000000000e-01
   19   1.250000000e+00  -6.000000000e+00  -7.500000000e-01
   20   2.000000000e+00  -6.000000000e+00  -7.000000000e-01
   21   3.250000000e+00  -6.000000000e+00  -2.500000000e-01
   22   4.200000000e+00  -6.000000000e+00   7.000000000e-01
   23   3.800000000e+00  -6.000000000e+00   1.500000000e+00
   24   2.850000000e+00  -6.000000000e+00   1.550000000e+00
   25   1.900000000e+00  -6.000000000e+00   8.000000000e-01
   26   2.100000000e+00  -5.650000000e+00   8.500000000e-01
   27   1.850000000e+00  -5.650000000e+00   1.300000000e+00
   28   1.400000000e+00  -5.650000000e+00   1.800000000e+00
   29   7.500000000e-01  -5.650000000e+00   2.100000000e+00
   30   5.000000000e-02  -5.650000000e+00   2.200000000e+00
   31  -4.000000000e-01  -5.650000000e+00   1.900000000e+00
   32  -6.000000000e-01  -5.650000000e+00   1.450000000e+00
   33  -4.500000000e-01  -5.650000000e+00   1.150000000e+00
   34  -3.500000000e-01  -5.650000000e+00   9.500000000e-01
   35  -6.000000000e-01  -5.650000000e+00   6.000000000e-01
   36  -1.050000000e+00  -5.650000000e+00  -3.000000000e-01
   37  -1.100000000e+00  -5.650000000e+00  -1.500000000e+00
   38  -6.500000000e-01  -5.650000000e+00  -2.550000000e+00
   39   1.500000000e-01  -5.650000000e+00  -3.050000000e+00
   40   8.500000000e-01  -5.650000000e+00  -2.650000000e+00
   41   1.050000000e+00  -5.650000000e+00  -1.600000000e+00
   42   1.100000000e+00  -5.650000000e+00  -1.050000000e+00
   43   1.250000000e+00  -5.650000000e+00  -9.000000000e-01
   44   2.200000000e+00  -5.650000000e+00  -8.500000000e-01
   45   4.050000000e+00  -5.650000000e+00  -4.000000000e-01
   46   5.700000000e+00  -5.650000000e+00   9.500000000e-01
   47   5.350000000e+00  -5.650000000e+00   2.100000000e+00
   48   3.900000000e+00  -5.650000000e+00   2.200000000e+00
   49   2.500000000e+00  -5.650000000e+00   1.100000000e+00
   50   2.450000000e+00  -5.300000000e+00   1.000000000e+00
   51   2.100000000e+00  -5.300000000e+00   1.500000000e+00
   52   1.550000000e+00  -5.300000000e+00   1.850000000e+00
   53   9.000000000e-01  -5.300000000e+00   2.150000000e+00
   54   2.000000000e-01  -5.300000000e+00   2.100000000e+00
   55  -2.500000000e-01  -5.300000000e+00   1.800000000e+00
   56  -3.500000000e-01  -5.300000000e+00   1.400000000e+00
   57  -2.000000000e-01  -5.300000000e+00   1.150000000e+00
   58  -1.000000000e-01  -5.300000000e+00   1.050000000e+00
   59  -5.000000000e-01  -5.300000000e+00   7.500000000e-01
   60  -1.250000000e+00  -5.300000000e+00  -5.000000000e-01
   61  -1.650000000e+00  -5.300000000e+00  -2.450000000e+00
   62  -1.050000000e+00  -5.300000000e+00  -4.050000000e+00
   63   1.500000000e-01  -5.300000000e+00  -4.850000000e+00
   64   1.200000000e+00  -5.300000000e+00  -4.300000000e+00
   65   1.350000000e+00  -5.300000000e+00  -2.450000000e+00
   66   1.050000000e+00  -5.300000000e+00  -1.400000000e+00
   67   1.050000000e+00  -5.300000000e+00  -1.100000000e+00
   68   1.950000000e+00  -5.300000000e+00  -1.150000000e+00
   69   4.000000000e+00  -5.300000000e+00  -7.500000000e-01
   70   5.900000000e+00  -5.300000000e+00   6.000000000e-01
   71   5.550000000e+00  -5.300000000e+00   1.850000000e+00
   72   4.050000000e+00  -5.300000000e+00   1.850000000e+00
   73   2.800000000e+00  -5.300000000e+00   8.500000000e-01
   74   2.550000000e+00  -4.900000000e+00   9.000000000e-01
   75   2.200000000e+00  -4.900000000e+00   1.400000000e+00
   76   1.650000000e+00  -4.900000000e+00   1.900000000e+00
   77   9.500000000e-01  -4.900000000e+00   2.200000000e+00
   78   2.000000000e-01  -4.900000000e+00   2.250000000e+00
   79  -2.500000000e-01  -4.900000000e+00   1.900000000e+00
   80  -3.000000000e-01  -4.900000000e+00   1.500000000e+00
   81  -1.000000000e-01  -4.900000000e+00   1.300000000e+00
   82   5.000000000e-02  -4.900000000e+00   1.300000000e+00
   83  -4.500000000e-01  -4.900000000e+00   1.000000000e+00
   84  -1.500000000e+00  -4.900000000e+00  -5.000000000e-01
   85  -1.950000000e+00  -4.900000000e+00  -2.800000000e+00
   86  -1.350000000e+00  -4.900000000e+00  -4.700000000e+00
   87   0.000000000e+00  -4.900000000e+00  -5.650000000e+00
   88   1.300000000e+00  -4.900000000e+00  -5.100000000e+00
   89   1.350000000e+00  -4.900000000e+00  -2.800000000e+00
   90   8.500000000e-01  -4.900000000e+00  -1.450000000e+00
   91   6.500000000e-01  -4.900000000e+00  -1.100000000e+00
   92   1.500000000e+00  -4.900000000e+00  -1.200000000e+00
   93   3.900000000e+00  -4.900000000e+00  -9.000000000e-01
   94   6.100000000e+00  -4.900000000e+00   5.500000000e-01
   95   5.650000000e+00  -4.900000000e+00   1.700000000e+00
   96   4.150000000e+00  -4.900000000e+00   1.700000000e+00
   97   2.800000000e+00  -4.900000000e+00   5.500000000e-01
   98   2.650000000e+00  -4.600000000e+00   1.250000000e+00
   99   2.200000000e+00  -4.600000000e+00   1.750000000e+00
  100   1.600000000e+00  -4.600000000e+00   2.200000000e+00
  101   8.500000000e-01  -4.600000000e+00   2.500000000e+00
  102   0.000000000e+00  -4.600000000e+00   2.550000000e+00
  103  -4.500000000e-01  -4.600000000e+00   2.200000000e+00
  104  -7.000000000e-01  -4.600000000e+00   1.800000000e+00
  105  -7.000000000e-01  -4.600000000e+00   1.500000000e+00
  106  -7.500000000e-01  -4.600000000e+00   1.250000000e+00
  107  -1.350000000e+00  -4.600000000e+00   7.000000000e-01
  108  -2.200000000e+00  -4.600000000e+00  -9.000000000e-01
  109  -2.500000000e+00  -4.600000000e+00  -3.250000000e+00
  110  -1.650000000e+00  -4.600000000e+00  -5.000000000e+00
  111  -1.500000000e-01  -4.600000000e+00  -5.850000000e+00
  112   1.250000000e+00  -4.600000000e+00  -5.350000000e+00
  113   1.200000000e+00  -4.600000000e+00  -2.750000000e+00
  114   5.000000000e-01  -4.600000000e+00  -1.200000000e+00
  115   2.000000000e-01  -4.600000000e+00  -9.000000000e-01
  116   1.250000000e+00  -4.600000000e+00  -1.150000000e+00
  117   4.350000000e+00  -4.600000000e+00  -8.000000000e-01
  118   6.950000000e+00  -4.600000000e+00   9.500000000e-01
  119   6.400000000e+00  -4.600000000e+00   2.350000000e+00
  120   4.550000000e+00  -4.600000000e+00   2.300000000e+00
  121   2.950000000e+00  -4.600000000e+00   9.500000000e-01
  122   2.550000000e+00  -4.250000000e+00   1.250000000e+00
  123   2.100000000e+00  -4.250000000e+00   1.650000000e+00
  124   1.500000000e+00  -4.250000000e+00   2.050000000e+00
  125   8.000000000e-01  -4.250000000e+00   2.350000000e+00
  126   0.000000000e+00  -4.250000000e+00   2.400000000e+00
  127  -5.500000000e-01  -4.250000000e+00   2.150000000e+00
  128  -1.050000000e+00  -4.250000000e+00   1.800000000e+00
  129  -1.550000000e+00  -4.250000000e+00   1.450000000e+00
  130  -2.150000000e+00  -4.250000000e+00   8.500000000e-01
  131  -2.900000000e+00  -4.250000000e+00  -1.500000000e-01
  132  -3.400000000e+00  -4.250000000e+00  -1.900000000e+00
  133  -3.100000000e+00  -4.250000000e+00  -3.900000000e+00
  134  -1.950000000e+00  -4.250000000e+00  -5.300000000e+00
  135  -4.500000000e-01  -4.250000000e+00  -5.800000000e+00
  136   9.000000000e-01  -4.250000000e+00  -5.400000000e+00
  137   1.050000000e+00  -4.250000000e+00  -3.200000000e+00
  138   4.500000000e-01  -4.250000000e+00  -1.600000000e+00
  139   2.500000000e-01  -4.250000000e+00  -1.200000000e+00
  140   1.400000000e+00  -4.250000000e+00  -1.400000000e+00
  141   4.700000000e+00  -4.250000000e+00  -9.500000000e-01
  142   7.100000000e+00  -4.250000000e+00   9.000000000e-01
  143   6.350000000e+00  -4.250000000e+00   2.300000000e+00
  144   4.500000000e+00  -4.250000000e+00   2.200000000e+00
  145   2.850000000e+00  -4.250000000e+00   8.500000000e-01
  146   2.800000000e+00  -3.650000000e+00   1.650000000e+00
  147   2.250000000e+00  -3.650000000e+00   2.000000000e+00
  148   1.700000000e+00  -3.650000000e+00   2.300000000e+00
  149   1.000000000e+00  -3.650000000e+00   2.550000000e+00
  150   2.500000000e-01  -3.650000000e+00   2.650000000e+00
  151  -3.500000000e-01  -3.650000000e+00   2.450000000e+00
  152  -9.000000000e-01  -3.650000000e+00   2.150000000e+00
  153  -1.450000000e+00  -3.650000000e+00   1.800000000e+00
  154  -2.200000000e+00  -3.650000000e+00   1.250000000e+00
  155  -3.000000000e+00  -3.650000000e+00   2.000000000e-01
  156  -3.600000000e+00  -3.650000000e+00  -1.700000000e+00
  157  -3.350000000e+00  -3.650000000e+00  -3.900000000e+00
  158  -2.100000000e+00  -3.650000000e+00  -5.200000000e+00
  159  -5.500000000e-01  -3.650000000e+00  -5.750000000e+00
  160   9.000000000e-01  -3.650000000e+00  -5.400000000e+00
  161   1.050000000e+00  -3.650000000e+00  -3.100000000e+00
  162   1.500000000e-01  -3.650000000e+00  -1.250000000e+00
  163  -2.000000000e-01  -3.650000000e+00  -9.000000000e-01
  164   1.400000000e+00  -3.650000000e+00  -1.250000000e+00
  165   5.250000000e+00  -3.650000000e+00  -7.500000000e-01
  166   7.500000000e+00  -3.650000000e+00   1.150000000e+00
  167   6.500000000e+00  -3.650000000e+00   2.500000000e+00
  168   4.550000000e+00  -3.650000000e+00   2.300000000e+00
  169   3.000000000e+00  -3.650000000e+00   9.500000000e-01
  170   2.750000000e+00  -2.950000000e+00   1.200000000e+00
  171   2.400000000e+00  -2.950000000e+00   1.700000000e+00
  172   1.850000000e+00  -2.950000000e+00   2.350000000e+00
  173   1.150000000e+00  -2.950000000e+00   2.800000000e+00
  174   2.500000000e-01  -2.950000000e+00   3.050000000e+00
  175  -5.500000000e-01  -2.950000000e+00   2.900000000e+00
  176  -1.000000000e+00  -2.950000000e+00   2.550000000e+00
  177  -1.300000000e+00  -2.950000000e+00   2.150000000e+00
  178  -1.750000000e+00  -2.950000000e+00   1.800000000e+00
  179  -2.400000000e+00  -2.950000000e+00   9.500000000e-01
  180  -3.250000000e+00  -2.950000000e+00  -8.500000000e-01
  181  -3.150000000e+00  -2.950000000e+00  -3.050000000e+00
  182  -2.050000000e+00  -2.950000000e+00  -4.400000000e+00
  183  -6.000000000e-01  -2.950000000e+00  -4.750000000e+00
  184   6.500000000e-01  -2.950000000e+00  -4.600000000e+00
  185   8.000000000e-01  -2.950000000e+00  -2.700000000e+00
  186  -2.500000000e-01  -2.950000000e+00  -8.500000000e-01
  187  -7.500000000e-01  -2.950000000e+00  -5.500000000e-01
  188   1.750000000e+00  -2.950000000e+00  -1.200000000e+00
  189   5.850000000e+00  -2.950000000e+00  -5.500000000e-01
  190   7.250000000e+00  -2.950000000e+00   1.250000000e+00
  191   6.150000000e+00  -2.950000000e+00   2.400000000e+00
  192   4.200000000e+00  -2.950000000e+00   2.050000000e+00
  193   2.800000000e+00  -2.950000000e+00   4.500000000e-01
  194   2.750000000e+00  -2.350000000e+00   1.900000000e+00
  195   2.350000000e+00  -2.350000000e+00   2.350000000e+00
  196   1.850000000e+00  -2.350000000e+00   2.900000000e+00
  197   1.150000000e+00  -2.350000000e+00   3.400000000e+00
  198   2.500000000e-01  -2.350000000e+00   3.700000000e+00
  199  -6.500000000e-01  -2.350000000e+00   3.600000000e+00
  200  -1.100000000e+00  -2.350000000e+00   3.200000000e+00
  201  -1.300000000e+00  -2.350000000e+00   2.850000000e+00
  202  -1.550000000e+00  -2.350000000e+00   2.450000000e+00
  203  -2.200000000e+00  -2.350000000e+00   1.800000000e+00
  204  -3.150000000e+00  -2.350000000e+00  -5.000000000e-02
  205  -3.150000000e+00  -2.350000000e+00  -2.200000000e+00
  206  -2.000000000e+00  -2.350000000e+00  -3.350000000e+00
  207  -7.500000000e-01  -2.350000000e+00  -3.650000000e+00
  208   3.500000000e-01  -2.350000000e+00  -3.400000000e+00
  209   3.500000000e-01  -2.350000000e+00  -1.600000000e+00
  210  -1.000000000e+00  -2.350000000e+00   2.500000000e-01
  211  -1.700000000e+00  -2.350000000e+00   4.000000000e-01
  212   1.700000000e+00  -2.350000000e+00  -7.000000000e-01
  213   6.350000000e+00  -2.350000000e+00   5.000000000e-02
  214   7.500000000e+00  -2.350000000e+00   1.950000000e+00
  215   6.400000000e+00  -2.350000000e+00   3.150000000e+00
  216   4.450000000e+00  -2.350000000e+00   2.900000000e+00
  217   2.850000000e+00  -2.350000000e+00   1.200000000e+00
  218   2.800000000e+00  -1.700000000e+00   1.800000000e+00
  219   2.450000000e+00  -1.700000000e+00   2.450000000e+00
  220   1.850000000e+00  -1.700000000e+00   3.150000000e+00
  221   1.000000000e+00  -1.700000000e+00   3.750000000e+00
  222  -5.000000000e-02  -1.700000000e+00   4.050000000e+00
  223  -9.500000000e-01  -1.700000000e+00   3.850000000e+00
  224  -1.000000000e+00  -1.700000000e+00   3.250000000e+00
  225  -5.000000000e-01  -1.700000000e+00   2.900000000e+00
  226  -1.000000000e-01  -1.700000000e+00   2.950000000e+00
  227  -6.000000000e-01  -1.700000000e+00   2.850000000e+00
  228  -2.100000000e+00  -1.700000000e+00   1.200000000e+00
  229  -2.800000000e+00  -1.700000000e+00  -1.550000000e+00
  230  -1.950000000e+00  -1.700000000e+00  -3.250000000e+00
  231  -7.000000000e-01  -1.700000000e+00  -3.900000000e+00
  232   5.000000000e-01  -1.700000000e+00  -3.750000000e+00
  233   6.000000000e-01  -1.700000000e+00  -2.000000000e+00
  234  -8.500000000e-01  -1.700000000e+00   1.000000000e-01
  235  -1.700000000e+00  -1.700000000e+00   3.500000000e-01
  236   1.800000000e+00  -1.700000000e+00  -7.000000000e-01
  237   5.750000000e+00  -1.700000000e+00   5.000000000e-02
  238   6.250000000e+00  -1.700000000e+00   1.550000000e+00
  239   5.350000000e+00  -1.700000000e+00   2.500000000e+00
  240   3.800000000e+00  -1.700000000e+00   2.200000000e+00
  241   2.650000000e+00  -1.700000000e+00   8.000000000e-01
  242   3.200000000e+00  -1.100000000e+00   3.050000000e+00
  243   2.650000000e+00  -1.100000000e+00   3.650000000e+00
  244   2.000000000e+00  -1.100000000e+00   4.150000000e+00
  245   1.150000000e+00  -1.100000000e+00   4.650000000e+00
  246  -1.000000000e-01  -1.100000000e+00   4.950000000e+00
  247  -1.000000000e+00  -1.100000000e+00   4.650000000e+00
  248  -6.000000000e-01  -1.100000000e+00   3.850000000e+00
  249   5.000000000e-01  -1.100000000e+00   3.600000000e+00
  250   1.400000000e+00  -1.100000000e+00   4.000000000e+00
  251   1.100000000e+00  -1.100000000e+00   4.400000000e+00
  252  -8.500000000e-01  -1.100000000e+00   2.900000000e+00
  253  -2.000000000e+00  -1.100000000e+00   0.000000000e+00
  254  -1.550000000e+00  -1.100000000e+00  -1.750000000e+00
  255  -5.000000000e-01  -1.100000000e+00  -2.450000000e+00
  256   5.500000000e-01  -1.100000000e+00  -2.550000000e+00
  257   8.500000000e-01  -1.100000000e+00  -1.450000000e+00
  258  -1.000000000e-01  -1.100000000e+00   2.000000000e-01
  259  -8.000000000e-01  -1.100000000e+00   5.500000000e-01
  260   2.400000000e+00  -1.100000000e+00  -2.000000000e-01
  261   5.550000000e+00  -1.100000000e+00   6.000000000e-01
  262   5.350000000e+00  -1.100000000e+00   1.800000000e+00
  263   4.650000000e+00  -1.100000000e+00   2.500000000e+00
  264   3.300000000e+00  -1.100000000e+00   1.950000000e+00
  265   2.950000000e+00  -1.100000000e+00   1.400000000e+00
C Region List
