C PointsNum,MaxElemVol,TetGenParams,nAtrib,IndMov,MDMaxVolume,MDomDiv,MDOnly,MDDivF,MDPrescP
  395    1.000000e+00 YYpznno2q1.414a     0     0    1.000000e+00     1     0     0     0     0     0 YYpznno2q1.414a
  -9.821480000e-02  -8.406570000e+00   3.281900000e-02
   1.718771000e-01  -7.939820000e+00   1.056984000e+00
  -1.044590000e-01  -7.939820000e+00   1.122048000e+00
  -3.728280000e-01  -7.939820000e+00   1.028233000e+00
  -5.842570000e-01  -7.939820000e+00   8.552300000e-01
  -7.434580000e-01  -7.939820000e+00   6.578930000e-01
  -8.638340000e-01  -7.939820000e+00   4.494290000e-01
  -9.447890000e-01  -7.939820000e+00   2.280960000e-01
  -9.720680000e-01  -7.939820000e+00  -5.788000000e-03
  -9.545570000e-01  -7.939820000e+00  -2.457610000e-01
  -8.740870000e-01  -7.939820000e+00  -4.788680000e-01
  -7.165420000e-01  -7.939820000e+00  -6.697370000e-01
  -5.107010000e-01  -7.939820000e+00  -8.085250000e-01
  -2.821229000e-01  -7.939820000e+00  -8.983890000e-01
  -3.544800000e-02  -7.939820000e+00  -9.248340000e-01
   2.073440000e-01  -7.939820000e+00  -8.773610000e-01
   4.154660000e-01  -7.939820000e+00  -7.514930000e-01
   5.805370000e-01  -7.939820000e+00  -5.818660000e-01
   6.947250000e-01  -7.939820000e+00  -3.824650000e-01
   7.331810000e-01  -7.939820000e+00  -1.609040000e-01
   7.094040000e-01  -7.939820000e+00   5.109800000e-02
   6.529050000e-01  -7.939820000e+00   2.442130000e-01
   5.761650000e-01  -7.939820000e+00   4.263840000e-01
   4.897470000e-01  -7.939820000e+00   6.210700000e-01
   3.696420000e-01  -7.939820000e+00   8.449680000e-01
   1.769166000e-01  -7.472070000e+00   1.416310000e+00
  -2.004520000e-01  -7.472070000e+00   1.460125000e+00
  -5.396990000e-01  -7.472070000e+00   1.281763000e+00
  -7.894050000e-01  -7.472070000e+00   1.027935000e+00
  -9.759280000e-01  -7.472070000e+00   7.746800000e-01
  -1.131520000e+00  -7.472070000e+00   5.273960000e-01
  -1.279600000e+00  -7.472070000e+00   2.666132000e-01
  -1.419030000e+00  -7.472070000e+00  -3.801500000e-02
  -1.507650000e+00  -7.472070000e+00  -4.088790000e-01
  -1.435598000e+00  -7.472070000e+00  -7.959010000e-01
  -1.157129000e+00  -7.472070000e+00  -1.072340000e+00
  -7.917920000e-01  -7.472070000e+00  -1.196840000e+00
  -4.380834000e-01  -7.472070000e+00  -1.229650000e+00
  -1.098710000e-01  -7.472070000e+00  -1.212470000e+00
   1.975210000e-01  -7.472070000e+00  -1.142909000e+00
   4.619010000e-01  -7.472070000e+00  -9.793710000e-01
   6.697500000e-01  -7.472070000e+00  -7.639380000e-01
   8.241340000e-01  -7.472070000e+00  -5.162580000e-01
   8.969860000e-01  -7.472070000e+00  -2.393868000e-01
   8.752410000e-01  -7.472070000e+00   3.920300000e-02
   8.041710000e-01  -7.472070000e+00   2.953610000e-01
   7.066970000e-01  -7.472070000e+00   5.393930000e-01
   6.005450000e-01  -7.472070000e+00   8.087270000e-01
   4.479450000e-01  -7.472070000e+00   1.127034000e+00
   1.737290000e-01  -7.005310000e+00   1.658160000e+00
  -2.669520000e-01  -7.005310000e+00   1.695930000e+00
  -6.647170000e-01  -7.005310000e+00   1.500374000e+00
  -9.664310000e-01  -7.005310000e+00   1.219688000e+00
  -1.197160000e+00  -7.005310000e+00   9.278940000e-01
  -1.388030000e+00  -7.005310000e+00   6.330600000e-01
  -1.566430000e+00  -7.005310000e+00   3.195288000e-01
  -1.728910000e+00  -7.005310000e+00  -4.631900000e-02
  -1.831080000e+00  -7.005310000e+00  -4.885190000e-01
  -1.745860000e+00  -7.005310000e+00  -9.520640000e-01
  -1.411643000e+00  -7.005310000e+00  -1.281050000e+00
  -9.724120000e-01  -7.005310000e+00  -1.424200000e+00
  -5.492710000e-01  -7.005310000e+00  -1.454670000e+00
  -1.620850000e-01  -7.005310000e+00  -1.428310000e+00
   1.993810000e-01  -7.005310000e+00  -1.342105000e+00
   5.019140000e-01  -7.005310000e+00  -1.137656000e+00
   7.292660000e-01  -7.005310000e+00  -8.732660000e-01
   8.978670000e-01  -7.005310000e+00  -5.861500000e-01
   9.881260000e-01  -7.005310000e+00  -2.734712000e-01
   9.770710000e-01  -7.005310000e+00   4.461700000e-02
   9.041910000e-01  -7.005310000e+00   3.441430000e-01
   7.950120000e-01  -7.005310000e+00   6.308120000e-01
   6.744670000e-01  -7.005310000e+00   9.513000000e-01
   4.953980000e-01  -7.005310000e+00   1.328800000e+00
   1.440940000e-01  -6.538560000e+00   1.832210000e+00
  -3.397960000e-01  -6.538560000e+00   1.872460000e+00
  -7.900470000e-01  -6.538560000e+00   1.696660000e+00
  -1.154810000e+00  -6.538560000e+00   1.420637000e+00
  -1.446090000e+00  -6.538560000e+00   1.105342000e+00
  -1.676580000e+00  -6.538560000e+00   7.595060000e-01
  -1.870380000e+00  -6.538560000e+00   3.827276000e-01
  -2.024640000e+00  -6.538560000e+00  -4.584700000e-02
  -2.097630000e+00  -6.538560000e+00  -5.402860000e-01
  -1.983090000e+00  -6.538560000e+00  -1.049460000e+00
  -1.622030000e+00  -6.538560000e+00  -1.423750000e+00
  -1.136791000e+00  -6.538560000e+00  -1.595720000e+00
  -6.619060000e-01  -6.538560000e+00  -1.637640000e+00
  -2.234300000e-01  -6.538560000e+00  -1.608400000e+00
   1.841550000e-01  -6.538560000e+00  -1.507250000e+00
   5.128320000e-01  -6.538560000e+00  -1.256010000e+00
   7.424680000e-01  -6.538560000e+00  -9.415840000e-01
   9.090970000e-01  -6.538560000e+00  -6.206180000e-01
   1.015992000e+00  -6.538560000e+00  -2.872724000e-01
   1.023536000e+00  -6.538560000e+00   5.765700000e-02
   9.578740000e-01  -6.538560000e+00   3.898790000e-01
   8.436160000e-01  -6.538560000e+00   7.122490000e-01
   7.116960000e-01  -6.538560000e+00   1.072710000e+00
   5.099540000e-01  -6.538560000e+00   1.489800000e+00
   1.037950000e-01  -6.071800000e+00   1.994060000e+00
  -4.195600000e-01  -6.071800000e+00   2.042910000e+00
  -9.174370000e-01  -6.071800000e+00   1.891890000e+00
  -1.347770000e+00  -6.071800000e+00   1.629361000e+00
  -1.703770000e+00  -6.071800000e+00   1.295382000e+00
  -1.974940000e+00  -6.071800000e+00   8.968580000e-01
  -2.174730000e+00  -6.071800000e+00   4.548001000e-01
  -2.308890000e+00  -6.071800000e+00  -3.454700000e-02
  -2.341990000e+00  -6.071800000e+00  -5.742160000e-01
  -2.195810000e+00  -6.071800000e+00  -1.117810000e+00
  -1.810990000e+00  -6.071800000e+00  -1.528390000e+00
  -1.288682000e+00  -6.071800000e+00  -1.723810000e+00
  -7.712050000e-01  -6.071800000e+00  -1.772370000e+00
  -2.929680000e-01  -6.071800000e+00  -1.739200000e+00
   1.545170000e-01  -6.071800000e+00  -1.632170000e+00
   5.065360000e-01  -6.071800000e+00  -1.345940000e+00
   7.380970000e-01  -6.071800000e+00  -9.878540000e-01
   9.025120000e-01  -6.071800000e+00  -6.378530000e-01
   1.017068000e+00  -6.071800000e+00  -2.861999000e-01
   1.037909000e+00  -6.071800000e+00   7.800600000e-02
   9.766970000e-01  -6.071800000e+00   4.363950000e-01
   8.594360000e-01  -6.071800000e+00   7.864410000e-01
   7.243280000e-01  -6.071800000e+00   1.183280000e+00
   5.068210000e-01  -6.071800000e+00   1.641470000e+00
   9.016100000e-02  -5.604050000e+00   2.149360000e+00
  -4.702700000e-01  -5.604050000e+00   2.203020000e+00
  -1.009110000e+00  -5.604050000e+00   2.054090000e+00
  -1.480750000e+00  -5.604050000e+00   1.784486000e+00
  -1.876280000e+00  -5.604050000e+00   1.429312000e+00
  -2.173130000e+00  -5.604050000e+00   9.951110000e-01
  -2.384210000e+00  -5.604050000e+00   5.095741000e-01
  -2.513890000e+00  -5.604050000e+00  -2.322000000e-02
  -2.531590000e+00  -5.604050000e+00  -6.013500000e-01
  -2.367430000e+00  -5.604050000e+00  -1.178020000e+00
  -1.957250000e+00  -5.604050000e+00  -1.618450000e+00
  -1.396796000e+00  -5.604050000e+00  -1.823080000e+00
  -8.438390000e-01  -5.604050000e+00  -1.868270000e+00
  -3.355400000e-01  -5.604050000e+00  -1.827720000e+00
   1.386600000e-01  -5.604050000e+00  -1.717900000e+00
   5.147640000e-01  -5.604050000e+00  -1.417030000e+00
   7.585960000e-01  -5.604050000e+00  -1.033870000e+00
   9.306100000e-01  -5.604050000e+00  -6.611370000e-01
   1.049743000e+00  -5.604050000e+00  -2.884259000e-01
   1.071371000e+00  -5.604050000e+00   9.732700000e-02
   1.005744000e+00  -5.604050000e+00   4.756150000e-01
   8.854040000e-01  -5.604050000e+00   8.488170000e-01
   7.484280000e-01  -5.604050000e+00   1.275310000e+00
   5.207446000e-01  -5.604050000e+00   1.773250000e+00
   7.039600000e-02  -4.693630000e+00   2.457170000e+00
  -5.524260000e-01  -4.693630000e+00   2.525810000e+00
  -1.166000000e+00  -4.693630000e+00   2.407470000e+00
  -1.730710000e+00  -4.693630000e+00   2.146270000e+00
  -2.222240000e+00  -4.693630000e+00   1.762446000e+00
  -2.581890000e+00  -4.693630000e+00   1.251322000e+00
  -2.781560000e+00  -4.693630000e+00   6.621583000e-01
  -2.846340000e+00  -4.693630000e+00   4.614500000e-02
  -2.780450000e+00  -4.693630000e+00  -5.767300000e-01
  -2.558690000e+00  -4.693630000e+00  -1.173930000e+00
  -2.134530000e+00  -4.693630000e+00  -1.652320000e+00
  -1.543278000e+00  -4.693630000e+00  -1.882530000e+00
  -9.496040000e-01  -4.693630000e+00  -1.932040000e+00
  -4.045888000e-01  -4.693630000e+00  -1.887430000e+00
   1.065400000e-01  -4.693630000e+00  -1.773680000e+00
   5.158500000e-01  -4.693630000e+00  -1.459296000e+00
   7.796460000e-01  -4.693630000e+00  -1.044510000e+00
   9.677600000e-01  -4.693630000e+00  -6.416590000e-01
   1.101281000e+00  -4.693630000e+00  -2.398417000e-01
   1.142008000e+00  -4.693630000e+00   1.800440000e-01
   1.076447000e+00  -4.693630000e+00   5.976880000e-01
   9.542810000e-01  -4.693630000e+00   1.015043000e+00
   8.079780000e-01  -4.693630000e+00   1.495170000e+00
   5.536162900e-01  -4.693630000e+00   2.048440000e+00
   5.384700000e-02  -3.782210000e+00   2.717100000e+00
  -6.159590000e-01  -3.782210000e+00   2.799100000e+00
  -1.281980000e+00  -3.782210000e+00   2.676090000e+00
  -1.903220000e+00  -3.782210000e+00   2.406630000e+00
  -2.447990000e+00  -3.782210000e+00   1.996959000e+00
  -2.844310000e+00  -3.782210000e+00   1.439271000e+00
  -3.026540000e+00  -3.782210000e+00   7.845661000e-01
  -3.034270000e+00  -3.782210000e+00   1.207740000e-01
  -2.905900000e+00  -3.782210000e+00  -5.174400000e-01
  -2.646050000e+00  -3.782210000e+00  -1.113330000e+00
  -2.226520000e+00  -3.782210000e+00  -1.608850000e+00
  -1.633200000e+00  -3.782210000e+00  -1.863790000e+00
  -1.024153000e+00  -3.782210000e+00  -1.923030000e+00
  -4.596358000e-01  -3.782210000e+00  -1.878100000e+00
   6.936200000e-02  -3.782210000e+00  -1.761070000e+00
   4.863120000e-01  -3.782210000e+00  -1.425900000e+00
   7.387290000e-01  -3.782210000e+00  -9.806660000e-01
   9.203270000e-01  -3.782210000e+00  -5.689530000e-01
   1.067983000e+00  -3.782210000e+00  -1.664339000e-01
   1.138012000e+00  -3.782210000e+00   2.616240000e-01
   1.078208000e+00  -3.782210000e+00   6.946060000e-01
   9.689370000e-01  -3.782210000e+00   1.138660000e+00
   8.321460000e-01  -3.782210000e+00   1.662350000e+00
   5.747498000e-01  -3.782210000e+00   2.275890000e+00
   3.440300000e-02  -2.870800000e+00   2.895380000e+00
  -6.710400000e-01  -2.870800000e+00   2.984140000e+00
  -1.380120000e+00  -2.870800000e+00   2.873500000e+00
  -2.052750000e+00  -2.870800000e+00   2.615610000e+00
  -2.652220000e+00  -2.870800000e+00   2.182050000e+00
  -3.084390000e+00  -2.870800000e+00   1.587489000e+00
  -3.261530000e+00  -2.870800000e+00   8.704598000e-01
  -3.233860000e+00  -2.870800000e+00   1.588740000e-01
  -3.062750000e+00  -2.870800000e+00  -5.076500000e-01
  -2.770310000e+00  -2.870800000e+00  -1.116250000e+00
  -2.335030000e+00  -2.870800000e+00  -1.630020000e+00
  -1.720910000e+00  -2.870800000e+00  -1.890590000e+00
  -1.088597000e+00  -2.870800000e+00  -1.942180000e+00
  -5.079577000e-01  -2.870800000e+00  -1.886940000e+00
   3.497200000e-02  -2.870800000e+00  -1.770580000e+00
   4.774200000e-01  -2.870800000e+00  -1.449560000e+00
   7.520360000e-01  -2.870800000e+00  -9.966920000e-01
   9.479280000e-01  -2.870800000e+00  -5.670050000e-01
   1.093816000e+00  -2.870800000e+00  -1.415402000e-01
   1.144447000e+00  -2.870800000e+00   3.061120000e-01
   1.070271000e+00  -2.870800000e+00   7.500300000e-01
   9.673320000e-01  -2.870800000e+00   1.211390000e+00
   8.397340000e-01  -2.870800000e+00   1.765720000e+00
   5.815627000e-01  -2.870800000e+00   2.424660000e+00
  -1.732600000e-02  -1.959380000e+00   2.991200000e+00
  -7.502400000e-01  -1.959380000e+00   3.089590000e+00
  -1.486650000e+00  -1.959380000e+00   2.975840000e+00
  -2.185030000e+00  -1.959380000e+00   2.698580000e+00
  -2.803820000e+00  -1.959380000e+00   2.249100000e+00
  -3.246740000e+00  -1.959380000e+00   1.624914000e+00
  -3.433190000e+00  -1.959380000e+00   8.838790000e-01
  -3.413510000e+00  -1.959380000e+00   1.505710000e-01
  -3.246080000e+00  -1.959380000e+00  -5.448800000e-01
  -2.948990000e+00  -1.959380000e+00  -1.185780000e+00
  -2.496350000e+00  -1.959380000e+00  -1.725770000e+00
  -1.851730000e+00  -1.959380000e+00  -1.999960000e+00
  -1.187326000e+00  -1.959380000e+00  -2.046930000e+00
  -5.804214000e-01  -1.959380000e+00  -1.982160000e+00
  -1.818200000e-02  -1.959380000e+00  -1.852220000e+00
   4.429560000e-01  -1.959380000e+00  -1.520400000e+00
   7.078180000e-01  -1.959380000e+00  -1.032149000e+00
   8.857020000e-01  -1.959380000e+00  -5.795870000e-01
   1.016085000e+00  -1.959380000e+00  -1.461210000e-01
   1.037493000e+00  -1.959380000e+00   2.994430000e-01
   9.585080000e-01  -1.959380000e+00   7.330710000e-01
   8.777980000e-01  -1.959380000e+00   1.198003000e+00
   7.801820000e-01  -1.959380000e+00   1.778410000e+00
   5.495200000e-01  -1.959380000e+00   2.500870000e+00
  -7.479000000e-02  -1.047960000e+00   3.061430000e+00
  -8.215300000e-01  -1.047960000e+00   3.147250000e+00
  -1.563820000e+00  -1.047960000e+00   3.010690000e+00
  -2.255170000e+00  -1.047960000e+00   2.712630000e+00
  -2.861020000e+00  -1.047960000e+00   2.256420000e+00
  -3.300340000e+00  -1.047960000e+00   1.632011000e+00
  -3.517630000e+00  -1.047960000e+00   9.032550000e-01
  -3.554860000e+00  -1.047960000e+00   1.625820000e-01
  -3.436810000e+00  -1.047960000e+00  -5.675900000e-01
  -3.154140000e+00  -1.047960000e+00  -1.255100000e+00
  -2.667750000e+00  -1.047960000e+00  -1.820330000e+00
  -1.947720000e+00  -1.047960000e+00  -2.033720000e+00
  -1.245790000e+00  -1.047960000e+00  -1.983320000e+00
  -6.541575000e-01  -1.047960000e+00  -1.850430000e+00
  -1.304030000e-01  -1.047960000e+00  -1.698230000e+00
   3.387660000e-01  -1.047960000e+00  -1.451300000e+00
   6.439660000e-01  -1.047960000e+00  -1.023344000e+00
   8.412030000e-01  -1.047960000e+00  -5.789380000e-01
   9.308350000e-01  -1.047960000e+00  -1.277450000e-01
   8.735370000e-01  -1.047960000e+00   3.110410000e-01
   7.893420000e-01  -1.047960000e+00   7.177110000e-01
   7.384740000e-01  -1.047960000e+00   1.168519000e+00
   6.854980000e-01  -1.047960000e+00   1.765540000e+00
   4.992020000e-01  -1.047960000e+00   2.550830000e+00
  -1.456040000e-01  -3.545410000e-01   3.132920000e+00
   4.491790000e-01  -3.545410000e-01   2.637500000e+00
   5.991060000e-01  -3.545410000e-01   1.781330000e+00
   6.087300000e-01  -3.545410000e-01   1.159040000e+00
   6.303140000e-01  -3.545410000e-01   7.138270000e-01
   6.926230000e-01  -3.545410000e-01   3.265790000e-01
   7.999060000e-01  -3.545410000e-01  -9.729400000e-02
   7.472870000e-01  -3.545410000e-01  -5.542310000e-01
   5.391980000e-01  -3.545410000e-01  -9.842100000e-01
   2.112500000e-01  -3.545410000e-01  -1.359150000e+00
  -2.488090000e-01  -3.545410000e-01  -1.559640000e+00
  -7.398674000e-01  -3.545410000e-01  -1.741830000e+00
  -1.321604000e+00  -3.545410000e-01  -1.935930000e+00
  -2.065150000e+00  -3.545410000e-01  -2.080170000e+00
  -2.862530000e+00  -3.545410000e-01  -1.919460000e+00
  -3.379070000e+00  -3.545410000e-01  -1.324760000e+00
  -3.642710000e+00  -3.545410000e-01  -5.853500000e-01
  -3.711550000e+00  -3.545410000e-01   1.738050000e-01
  -3.623280000e+00  -3.545410000e-01   9.307060000e-01
  -3.375580000e+00  -3.545410000e-01   1.641634000e+00
  -2.937310000e+00  -3.545410000e-01   2.268010000e+00
  -2.340820000e+00  -3.545410000e-01   2.737920000e+00
  -1.653320000e+00  -3.545410000e-01   3.056490000e+00
  -9.064100000e-01  -3.545410000e-01   3.203470000e+00
  -2.313010000e+00  -3.830410000e-01  -1.502560000e+00
  -2.824700000e+00  -3.798410000e-01  -1.283080000e+00
  -1.400620000e+00  -3.777410000e-01   2.766280000e+00
  -9.158800000e-01  -3.902410000e-01   2.520420000e+00
  -2.076380000e+00  -4.206410000e-01   7.406180000e-01
  -2.033130000e+00  -4.183410000e-01   1.043107500e+00
  -1.699400000e+00  -4.216410000e-01   1.056310800e+00
  -6.774957000e-01  -3.787410000e-01  -1.378020000e+00
  -1.694390000e+00  -4.259410000e-01   3.364400000e-01
  -1.365260000e+00  -4.241410000e-01   1.069514000e+00
  -1.066120000e+00  -4.249410000e-01   3.795310000e-01
  -2.541880000e+00  -4.070410000e-01   9.903400000e-01
  -2.616460000e+00  -4.087410000e-01   4.015950000e-01
  -3.109710000e+00  -3.879410000e-01   6.490870000e-01
  -2.564280000e+00  -3.938410000e-01   1.648005000e+00
  -2.712140000e+00  -3.947410000e-01   1.370366000e+00
  -2.692800000e+00  -3.901410000e-01   1.590249000e+00
  -1.654840000e-01  -3.851410000e-01   2.289377000e+00
  -7.488630000e-01  -4.098410000e-01   1.725407000e+00
  -1.904850000e+00  -3.998410000e-01  -1.154060000e+00
  -1.810510000e+00  -4.072410000e-01  -9.256100000e-01
  -1.607948000e+00  -4.049410000e-01  -1.017360000e+00
  -1.769600000e+00  -4.078410000e-01   1.847501000e+00
  -1.660220000e+00  -3.950410000e-01   2.324297000e+00
  -1.553130000e+00  -4.032410000e-01   2.095365000e+00
  -3.021570000e+00  -3.861410000e-01  -7.111400000e-01
  -2.362030000e+00  -4.029410000e-01  -8.413800000e-01
  -1.118793000e+00  -3.831410000e-01  -1.448390000e+00
  -1.405384000e+00  -4.023410000e-01  -1.106120000e+00
  -8.618300000e-01  -3.981410000e-01  -1.073060000e+00
  -1.958260000e+00  -3.901410000e-01   2.301328000e+00
  -1.855430000e+00  -3.769410000e-01   2.627950000e+00
  -1.756330000e+00  -3.861410000e-01   2.481120000e+00
  -1.690533000e+00  -3.835410000e-01  -1.548810000e+00
  -2.249100000e+00  -3.832410000e-01   2.278359000e+00
   2.940900000e-02  -3.784410000e-01  -9.870700000e-01
   1.820000000e-01  -3.833410000e-01  -5.695960000e-01
   3.450690000e-01  -3.808410000e-01   1.185120000e-01
  -2.202640000e+00  -4.190410000e-01   2.155240000e-01
  -2.573940000e+00  -4.079410000e-01  -1.953200000e-01
   1.557341000e-01  -3.885410000e-01   9.329250000e-01
  -1.656170000e-01  -4.048410000e-01   4.228570000e-01
  -2.967190000e+00  -3.861410000e-01   1.264854900e+00
  -3.131480000e+00  -3.882410000e-01  -2.701100000e-02
  -3.419150000e-01  -3.819410000e-01  -1.191360000e+00
  -4.513240000e-01  -4.020410000e-01  -7.052900000e-01
   2.739210000e-01  -3.775410000e-01   1.700704000e+00
  -1.842530000e-01  -3.990410000e-01   1.536561000e+00
  -2.002730000e+00  -4.191410000e-01  -2.284780000e-01
  -2.378910000e+00  -3.949410000e-01   1.829350000e+00
  -2.454090000e+00  -4.017410000e-01   1.465877000e+00
  -7.798150000e-01  -4.091410000e-01  -6.674400000e-01
  -7.952650000e-01  -4.139410000e-01  -4.260790000e-01
  -1.105450000e+00  -4.111410000e-01   1.795920000e+00
  -1.178460000e+00  -4.023410000e-01   2.168426000e+00
  -9.646600000e-01  -4.064410000e-01   1.961916000e+00
  -2.164870000e+00  -3.931410000e-01   2.073463000e+00
  -2.312860000e+00  -3.892410000e-01   2.063855000e+00
  -2.078650000e+00  -4.025410000e-01   1.858567000e+00
  -1.995890000e+00  -4.151410000e-01   1.345597000e+00
  -2.226490000e+00  -4.092410000e-01   1.405737000e+00
  -1.550850000e+00  -4.250410000e-01   7.565300000e-02
  -1.777290000e+00  -4.225410000e-01  -7.441300000e-02
  -1.406300000e+00  -4.232410000e-01  -1.771340000e-01
  -1.237210000e+00  -4.247410000e-01   9.569800000e-02
  -1.022463000e+00  -4.219410000e-01  -3.800900000e-02
  -5.452880000e-01  -4.152410000e-01   9.307197000e-01
  -1.521420000e+00  -3.870410000e-01   2.545290000e+00
  -1.220650000e+00  -3.888410000e-01   2.537850000e+00
  -1.710180000e+00  -4.137410000e-01  -7.061600000e-01
  -1.408241000e+00  -4.145410000e-01  -6.743800000e-01
  -1.410813000e+00  -4.087410000e-01  -8.927500000e-01
  -1.401050000e+00  -4.182410000e-01   1.462974000e+00
  -1.077610000e+00  -4.146410000e-01   1.599191000e+00
  -2.361590000e-01  -4.050410000e-01  -1.176780000e-01
  -2.270380000e+00  -4.121410000e-01   1.167968780e+00
  -2.172380000e+00  -4.166410000e-01   9.542930000e-01
  -1.859450000e+00  -4.169410000e-01  -4.738200000e-01
  -2.035600000e+00  -4.093410000e-01  -7.682700000e-01
  -2.021160000e+00  -4.145410000e-01  -5.023700000e-01
  -1.723770000e+00  -4.144410000e-01   1.586015000e+00
  -1.699720000e+00  -4.174410000e-01   1.399286000e+00
  -2.675470000e+00  -3.852410000e-01   1.810132000e+00
  -5.657610000e-01  -4.166410000e-01   2.867900000e-01
  -5.202870000e-01  -4.126410000e-01  -1.381970000e-01
  -9.855670000e-01  -4.061410000e-01  -8.833300000e-01
  -8.213220000e-01  -4.038410000e-01  -8.797500000e-01
  -1.260302000e+00  -4.189410000e-01  -4.298600000e-01
  -1.484740000e+00  -4.168410000e-01  -5.615100000e-01
  -1.418340000e+00  -3.988410000e-01   2.251361000e+00
  -2.016710000e+00  -3.965410000e-01   2.079948000e+00
  -9.384180000e-01  -4.222410000e-01   9.690700000e-02
  -6.866880000e-01  -4.178410000e-01   5.353700000e-02
  -1.632880000e+00  -4.205410000e-01  -3.224800000e-01
  -1.265845000e+00  -4.086410000e-01  -8.808600000e-01
  -1.198976000e+00  -4.047410000e-01  -9.887200000e-01
  -8.077160000e-01  -4.184410000e-01  -1.707170000e-01
  -4.858060000e-01  -4.075410000e-01  -4.247420000e-01
  -1.465800000e+00  -4.256410000e-01   2.165690000e-01
  -9.625100000e-01  -4.165410000e-01  -4.206560000e-01
  -1.035009000e+00  -4.191410000e-01  -2.987910000e-01
  -1.454640000e+00  -4.108410000e-01   1.836434000e+00
  -1.112305000e+00  -4.133410000e-01  -6.605900000e-01
  -1.704510000e+00  -4.218410000e-01  -2.003060000e-01
  -2.266620000e+00  -4.027410000e-01   1.657222000e+00
  -2.496980000e+00  -4.047410000e-01   1.228108900e+00
C Number of facets
  786
C  Size  Node 1  ......Node N Marker
    3    0    1    2    3
    3    0    2    3    3
    3    0    3    4    3
    3    0    4    5    3
    3    0    5    6    3
    3    0    6    7    3
    3    0    7    8    3
    3    0    8    9    3
    3    0    9   10    3
    3    0   10   11    3
    3    0   11   12    3
    3    0   12   13    3
    3    0   13   14    3
    3    0   14   15    3
    3    0   15   16    3
    3    0   16   17    3
    3    0   17   18    3
    3    0   18   19    3
    3    0   19   20    3
    3    0   20   21    3
    3    0   21   22    3
    3    0   22   23    3
    3    0   23   24    3
    3    0   24    1    3
    3    1   25   26    3
    3    1   26    2    3
    3    2   26   27    3
    3    2   27    3    3
    3    3   27   28    3
    3    3   28    4    3
    3    4   28   29    3
    3    4   29    5    3
    3    5   29   30    3
    3    5   30    6    3
    3    6   30   31    3
    3    6   31    7    3
    3    7   31   32    3
    3    7   32    8    3
    3    8   32   33    3
    3    8   33    9    3
    3    9   33   34    3
    3    9   34   10    3
    3   10   34   35    3
    3   10   35   11    3
    3   11   35   36    3
    3   11   36   12    3
    3   12   36   37    3
    3   12   37   13    3
    3   13   37   38    3
    3   13   38   14    3
    3   14   38   39    3
    3   14   39   15    3
    3   15   39   40    3
    3   15   40   16    3
    3   16   40   41    3
    3   16   41   17    3
    3   17   41   42    3
    3   17   42   18    3
    3   18   42   43    3
    3   18   43   19    3
    3   19   43   44    3
    3   19   44   20    3
    3   20   44   45    3
    3   20   45   21    3
    3   21   45   46    3
    3   21   46   22    3
    3   22   46   47    3
    3   22   47   23    3
    3   23   47   48    3
    3   23   48   24    3
    3   24   48   25    3
    3   24   25    1    3
    3   25   49   50    3
    3   25   50   26    3
    3   26   50   51    3
    3   26   51   27    3
    3   27   51   52    3
    3   27   52   28    3
    3   28   52   53    3
    3   28   53   29    3
    3   29   53   54    3
    3   29   54   30    3
    3   30   54   55    3
    3   30   55   31    3
    3   31   55   56    3
    3   31   56   32    3
    3   32   56   57    3
    3   32   57   33    3
    3   33   57   58    3
    3   33   58   34    3
    3   34   58   59    3
    3   34   59   35    3
    3   35   59   60    3
    3   35   60   36    3
    3   36   60   61    3
    3   36   61   37    3
    3   37   61   62    3
    3   37   62   38    3
    3   38   62   63    3
    3   38   63   39    3
    3   39   63   64    3
    3   39   64   40    3
    3   40   64   65    3
    3   40   65   41    3
    3   41   65   66    3
    3   41   66   42    3
    3   42   66   67    3
    3   42   67   43    3
    3   43   67   68    3
    3   43   68   44    3
    3   44   68   69    3
    3   44   69   45    3
    3   45   69   70    3
    3   45   70   46    3
    3   46   70   71    3
    3   46   71   47    3
    3   47   71   72    3
    3   47   72   48    3
    3   48   72   49    3
    3   48   49   25    3
    3   49   73   74    3
    3   49   74   50    3
    3   50   74   75    3
    3   50   75   51    3
    3   51   75   76    3
    3   51   76   52    3
    3   52   76   77    3
    3   52   77   53    3
    3   53   77   78    3
    3   53   78   54    3
    3   54   78   79    3
    3   54   79   55    3
    3   55   79   80    3
    3   55   80   56    3
    3   56   80   81    3
    3   56   81   57    3
    3   57   81   82    3
    3   57   82   58    3
    3   58   82   83    3
    3   58   83   59    3
    3   59   83   84    3
    3   59   84   60    3
    3   60   84   85    3
    3   60   85   61    3
    3   61   85   86    3
    3   61   86   62    3
    3   62   86   87    3
    3   62   87   63    3
    3   63   87   88    3
    3   63   88   64    3
    3   64   88   89    3
    3   64   89   65    3
    3   65   89   90    3
    3   65   90   66    3
    3   66   90   91    3
    3   66   91   67    3
    3   67   91   92    3
    3   67   92   68    3
    3   68   92   93    3
    3   68   93   69    3
    3   69   93   94    3
    3   69   94   70    3
    3   70   94   95    3
    3   70   95   71    3
    3   71   95   96    3
    3   71   96   72    3
    3   72   96   73    3
    3   72   73   49    3
    3   73   97   98    3
    3   73   98   74    3
    3   74   98   99    3
    3   74   99   75    3
    3   75   99  100    3
    3   75  100   76    3
    3   76  100  101    3
    3   76  101   77    3
    3   77  101  102    3
    3   77  102   78    3
    3   78  102  103    3
    3   78  103   79    3
    3   79  103  104    3
    3   79  104   80    3
    3   80  104  105    3
    3   80  105   81    3
    3   81  105  106    3
    3   81  106   82    3
    3   82  106  107    3
    3   82  107   83    3
    3   83  107  108    3
    3   83  108   84    3
    3   84  108  109    3
    3   84  109   85    3
    3   85  109  110    3
    3   85  110   86    3
    3   86  110  111    3
    3   86  111   87    3
    3   87  111  112    3
    3   87  112   88    3
    3   88  112  113    3
    3   88  113   89    3
    3   89  113  114    3
    3   89  114   90    3
    3   90  114  115    3
    3   90  115   91    3
    3   91  115  116    3
    3   91  116   92    3
    3   92  116  117    3
    3   92  117   93    3
    3   93  117  118    3
    3   93  118   94    3
    3   94  118  119    3
    3   94  119   95    3
    3   95  119  120    3
    3   95  120   96    3
    3   96  120   97    3
    3   96   97   73    3
    3   97  121  122    3
    3   97  122   98    3
    3   98  122  123    3
    3   98  123   99    3
    3   99  123  124    3
    3   99  124  100    3
    3  100  124  125    3
    3  100  125  101    3
    3  101  125  126    3
    3  101  126  102    3
    3  102  126  127    3
    3  102  127  103    3
    3  103  127  128    3
    3  103  128  104    3
    3  104  128  129    3
    3  104  129  105    3
    3  105  129  130    3
    3  105  130  106    3
    3  106  130  131    3
    3  106  131  107    3
    3  107  131  132    3
    3  107  132  108    3
    3  108  132  133    3
    3  108  133  109    3
    3  109  133  134    3
    3  109  134  110    3
    3  110  134  135    3
    3  110  135  111    3
    3  111  135  136    3
    3  111  136  112    3
    3  112  136  137    3
    3  112  137  113    3
    3  113  137  138    3
    3  113  138  114    3
    3  114  138  139    3
    3  114  139  115    3
    3  115  139  140    3
    3  115  140  116    3
    3  116  140  141    3
    3  116  141  117    3
    3  117  141  142    3
    3  117  142  118    3
    3  118  142  143    3
    3  118  143  119    3
    3  119  143  144    3
    3  119  144  120    3
    3  120  144  121    3
    3  120  121   97    3
    3  121  145  146    3
    3  121  146  122    3
    3  122  146  147    3
    3  122  147  123    3
    3  123  147  148    3
    3  123  148  124    3
    3  124  148  149    3
    3  124  149  125    3
    3  125  149  150    3
    3  125  150  126    3
    3  126  150  151    3
    3  126  151  127    3
    3  127  151  152    3
    3  127  152  128    3
    3  128  152  153    3
    3  128  153  129    3
    3  129  153  154    3
    3  129  154  130    3
    3  130  154  155    3
    3  130  155  131    3
    3  131  155  156    3
    3  131  156  132    3
    3  132  156  157    3
    3  132  157  133    3
    3  133  157  158    3
    3  133  158  134    3
    3  134  158  159    3
    3  134  159  135    3
    3  135  159  160    3
    3  135  160  136    3
    3  136  160  161    3
    3  136  161  137    3
    3  137  161  162    3
    3  137  162  138    3
    3  138  162  163    3
    3  138  163  139    3
    3  139  163  164    3
    3  139  164  140    3
    3  140  164  165    3
    3  140  165  141    3
    3  141  165  166    3
    3  141  166  142    3
    3  142  166  167    3
    3  142  167  143    3
    3  143  167  168    3
    3  143  168  144    3
    3  144  168  145    3
    3  144  145  121    3
    3  145  169  170    3
    3  145  170  146    3
    3  146  170  171    3
    3  146  171  147    3
    3  147  171  172    3
    3  147  172  148    3
    3  148  172  173    3
    3  148  173  149    3
    3  149  173  174    3
    3  149  174  150    3
    3  150  174  175    3
    3  150  175  151    3
    3  151  175  176    3
    3  151  176  152    3
    3  152  176  177    3
    3  152  177  153    3
    3  153  177  178    3
    3  153  178  154    3
    3  154  178  179    3
    3  154  179  155    3
    3  155  179  180    3
    3  155  180  156    3
    3  156  180  181    3
    3  156  181  157    3
    3  157  181  182    3
    3  157  182  158    3
    3  158  182  183    3
    3  158  183  159    3
    3  159  183  184    3
    3  159  184  160    3
    3  160  184  185    3
    3  160  185  161    3
    3  161  185  186    3
    3  161  186  162    3
    3  162  186  187    3
    3  162  187  163    3
    3  163  187  188    3
    3  163  188  164    3
    3  164  188  189    3
    3  164  189  165    3
    3  165  189  190    3
    3  165  190  166    3
    3  166  190  191    3
    3  166  191  167    3
    3  167  191  192    3
    3  167  192  168    3
    3  168  192  169    3
    3  168  169  145    3
    3  169  193  194    3
    3  169  194  170    3
    3  170  194  195    3
    3  170  195  171    3
    3  171  195  196    3
    3  171  196  172    3
    3  172  196  197    3
    3  172  197  173    3
    3  173  197  198    3
    3  173  198  174    3
    3  174  198  199    3
    3  174  199  175    3
    3  175  199  200    3
    3  175  200  176    3
    3  176  200  201    3
    3  176  201  177    3
    3  177  201  202    3
    3  177  202  178    3
    3  178  202  203    3
    3  178  203  179    3
    3  179  203  204    3
    3  179  204  180    3
    3  180  204  205    3
    3  180  205  181    3
    3  181  205  206    3
    3  181  206  182    3
    3  182  206  207    3
    3  182  207  183    3
    3  183  207  208    3
    3  183  208  184    3
    3  184  208  209    3
    3  184  209  185    3
    3  185  209  210    3
    3  185  210  186    3
    3  186  210  211    3
    3  186  211  187    3
    3  187  211  212    3
    3  187  212  188    3
    3  188  212  213    3
    3  188  213  189    3
    3  189  213  214    3
    3  189  214  190    3
    3  190  214  215    3
    3  190  215  191    3
    3  191  215  216    3
    3  191  216  192    3
    3  192  216  193    3
    3  192  193  169    3
    3  193  217  218    3
    3  193  218  194    3
    3  194  218  219    3
    3  194  219  195    3
    3  195  219  220    3
    3  195  220  196    3
    3  196  220  221    3
    3  196  221  197    3
    3  197  221  222    3
    3  197  222  198    3
    3  198  222  223    3
    3  198  223  199    3
    3  199  223  224    3
    3  199  224  200    3
    3  200  224  225    3
    3  200  225  201    3
    3  201  225  226    3
    3  201  226  202    3
    3  202  226  227    3
    3  202  227  203    3
    3  203  227  228    3
    3  203  228  204    3
    3  204  228  229    3
    3  204  229  205    3
    3  205  229  230    3
    3  205  230  206    3
    3  206  230  231    3
    3  206  231  207    3
    3  207  231  232    3
    3  207  232  208    3
    3  208  232  233    3
    3  208  233  209    3
    3  209  233  234    3
    3  209  234  210    3
    3  210  234  235    3
    3  210  235  211    3
    3  211  235  236    3
    3  211  236  212    3
    3  212  236  237    3
    3  212  237  213    3
    3  213  237  238    3
    3  213  238  214    3
    3  214  238  239    3
    3  214  239  215    3
    3  215  239  240    3
    3  215  240  216    3
    3  216  240  217    3
    3  216  217  193    3
    3  217  241  242    3
    3  217  242  218    3
    3  218  242  243    3
    3  218  243  219    3
    3  219  243  244    3
    3  219  244  220    3
    3  220  244  245    3
    3  220  245  221    3
    3  221  245  246    3
    3  221  246  222    3
    3  222  246  247    3
    3  222  247  223    3
    3  223  247  248    3
    3  223  248  224    3
    3  224  248  249    3
    3  224  249  225    3
    3  225  249  250    3
    3  225  250  226    3
    3  226  250  251    3
    3  226  251  227    3
    3  227  251  252    3
    3  227  252  228    3
    3  228  252  253    3
    3  228  253  229    3
    3  229  253  254    3
    3  229  254  230    3
    3  230  254  255    3
    3  230  255  231    3
    3  231  255  256    3
    3  231  256  232    3
    3  232  256  257    3
    3  232  257  233    3
    3  233  257  258    3
    3  233  258  234    3
    3  234  258  259    3
    3  234  259  235    3
    3  235  259  260    3
    3  235  260  236    3
    3  236  260  261    3
    3  236  261  237    3
    3  237  261  262    3
    3  237  262  238    3
    3  238  262  263    3
    3  238  263  239    3
    3  239  263  264    3
    3  239  264  240    3
    3  240  264  241    3
    3  240  241  217    3
    3  264  265  241    3
    3  264  266  265    3
    3  263  266  264    3
    3  263  267  266    3
    3  262  267  263    3
    3  262  268  267    3
    3  261  268  262    3
    3  261  269  268    3
    3  260  269  261    3
    3  260  270  269    3
    3  259  270  260    3
    3  259  271  270    3
    3  258  271  259    3
    3  258  272  271    3
    3  257  272  258    3
    3  257  273  272    3
    3  256  273  257    3
    3  256  274  273    3
    3  255  274  256    3
    3  255  275  274    3
    3  254  275  255    3
    3  254  276  275    3
    3  253  276  254    3
    3  253  277  276    3
    3  252  277  253    3
    3  252  278  277    3
    3  251  278  252    3
    3  251  279  278    3
    3  250  279  251    3
    3  250  280  279    3
    3  249  280  250    3
    3  249  281  280    3
    3  248  281  249    3
    3  248  282  281    3
    3  247  282  248    3
    3  247  283  282    3
    3  246  283  247    3
    3  246  284  283    3
    3  245  284  246    3
    3  245  285  284    3
    3  244  285  245    3
    3  244  286  285    3
    3  243  286  244    3
    3  243  287  286    3
    3  242  287  243    3
    3  242  288  287    3
    3  241  288  242    3
    3  241  265  288    3
    3  289  279  290    1
    3  291  288  292    1
    3  293  294  295    3
    3  296  275  276    1
    3  297  298  299    1
    3  300  301  302    1
    3  303  304  305    3
    3  292  306  307    1
    3  308  309  310    4
    3  300  293  301    1
    3  311  312  313    3
    3  290  314  315    1
    3  316  317  318    1
    3  319  320  321    3
    3  317  322  308    1
    3  286  323  285    1
    3  286  287  320    1
    3  298  297  293    1
    3  324  325  273    1
    3  326  271  272    1
    3  327  328  301    1
    3  329  326  330    1
    3  300  331  304    1
    3  332  282  302    1
    3  272  325  326    1
    3  296  276  316    1
    3  296  333  275    1
    3  324  334  325    1
    3  335  329  336    1
    3  315  328  337    1
    3  338  339  303    3
    3  334  340  341    4
    3  279  289  278    1
    3  274  275  333    1
    3  322  278  289    1
    3  342  343  344    3
    3  332  301  328    1
    3  314  290  280    1
    3  345  338  346    3
    3  324  333  334    1
    3  277  316  276    1
    3  266  267  335    1
    3  288  291  287    1
    3  347  348  349    3
    3  316  322  317    1
    3  297  350  351    4
    3  327  301  293    1
    3  283  331  302    1
    3  352  353  354    4
    3  326  269  270    1
    3  332  302  301    1
    3  355  299  298    1
    3  312  356  357    3
    3  330  355  329    1
    3  336  306  335    1
    3  271  326  270    1
    3  358  359  360    4
    3  298  361  362    3
    3  283  302  282    1
    3  336  329  355    1
    3  326  363  330    1
    3  265  292  288    1
    3  300  364  365    3
    3  366  367  368    4
    3  333  318  334    1
    3  369  361  370    3
    3  327  293  297    1
    3  278  322  277    1
    3  320  291  356    3
    3  371  285  323    1
    3  363  325  334    1
    3  371  331  284    1
    3  364  339  349    3
    3  268  335  267    1
    3  372  363  373    4
    3  280  290  279    1
    3  266  306  265    1
    3  316  277  322    1
    3  328  315  314    1
    3  308  315  367    1
    3  355  330  372    1
    3  327  297  337    1
    3  280  281  314    1
    3  374  340  375    4
    3  296  316  318    1
    3  352  376  377    4
    3  355  307  336    1
    3  292  343  378    3
    3  326  325  363    1
    3  320  287  291    1
    3  345  319  379    3
    3  380  372  381    4
    3  358  366  382    4
    3  268  329  335    1
    3  273  274  324    1
    3  336  307  306    1
    3  265  306  292    1
    3  296  318  333    1
    3  383  374  384    4
    3  329  268  269    1
    3  385  373  386    4
    3  333  324  274    1
    3  283  284  331    1
    3  298  307  355    1
    3  299  353  387    4
    3  308  289  315    1
    3  273  325  272    1
    3  327  337  328    1
    3  388  376  389    4
    3  314  332  328    1
    3  281  282  332    1
    3  315  289  290    1
    3  363  372  330    1
    3  355  372  299    1
    3  285  371  284    1
    3  314  281  332    1
    3  269  326  329    1
    3  369  347  311    3
    3  266  335  306    1
    3  286  320  323    1
    3  308  322  289    1
    3  300  302  331    1
    3  343  390  313    3
    3  292  307  344    3
    3  298  348  370    3
    3  361  390  342    3
    3  343  342  390    3
    3  342  307  362    3
    3  347  369  348    3
    3  361  369  390    3
    3  369  311  390    3
    3  312  311  347    3
    3  311  313  390    3
    3  313  312  378    3
    3  298  362  307    3
    3  342  362  361    3
    3  342  344  307    3
    3  292  344  343    3
    3  369  370  348    3
    3  298  370  361    3
    3  292  378  312    3
    3  313  378  343    3
    3  334  318  375    4
    3  340  391  388    4
    3  318  317  384    4
    3  340  374  391    4
    3  352  385  389    4
    3  376  391  359    4
    3  376  388  391    4
    3  388  385  341    4
    3  359  391  383    4
    3  359  358  377    4
    3  374  383  391    4
    3  383  317  360    4
    3  374  375  318    4
    3  334  375  340    4
    3  334  341  385    4
    3  388  341  340    4
    3  388  389  385    4
    3  352  389  376    4
    3  352  377  358    4
    3  359  377  376    4
    3  358  360  317    4
    3  383  360  359    4
    3  383  384  317    4
    3  318  384  374    4
    3  367  358  309    4
    3  315  337  368    1
    3  353  352  350    4
    3  353  299  380    4
    3  372  380  299    4
    3  380  385  354    4
    3  350  352  392    4
    3  350  297  387    4
    3  366  337  392    4
    3  367  366  358    4
    3  363  334  386    4
    3  373  385  381    4
    3  392  337  351    4
    3  392  352  382    4
    3  380  381  385    4
    3  373  381  372    4
    3  358  317  310    4
    3  367  309  308    4
    3  385  386  334    4
    3  363  386  373    4
    3  366  368  337    4
    3  315  368  367    1
    3  299  387  297    4
    3  350  387  353    4
    3  352  354  385    4
    3  380  354  353    4
    3  358  382  352    4
    3  392  382  366    4
    3  297  351  337    4
    3  392  351  350    4
    3  308  310  317    4
    3  358  310  309    4
    3  312  347  379    3
    3  320  319  323    3
    3  371  323  346    3
    3  338  347  393    3
    3  364  300  394    3
    3  364  348  294    3
    3  319  345  323    3
    3  338  345  347    3
    3  348  298  295    3
    3  294  293  365    3
    3  304  339  394    3
    3  331  371  305    1
    3  364  349  348    3
    3  349  339  393    3
    3  338  393  339    3
    3  349  393  347    3
    3  338  303  371    3
    3  304  303  339    3
    3  356  312  321    3
    3  291  292  357    3
    3  364  394  339    3
    3  304  394  300    3
    3  319  321  312    3
    3  356  321  320    3
    3  293  295  298    3
    3  348  295  294    3
    3  312  357  292    3
    3  291  357  356    3
    3  345  346  323    3
    3  371  346  338    3
    3  303  305  371    3
    3  331  305  304    1
    3  345  379  347    3
    3  312  379  319    3
    3  300  365  293    3
    3  294  365  364    3
C Prescribed Values(Inlet, Outlet), InteractionSurface(Inlet, Outlet)
       1        0        0        2        2        2
C Inlet Pressure, FunID (E18.9,I5)
   1.000000000e+00    3
C Outlet Velocity
C     Vx,           Vy,            Vz,    indVx,indVy,indVz, FunID(3E18.9, 4I5)
   0.000000000e+00   1.000000000e+00   0.000000000e+00    1    0    0    4
C Inlet Velocity
C nNodeID,    Vx,           Vy,            Vz (I5, 3E18.9)
  265
    1   2.350000000e+00   2.250000000e+00   9.500000000e-01
    2   1.750000000e+00   2.150000000e+00   1.500000000e-01
    3   1.900000000e+00   2.150000000e+00   1.450000000e+00
    4   1.550000000e+00   2.150000000e+00   1.750000000e+00
    5   1.500000000e+00   2.150000000e+00   1.200000000e+00
    6   1.800000000e+00   2.150000000e+00   7.000000000e-01
    7   2.150000000e+00   2.150000000e+00   5.500000000e-01
    8   2.800000000e+00   2.150000000e+00   5.000000000e-01
    9   4.150000000e+00   2.150000000e+00   8.000000000e-01
   10   5.300000000e+00   2.150000000e+00   1.800000000e+00
   11   5.400000000e+00   2.150000000e+00   3.050000000e+00
   12   4.400000000e+00   2.150000000e+00   3.600000000e+00
   13   2.900000000e+00   2.150000000e+00   3.150000000e+00
   14   1.950000000e+00   2.150000000e+00   1.900000000e+00
   15   1.600000000e+00   2.150000000e+00   1.250000000e+00
   16   1.600000000e+00   2.150000000e+00   6.500000000e-01
   17   2.150000000e+00   2.150000000e+00  -2.500000000e-01
   18   3.000000000e+00   2.150000000e+00  -7.000000000e-01
   19   3.200000000e+00   2.150000000e+00  -2.500000000e-01
   20   2.350000000e+00   2.150000000e+00   3.500000000e-01
   21   1.450000000e+00   2.150000000e+00   5.500000000e-01
   22   9.500000000e-01   2.150000000e+00   3.000000000e-01
   23   9.000000000e-01   2.150000000e+00   0.000000000e+00
   24   1.000000000e+00   2.150000000e+00  -3.000000000e-01
   25   1.300000000e+00   2.150000000e+00  -4.500000000e-01
   26   1.300000000e+00   1.950000000e+00  -7.000000000e-01
   27   1.550000000e+00   1.950000000e+00   1.500000000e-01
   28   1.500000000e+00   1.950000000e+00   3.000000000e-01
   29   1.600000000e+00   1.950000000e+00   1.000000000e-01
   30   1.900000000e+00   1.950000000e+00  -5.000000000e-02
   31   2.150000000e+00   1.950000000e+00  -5.000000000e-02
   32   2.500000000e+00   1.950000000e+00   1.000000000e-01
   33   3.100000000e+00   1.950000000e+00   4.500000000e-01
   34   3.650000000e+00   1.950000000e+00   1.150000000e+00
   35   3.750000000e+00   1.950000000e+00   1.950000000e+00
   36   3.050000000e+00   1.950000000e+00   2.350000000e+00
   37   2.150000000e+00   1.950000000e+00   2.100000000e+00
   38   1.500000000e+00   1.950000000e+00   1.650000000e+00
   39   1.150000000e+00   1.950000000e+00   1.200000000e+00
   40   1.000000000e+00   1.950000000e+00   8.500000000e-01
   41   1.250000000e+00   1.950000000e+00   5.000000000e-02
   42   1.900000000e+00   1.950000000e+00  -4.500000000e-01
   43   2.300000000e+00   1.950000000e+00  -4.500000000e-01
   44   1.950000000e+00   1.950000000e+00  -5.000000000e-02
   45   1.450000000e+00   1.950000000e+00   1.000000000e-01
   46   1.100000000e+00   1.950000000e+00   5.000000000e-02
   47   9.500000000e-01   1.950000000e+00  -1.500000000e-01
   48   9.000000000e-01   1.950000000e+00  -4.000000000e-01
   49   9.500000000e-01   1.950000000e+00  -8.000000000e-01
   50   1.500000000e+00   1.850000000e+00  -1.000000000e-01
   51   1.600000000e+00   1.850000000e+00   6.500000000e-01
   52   1.550000000e+00   1.850000000e+00   5.000000000e-01
   53   1.850000000e+00   1.850000000e+00  -5.000000000e-02
   54   2.300000000e+00   1.850000000e+00  -2.500000000e-01
   55   2.700000000e+00   1.850000000e+00  -1.000000000e-01
   56   3.100000000e+00   1.850000000e+00   2.000000000e-01
   57   3.500000000e+00   1.850000000e+00   6.500000000e-01
   58   3.850000000e+00   1.850000000e+00   1.400000000e+00
   59   3.750000000e+00   1.850000000e+00   2.150000000e+00
   60   3.000000000e+00   1.850000000e+00   2.500000000e+00
   61   2.150000000e+00   1.850000000e+00   2.200000000e+00
   62   1.500000000e+00   1.850000000e+00   1.750000000e+00
   63   1.200000000e+00   1.850000000e+00   1.400000000e+00
   64   1.000000000e+00   1.850000000e+00   1.150000000e+00
   65   1.100000000e+00   1.850000000e+00   5.500000000e-01
   66   1.550000000e+00   1.850000000e+00   5.000000000e-02
   67   1.850000000e+00   1.850000000e+00   0.000000000e+00
   68   1.700000000e+00   1.850000000e+00   2.000000000e-01
   69   1.450000000e+00   1.850000000e+00   3.000000000e-01
   70   1.300000000e+00   1.850000000e+00   2.500000000e-01
   71   1.250000000e+00   1.850000000e+00   1.500000000e-01
   72   1.150000000e+00   1.850000000e+00  -1.000000000e-01
   73   1.200000000e+00   1.850000000e+00  -3.500000000e-01
   74   2.100000000e+00   1.750000000e+00   8.000000000e-01
   75   1.900000000e+00   1.750000000e+00   1.550000000e+00
   76   1.950000000e+00   1.750000000e+00   4.500000000e-01
   77   2.650000000e+00   1.750000000e+00  -7.500000000e-01
   78   3.650000000e+00   1.750000000e+00  -1.150000000e+00
   79   4.300000000e+00   1.750000000e+00  -8.000000000e-01
   80   4.700000000e+00   1.750000000e+00  -1.000000000e-01
   81   4.700000000e+00   1.750000000e+00   7.000000000e-01
   82   4.400000000e+00   1.750000000e+00   1.450000000e+00
   83   3.850000000e+00   1.750000000e+00   2.050000000e+00
   84   3.150000000e+00   1.750000000e+00   2.250000000e+00
   85   2.300000000e+00   1.750000000e+00   1.900000000e+00
   86   1.750000000e+00   1.750000000e+00   1.350000000e+00
   87   1.450000000e+00   1.750000000e+00   9.500000000e-01
   88   1.350000000e+00   1.750000000e+00   9.000000000e-01
   89   1.350000000e+00   1.750000000e+00   6.000000000e-01
   90   1.650000000e+00   1.750000000e+00   2.500000000e-01
   91   1.900000000e+00   1.750000000e+00   1.500000000e-01
   92   1.800000000e+00   1.750000000e+00   2.000000000e-01
   93   1.750000000e+00   1.750000000e+00   2.000000000e-01
   94   1.800000000e+00   1.750000000e+00   2.500000000e-01
   95   1.750000000e+00   1.750000000e+00   2.500000000e-01
   96   1.700000000e+00   1.750000000e+00   1.000000000e-01
   97   1.750000000e+00   1.750000000e+00   1.000000000e-01
   98   2.600000000e+00   1.650000000e+00   1.300000000e+00
   99   2.350000000e+00   1.650000000e+00   1.850000000e+00
  100   2.400000000e+00   1.650000000e+00   1.500000000e-01
  101   3.600000000e+00   1.650000000e+00  -1.600000000e+00
  102   5.000000000e+00   1.650000000e+00  -2.100000000e+00
  103   5.950000000e+00   1.650000000e+00  -1.450000000e+00
  104   6.100000000e+00   1.650000000e+00  -3.500000000e-01
  105   5.650000000e+00   1.650000000e+00   7.000000000e-01
  106   4.650000000e+00   1.650000000e+00   1.400000000e+00
  107   3.750000000e+00   1.650000000e+00   1.750000000e+00
  108   3.200000000e+00   1.650000000e+00   1.900000000e+00
  109   2.600000000e+00   1.650000000e+00   1.750000000e+00
  110   2.100000000e+00   1.650000000e+00   1.450000000e+00
  111   1.850000000e+00   1.650000000e+00   1.100000000e+00
  112   1.650000000e+00   1.650000000e+00   1.150000000e+00
  113   1.650000000e+00   1.650000000e+00   7.000000000e-01
  114   2.050000000e+00   1.650000000e+00   1.500000000e-01
  115   2.500000000e+00   1.650000000e+00  -5.000000000e-02
  116   2.400000000e+00   1.650000000e+00   1.000000000e-01
  117   2.350000000e+00   1.650000000e+00   2.000000000e-01
  118   2.400000000e+00   1.650000000e+00   2.500000000e-01
  119   2.350000000e+00   1.650000000e+00   3.000000000e-01
  120   2.250000000e+00   1.650000000e+00   1.500000000e-01
  121   2.300000000e+00   1.650000000e+00   2.000000000e-01
  122   2.650000000e+00   1.500000000e+00   1.500000000e+00
  123   2.350000000e+00   1.500000000e+00   2.000000000e+00
  124   2.450000000e+00   1.500000000e+00   4.500000000e-01
  125   3.450000000e+00   1.500000000e+00  -1.150000000e+00
  126   4.800000000e+00   1.500000000e+00  -1.750000000e+00
  127   5.650000000e+00   1.500000000e+00  -1.200000000e+00
  128   5.850000000e+00   1.500000000e+00  -2.000000000e-01
  129   5.500000000e+00   1.500000000e+00   8.000000000e-01
  130   4.750000000e+00   1.500000000e+00   1.550000000e+00
  131   4.000000000e+00   1.500000000e+00   1.900000000e+00
  132   3.400000000e+00   1.500000000e+00   2.200000000e+00
  133   2.750000000e+00   1.500000000e+00   2.100000000e+00
  134   2.200000000e+00   1.500000000e+00   1.850000000e+00
  135   1.850000000e+00   1.500000000e+00   1.550000000e+00
  136   1.600000000e+00   1.500000000e+00   1.450000000e+00
  137   1.700000000e+00   1.500000000e+00   7.000000000e-01
  138   2.350000000e+00   1.500000000e+00  -5.000000000e-02
  139   2.950000000e+00   1.500000000e+00  -2.000000000e-01
  140   2.850000000e+00   1.500000000e+00   1.000000000e-01
  141   2.450000000e+00   1.500000000e+00   3.000000000e-01
  142   2.200000000e+00   1.500000000e+00   2.500000000e-01
  143   2.100000000e+00   1.500000000e+00   2.000000000e-01
  144   2.050000000e+00   1.500000000e+00   5.000000000e-02
  145   2.250000000e+00   1.500000000e+00   1.000000000e-01
  146   2.800000000e+00   1.200000000e+00   1.050000000e+00
  147   2.500000000e+00   1.200000000e+00   1.500000000e+00
  148   2.650000000e+00   1.200000000e+00  -4.500000000e-01
  149   3.950000000e+00   1.200000000e+00  -2.400000000e+00
  150   5.800000000e+00   1.200000000e+00  -3.100000000e+00
  151   6.900000000e+00   1.200000000e+00  -2.300000000e+00
  152   6.700000000e+00   1.200000000e+00  -9.000000000e-01
  153   5.650000000e+00   1.200000000e+00   2.500000000e-01
  154   4.150000000e+00   1.200000000e+00   8.000000000e-01
  155   3.100000000e+00   1.200000000e+00   8.000000000e-01
  156   2.850000000e+00   1.200000000e+00   1.000000000e+00
  157   2.600000000e+00   1.200000000e+00   1.250000000e+00
  158   2.250000000e+00   1.200000000e+00   1.250000000e+00
  159   1.950000000e+00   1.200000000e+00   1.050000000e+00
  160   1.650000000e+00   1.200000000e+00   8.500000000e-01
  161   1.900000000e+00   1.200000000e+00  -5.000000000e-02
  162   2.850000000e+00   1.200000000e+00  -1.050000000e+00
  163   3.650000000e+00   1.200000000e+00  -1.150000000e+00
  164   3.250000000e+00   1.200000000e+00  -5.500000000e-01
  165   2.300000000e+00   1.200000000e+00  -3.000000000e-01
  166   1.750000000e+00   1.200000000e+00  -5.000000000e-01
  167   1.550000000e+00   1.200000000e+00  -8.000000000e-01
  168   1.650000000e+00   1.200000000e+00  -1.050000000e+00
  169   2.150000000e+00   1.200000000e+00  -8.000000000e-01
  170   2.500000000e+00   9.000000000e-01   0.000000000e+00
  171   2.300000000e+00   9.000000000e-01   5.000000000e-01
  172   2.600000000e+00   9.000000000e-01  -1.000000000e+00
  173   3.800000000e+00   9.000000000e-01  -2.500000000e+00
  174   5.450000000e+00   9.000000000e-01  -3.050000000e+00
  175   6.400000000e+00   9.000000000e-01  -2.350000000e+00
  176   5.950000000e+00   9.000000000e-01  -9.500000000e-01
  177   4.500000000e+00   9.000000000e-01   5.000000000e-02
  178   2.950000000e+00   9.000000000e-01   2.500000000e-01
  179   1.900000000e+00   9.000000000e-01   0.000000000e+00
  180   1.900000000e+00   9.000000000e-01   0.000000000e+00
  181   2.200000000e+00   9.000000000e-01   6.000000000e-01
  182   2.100000000e+00   9.000000000e-01   1.050000000e+00
  183   1.700000000e+00   9.000000000e-01   1.200000000e+00
  184   1.300000000e+00   9.000000000e-01   1.000000000e+00
  185   1.600000000e+00   9.000000000e-01  -1.500000000e-01
  186   2.750000000e+00   9.000000000e-01  -1.350000000e+00
  187   3.700000000e+00   9.000000000e-01  -1.500000000e+00
  188   3.400000000e+00   9.000000000e-01  -8.500000000e-01
  189   2.450000000e+00   9.000000000e-01  -5.500000000e-01
  190   2.000000000e+00   9.000000000e-01  -5.500000000e-01
  191   1.700000000e+00   9.000000000e-01  -7.500000000e-01
  192   1.650000000e+00   9.000000000e-01  -1.150000000e+00
  193   1.950000000e+00   9.000000000e-01  -1.150000000e+00
  194   2.550000000e+00   5.500000000e-01   0.000000000e+00
  195   2.400000000e+00   5.500000000e-01   5.000000000e-01
  196   2.750000000e+00   5.500000000e-01  -1.000000000e+00
  197   4.050000000e+00   5.500000000e-01  -3.000000000e+00
  198   5.800000000e+00   5.500000000e-01  -3.000000000e+00
  199   6.800000000e+00   5.500000000e-01  -2.500000000e+00
  200   6.200000000e+00   5.500000000e-01  -6.500000000e-01
  201   4.700000000e+00   5.500000000e-01   3.500000000e-01
  202   3.100000000e+00   5.500000000e-01   6.000000000e-01
  203   2.050000000e+00   5.500000000e-01   3.500000000e-01
  204   1.950000000e+00   5.500000000e-01   4.000000000e-01
  205   2.350000000e+00   5.500000000e-01   1.050000000e+00
  206   2.200000000e+00   5.500000000e-01   1.700000000e+00
  207   1.750000000e+00   5.500000000e-01   1.950000000e+00
  208   1.250000000e+00   5.500000000e-01   1.850000000e+00
  209   1.250000000e+00   5.500000000e-01   8.500000000e-01
  210   2.200000000e+00   5.500000000e-01  -5.000000000e-01
  211   3.050000000e+00   5.500000000e-01  -8.000000000e-01
  212   3.000000000e+00   5.500000000e-01  -4.500000000e-01
  213   2.700000000e+00   5.500000000e-01  -2.500000000e-01
  214   2.600000000e+00   5.500000000e-01  -1.000000000e-01
  215   2.300000000e+00   5.500000000e-01  -2.000000000e-01
  216   2.000000000e+00   5.500000000e-01  -5.000000000e-01
  217   2.050000000e+00   5.500000000e-01  -7.500000000e-01
  218   2.550000000e+00   2.500000000e-01   1.500000000e+00
  219   2.200000000e+00   2.500000000e-01   1.000000000e+00
  220   2.400000000e+00   2.500000000e-01  -5.000000000e-01
  221   3.600000000e+00   2.500000000e-01  -2.000000000e+00
  222   5.200000000e+00   2.500000000e-01  -2.500000000e+00
  223   6.050000000e+00   2.500000000e-01  -2.000000000e+00
  224   5.450000000e+00   2.500000000e-01   0.000000000e+00
  225   3.900000000e+00   2.500000000e-01   5.000000000e-01
  226   2.300000000e+00   2.500000000e-01   6.000000000e-01
  227   1.250000000e+00   2.500000000e-01   2.000000000e-01
  228   1.250000000e+00   2.500000000e-01   0.000000000e+00
  229   1.650000000e+00   2.500000000e-01   4.500000000e-01
  230   1.750000000e+00   2.500000000e-01   1.000000000e+00
  231   1.550000000e+00   2.500000000e-01   1.250000000e+00
  232   1.250000000e+00   2.500000000e-01   1.200000000e+00
  233   1.150000000e+00   2.500000000e-01   8.000000000e-01
  234   1.800000000e+00   2.500000000e-01  -1.500000000e-01
  235   2.550000000e+00   2.500000000e-01  -5.000000000e-01
  236   2.800000000e+00   2.500000000e-01  -3.000000000e-01
  237   3.100000000e+00   2.500000000e-01  -5.000000000e-02
  238   3.150000000e+00   2.500000000e-01   3.000000000e-01
  239   2.750000000e+00   2.500000000e-01   4.000000000e-01
  240   2.400000000e+00   2.500000000e-01   2.500000000e-01
  241   2.200000000e+00   2.500000000e-01   1.000000000e-01
  242   2.550000000e+00  -5.000000000e-02   5.000000000e-01
  243   2.350000000e+00  -5.000000000e-02   0.000000000e+00
  244   2.650000000e+00  -5.000000000e-02  -1.000000000e+00
  245   3.750000000e+00  -5.000000000e-02  -2.500000000e+00
  246   5.150000000e+00  -5.000000000e-02  -2.500000000e+00
  247   5.850000000e+00  -5.000000000e-02  -2.000000000e+00
  248   5.250000000e+00  -5.000000000e-02  -5.000000000e-01
  249   3.850000000e+00  -5.000000000e-02   3.000000000e-01
  250   2.200000000e+00  -5.000000000e-02   3.500000000e-01
  251   1.150000000e+00  -5.000000000e-02  -2.000000000e-01
  252   1.300000000e+00  -5.000000000e-02  -2.500000000e-01
  253   2.050000000e+00  -5.000000000e-02   7.000000000e-01
  254   2.100000000e+00  -5.000000000e-02   1.500000000e+00
  255   1.700000000e+00  -5.000000000e-02   1.700000000e+00
  256   1.300000000e+00  -5.000000000e-02   1.500000000e+00
  257   1.250000000e+00  -5.000000000e-02   7.000000000e-01
  258   2.400000000e+00  -5.000000000e-02  -8.000000000e-01
  259   3.650000000e+00  -5.000000000e-02  -1.250000000e+00
  260   3.750000000e+00  -5.000000000e-02  -7.500000000e-01
  261   3.550000000e+00  -5.000000000e-02  -3.000000000e-01
  262   3.100000000e+00  -5.000000000e-02   0.000000000e+00
  263   2.550000000e+00  -5.000000000e-02   0.000000000e+00
  264   2.050000000e+00  -5.000000000e-02  -4.000000000e-01
  265   1.950000000e+00  -5.000000000e-02  -1.000000000e+00
C Region List
