C PointsNum,MaxElemVol,TetGenParams,nAtrib,IndMov,MDMaxVolume,MDomDiv,MDOnly,MDDivF,MDPrescP
  395    1.000000e+00 YYpznno2q1.414a     0     0    1.000000e+00     1     0     0     0     0     0 YYpznno2q1.414a
  -1.602148000e-01  -8.513570000e+00  -6.518100000e-02
   1.278771000e-01  -8.044820000e+00   8.609840000e-01
  -1.144590000e-01  -8.044820000e+00   9.180480000e-01
  -3.558280000e-01  -8.044820000e+00   8.572330000e-01
  -5.642570000e-01  -8.044820000e+00   7.352300000e-01
  -7.344580000e-01  -8.044820000e+00   5.768930000e-01
  -8.658340000e-01  -8.044820000e+00   3.904290000e-01
  -9.657890000e-01  -8.044820000e+00   1.840960000e-01
  -1.035068000e+00  -8.044820000e+00  -4.478800000e-02
  -1.056557000e+00  -8.044820000e+00  -2.977610000e-01
  -9.900870000e-01  -8.044820000e+00  -5.518680000e-01
  -8.235420000e-01  -8.044820000e+00  -7.567370000e-01
  -6.007010000e-01  -8.044820000e+00  -8.915250000e-01
  -3.581229000e-01  -8.044820000e+00  -9.673890000e-01
  -1.114480000e-01  -8.044820000e+00  -9.908340000e-01
   1.313440000e-01  -8.044820000e+00  -9.493610000e-01
   3.364660000e-01  -8.044820000e+00  -8.194930000e-01
   4.925370000e-01  -8.044820000e+00  -6.468660000e-01
   6.067250000e-01  -8.044820000e+00  -4.574650000e-01
   6.691810000e-01  -8.044820000e+00  -2.519040000e-01
   6.324040000e-01  -8.044820000e+00  -4.190200000e-02
   5.569050000e-01  -8.044820000e+00   1.382130000e-01
   4.751650000e-01  -8.044820000e+00   2.983840000e-01
   3.957470000e-01  -8.044820000e+00   4.680700000e-01
   2.956420000e-01  -8.044820000e+00   6.679680000e-01
   1.679166000e-01  -7.571070000e+00   1.183310000e+00
  -1.644520000e-01  -7.571070000e+00   1.257125000e+00
  -4.906990000e-01  -7.571070000e+00   1.161763000e+00
  -7.644050000e-01  -7.571070000e+00   9.839350000e-01
  -9.849280000e-01  -7.571070000e+00   7.636800000e-01
  -1.155520000e+00  -7.571070000e+00   5.153960000e-01
  -1.291600000e+00  -7.571070000e+00   2.436132000e-01
  -1.392030000e+00  -7.571070000e+00  -5.901500000e-02
  -1.429650000e+00  -7.571070000e+00  -3.988790000e-01
  -1.346598000e+00  -7.571070000e+00  -7.439010000e-01
  -1.122129000e+00  -7.571070000e+00  -1.022340000e+00
  -8.217920000e-01  -7.571070000e+00  -1.206840000e+00
  -4.950834000e-01  -7.571070000e+00  -1.310650000e+00
  -1.588710000e-01  -7.571070000e+00  -1.344470000e+00
   1.695210000e-01  -7.571070000e+00  -1.284909000e+00
   4.419010000e-01  -7.571070000e+00  -1.096371000e+00
   6.387500000e-01  -7.571070000e+00  -8.539380000e-01
   7.791340000e-01  -7.571070000e+00  -5.972580000e-01
   8.569860000e-01  -7.571070000e+00  -3.273868000e-01
   8.132410000e-01  -7.571070000e+00  -5.479700000e-02
   7.161710000e-01  -7.571070000e+00   1.803610000e-01
   6.126970000e-01  -7.571070000e+00   3.923930000e-01
   5.155450000e-01  -7.571070000e+00   6.237270000e-01
   3.899450000e-01  -7.571070000e+00   9.040340000e-01
   1.807290000e-01  -7.098310000e+00   1.504160000e+00
  -2.329520000e-01  -7.098310000e+00   1.584930000e+00
  -6.327170000e-01  -7.098310000e+00   1.453374000e+00
  -9.624310000e-01  -7.098310000e+00   1.223688000e+00
  -1.224160000e+00  -7.098310000e+00   9.518940000e-01
  -1.428030000e+00  -7.098310000e+00   6.490600000e-01
  -1.590430000e+00  -7.098310000e+00   3.225288000e-01
  -1.709910000e+00  -7.098310000e+00  -4.231900000e-02
  -1.758080000e+00  -7.098310000e+00  -4.525190000e-01
  -1.667860000e+00  -7.098310000e+00  -8.740640000e-01
  -1.398643000e+00  -7.098310000e+00  -1.215050000e+00
  -1.029412000e+00  -7.098310000e+00  -1.433200000e+00
  -6.302710000e-01  -7.098310000e+00  -1.547670000e+00
  -2.260850000e-01  -7.098310000e+00  -1.578310000e+00
   1.663810000e-01  -7.098310000e+00  -1.504105000e+00
   4.789140000e-01  -7.098310000e+00  -1.260656000e+00
   6.892660000e-01  -7.098310000e+00  -9.552660000e-01
   8.348670000e-01  -7.098310000e+00  -6.511500000e-01
   9.261260000e-01  -7.098310000e+00  -3.464712000e-01
   8.930710000e-01  -7.098310000e+00  -3.738300000e-02
   7.981910000e-01  -7.098310000e+00   2.381430000e-01
   6.900120000e-01  -7.098310000e+00   4.938120000e-01
   5.884670000e-01  -7.098310000e+00   7.823000000e-01
   4.503980000e-01  -7.098310000e+00   1.143800000e+00
   1.700940000e-01  -6.624560000e+00   1.764210000e+00
  -3.107960000e-01  -6.624560000e+00   1.841460000e+00
  -7.700470000e-01  -6.624560000e+00   1.683660000e+00
  -1.147810000e+00  -6.624560000e+00   1.418637000e+00
  -1.449090000e+00  -6.624560000e+00   1.106342000e+00
  -1.684580000e+00  -6.624560000e+00   7.605060000e-01
  -1.878380000e+00  -6.624560000e+00   3.857276000e-01
  -2.028640000e+00  -6.624560000e+00  -3.584700000e-02
  -2.100630000e+00  -6.624560000e+00  -5.172860000e-01
  -2.006090000e+00  -6.624560000e+00  -1.018460000e+00
  -1.687030000e+00  -6.624560000e+00  -1.418750000e+00
  -1.236791000e+00  -6.624560000e+00  -1.650720000e+00
  -7.639060000e-01  -6.624560000e+00  -1.752640000e+00
  -3.034300000e-01  -6.624560000e+00  -1.763400000e+00
   1.381550000e-01  -6.624560000e+00  -1.678250000e+00
   4.878320000e-01  -6.624560000e+00  -1.402010000e+00
   7.154680000e-01  -6.624560000e+00  -1.049584000e+00
   8.680970000e-01  -6.624560000e+00  -7.066180000e-01
   9.689920000e-01  -6.624560000e+00  -3.712724000e-01
   9.395360000e-01  -6.624560000e+00  -2.934300000e-02
   8.408740000e-01  -6.624560000e+00   2.788790000e-01
   7.286160000e-01  -6.624560000e+00   5.692490000e-01
   6.266960000e-01  -6.624560000e+00   9.067100000e-01
   4.819540000e-01  -6.624560000e+00   1.340800000e+00
   1.607950000e-01  -6.151800000e+00   1.980060000e+00
  -3.745600000e-01  -6.151800000e+00   2.052910000e+00
  -8.824370000e-01  -6.151800000e+00   1.875890000e+00
  -1.300770000e+00  -6.151800000e+00   1.583361000e+00
  -1.634770000e+00  -6.151800000e+00   1.239382000e+00
  -1.897940000e+00  -6.151800000e+00   8.578580000e-01
  -2.115730000e+00  -6.151800000e+00   4.438001000e-01
  -2.290890000e+00  -6.151800000e+00  -2.454700000e-02
  -2.380990000e+00  -6.151800000e+00  -5.642160000e-01
  -2.283810000e+00  -6.151800000e+00  -1.131810000e+00
  -1.922990000e+00  -6.151800000e+00  -1.580390000e+00
  -1.403682000e+00  -6.151800000e+00  -1.818810000e+00
  -8.712050000e-01  -6.151800000e+00  -1.904370000e+00
  -3.669680000e-01  -6.151800000e+00  -1.895200000e+00
   1.095170000e-01  -6.151800000e+00  -1.800170000e+00
   4.915360000e-01  -6.151800000e+00  -1.506940000e+00
   7.350970000e-01  -6.151800000e+00  -1.121854000e+00
   8.975120000e-01  -6.151800000e+00  -7.488530000e-01
   1.005068000e+00  -6.151800000e+00  -3.861999000e-01
   9.769090000e-01  -6.151800000e+00  -1.799400000e-02
   8.736970000e-01  -6.151800000e+00   3.153950000e-01
   7.604360000e-01  -6.151800000e+00   6.354410000e-01
   6.603280000e-01  -6.151800000e+00   1.014280000e+00
   5.098210000e-01  -6.151800000e+00   1.512470000e+00
   1.691610000e-01  -5.678050000e+00   2.182360000e+00
  -4.122700000e-01  -5.678050000e+00   2.260020000e+00
  -9.651100000e-01  -5.678050000e+00   2.070090000e+00
  -1.419750000e+00  -5.678050000e+00   1.753486000e+00
  -1.785280000e+00  -5.678050000e+00   1.380312000e+00
  -2.071130000e+00  -5.678050000e+00   9.641110000e-01
  -2.301210000e+00  -5.678050000e+00   5.115741000e-01
  -2.478890000e+00  -5.678050000e+00   3.780000000e-03
  -2.564590000e+00  -5.678050000e+00  -5.743500000e-01
  -2.457430000e+00  -5.678050000e+00  -1.181020000e+00
  -2.073250000e+00  -5.678050000e+00  -1.664450000e+00
  -1.511796000e+00  -5.678050000e+00  -1.913080000e+00
  -9.398390000e-01  -5.678050000e+00  -1.992270000e+00
  -4.045400000e-01  -5.678050000e+00  -1.973720000e+00
   9.866000000e-02  -5.678050000e+00  -1.870900000e+00
   5.027640000e-01  -5.678050000e+00  -1.564030000e+00
   7.595960000e-01  -5.678050000e+00  -1.154870000e+00
   9.296100000e-01  -5.678050000e+00  -7.611370000e-01
   1.045743000e+00  -5.678050000e+00  -3.784259000e-01
   1.030371000e+00  -5.678050000e+00   1.132700000e-02
   9.347440000e-01  -5.678050000e+00   3.716150000e-01
   8.204040000e-01  -5.678050000e+00   7.218170000e-01
   7.154280000e-01  -5.678050000e+00   1.137310000e+00
   5.527446000e-01  -5.678050000e+00   1.680250000e+00
   1.653960000e-01  -4.743630000e+00   2.407170000e+00
  -4.604260000e-01  -4.743630000e+00   2.497810000e+00
  -1.071000000e+00  -4.743630000e+00   2.348470000e+00
  -1.607710000e+00  -4.743630000e+00   2.057270000e+00
  -2.058240000e+00  -4.743630000e+00   1.666446000e+00
  -2.400890000e+00  -4.743630000e+00   1.188322000e+00
  -2.633560000e+00  -4.743630000e+00   6.491583000e-01
  -2.766340000e+00  -4.743630000e+00   6.514500000e-02
  -2.779450000e+00  -4.743630000e+00  -5.587300000e-01
  -2.617690000e+00  -4.743630000e+00  -1.184930000e+00
  -2.214530000e+00  -4.743630000e+00  -1.697320000e+00
  -1.623278000e+00  -4.743630000e+00  -1.963530000e+00
  -1.016604000e+00  -4.743630000e+00  -2.043040000e+00
  -4.515888000e-01  -4.743630000e+00  -2.018430000e+00
   8.054000000e-02  -4.743630000e+00  -1.915680000e+00
   5.138500000e-01  -4.743630000e+00  -1.601296000e+00
   7.936460000e-01  -4.743630000e+00  -1.174510000e+00
   9.837600000e-01  -4.743630000e+00  -7.576590000e-01
   1.120281000e+00  -4.743630000e+00  -3.488417000e-01
   1.134008000e+00  -4.743630000e+00   7.304400000e-02
   1.053447000e+00  -4.743630000e+00   4.776880000e-01
   9.312810000e-01  -4.743630000e+00   8.750430000e-01
   8.059780000e-01  -4.743630000e+00   1.337170000e+00
   6.016162900e-01  -4.743630000e+00   1.909440000e+00
   1.698470000e-01  -3.808210000e+00   2.596100000e+00
  -4.899590000e-01  -3.808210000e+00   2.699100000e+00
  -1.139980000e+00  -3.808210000e+00   2.562090000e+00
  -1.725220000e+00  -3.808210000e+00   2.273630000e+00
  -2.223990000e+00  -3.808210000e+00   1.867959000e+00
  -2.602310000e+00  -3.808210000e+00   1.352271000e+00
  -2.825540000e+00  -3.808210000e+00   7.575661000e-01
  -2.915270000e+00  -3.808210000e+00   1.297740000e-01
  -2.871900000e+00  -3.808210000e+00  -5.104400000e-01
  -2.671050000e+00  -3.808210000e+00  -1.134330000e+00
  -2.267520000e+00  -3.808210000e+00  -1.656850000e+00
  -1.673200000e+00  -3.808210000e+00  -1.933790000e+00
  -1.056153000e+00  -3.808210000e+00  -2.015030000e+00
  -4.806358000e-01  -3.808210000e+00  -1.989100000e+00
   6.036200000e-02  -3.808210000e+00  -1.885070000e+00
   5.063120000e-01  -3.808210000e+00  -1.572900000e+00
   7.937290000e-01  -3.808210000e+00  -1.137666000e+00
   9.933270000e-01  -3.808210000e+00  -7.139530000e-01
   1.135983000e+00  -3.808210000e+00  -2.954339000e-01
   1.170012000e+00  -3.808210000e+00   1.386240000e-01
   1.101208000e+00  -3.808210000e+00   5.636060000e-01
   9.819370000e-01  -3.808210000e+00   9.856600000e-01
   8.531460000e-01  -3.808210000e+00   1.478350000e+00
   6.347498000e-01  -3.808210000e+00   2.082890000e+00
   1.734030000e-01  -2.872800000e+00   2.845380000e+00
  -5.380400000e-01  -2.872800000e+00   2.964140000e+00
  -1.245120000e+00  -2.872800000e+00   2.833500000e+00
  -1.892750000e+00  -2.872800000e+00   2.535610000e+00
  -2.453220000e+00  -2.872800000e+00   2.102050000e+00
  -2.877390000e+00  -2.872800000e+00   1.537489000e+00
  -3.105530000e+00  -2.872800000e+00   8.714598000e-01
  -3.162860000e+00  -2.872800000e+00   1.818740000e-01
  -3.073750000e+00  -2.872800000e+00  -5.006500000e-01
  -2.833310000e+00  -2.872800000e+00  -1.149250000e+00
  -2.409030000e+00  -2.872800000e+00  -1.699020000e+00
  -1.782910000e+00  -2.872800000e+00  -1.990590000e+00
  -1.130597000e+00  -2.872800000e+00  -2.067180000e+00
  -5.279577000e-01  -2.872800000e+00  -2.032940000e+00
   3.797200000e-02  -2.872800000e+00  -1.925580000e+00
   5.164200000e-01  -2.872800000e+00  -1.620560000e+00
   8.370360000e-01  -2.872800000e+00  -1.176692000e+00
   1.061928000e+00  -2.872800000e+00  -7.290050000e-01
   1.211816000e+00  -2.872800000e+00  -2.765402000e-01
   1.233447000e+00  -2.872800000e+00   1.911120000e-01
   1.148271000e+00  -2.872800000e+00   6.410300000e-01
   1.028332000e+00  -2.872800000e+00   1.092390000e+00
   8.987340000e-01  -2.872800000e+00   1.624720000e+00
   6.715627000e-01  -2.872800000e+00   2.282660000e+00
   1.276740000e-01  -1.937380000e+00   3.021200000e+00
  -6.292400000e-01  -1.937380000e+00   3.149590000e+00
  -1.388650000e+00  -1.937380000e+00   3.025840000e+00
  -2.097030000e+00  -1.937380000e+00   2.738580000e+00
  -2.720820000e+00  -1.937380000e+00   2.289100000e+00
  -3.185740000e+00  -1.937380000e+00   1.664914000e+00
  -3.420190000e+00  -1.937380000e+00   9.338790000e-01
  -3.459510000e+00  -1.937380000e+00   1.895710000e-01
  -3.340080000e+00  -1.937380000e+00  -5.398800000e-01
  -3.068990000e+00  -1.937380000e+00  -1.224780000e+00
  -2.617350000e+00  -1.937380000e+00  -1.809770000e+00
  -1.952730000e+00  -1.937380000e+00  -2.120960000e+00
  -1.258326000e+00  -1.937380000e+00  -2.197930000e+00
  -6.184214000e-01  -1.937380000e+00  -2.159160000e+00
  -1.818200000e-02  -1.937380000e+00  -2.044220000e+00
   4.979560000e-01  -1.937380000e+00  -1.737400000e+00
   8.428180000e-01  -1.937380000e+00  -1.264149000e+00
   1.075702000e+00  -1.937380000e+00  -7.805870000e-01
   1.208085000e+00  -1.937380000e+00  -2.911210000e-01
   1.174493000e+00  -1.937380000e+00   1.994430000e-01
   1.059508000e+00  -1.937380000e+00   6.500710000e-01
   9.527980000e-01  -1.937380000e+00   1.110003000e+00
   8.481820000e-01  -1.937380000e+00   1.673410000e+00
   6.475200000e-01  -1.937380000e+00   2.405870000e+00
   3.521000000e-02  -1.001960000e+00   3.041430000e+00
  -7.335300000e-01  -1.001960000e+00   3.157250000e+00
  -1.502820000e+00  -1.001960000e+00   3.040690000e+00
  -2.218170000e+00  -1.001960000e+00   2.742630000e+00
  -2.846020000e+00  -1.001960000e+00   2.286420000e+00
  -3.314340000e+00  -1.001960000e+00   1.662011000e+00
  -3.578630000e+00  -1.001960000e+00   9.332550000e-01
  -3.670860000e+00  -1.001960000e+00   1.645820000e-01
  -3.603810000e+00  -1.001960000e+00  -6.075900000e-01
  -3.354140000e+00  -1.001960000e+00  -1.352100000e+00
  -2.864750000e+00  -1.001960000e+00  -1.974330000e+00
  -2.117720000e+00  -1.001960000e+00  -2.249720000e+00
  -1.371790000e+00  -1.001960000e+00  -2.254320000e+00
  -7.231575000e-01  -1.001960000e+00  -2.156430000e+00
  -1.364030000e-01  -1.001960000e+00  -2.017230000e+00
   3.917660000e-01  -1.001960000e+00  -1.759300000e+00
   7.609660000e-01  -1.001960000e+00  -1.311344000e+00
   1.000203000e+00  -1.001960000e+00  -8.219380000e-01
   1.102835000e+00  -1.001960000e+00  -3.157450000e-01
   9.675370000e-01  -1.001960000e+00   1.740410000e-01
   8.263420000e-01  -1.001960000e+00   5.907110000e-01
   7.514740000e-01  -1.001960000e+00   1.028519000e+00
   6.954980000e-01  -1.001960000e+00   1.599540000e+00
   5.582020000e-01  -1.001960000e+00   2.410830000e+00
  -6.660400000e-02  -3.545410000e-01   3.092920000e+00
   4.741790000e-01  -3.545410000e-01   2.457500000e+00
   5.371060000e-01  -3.545410000e-01   1.549330000e+00
   5.357300000e-01  -3.545410000e-01   9.630400000e-01
   5.723140000e-01  -3.545410000e-01   5.448270000e-01
   6.986230000e-01  -3.545410000e-01   1.655790000e-01
   9.669060000e-01  -3.545410000e-01  -3.182940000e-01
   9.072870000e-01  -3.545410000e-01  -8.422310000e-01
   6.521980000e-01  -3.545410000e-01  -1.326210000e+00
   2.532500000e-01  -3.545410000e-01  -1.728150000e+00
  -2.748090000e-01  -3.545410000e-01  -1.943640000e+00
  -8.388674000e-01  -3.545410000e-01  -2.115830000e+00
  -1.490604000e+00  -3.545410000e-01  -2.274930000e+00
  -2.288150000e+00  -3.545410000e-01  -2.356170000e+00
  -3.115530000e+00  -3.545410000e-01  -2.122460000e+00
  -3.642070000e+00  -3.545410000e-01  -1.461760000e+00
  -3.879710000e+00  -3.545410000e-01  -6.573500000e-01
  -3.898550000e+00  -3.545410000e-01   1.538050000e-01
  -3.758280000e+00  -3.545410000e-01   9.407060000e-01
  -3.465580000e+00  -3.545410000e-01   1.671634000e+00
  -2.992310000e+00  -3.545410000e-01   2.308010000e+00
  -2.355820000e+00  -3.545410000e-01   2.767920000e+00
  -1.630320000e+00  -3.545410000e-01   3.076490000e+00
  -8.494100000e-01  -3.545410000e-01   3.203470000e+00
  -2.544010000e+00  -3.996410000e-01  -1.749560000e+00
  -3.078700000e+00  -3.945410000e-01  -1.471080000e+00
  -1.388620000e+00  -3.913410000e-01   2.766280000e+00
  -9.058800000e-01  -4.110410000e-01   2.480420000e+00
  -2.219380000e+00  -4.595410000e-01   6.376180000e-01
  -2.157130000e+00  -4.555410000e-01   9.631075000e-01
  -1.808400000e+00  -4.605410000e-01   9.563108000e-01
  -7.474957000e-01  -3.927410000e-01  -1.755020000e+00
  -1.831390000e+00  -4.675410000e-01   1.724400000e-01
  -1.457660000e+00  -4.645410000e-01   9.445140000e-01
  -1.158120000e+00  -4.655410000e-01   1.825310000e-01
  -2.685880000e+00  -4.376410000e-01   9.403400000e-01
  -2.797460000e+00  -4.403410000e-01   3.165950000e-01
  -3.281710000e+00  -4.073410000e-01   6.090870000e-01
  -2.664280000e+00  -4.167410000e-01   1.638005000e+00
  -2.832140000e+00  -4.180410000e-01   1.350366000e+00
  -2.796800000e+00  -4.108410000e-01   1.590249000e+00
  -1.584840000e-01  -4.029410000e-01   2.169377000e+00
  -7.888630000e-01  -4.419410000e-01   1.615407000e+00
  -2.103850000e+00  -4.262410000e-01  -1.424060000e+00
  -1.994510000e+00  -4.379410000e-01  -1.187610000e+00
  -1.775948000e+00  -4.343410000e-01  -1.304360000e+00
  -1.835100000e+00  -4.389410000e-01   1.817501000e+00
  -1.688320000e+00  -4.186410000e-01   2.314297000e+00
  -1.594730000e+00  -4.316410000e-01   2.065365000e+00
  -3.271570000e+00  -4.045410000e-01  -8.471400000e-01
  -2.583030000e+00  -4.310410000e-01  -1.047380000e+00
  -1.250793000e+00  -3.997410000e-01  -1.802390000e+00
  -1.556384000e+00  -4.301410000e-01  -1.417120000e+00
  -9.448300000e-01  -4.235410000e-01  -1.420060000e+00
  -1.997460000e+00  -4.108410000e-01   2.301328000e+00
  -1.867430000e+00  -3.900410000e-01   2.647950000e+00
  -1.776330000e+00  -4.044410000e-01   2.491120000e+00
  -1.882533000e+00  -4.004410000e-01  -1.856810000e+00
  -2.297400000e+00  -4.000410000e-01   2.298359000e+00
   7.540900000e-02  -3.924410000e-01  -1.338070000e+00
   2.517700000e-01  -4.001410000e-01  -8.744960000e-01
   3.835690000e-01  -3.961410000e-01  -8.998800000e-02
  -2.375640000e+00  -4.565410000e-01   7.952400000e-02
  -2.783940000e+00  -4.389410000e-01  -3.343200000e-01
   1.027341000e-01  -4.082410000e-01   7.409250000e-01
  -1.959170000e-01  -4.342410000e-01   2.098570000e-01
  -3.094190000e+00  -4.046410000e-01   1.264854900e+00
  -3.346480000e+00  -4.079410000e-01  -1.060110000e-01
  -3.559150000e-01  -3.978410000e-01  -1.561840000e+00
  -4.703240000e-01  -4.296410000e-01  -1.026290000e+00
   2.279210000e-01  -3.909410000e-01   1.501704000e+00
  -2.252530000e-01  -4.250410000e-01   1.372561000e+00
  -2.181730000e+00  -4.565410000e-01  -4.184780000e-01
  -2.461810000e+00  -4.184410000e-01   1.829350000e+00
  -2.565090000e+00  -4.292410000e-01   1.445877000e+00
  -8.438150000e-01  -4.408410000e-01  -9.754400000e-01
  -8.612650000e-01  -4.485410000e-01  -7.090790000e-01
  -1.151450000e+00  -4.441410000e-01   1.715920000e+00
  -1.202460000e+00  -4.301410000e-01   2.118426000e+00
  -9.956600000e-01  -4.366410000e-01   1.881916000e+00
  -2.225730000e+00  -4.156410000e-01   2.083463000e+00
  -2.378160000e+00  -4.095410000e-01   2.073855000e+00
  -2.153150000e+00  -4.304410000e-01   1.838567000e+00
  -2.100890000e+00  -4.505410000e-01   1.295597000e+00
  -2.335490000e+00  -4.411410000e-01   1.365737000e+00
  -1.685850000e+00  -4.655410000e-01  -1.203470000e-01
  -1.934290000e+00  -4.625410000e-01  -2.674130000e-01
  -1.535300000e+00  -4.635410000e-01  -4.051340000e-01
  -1.346210000e+00  -4.655410000e-01  -1.163020000e-01
  -1.113463000e+00  -4.615410000e-01  -2.730090000e-01
  -6.022880000e-01  -4.506410000e-01   7.527197000e-01
  -1.529420000e+00  -4.059410000e-01   2.545290000e+00
  -1.219650000e+00  -4.087410000e-01   2.517850000e+00
  -1.879180000e+00  -4.482410000e-01  -9.591600000e-01
  -1.547241000e+00  -4.494410000e-01  -9.473800000e-01
  -1.555813000e+00  -4.403410000e-01  -1.185750000e+00
  -1.476650000e+00  -4.555410000e-01   1.372974000e+00
  -1.133910000e+00  -4.496410000e-01   1.499191000e+00
  -2.423590000e-01  -4.345410000e-01  -3.766780000e-01
  -2.396380000e+00  -4.456410000e-01   1.107968780e+00
  -2.306380000e+00  -4.527410000e-01   8.742930000e-01
  -2.034450000e+00  -4.532410000e-01  -6.958200000e-01
  -2.232600000e+00  -4.411410000e-01  -9.992700000e-01
  -2.210160000e+00  -4.494410000e-01  -7.133700000e-01
  -1.804470000e+00  -4.493410000e-01   1.526015000e+00
  -1.790620000e+00  -4.541410000e-01   1.329286000e+00
  -2.763470000e+00  -4.030410000e-01   1.820132000e+00
  -6.196610000e-01  -4.527410000e-01   6.479000000e-02
  -5.572870000e-01  -4.465410000e-01  -3.981970000e-01
  -1.079567000e+00  -4.362410000e-01  -1.203330000e+00
  -8.943220000e-01  -4.325410000e-01  -1.208750000e+00
  -1.378302000e+00  -4.565410000e-01  -6.898600000e-01
  -1.628740000e+00  -4.531410000e-01  -8.195100000e-01
  -1.444340000e+00  -4.246410000e-01   2.221361000e+00
  -2.073410000e+00  -4.210410000e-01   2.079948000e+00
  -1.020418000e+00  -4.615410000e-01  -1.290930000e-01
  -7.466880000e-01  -4.545410000e-01  -1.854630000e-01
  -1.784880000e+00  -4.585410000e-01  -5.484800000e-01
  -1.393845000e+00  -4.401410000e-01  -1.182860000e+00
  -1.321976000e+00  -4.340410000e-01  -1.304720000e+00
  -8.777160000e-01  -4.555410000e-01  -4.277170000e-01
  -5.138060000e-01  -4.383410000e-01  -7.157420000e-01
  -1.590800000e+00  -4.675410000e-01   2.856900000e-02
  -1.048510000e+00  -4.525410000e-01  -6.956560000e-01
  -1.128009000e+00  -4.565410000e-01  -5.577910000e-01
  -1.510340000e+00  -4.436410000e-01   1.776434000e+00
  -1.217305000e+00  -4.476410000e-01  -9.525900000e-01
  -1.859510000e+00  -4.615410000e-01  -4.093060000e-01
  -2.359620000e+00  -4.307410000e-01   1.647222000e+00
  -2.623980000e+00  -4.339410000e-01   1.198108900e+00
C Number of facets
  786
C  Size  Node 1  ......Node N Marker
    3    0    1    2    3
    3    0    2    3    3
    3    0    3    4    3
    3    0    4    5    3
    3    0    5    6    3
    3    0    6    7    3
    3    0    7    8    3
    3    0    8    9    3
    3    0    9   10    3
    3    0   10   11    3
    3    0   11   12    3
    3    0   12   13    3
    3    0   13   14    3
    3    0   14   15    3
    3    0   15   16    3
    3    0   16   17    3
    3    0   17   18    3
    3    0   18   19    3
    3    0   19   20    3
    3    0   20   21    3
    3    0   21   22    3
    3    0   22   23    3
    3    0   23   24    3
    3    0   24    1    3
    3    1   25   26    3
    3    1   26    2    3
    3    2   26   27    3
    3    2   27    3    3
    3    3   27   28    3
    3    3   28    4    3
    3    4   28   29    3
    3    4   29    5    3
    3    5   29   30    3
    3    5   30    6    3
    3    6   30   31    3
    3    6   31    7    3
    3    7   31   32    3
    3    7   32    8    3
    3    8   32   33    3
    3    8   33    9    3
    3    9   33   34    3
    3    9   34   10    3
    3   10   34   35    3
    3   10   35   11    3
    3   11   35   36    3
    3   11   36   12    3
    3   12   36   37    3
    3   12   37   13    3
    3   13   37   38    3
    3   13   38   14    3
    3   14   38   39    3
    3   14   39   15    3
    3   15   39   40    3
    3   15   40   16    3
    3   16   40   41    3
    3   16   41   17    3
    3   17   41   42    3
    3   17   42   18    3
    3   18   42   43    3
    3   18   43   19    3
    3   19   43   44    3
    3   19   44   20    3
    3   20   44   45    3
    3   20   45   21    3
    3   21   45   46    3
    3   21   46   22    3
    3   22   46   47    3
    3   22   47   23    3
    3   23   47   48    3
    3   23   48   24    3
    3   24   48   25    3
    3   24   25    1    3
    3   25   49   50    3
    3   25   50   26    3
    3   26   50   51    3
    3   26   51   27    3
    3   27   51   52    3
    3   27   52   28    3
    3   28   52   53    3
    3   28   53   29    3
    3   29   53   54    3
    3   29   54   30    3
    3   30   54   55    3
    3   30   55   31    3
    3   31   55   56    3
    3   31   56   32    3
    3   32   56   57    3
    3   32   57   33    3
    3   33   57   58    3
    3   33   58   34    3
    3   34   58   59    3
    3   34   59   35    3
    3   35   59   60    3
    3   35   60   36    3
    3   36   60   61    3
    3   36   61   37    3
    3   37   61   62    3
    3   37   62   38    3
    3   38   62   63    3
    3   38   63   39    3
    3   39   63   64    3
    3   39   64   40    3
    3   40   64   65    3
    3   40   65   41    3
    3   41   65   66    3
    3   41   66   42    3
    3   42   66   67    3
    3   42   67   43    3
    3   43   67   68    3
    3   43   68   44    3
    3   44   68   69    3
    3   44   69   45    3
    3   45   69   70    3
    3   45   70   46    3
    3   46   70   71    3
    3   46   71   47    3
    3   47   71   72    3
    3   47   72   48    3
    3   48   72   49    3
    3   48   49   25    3
    3   49   73   74    3
    3   49   74   50    3
    3   50   74   75    3
    3   50   75   51    3
    3   51   75   76    3
    3   51   76   52    3
    3   52   76   77    3
    3   52   77   53    3
    3   53   77   78    3
    3   53   78   54    3
    3   54   78   79    3
    3   54   79   55    3
    3   55   79   80    3
    3   55   80   56    3
    3   56   80   81    3
    3   56   81   57    3
    3   57   81   82    3
    3   57   82   58    3
    3   58   82   83    3
    3   58   83   59    3
    3   59   83   84    3
    3   59   84   60    3
    3   60   84   85    3
    3   60   85   61    3
    3   61   85   86    3
    3   61   86   62    3
    3   62   86   87    3
    3   62   87   63    3
    3   63   87   88    3
    3   63   88   64    3
    3   64   88   89    3
    3   64   89   65    3
    3   65   89   90    3
    3   65   90   66    3
    3   66   90   91    3
    3   66   91   67    3
    3   67   91   92    3
    3   67   92   68    3
    3   68   92   93    3
    3   68   93   69    3
    3   69   93   94    3
    3   69   94   70    3
    3   70   94   95    3
    3   70   95   71    3
    3   71   95   96    3
    3   71   96   72    3
    3   72   96   73    3
    3   72   73   49    3
    3   73   97   98    3
    3   73   98   74    3
    3   74   98   99    3
    3   74   99   75    3
    3   75   99  100    3
    3   75  100   76    3
    3   76  100  101    3
    3   76  101   77    3
    3   77  101  102    3
    3   77  102   78    3
    3   78  102  103    3
    3   78  103   79    3
    3   79  103  104    3
    3   79  104   80    3
    3   80  104  105    3
    3   80  105   81    3
    3   81  105  106    3
    3   81  106   82    3
    3   82  106  107    3
    3   82  107   83    3
    3   83  107  108    3
    3   83  108   84    3
    3   84  108  109    3
    3   84  109   85    3
    3   85  109  110    3
    3   85  110   86    3
    3   86  110  111    3
    3   86  111   87    3
    3   87  111  112    3
    3   87  112   88    3
    3   88  112  113    3
    3   88  113   89    3
    3   89  113  114    3
    3   89  114   90    3
    3   90  114  115    3
    3   90  115   91    3
    3   91  115  116    3
    3   91  116   92    3
    3   92  116  117    3
    3   92  117   93    3
    3   93  117  118    3
    3   93  118   94    3
    3   94  118  119    3
    3   94  119   95    3
    3   95  119  120    3
    3   95  120   96    3
    3   96  120   97    3
    3   96   97   73    3
    3   97  121  122    3
    3   97  122   98    3
    3   98  122  123    3
    3   98  123   99    3
    3   99  123  124    3
    3   99  124  100    3
    3  100  124  125    3
    3  100  125  101    3
    3  101  125  126    3
    3  101  126  102    3
    3  102  126  127    3
    3  102  127  103    3
    3  103  127  128    3
    3  103  128  104    3
    3  104  128  129    3
    3  104  129  105    3
    3  105  129  130    3
    3  105  130  106    3
    3  106  130  131    3
    3  106  131  107    3
    3  107  131  132    3
    3  107  132  108    3
    3  108  132  133    3
    3  108  133  109    3
    3  109  133  134    3
    3  109  134  110    3
    3  110  134  135    3
    3  110  135  111    3
    3  111  135  136    3
    3  111  136  112    3
    3  112  136  137    3
    3  112  137  113    3
    3  113  137  138    3
    3  113  138  114    3
    3  114  138  139    3
    3  114  139  115    3
    3  115  139  140    3
    3  115  140  116    3
    3  116  140  141    3
    3  116  141  117    3
    3  117  141  142    3
    3  117  142  118    3
    3  118  142  143    3
    3  118  143  119    3
    3  119  143  144    3
    3  119  144  120    3
    3  120  144  121    3
    3  120  121   97    3
    3  121  145  146    3
    3  121  146  122    3
    3  122  146  147    3
    3  122  147  123    3
    3  123  147  148    3
    3  123  148  124    3
    3  124  148  149    3
    3  124  149  125    3
    3  125  149  150    3
    3  125  150  126    3
    3  126  150  151    3
    3  126  151  127    3
    3  127  151  152    3
    3  127  152  128    3
    3  128  152  153    3
    3  128  153  129    3
    3  129  153  154    3
    3  129  154  130    3
    3  130  154  155    3
    3  130  155  131    3
    3  131  155  156    3
    3  131  156  132    3
    3  132  156  157    3
    3  132  157  133    3
    3  133  157  158    3
    3  133  158  134    3
    3  134  158  159    3
    3  134  159  135    3
    3  135  159  160    3
    3  135  160  136    3
    3  136  160  161    3
    3  136  161  137    3
    3  137  161  162    3
    3  137  162  138    3
    3  138  162  163    3
    3  138  163  139    3
    3  139  163  164    3
    3  139  164  140    3
    3  140  164  165    3
    3  140  165  141    3
    3  141  165  166    3
    3  141  166  142    3
    3  142  166  167    3
    3  142  167  143    3
    3  143  167  168    3
    3  143  168  144    3
    3  144  168  145    3
    3  144  145  121    3
    3  145  169  170    3
    3  145  170  146    3
    3  146  170  171    3
    3  146  171  147    3
    3  147  171  172    3
    3  147  172  148    3
    3  148  172  173    3
    3  148  173  149    3
    3  149  173  174    3
    3  149  174  150    3
    3  150  174  175    3
    3  150  175  151    3
    3  151  175  176    3
    3  151  176  152    3
    3  152  176  177    3
    3  152  177  153    3
    3  153  177  178    3
    3  153  178  154    3
    3  154  178  179    3
    3  154  179  155    3
    3  155  179  180    3
    3  155  180  156    3
    3  156  180  181    3
    3  156  181  157    3
    3  157  181  182    3
    3  157  182  158    3
    3  158  182  183    3
    3  158  183  159    3
    3  159  183  184    3
    3  159  184  160    3
    3  160  184  185    3
    3  160  185  161    3
    3  161  185  186    3
    3  161  186  162    3
    3  162  186  187    3
    3  162  187  163    3
    3  163  187  188    3
    3  163  188  164    3
    3  164  188  189    3
    3  164  189  165    3
    3  165  189  190    3
    3  165  190  166    3
    3  166  190  191    3
    3  166  191  167    3
    3  167  191  192    3
    3  167  192  168    3
    3  168  192  169    3
    3  168  169  145    3
    3  169  193  194    3
    3  169  194  170    3
    3  170  194  195    3
    3  170  195  171    3
    3  171  195  196    3
    3  171  196  172    3
    3  172  196  197    3
    3  172  197  173    3
    3  173  197  198    3
    3  173  198  174    3
    3  174  198  199    3
    3  174  199  175    3
    3  175  199  200    3
    3  175  200  176    3
    3  176  200  201    3
    3  176  201  177    3
    3  177  201  202    3
    3  177  202  178    3
    3  178  202  203    3
    3  178  203  179    3
    3  179  203  204    3
    3  179  204  180    3
    3  180  204  205    3
    3  180  205  181    3
    3  181  205  206    3
    3  181  206  182    3
    3  182  206  207    3
    3  182  207  183    3
    3  183  207  208    3
    3  183  208  184    3
    3  184  208  209    3
    3  184  209  185    3
    3  185  209  210    3
    3  185  210  186    3
    3  186  210  211    3
    3  186  211  187    3
    3  187  211  212    3
    3  187  212  188    3
    3  188  212  213    3
    3  188  213  189    3
    3  189  213  214    3
    3  189  214  190    3
    3  190  214  215    3
    3  190  215  191    3
    3  191  215  216    3
    3  191  216  192    3
    3  192  216  193    3
    3  192  193  169    3
    3  193  217  218    3
    3  193  218  194    3
    3  194  218  219    3
    3  194  219  195    3
    3  195  219  220    3
    3  195  220  196    3
    3  196  220  221    3
    3  196  221  197    3
    3  197  221  222    3
    3  197  222  198    3
    3  198  222  223    3
    3  198  223  199    3
    3  199  223  224    3
    3  199  224  200    3
    3  200  224  225    3
    3  200  225  201    3
    3  201  225  226    3
    3  201  226  202    3
    3  202  226  227    3
    3  202  227  203    3
    3  203  227  228    3
    3  203  228  204    3
    3  204  228  229    3
    3  204  229  205    3
    3  205  229  230    3
    3  205  230  206    3
    3  206  230  231    3
    3  206  231  207    3
    3  207  231  232    3
    3  207  232  208    3
    3  208  232  233    3
    3  208  233  209    3
    3  209  233  234    3
    3  209  234  210    3
    3  210  234  235    3
    3  210  235  211    3
    3  211  235  236    3
    3  211  236  212    3
    3  212  236  237    3
    3  212  237  213    3
    3  213  237  238    3
    3  213  238  214    3
    3  214  238  239    3
    3  214  239  215    3
    3  215  239  240    3
    3  215  240  216    3
    3  216  240  217    3
    3  216  217  193    3
    3  217  241  242    3
    3  217  242  218    3
    3  218  242  243    3
    3  218  243  219    3
    3  219  243  244    3
    3  219  244  220    3
    3  220  244  245    3
    3  220  245  221    3
    3  221  245  246    3
    3  221  246  222    3
    3  222  246  247    3
    3  222  247  223    3
    3  223  247  248    3
    3  223  248  224    3
    3  224  248  249    3
    3  224  249  225    3
    3  225  249  250    3
    3  225  250  226    3
    3  226  250  251    3
    3  226  251  227    3
    3  227  251  252    3
    3  227  252  228    3
    3  228  252  253    3
    3  228  253  229    3
    3  229  253  254    3
    3  229  254  230    3
    3  230  254  255    3
    3  230  255  231    3
    3  231  255  256    3
    3  231  256  232    3
    3  232  256  257    3
    3  232  257  233    3
    3  233  257  258    3
    3  233  258  234    3
    3  234  258  259    3
    3  234  259  235    3
    3  235  259  260    3
    3  235  260  236    3
    3  236  260  261    3
    3  236  261  237    3
    3  237  261  262    3
    3  237  262  238    3
    3  238  262  263    3
    3  238  263  239    3
    3  239  263  264    3
    3  239  264  240    3
    3  240  264  241    3
    3  240  241  217    3
    3  264  265  241    3
    3  264  266  265    3
    3  263  266  264    3
    3  263  267  266    3
    3  262  267  263    3
    3  262  268  267    3
    3  261  268  262    3
    3  261  269  268    3
    3  260  269  261    3
    3  260  270  269    3
    3  259  270  260    3
    3  259  271  270    3
    3  258  271  259    3
    3  258  272  271    3
    3  257  272  258    3
    3  257  273  272    3
    3  256  273  257    3
    3  256  274  273    3
    3  255  274  256    3
    3  255  275  274    3
    3  254  275  255    3
    3  254  276  275    3
    3  253  276  254    3
    3  253  277  276    3
    3  252  277  253    3
    3  252  278  277    3
    3  251  278  252    3
    3  251  279  278    3
    3  250  279  251    3
    3  250  280  279    3
    3  249  280  250    3
    3  249  281  280    3
    3  248  281  249    3
    3  248  282  281    3
    3  247  282  248    3
    3  247  283  282    3
    3  246  283  247    3
    3  246  284  283    3
    3  245  284  246    3
    3  245  285  284    3
    3  244  285  245    3
    3  244  286  285    3
    3  243  286  244    3
    3  243  287  286    3
    3  242  287  243    3
    3  242  288  287    3
    3  241  288  242    3
    3  241  265  288    3
    3  289  279  290    1
    3  291  288  292    1
    3  293  294  295    3
    3  296  275  276    1
    3  297  298  299    1
    3  300  301  302    1
    3  303  304  305    3
    3  292  306  307    1
    3  308  309  310    4
    3  300  293  301    1
    3  311  312  313    3
    3  290  314  315    1
    3  316  317  318    1
    3  319  320  321    3
    3  317  322  308    1
    3  286  323  285    1
    3  286  287  320    1
    3  298  297  293    1
    3  324  325  273    1
    3  326  271  272    1
    3  327  328  301    1
    3  329  326  330    1
    3  300  331  304    1
    3  332  282  302    1
    3  272  325  326    1
    3  296  276  316    1
    3  296  333  275    1
    3  324  334  325    1
    3  335  329  336    1
    3  315  328  337    1
    3  338  339  303    3
    3  334  340  341    4
    3  279  289  278    1
    3  274  275  333    1
    3  322  278  289    1
    3  342  343  344    3
    3  332  301  328    1
    3  314  290  280    1
    3  345  338  346    3
    3  324  333  334    1
    3  277  316  276    1
    3  266  267  335    1
    3  288  291  287    1
    3  347  348  349    3
    3  316  322  317    1
    3  297  350  351    4
    3  327  301  293    1
    3  283  331  302    1
    3  352  353  354    4
    3  326  269  270    1
    3  332  302  301    1
    3  355  299  298    1
    3  312  356  357    3
    3  330  355  329    1
    3  336  306  335    1
    3  271  326  270    1
    3  358  359  360    4
    3  298  361  362    3
    3  283  302  282    1
    3  336  329  355    1
    3  326  363  330    1
    3  265  292  288    1
    3  300  364  365    3
    3  366  367  368    4
    3  333  318  334    1
    3  369  361  370    3
    3  327  293  297    1
    3  278  322  277    1
    3  320  291  356    3
    3  371  285  323    1
    3  363  325  334    1
    3  371  331  284    1
    3  364  339  349    3
    3  268  335  267    1
    3  372  363  373    4
    3  280  290  279    1
    3  266  306  265    1
    3  316  277  322    1
    3  328  315  314    1
    3  308  315  367    1
    3  355  330  372    1
    3  327  297  337    1
    3  280  281  314    1
    3  374  340  375    4
    3  296  316  318    1
    3  352  376  377    4
    3  355  307  336    1
    3  292  343  378    3
    3  326  325  363    1
    3  320  287  291    1
    3  345  319  379    3
    3  380  372  381    4
    3  358  366  382    4
    3  268  329  335    1
    3  273  274  324    1
    3  336  307  306    1
    3  265  306  292    1
    3  296  318  333    1
    3  383  374  384    4
    3  329  268  269    1
    3  385  373  386    4
    3  333  324  274    1
    3  283  284  331    1
    3  298  307  355    1
    3  299  353  387    4
    3  308  289  315    1
    3  273  325  272    1
    3  327  337  328    1
    3  388  376  389    4
    3  314  332  328    1
    3  281  282  332    1
    3  315  289  290    1
    3  363  372  330    1
    3  355  372  299    1
    3  285  371  284    1
    3  314  281  332    1
    3  269  326  329    1
    3  369  347  311    3
    3  266  335  306    1
    3  286  320  323    1
    3  308  322  289    1
    3  300  302  331    1
    3  343  390  313    3
    3  292  307  344    3
    3  298  348  370    3
    3  361  390  342    3
    3  343  342  390    3
    3  342  307  362    3
    3  347  369  348    3
    3  361  369  390    3
    3  369  311  390    3
    3  312  311  347    3
    3  311  313  390    3
    3  313  312  378    3
    3  298  362  307    3
    3  342  362  361    3
    3  342  344  307    3
    3  292  344  343    3
    3  369  370  348    3
    3  298  370  361    3
    3  292  378  312    3
    3  313  378  343    3
    3  334  318  375    4
    3  340  391  388    4
    3  318  317  384    4
    3  340  374  391    4
    3  352  385  389    4
    3  376  391  359    4
    3  376  388  391    4
    3  388  385  341    4
    3  359  391  383    4
    3  359  358  377    4
    3  374  383  391    4
    3  383  317  360    4
    3  374  375  318    4
    3  334  375  340    4
    3  334  341  385    4
    3  388  341  340    4
    3  388  389  385    4
    3  352  389  376    4
    3  352  377  358    4
    3  359  377  376    4
    3  358  360  317    4
    3  383  360  359    4
    3  383  384  317    4
    3  318  384  374    4
    3  367  358  309    4
    3  315  337  368    1
    3  353  352  350    4
    3  353  299  380    4
    3  372  380  299    4
    3  380  385  354    4
    3  350  352  392    4
    3  350  297  387    4
    3  366  337  392    4
    3  367  366  358    4
    3  363  334  386    4
    3  373  385  381    4
    3  392  337  351    4
    3  392  352  382    4
    3  380  381  385    4
    3  373  381  372    4
    3  358  317  310    4
    3  367  309  308    4
    3  385  386  334    4
    3  363  386  373    4
    3  366  368  337    4
    3  315  368  367    1
    3  299  387  297    4
    3  350  387  353    4
    3  352  354  385    4
    3  380  354  353    4
    3  358  382  352    4
    3  392  382  366    4
    3  297  351  337    4
    3  392  351  350    4
    3  308  310  317    4
    3  358  310  309    4
    3  312  347  379    3
    3  320  319  323    3
    3  371  323  346    3
    3  338  347  393    3
    3  364  300  394    3
    3  364  348  294    3
    3  319  345  323    3
    3  338  345  347    3
    3  348  298  295    3
    3  294  293  365    3
    3  304  339  394    3
    3  331  371  305    1
    3  364  349  348    3
    3  349  339  393    3
    3  338  393  339    3
    3  349  393  347    3
    3  338  303  371    3
    3  304  303  339    3
    3  356  312  321    3
    3  291  292  357    3
    3  364  394  339    3
    3  304  394  300    3
    3  319  321  312    3
    3  356  321  320    3
    3  293  295  298    3
    3  348  295  294    3
    3  312  357  292    3
    3  291  357  356    3
    3  345  346  323    3
    3  371  346  338    3
    3  303  305  371    3
    3  331  305  304    1
    3  345  379  347    3
    3  312  379  319    3
    3  300  365  293    3
    3  294  365  364    3
C Prescribed Values(Inlet, Outlet), InteractionSurface(Inlet, Outlet)
       1        0        0        2        2        2
C Inlet Pressure, FunID (E18.9,I5)
   1.000000000e+00    3
C Outlet Velocity
C     Vx,           Vy,            Vz,    indVx,indVy,indVz, FunID(3E18.9, 4I5)
   0.000000000e+00   1.000000000e+00   0.000000000e+00    1    0    0    4
C Inlet Velocity
C nNodeID,    Vx,           Vy,            Vz (I5, 3E18.9)
  265
    1   4.000000000e-01  -1.000000000e+00  -1.400000000e+00
    2   5.000000000e-01  -8.500000000e-01  -7.500000000e-01
    3   4.500000000e-01  -8.500000000e-01  -2.500000000e-01
    4   1.500000000e-01  -8.500000000e-01   1.000000000e-01
    5  -2.500000000e-01  -8.500000000e-01   3.500000000e-01
    6  -7.500000000e-01  -8.500000000e-01   2.500000000e-01
    7  -1.000000000e+00  -8.500000000e-01  -5.000000000e-02
    8  -1.050000000e+00  -8.500000000e-01  -4.500000000e-01
    9  -1.000000000e+00  -8.500000000e-01  -8.000000000e-01
   10  -7.500000000e-01  -8.500000000e-01  -1.100000000e+00
   11  -4.500000000e-01  -8.500000000e-01  -1.200000000e+00
   12  -4.000000000e-01  -8.500000000e-01  -1.450000000e+00
   13  -5.000000000e-01  -8.500000000e-01  -2.050000000e+00
   14  -4.000000000e-01  -8.500000000e-01  -2.750000000e+00
   15   1.500000000e-01  -8.500000000e-01  -3.350000000e+00
   16   8.000000000e-01  -8.500000000e-01  -3.450000000e+00
   17   1.550000000e+00  -8.500000000e-01  -3.450000000e+00
   18   2.350000000e+00  -8.500000000e-01  -3.250000000e+00
   19   2.950000000e+00  -8.500000000e-01  -2.650000000e+00
   20   3.050000000e+00  -8.500000000e-01  -1.850000000e+00
   21   2.050000000e+00  -8.500000000e-01  -1.100000000e+00
   22   1.000000000e+00  -8.500000000e-01  -9.000000000e-01
   23   4.500000000e-01  -8.500000000e-01  -1.000000000e+00
   24   3.000000000e-01  -8.500000000e-01  -1.150000000e+00
   25   3.000000000e-01  -8.500000000e-01  -1.200000000e+00
   26   4.000000000e-01  -8.000000000e-01  -6.000000000e-01
   27   3.500000000e-01  -8.000000000e-01  -2.000000000e-01
   28   1.000000000e-01  -8.000000000e-01   1.000000000e-01
   29  -3.000000000e-01  -8.000000000e-01   2.000000000e-01
   30  -7.000000000e-01  -8.000000000e-01   2.000000000e-01
   31  -9.500000000e-01  -8.000000000e-01  -5.000000000e-02
   32  -1.050000000e+00  -8.000000000e-01  -3.500000000e-01
   33  -1.050000000e+00  -8.000000000e-01  -6.500000000e-01
   34  -9.500000000e-01  -8.000000000e-01  -9.500000000e-01
   35  -7.500000000e-01  -8.000000000e-01  -1.100000000e+00
   36  -8.000000000e-01  -8.000000000e-01  -1.400000000e+00
   37  -9.000000000e-01  -8.000000000e-01  -2.100000000e+00
   38  -6.500000000e-01  -8.000000000e-01  -2.900000000e+00
   39  -1.000000000e-01  -8.000000000e-01  -3.400000000e+00
   40   6.000000000e-01  -8.000000000e-01  -3.400000000e+00
   41   1.150000000e+00  -8.000000000e-01  -3.100000000e+00
   42   1.600000000e+00  -8.000000000e-01  -2.650000000e+00
   43   1.850000000e+00  -8.000000000e-01  -2.100000000e+00
   44   2.050000000e+00  -8.000000000e-01  -1.600000000e+00
   45   1.550000000e+00  -8.000000000e-01  -1.050000000e+00
   46   9.000000000e-01  -8.000000000e-01  -8.000000000e-01
   47   5.500000000e-01  -8.000000000e-01  -8.000000000e-01
   48   3.500000000e-01  -8.000000000e-01  -9.000000000e-01
   49   3.500000000e-01  -8.000000000e-01  -8.500000000e-01
   50   2.500000000e-01  -7.500000000e-01  -9.500000000e-01
   51   2.000000000e-01  -7.500000000e-01  -5.000000000e-01
   52  -1.000000000e-01  -7.500000000e-01  -1.000000000e-01
   53  -5.000000000e-01  -7.500000000e-01   1.500000000e-01
   54  -9.500000000e-01  -7.500000000e-01   5.000000000e-02
   55  -1.200000000e+00  -7.500000000e-01  -2.000000000e-01
   56  -1.300000000e+00  -7.500000000e-01  -5.500000000e-01
   57  -1.300000000e+00  -7.500000000e-01  -9.000000000e-01
   58  -1.150000000e+00  -7.500000000e-01  -1.150000000e+00
   59  -9.000000000e-01  -7.500000000e-01  -1.300000000e+00
   60  -9.500000000e-01  -7.500000000e-01  -1.550000000e+00
   61  -1.100000000e+00  -7.500000000e-01  -2.300000000e+00
   62  -9.500000000e-01  -7.500000000e-01  -3.300000000e+00
   63  -3.500000000e-01  -7.500000000e-01  -3.900000000e+00
   64   4.000000000e-01  -7.500000000e-01  -4.050000000e+00
   65   1.100000000e+00  -7.500000000e-01  -3.700000000e+00
   66   1.600000000e+00  -7.500000000e-01  -3.100000000e+00
   67   1.850000000e+00  -7.500000000e-01  -2.500000000e+00
   68   1.850000000e+00  -7.500000000e-01  -1.900000000e+00
   69   9.500000000e-01  -7.500000000e-01  -1.300000000e+00
   70   0.000000000e+00  -7.500000000e-01  -1.250000000e+00
   71  -4.000000000e-01  -7.500000000e-01  -1.500000000e+00
   72  -4.500000000e-01  -7.500000000e-01  -1.750000000e+00
   73  -1.500000000e-01  -7.500000000e-01  -1.650000000e+00
   74   4.000000000e-01  -7.000000000e-01  -6.000000000e-01
   75   2.500000000e-01  -7.000000000e-01  -1.000000000e-01
   76  -1.500000000e-01  -7.000000000e-01   1.500000000e-01
   77  -6.000000000e-01  -7.000000000e-01   1.500000000e-01
   78  -9.500000000e-01  -7.000000000e-01   0.000000000e+00
   79  -1.200000000e+00  -7.000000000e-01  -3.000000000e-01
   80  -1.300000000e+00  -7.000000000e-01  -6.000000000e-01
   81  -1.400000000e+00  -7.000000000e-01  -9.000000000e-01
   82  -1.300000000e+00  -7.000000000e-01  -1.200000000e+00
   83  -1.100000000e+00  -7.000000000e-01  -1.400000000e+00
   84  -1.100000000e+00  -7.000000000e-01  -1.750000000e+00
   85  -1.350000000e+00  -7.000000000e-01  -2.800000000e+00
   86  -1.150000000e+00  -7.000000000e-01  -3.950000000e+00
   87  -4.000000000e-01  -7.000000000e-01  -4.800000000e+00
   88   5.500000000e-01  -7.000000000e-01  -4.850000000e+00
   89   1.300000000e+00  -7.000000000e-01  -4.250000000e+00
   90   1.750000000e+00  -7.000000000e-01  -3.450000000e+00
   91   1.950000000e+00  -7.000000000e-01  -2.700000000e+00
   92   1.950000000e+00  -7.000000000e-01  -2.000000000e+00
   93   1.000000000e+00  -7.000000000e-01  -1.450000000e+00
   94   0.000000000e+00  -7.000000000e-01  -1.450000000e+00
   95  -4.000000000e-01  -7.000000000e-01  -1.650000000e+00
   96  -4.000000000e-01  -7.000000000e-01  -1.900000000e+00
   97  -5.000000000e-02  -7.000000000e-01  -1.650000000e+00
   98   4.500000000e-01  -6.500000000e-01  -1.250000000e+00
   99   4.000000000e-01  -6.500000000e-01  -7.500000000e-01
  100   5.000000000e-02  -6.500000000e-01  -2.000000000e-01
  101  -4.500000000e-01  -6.500000000e-01   1.000000000e-01
  102  -9.500000000e-01  -6.500000000e-01   5.000000000e-02
  103  -1.300000000e+00  -6.500000000e-01  -3.000000000e-01
  104  -1.500000000e+00  -6.500000000e-01  -7.000000000e-01
  105  -1.550000000e+00  -6.500000000e-01  -1.100000000e+00
  106  -1.400000000e+00  -6.500000000e-01  -1.400000000e+00
  107  -1.100000000e+00  -6.500000000e-01  -1.600000000e+00
  108  -1.100000000e+00  -6.500000000e-01  -2.050000000e+00
  109  -1.350000000e+00  -6.500000000e-01  -3.200000000e+00
  110  -1.100000000e+00  -6.500000000e-01  -4.550000000e+00
  111  -2.500000000e-01  -6.500000000e-01  -5.450000000e+00
  112   8.500000000e-01  -6.500000000e-01  -5.500000000e+00
  113   1.600000000e+00  -6.500000000e-01  -4.650000000e+00
  114   1.950000000e+00  -6.500000000e-01  -3.650000000e+00
  115   2.050000000e+00  -6.500000000e-01  -2.900000000e+00
  116   2.200000000e+00  -6.500000000e-01  -2.250000000e+00
  117   1.700000000e+00  -6.500000000e-01  -1.650000000e+00
  118   1.000000000e+00  -6.500000000e-01  -1.350000000e+00
  119   5.500000000e-01  -6.500000000e-01  -1.350000000e+00
  120   3.000000000e-01  -6.500000000e-01  -1.500000000e+00
  121   3.000000000e-01  -6.500000000e-01  -1.650000000e+00
  122   6.500000000e-01  -6.500000000e-01  -6.500000000e-01
  123   4.000000000e-01  -6.500000000e-01  -1.000000000e-01
  124   0.000000000e+00  -6.500000000e-01   3.000000000e-01
  125  -6.000000000e-01  -6.500000000e-01   4.000000000e-01
  126  -1.100000000e+00  -6.500000000e-01   2.500000000e-01
  127  -1.450000000e+00  -6.500000000e-01  -1.500000000e-01
  128  -1.600000000e+00  -6.500000000e-01  -6.000000000e-01
  129  -1.600000000e+00  -6.500000000e-01  -1.000000000e+00
  130  -1.450000000e+00  -6.500000000e-01  -1.400000000e+00
  131  -1.200000000e+00  -6.500000000e-01  -1.600000000e+00
  132  -1.200000000e+00  -6.500000000e-01  -2.050000000e+00
  133  -1.550000000e+00  -6.500000000e-01  -3.350000000e+00
  134  -1.250000000e+00  -6.500000000e-01  -4.850000000e+00
  135  -3.000000000e-01  -6.500000000e-01  -5.850000000e+00
  136   9.500000000e-01  -6.500000000e-01  -5.900000000e+00
  137   1.750000000e+00  -6.500000000e-01  -4.900000000e+00
  138   2.150000000e+00  -6.500000000e-01  -3.850000000e+00
  139   2.300000000e+00  -6.500000000e-01  -2.950000000e+00
  140   2.400000000e+00  -6.500000000e-01  -2.250000000e+00
  141   1.700000000e+00  -6.500000000e-01  -1.600000000e+00
  142   9.500000000e-01  -6.500000000e-01  -1.400000000e+00
  143   5.500000000e-01  -6.500000000e-01  -1.400000000e+00
  144   3.500000000e-01  -6.500000000e-01  -1.450000000e+00
  145   4.000000000e-01  -6.500000000e-01  -1.350000000e+00
  146   8.000000000e-01  -5.500000000e-01   3.500000000e-01
  147   4.000000000e-01  -5.500000000e-01   9.500000000e-01
  148  -2.500000000e-01  -5.500000000e-01   1.300000000e+00
  149  -1.050000000e+00  -5.500000000e-01   1.400000000e+00
  150  -1.750000000e+00  -5.500000000e-01   1.150000000e+00
  151  -2.200000000e+00  -5.500000000e-01   5.500000000e-01
  152  -2.250000000e+00  -5.500000000e-01  -1.500000000e-01
  153  -2.000000000e+00  -5.500000000e-01  -7.500000000e-01
  154  -1.600000000e+00  -5.500000000e-01  -1.150000000e+00
  155  -1.250000000e+00  -5.500000000e-01  -1.350000000e+00
  156  -1.250000000e+00  -5.500000000e-01  -1.800000000e+00
  157  -1.600000000e+00  -5.500000000e-01  -3.050000000e+00
  158  -1.350000000e+00  -5.500000000e-01  -4.600000000e+00
  159  -4.000000000e-01  -5.500000000e-01  -5.700000000e+00
  160   8.500000000e-01  -5.500000000e-01  -5.900000000e+00
  161   1.800000000e+00  -5.500000000e-01  -5.050000000e+00
  162   2.400000000e+00  -5.500000000e-01  -4.000000000e+00
  163   2.700000000e+00  -5.500000000e-01  -3.050000000e+00
  164   2.600000000e+00  -5.500000000e-01  -2.150000000e+00
  165   1.650000000e+00  -5.500000000e-01  -1.400000000e+00
  166   8.500000000e-01  -5.500000000e-01  -1.200000000e+00
  167   5.000000000e-01  -5.500000000e-01  -1.150000000e+00
  168   4.000000000e-01  -5.500000000e-01  -1.150000000e+00
  169   6.000000000e-01  -5.500000000e-01  -7.500000000e-01
  170   5.000000000e-01  -5.000000000e-01   1.500000000e-01
  171   2.000000000e-01  -5.000000000e-01   5.000000000e-01
  172  -4.500000000e-01  -5.000000000e-01   1.250000000e+00
  173  -1.250000000e+00  -5.000000000e-01   1.550000000e+00
  174  -2.200000000e+00  -5.000000000e-01   1.500000000e+00
  175  -2.800000000e+00  -5.000000000e-01   9.000000000e-01
  176  -2.800000000e+00  -5.000000000e-01   5.000000000e-02
  177  -2.350000000e+00  -5.000000000e-01  -6.500000000e-01
  178  -1.750000000e+00  -5.000000000e-01  -1.050000000e+00
  179  -1.400000000e+00  -5.000000000e-01  -1.200000000e+00
  180  -1.400000000e+00  -5.000000000e-01  -1.600000000e+00
  181  -1.800000000e+00  -5.000000000e-01  -2.950000000e+00
  182  -1.600000000e+00  -5.000000000e-01  -4.600000000e+00
  183  -6.500000000e-01  -5.000000000e-01  -5.800000000e+00
  184   7.000000000e-01  -5.000000000e-01  -6.000000000e+00
  185   1.500000000e+00  -5.000000000e-01  -4.850000000e+00
  186   1.800000000e+00  -5.000000000e-01  -3.600000000e+00
  187   1.800000000e+00  -5.000000000e-01  -2.600000000e+00
  188   1.750000000e+00  -5.000000000e-01  -1.900000000e+00
  189   1.200000000e+00  -5.000000000e-01  -1.350000000e+00
  190   7.000000000e-01  -5.000000000e-01  -1.100000000e+00
  191   5.000000000e-01  -5.000000000e-01  -9.500000000e-01
  192   4.000000000e-01  -5.000000000e-01  -8.500000000e-01
  193   4.500000000e-01  -5.000000000e-01  -6.000000000e-01
  194   4.000000000e-01  -4.500000000e-01  -1.000000000e+00
  195   2.000000000e-01  -4.500000000e-01  -5.000000000e-01
  196  -3.500000000e-01  -4.500000000e-01   5.000000000e-01
  197  -1.350000000e+00  -4.500000000e-01   1.500000000e+00
  198  -2.550000000e+00  -4.500000000e-01   1.500000000e+00
  199  -3.250000000e+00  -4.500000000e-01   1.000000000e+00
  200  -3.200000000e+00  -4.500000000e-01  -1.000000000e-01
  201  -2.550000000e+00  -4.500000000e-01  -9.000000000e-01
  202  -1.800000000e+00  -4.500000000e-01  -1.250000000e+00
  203  -1.350000000e+00  -4.500000000e-01  -1.400000000e+00
  204  -1.300000000e+00  -4.500000000e-01  -1.750000000e+00
  205  -1.750000000e+00  -4.500000000e-01  -3.100000000e+00
  206  -1.650000000e+00  -4.500000000e-01  -4.900000000e+00
  207  -6.500000000e-01  -4.500000000e-01  -6.250000000e+00
  208   7.500000000e-01  -4.500000000e-01  -6.550000000e+00
  209   1.650000000e+00  -4.500000000e-01  -5.450000000e+00
  210   2.000000000e+00  -4.500000000e-01  -4.100000000e+00
  211   2.050000000e+00  -4.500000000e-01  -3.000000000e+00
  212   1.950000000e+00  -4.500000000e-01  -2.250000000e+00
  213   1.300000000e+00  -4.500000000e-01  -1.650000000e+00
  214   8.000000000e-01  -4.500000000e-01  -1.350000000e+00
  215   4.500000000e-01  -4.500000000e-01  -1.250000000e+00
  216   3.000000000e-01  -4.500000000e-01  -1.300000000e+00
  217   3.000000000e-01  -4.500000000e-01  -1.150000000e+00
  218   1.500000000e-01  -4.000000000e-01  -1.500000000e+00
  219   1.500000000e-01  -4.000000000e-01  -1.000000000e+00
  220  -3.000000000e-01  -4.000000000e-01   0.000000000e+00
  221  -1.300000000e+00  -4.000000000e-01   1.000000000e+00
  222  -2.500000000e+00  -4.000000000e-01   1.000000000e+00
  223  -3.200000000e+00  -4.000000000e-01   5.000000000e-01
  224  -3.100000000e+00  -4.000000000e-01   0.000000000e+00
  225  -2.450000000e+00  -4.000000000e-01  -1.250000000e+00
  226  -1.750000000e+00  -4.000000000e-01  -1.550000000e+00
  227  -1.300000000e+00  -4.000000000e-01  -1.700000000e+00
  228  -1.350000000e+00  -4.000000000e-01  -2.000000000e+00
  229  -2.000000000e+00  -4.000000000e-01  -3.550000000e+00
  230  -1.950000000e+00  -4.000000000e-01  -5.900000000e+00
  231  -8.000000000e-01  -4.000000000e-01  -7.600000000e+00
  232   9.000000000e-01  -4.000000000e-01  -8.050000000e+00
  233   1.850000000e+00  -4.000000000e-01  -6.350000000e+00
  234   1.750000000e+00  -4.000000000e-01  -4.350000000e+00
  235   1.450000000e+00  -4.000000000e-01  -3.100000000e+00
  236   1.500000000e+00  -4.000000000e-01  -2.500000000e+00
  237   1.150000000e+00  -4.000000000e-01  -2.000000000e+00
  238   7.500000000e-01  -4.000000000e-01  -1.700000000e+00
  239   3.500000000e-01  -4.000000000e-01  -1.650000000e+00
  240   1.500000000e-01  -4.000000000e-01  -1.700000000e+00
  241   1.000000000e-01  -4.000000000e-01  -1.750000000e+00
  242  -1.500000000e-01  -3.500000000e-01  -2.000000000e+00
  243  -5.000000000e-02  -3.500000000e-01  -1.500000000e+00
  244  -3.500000000e-01  -3.500000000e-01  -5.000000000e-01
  245  -1.450000000e+00  -3.500000000e-01   1.000000000e+00
  246  -2.800000000e+00  -3.500000000e-01   1.000000000e+00
  247  -3.550000000e+00  -3.500000000e-01   5.000000000e-01
  248  -3.550000000e+00  -3.500000000e-01  -5.000000000e-01
  249  -3.050000000e+00  -3.500000000e-01  -1.200000000e+00
  250  -2.050000000e+00  -3.500000000e-01  -1.600000000e+00
  251  -1.500000000e+00  -3.500000000e-01  -1.800000000e+00
  252  -1.500000000e+00  -3.500000000e-01  -2.050000000e+00
  253  -2.100000000e+00  -3.500000000e-01  -3.500000000e+00
  254  -1.950000000e+00  -3.500000000e-01  -5.350000000e+00
  255  -9.000000000e-01  -3.500000000e-01  -6.600000000e+00
  256   4.500000000e-01  -3.500000000e-01  -7.000000000e+00
  257   1.500000000e+00  -3.500000000e-01  -6.000000000e+00
  258   1.600000000e+00  -3.500000000e-01  -4.300000000e+00
  259   1.400000000e+00  -3.500000000e-01  -3.150000000e+00
  260   1.750000000e+00  -3.500000000e-01  -2.600000000e+00
  261   1.200000000e+00  -3.500000000e-01  -1.950000000e+00
  262   4.500000000e-01  -3.500000000e-01  -1.700000000e+00
  263   0.000000000e+00  -3.500000000e-01  -1.700000000e+00
  264  -2.000000000e-01  -3.500000000e-01  -1.800000000e+00
  265  -2.500000000e-01  -3.500000000e-01  -2.000000000e+00
C Region List
