C PointsNum,MaxElemVol,TetGenParams,nAtrib,IndMov,MDMaxVolume,MDomDiv,MDOnly,MDDivF,MDPrescP
  395    1.000000e+00 YYpznno2q1.414a     0     0    1.000000e+00     1     0     0     0     0     0 YYpznno2q1.414a
  -4.421480000e-02  -7.624570000e+00  -1.121810000e-01
  -3.212290000e-02  -7.201820000e+00   5.989840000e-01
  -2.124590000e-01  -7.201820000e+00   5.970480000e-01
  -3.958280000e-01  -7.201820000e+00   5.542330000e-01
  -5.662570000e-01  -7.201820000e+00   4.572300000e-01
  -6.834580000e-01  -7.201820000e+00   2.988930000e-01
  -7.328340000e-01  -7.201820000e+00   1.104290000e-01
  -7.307890000e-01  -7.201820000e+00  -7.690400000e-02
  -6.910680000e-01  -7.201820000e+00  -2.537880000e-01
  -6.175570000e-01  -7.201820000e+00  -4.157610000e-01
  -5.190870000e-01  -7.201820000e+00  -5.638680000e-01
  -3.925420000e-01  -7.201820000e+00  -7.027370000e-01
  -2.307010000e-01  -7.201820000e+00  -8.195250000e-01
  -3.212290000e-02  -7.201820000e+00  -8.823890000e-01
   1.785520000e-01  -7.201820000e+00  -8.608340000e-01
   3.723440000e-01  -7.201820000e+00  -7.773610000e-01
   5.394660000e-01  -7.201820000e+00  -6.474930000e-01
   6.655370000e-01  -7.201820000e+00  -4.798660000e-01
   7.117250000e-01  -7.201820000e+00  -2.764650000e-01
   6.281810000e-01  -7.201820000e+00  -7.690400000e-02
   5.194040000e-01  -7.201820000e+00   7.109800000e-02
   4.269050000e-01  -7.201820000e+00   1.882130000e-01
   3.471650000e-01  -7.201820000e+00   3.013840000e-01
   2.567470000e-01  -7.201820000e+00   4.230700000e-01
   1.336420000e-01  -7.201820000e+00   5.409680000e-01
  -6.408340000e-02  -6.778070000e+00   9.133100000e-01
  -3.164520000e-01  -6.778070000e+00   8.931250000e-01
  -5.626990000e-01  -6.778070000e+00   8.147630000e-01
  -7.854050000e-01  -6.778070000e+00   6.729350000e-01
  -9.489280000e-01  -6.778070000e+00   4.626800000e-01
  -1.035520000e+00  -6.778070000e+00   2.123960000e-01
  -1.054600000e+00  -6.778070000e+00  -4.738680000e-02
  -1.017030000e+00  -6.778070000e+00  -3.030150000e-01
  -9.196500000e-01  -6.778070000e+00  -5.408790000e-01
  -7.605980000e-01  -6.778070000e+00  -7.439010000e-01
  -5.581290000e-01  -6.778070000e+00  -9.033400000e-01
  -3.237920000e-01  -6.778070000e+00  -1.015840000e+00
  -6.408340000e-02  -6.778070000e+00  -1.067650000e+00
   2.001290000e-01  -6.778070000e+00  -1.033470000e+00
   4.395210000e-01  -6.778070000e+00  -9.209090000e-01
   6.419010000e-01  -6.778070000e+00  -7.543710000e-01
   7.957500000e-01  -6.778070000e+00  -5.439380000e-01
   8.651340000e-01  -6.778070000e+00  -2.972580000e-01
   8.209860000e-01  -6.778070000e+00  -4.738680000e-02
   7.292410000e-01  -6.778070000e+00   1.652030000e-01
   6.261710000e-01  -6.778070000e+00   3.513610000e-01
   5.116970000e-01  -6.778070000e+00   5.283930000e-01
   3.685450000e-01  -6.778070000e+00   7.027270000e-01
   1.769450000e-01  -6.778070000e+00   8.520340000e-01
  -8.627100000e-02  -6.354310000e+00   1.200160000e+00
  -4.049520000e-01  -6.354310000e+00   1.162930000e+00
  -7.057170000e-01  -6.354310000e+00   1.046374000e+00
  -9.714310000e-01  -6.354310000e+00   8.576880000e-01
  -1.170160000e+00  -6.354310000e+00   5.978940000e-01
  -1.275030000e+00  -6.354310000e+00   2.910600000e-01
  -1.298430000e+00  -6.354310000e+00  -2.747120000e-02
  -1.252910000e+00  -6.354310000e+00  -3.403190000e-01
  -1.134080000e+00  -6.354310000e+00  -6.325190000e-01
  -9.368600000e-01  -6.354310000e+00  -8.790640000e-01
  -6.836430000e-01  -6.354310000e+00  -1.063050000e+00
  -3.964120000e-01  -6.354310000e+00  -1.186200000e+00
  -8.627100000e-02  -6.354310000e+00  -1.240670000e+00
   2.289150000e-01  -6.354310000e+00  -1.203310000e+00
   5.183810000e-01  -6.354310000e+00  -1.074105000e+00
   7.649140000e-01  -6.354310000e+00  -8.786560000e-01
   9.532660000e-01  -6.354310000e+00  -6.282660000e-01
   1.031867000e+00  -6.354310000e+00  -3.271500000e-01
   9.791260000e-01  -6.354310000e+00  -2.747120000e-02
   8.740710000e-01  -6.354310000e+00   2.296170000e-01
   7.531910000e-01  -6.354310000e+00   4.571430000e-01
   6.220120000e-01  -6.354310000e+00   6.808120000e-01
   4.564670000e-01  -6.354310000e+00   9.113000000e-01
   2.213980000e-01  -6.354310000e+00   1.117800000e+00
  -1.139060000e-01  -5.930560000e+00   1.404210000e+00
  -4.797960000e-01  -5.930560000e+00   1.362460000e+00
  -8.280470000e-01  -5.930560000e+00   1.232660000e+00
  -1.138810000e+00  -5.930560000e+00   1.020637000e+00
  -1.372090000e+00  -5.930560000e+00   7.223420000e-01
  -1.488580000e+00  -5.930560000e+00   3.635060000e-01
  -1.504380000e+00  -5.930560000e+00  -4.272400000e-03
  -1.440640000e+00  -5.930560000e+00  -3.598470000e-01
  -1.302630000e+00  -5.930560000e+00  -6.912860000e-01
  -1.083090000e+00  -5.930560000e+00  -9.734600000e-01
  -7.970300000e-01  -5.930560000e+00  -1.187750000e+00
  -4.697910000e-01  -5.930560000e+00  -1.332720000e+00
  -1.139060000e-01  -5.930560000e+00  -1.395640000e+00
   2.445700000e-01  -5.930560000e+00  -1.342400000e+00
   5.591550000e-01  -5.930560000e+00  -1.169250000e+00
   8.108320000e-01  -5.930560000e+00  -9.290100000e-01
   1.001468000e+00  -5.930560000e+00  -6.485840000e-01
   1.100097000e+00  -5.930560000e+00  -3.296180000e-01
   1.087992000e+00  -5.930560000e+00  -4.272400000e-03
   1.008536000e+00  -5.930560000e+00   2.956570000e-01
   8.838740000e-01  -5.930560000e+00   5.708790000e-01
   7.276160000e-01  -5.930560000e+00   8.362490000e-01
   5.236960000e-01  -5.930560000e+00   1.098710000e+00
   2.419540000e-01  -5.930560000e+00   1.321800000e+00
  -1.582050000e-01  -5.506800000e+00   1.543060000e+00
  -5.585600000e-01  -5.506800000e+00   1.505910000e+00
  -9.464370000e-01  -5.506800000e+00   1.377890000e+00
  -1.300770000e+00  -5.506800000e+00   1.155361000e+00
  -1.565770000e+00  -5.506800000e+00   8.243820000e-01
  -1.687940000e+00  -5.506800000e+00   4.218580000e-01
  -1.690730000e+00  -5.506800000e+00   1.180010000e-02
  -1.607890000e+00  -5.506800000e+00  -3.765470000e-01
  -1.450990000e+00  -5.506800000e+00  -7.342160000e-01
  -1.213810000e+00  -5.506800000e+00  -1.043810000e+00
  -9.039900000e-01  -5.506800000e+00  -1.279390000e+00
  -5.466820000e-01  -5.506800000e+00  -1.438810000e+00
  -1.582050000e-01  -5.506800000e+00  -1.507370000e+00
   2.320320000e-01  -5.506800000e+00  -1.444200000e+00
   5.595170000e-01  -5.506800000e+00  -1.231170000e+00
   8.065360000e-01  -5.506800000e+00  -9.519400000e-01
   9.890970000e-01  -5.506800000e+00  -6.498540000e-01
   1.100512000e+00  -5.506800000e+00  -3.248530000e-01
   1.116068000e+00  -5.506800000e+00   1.180010000e-02
   1.055909000e+00  -5.506800000e+00   3.370060000e-01
   9.306970000e-01  -5.506800000e+00   6.403950000e-01
   7.634360000e-01  -5.506800000e+00   9.334410000e-01
   5.403280000e-01  -5.506800000e+00   1.222280000e+00
   2.298210000e-01  -5.506800000e+00   1.460470000e+00
  -2.088390000e-01  -5.083050000e+00   1.667360000e+00
  -6.382700000e-01  -5.083050000e+00   1.631020000e+00
  -1.058110000e+00  -5.083050000e+00   1.500090000e+00
  -1.443750000e+00  -5.083050000e+00   1.264486000e+00
  -1.731280000e+00  -5.083050000e+00   9.083120000e-01
  -1.864130000e+00  -5.083050000e+00   4.731110000e-01
  -1.869210000e+00  -5.083050000e+00   2.957410000e-02
  -1.778890000e+00  -5.083050000e+00  -3.912200000e-01
  -1.610590000e+00  -5.083050000e+00  -7.793500000e-01
  -1.351430000e+00  -5.083050000e+00  -1.112020000e+00
  -1.007250000e+00  -5.083050000e+00  -1.352450000e+00
  -6.197960000e-01  -5.083050000e+00  -1.502080000e+00
  -2.088390000e-01  -5.083050000e+00  -1.561270000e+00
   1.994600000e-01  -5.083050000e+00  -1.495720000e+00
   5.366600000e-01  -5.083050000e+00  -1.261900000e+00
   7.817640000e-01  -5.083050000e+00  -9.610300000e-01
   9.625960000e-01  -5.083050000e+00  -6.468700000e-01
   1.080610000e+00  -5.083050000e+00  -3.161370000e-01
   1.107743000e+00  -5.083050000e+00   2.957410000e-02
   1.055371000e+00  -5.083050000e+00   3.683270000e-01
   9.297440000e-01  -5.083050000e+00   6.876150000e-01
   7.634040000e-01  -5.083050000e+00   1.002817000e+00
   5.364280000e-01  -5.083050000e+00   1.321310000e+00
   2.077446000e-01  -5.083050000e+00   1.584250000e+00
  -2.886040000e-01  -4.267630000e+00   1.902170000e+00
  -7.684260000e-01  -4.267630000e+00   1.856810000e+00
  -1.236000000e+00  -4.267630000e+00   1.704470000e+00
  -1.662710000e+00  -4.267630000e+00   1.437270000e+00
  -1.981240000e+00  -4.267630000e+00   1.040446000e+00
  -2.130890000e+00  -4.267630000e+00   5.563220000e-01
  -2.140560000e+00  -4.267630000e+00   6.315830000e-02
  -2.044340000e+00  -4.267630000e+00  -4.078550000e-01
  -1.859450000e+00  -4.267630000e+00  -8.437300000e-01
  -1.566690000e+00  -4.267630000e+00  -1.215930000e+00
  -1.171530000e+00  -4.267630000e+00  -1.466320000e+00
  -7.342780000e-01  -4.267630000e+00  -1.601530000e+00
  -2.886040000e-01  -4.267630000e+00  -1.642040000e+00
   1.504112000e-01  -4.267630000e+00  -1.573430000e+00
   5.075400000e-01  -4.267630000e+00  -1.314680000e+00
   7.528500000e-01  -4.267630000e+00  -9.782960000e-01
   9.306460000e-01  -4.267630000e+00  -6.405100000e-01
   1.053760000e+00  -4.267630000e+00  -2.966590000e-01
   1.091281000e+00  -4.267630000e+00   6.315830000e-02
   1.043008000e+00  -4.267630000e+00   4.200440000e-01
   9.194470000e-01  -4.267630000e+00   7.596880000e-01
   7.642810000e-01  -4.267630000e+00   1.116043000e+00
   5.399780000e-01  -4.267630000e+00   1.497170000e+00
   1.806162900e-01  -4.267630000e+00   1.812440000e+00
  -3.331530000e-01  -3.451210000e+00   1.978100000e+00
  -8.439590000e-01  -3.451210000e+00   1.964100000e+00
  -1.362980000e+00  -3.451210000e+00   1.843090000e+00
  -1.855220000e+00  -3.451210000e+00   1.581630000e+00
  -2.215990000e+00  -3.451210000e+00   1.146959000e+00
  -2.350310000e+00  -3.451210000e+00   6.002710000e-01
  -2.306540000e+00  -3.451210000e+00   5.956610000e-02
  -2.160270000e+00  -3.451210000e+00  -4.302260000e-01
  -1.942900000e+00  -3.451210000e+00  -8.694400000e-01
  -1.648050000e+00  -3.451210000e+00  -1.254330000e+00
  -1.258520000e+00  -3.451210000e+00  -1.541850000e+00
  -8.122000000e-01  -3.451210000e+00  -1.726790000e+00
  -3.331530000e-01  -3.451210000e+00  -1.805030000e+00
   1.483642000e-01  -3.451210000e+00  -1.738100000e+00
   5.273620000e-01  -3.451210000e+00  -1.431070000e+00
   7.683120000e-01  -3.451210000e+00  -1.041900000e+00
   9.367290000e-01  -3.451210000e+00  -6.736660000e-01
   1.061327000e+00  -3.451210000e+00  -3.139530000e-01
   1.099983000e+00  -3.451210000e+00   5.956610000e-02
   1.051012000e+00  -3.451210000e+00   4.306240000e-01
   9.222080000e-01  -3.451210000e+00   7.846060000e-01
   7.639370000e-01  -3.451210000e+00   1.156660000e+00
   5.301460000e-01  -3.451210000e+00   1.556350000e+00
   1.547498000e-01  -3.451210000e+00   1.880890000e+00
  -3.855970000e-01  -2.634800000e+00   1.968380000e+00
  -9.120400000e-01  -2.634800000e+00   1.992140000e+00
  -1.477120000e+00  -2.634800000e+00   1.918500000e+00
  -2.037750000e+00  -2.634800000e+00   1.679610000e+00
  -2.436220000e+00  -2.634800000e+00   1.211050000e+00
  -2.560390000e+00  -2.634800000e+00   6.094890000e-01
  -2.486530000e+00  -2.634800000e+00   2.745980000e-02
  -2.309860000e+00  -2.634800000e+00  -4.881260000e-01
  -2.070750000e+00  -2.634800000e+00  -9.456500000e-01
  -1.761310000e+00  -2.634800000e+00  -1.349250000e+00
  -1.361030000e+00  -2.634800000e+00  -1.662020000e+00
  -8.959100000e-01  -2.634800000e+00  -1.877590000e+00
  -3.855970000e-01  -2.634800000e+00  -1.979180000e+00
   1.350423000e-01  -2.634800000e+00  -1.916940000e+00
   5.399720000e-01  -2.634800000e+00  -1.576580000e+00
   7.824200000e-01  -2.634800000e+00  -1.141560000e+00
   9.460360000e-01  -2.634800000e+00  -7.416920000e-01
   1.069928000e+00  -2.634800000e+00  -3.630050000e-01
   1.100816000e+00  -2.634800000e+00   2.745980000e-02
   1.039447000e+00  -2.634800000e+00   4.091120000e-01
   9.032710000e-01  -2.634800000e+00   7.710300000e-01
   7.373320000e-01  -2.634800000e+00   1.150390000e+00
   4.957340000e-01  -2.634800000e+00   1.553720000e+00
   1.065627000e-01  -2.634800000e+00   1.864660000e+00
  -4.433260000e-01  -1.818380000e+00   1.934200000e+00
  -9.782400000e-01  -1.818380000e+00   1.965590000e+00
  -1.554650000e+00  -1.818380000e+00   1.895840000e+00
  -2.122030000e+00  -1.818380000e+00   1.649580000e+00
  -2.514820000e+00  -1.818380000e+00   1.167100000e+00
  -2.671740000e+00  -1.818380000e+00   5.689140000e-01
  -2.656190000e+00  -1.818380000e+00  -2.812100000e-02
  -2.520510000e+00  -1.818380000e+00  -5.854290000e-01
  -2.288080000e+00  -1.818380000e+00  -1.093880000e+00
  -1.942990000e+00  -1.818380000e+00  -1.527780000e+00
  -1.485350000e+00  -1.818380000e+00  -1.832770000e+00
  -9.757300000e-01  -1.818380000e+00  -2.015960000e+00
  -4.433260000e-01  -1.818380000e+00  -2.083930000e+00
   8.957860000e-02  -1.818380000e+00  -2.019160000e+00
   5.198180000e-01  -1.818380000e+00  -1.697220000e+00
   7.839560000e-01  -1.818380000e+00  -1.256400000e+00
   9.538180000e-01  -1.818380000e+00  -8.351490000e-01
   1.073702000e+00  -1.818380000e+00  -4.345870000e-01
   1.052085000e+00  -1.818380000e+00  -2.812100000e-02
   9.404930000e-01  -1.818380000e+00   3.424430000e-01
   8.025080000e-01  -1.818380000e+00   6.910710000e-01
   6.567980000e-01  -1.818380000e+00   1.072003000e+00
   4.391820000e-01  -1.818380000e+00   1.501410000e+00
   5.352000000e-02  -1.818380000e+00   1.827870000e+00
  -4.997900000e-01  -1.002960000e+00   1.881430000e+00
  -1.033530000e+00  -1.002960000e+00   1.914250000e+00
  -1.606820000e+00  -1.002960000e+00   1.840690000e+00
  -2.162170000e+00  -1.002960000e+00   1.585630000e+00
  -2.548020000e+00  -1.002960000e+00   1.105420000e+00
  -2.755340000e+00  -1.002960000e+00   5.270110000e-01
  -2.820630000e+00  -1.002960000e+00  -7.674500000e-02
  -2.751860000e+00  -1.002960000e+00  -6.804180000e-01
  -2.537810000e+00  -1.002960000e+00  -1.253590000e+00
  -2.143140000e+00  -1.002960000e+00  -1.721100000e+00
  -1.612750000e+00  -1.002960000e+00  -2.004330000e+00
  -1.051720000e+00  -1.002960000e+00  -2.135720000e+00
  -4.997900000e-01  -1.002960000e+00  -2.155320000e+00
   3.484250000e-02  -1.002960000e+00  -2.073430000e+00
   4.765970000e-01  -1.002960000e+00  -1.768230000e+00
   7.457660000e-01  -1.002960000e+00  -1.322300000e+00
   9.129660000e-01  -1.002960000e+00  -8.923440000e-01
   1.034203000e+00  -1.002960000e+00  -4.879380000e-01
   1.010835000e+00  -1.002960000e+00  -7.674500000e-02
   8.835370000e-01  -1.002960000e+00   2.940410000e-01
   7.423420000e-01  -1.002960000e+00   6.397110000e-01
   6.044740000e-01  -1.002960000e+00   1.027519000e+00
   3.914980000e-01  -1.002960000e+00   1.466540000e+00
  -2.798000000e-03  -1.002960000e+00   1.777830000e+00
  -6.046040000e-01  -3.545410000e-01   1.743920000e+00
  -1.308210000e-01  -3.545410000e-01   1.623500000e+00
   2.531060000e-01  -3.545410000e-01   1.342330000e+00
   3.877300000e-01  -3.545410000e-01   8.500400000e-01
   4.613140000e-01  -3.545410000e-01   4.728270000e-01
   5.846230000e-01  -3.545410000e-01   1.765790000e-01
   7.999060000e-01  -3.545410000e-01  -1.422940000e-01
   8.892870000e-01  -3.545410000e-01  -5.422310000e-01
   7.891980000e-01  -3.545410000e-01  -9.472100000e-01
   6.332500000e-01  -3.545410000e-01  -1.380150000e+00
   3.571910000e-01  -3.545410000e-01  -1.808640000e+00
  -9.086740000e-02  -3.545410000e-01  -2.057830000e+00
  -6.046040000e-01  -3.545410000e-01  -2.154930000e+00
  -1.151150000e+00  -3.545410000e-01  -2.184170000e+00
  -1.742530000e+00  -3.545410000e-01  -2.114460000e+00
  -2.335070000e+00  -3.545410000e-01  -1.872760000e+00
  -2.769710000e+00  -3.545410000e-01  -1.392350000e+00
  -2.964550000e+00  -3.545410000e-01  -7.751950000e-01
  -2.974280000e+00  -3.545410000e-01  -1.422940000e-01
  -2.848580000e+00  -3.545410000e-01   4.586340000e-01
  -2.606310000e+00  -3.545410000e-01   1.013010000e+00
  -2.233820000e+00  -3.545410000e-01   1.486920000e+00
  -1.693320000e+00  -3.545410000e-01   1.744490000e+00
  -1.124410000e+00  -3.545410000e-01   1.798470000e+00
  -1.379010000e+00  -3.992410000e-01  -1.756560000e+00
  -1.824400000e+00  -3.942410000e-01  -1.688080000e+00
  -1.480620000e+00  -3.910410000e-01   1.414180000e+00
  -1.108280000e+00  -4.105410000e-01   1.214420000e+00
  -1.666380000e+00  -4.585410000e-01  -1.995820000e-01
  -1.694130000e+00  -4.545410000e-01   2.240750000e-02
  -1.449400000e+00  -4.595410000e-01   7.551080000e-02
  -8.739570000e-02  -3.924410000e-01  -1.645020000e+00
  -1.294290000e+00  -4.665410000e-01  -4.155600000e-01
  -1.205660000e+00  -4.635410000e-01   1.295140000e-01
  -8.410200000e-01  -4.645410000e-01  -2.704690000e-01
  -2.074880000e+00  -4.370410000e-01  -6.736000000e-02
  -2.024460000e+00  -4.396410000e-01  -5.054050000e-01
  -2.482710000e+00  -4.069410000e-01  -3.735130000e-01
  -2.202280000e+00  -4.162410000e-01   4.442050000e-01
  -2.272140000e+00  -4.175410000e-01   2.153660000e-01
  -2.293800000e+00  -4.103410000e-01   4.000490000e-01
  -5.442840000e-01  -4.025410000e-01   1.186377000e+00
  -8.834630000e-01  -4.412410000e-01   6.874070000e-01
  -1.128650000e+00  -4.256410000e-01  -1.475060000e+00
  -1.100810000e+00  -4.373410000e-01  -1.302610000e+00
  -9.264480000e-01  -4.336410000e-01  -1.354360000e+00
  -1.640600000e+00  -4.382410000e-01   6.407010000e-01
  -1.629220000e+00  -4.180410000e-01   1.028097000e+00
  -1.519130000e+00  -4.310410000e-01   8.444650000e-01
  -2.125070000e+00  -4.041410000e-01  -1.356140000e+00
  -1.543030000e+00  -4.304410000e-01  -1.315380000e+00
  -4.645930000e-01  -3.993410000e-01  -1.714390000e+00
  -7.530840000e-01  -4.295410000e-01  -1.406120000e+00
  -3.220300000e-01  -4.229410000e-01  -1.343060000e+00
  -1.851260000e+00  -4.103410000e-01   1.009428000e+00
  -1.820430000e+00  -3.897410000e-01   1.320230000e+00
  -1.724330000e+00  -4.040410000e-01   1.175720000e+00
  -9.091330000e-01  -4.000410000e-01  -1.770810000e+00
  -2.071300000e+00  -3.996410000e-01   9.977690000e-01
   3.659090000e-01  -3.921410000e-01  -1.069070000e+00
   3.769000000e-01  -3.998410000e-01  -6.797960000e-01
   3.147690000e-01  -3.958410000e-01  -8.958800000e-02
  -1.654440000e+00  -4.555410000e-01  -5.794760000e-01
  -1.860940000e+00  -4.383410000e-01  -9.203200000e-01
  -2.606590000e-02  -4.078410000e-01   4.469250000e-01
  -1.757170000e-01  -4.335410000e-01  -1.814300000e-02
  -2.459190000e+00  -4.042410000e-01   1.288549000e-01
  -2.379880000e+00  -4.074410000e-01  -8.910110000e-01
   1.350850000e-01  -3.975410000e-01  -1.364360000e+00
  -9.822400000e-02  -4.290410000e-01  -9.362900000e-01
  -7.507900000e-02  -3.906410000e-01   1.033704000e+00
  -4.265530000e-01  -4.244410000e-01   7.185610000e-01
  -1.401630000e+00  -4.555410000e-01  -8.474780000e-01
  -2.091810000e+00  -4.179410000e-01   6.040500000e-01
  -2.088090000e+00  -4.286410000e-01   3.048770000e-01
  -3.651150000e-01  -4.401410000e-01  -9.734400000e-01
  -4.397650000e-01  -4.478410000e-01  -7.890790000e-01
  -1.149450000e+00  -4.434410000e-01   6.729200000e-01
  -1.255460000e+00  -4.295410000e-01   9.264260000e-01
  -1.071660000e+00  -4.359410000e-01   8.099160000e-01
  -1.971730000e+00  -4.151410000e-01   8.158630000e-01
  -2.081060000e+00  -4.090410000e-01   8.016550000e-01
  -1.871150000e+00  -4.298410000e-01   6.314670000e-01
  -1.721890000e+00  -4.497410000e-01   2.435970000e-01
  -1.904490000e+00  -4.404410000e-01   2.721370000e-01
  -1.129450000e+00  -4.655410000e-01  -5.673470000e-01
  -1.265090000e+00  -4.615410000e-01  -7.064130000e-01
  -9.628000000e-01  -4.625410000e-01  -7.161340000e-01
  -9.018100000e-01  -4.645410000e-01  -4.963020000e-01
  -7.100630000e-01  -4.605410000e-01  -5.480090000e-01
  -5.801880000e-01  -4.498410000e-01   2.147197000e-01
  -1.553420000e+00  -4.055410000e-01   1.219890000e+00
  -1.331650000e+00  -4.083410000e-01   1.217150000e+00
  -1.069980000e+00  -4.474410000e-01  -1.132160000e+00
  -8.473410000e-01  -4.487410000e-01  -1.072380000e+00
  -8.008130000e-01  -4.396410000e-01  -1.240750000e+00
  -1.306350000e+00  -4.545410000e-01   3.949740000e-01
  -1.096610000e+00  -4.489410000e-01   5.401910000e-01
  -9.155900000e-02  -4.338410000e-01  -4.306780000e-01
  -1.895380000e+00  -4.449410000e-01   8.616878000e-02
  -1.781380000e+00  -4.519410000e-01  -5.610700000e-02
  -1.235850000e+00  -4.524410000e-01  -9.918200000e-01
  -1.305400000e+00  -4.404410000e-01  -1.220270000e+00
  -1.353960000e+00  -4.486410000e-01  -1.035370000e+00
  -1.562470000e+00  -4.485410000e-01   4.447150000e-01
  -1.513620000e+00  -4.533410000e-01   3.166860000e-01
  -2.314470000e+00  -4.026410000e-01   5.846320000e-01
  -4.487610000e-01  -4.519410000e-01  -2.222100000e-01
  -3.054870000e-01  -4.458410000e-01  -5.151970000e-01
  -4.697670000e-01  -4.355410000e-01  -1.184330000e+00
  -3.417220000e-01  -4.318410000e-01  -1.159750000e+00
  -7.927020000e-01  -4.555410000e-01  -8.698600000e-01
  -9.318400000e-01  -4.523410000e-01  -9.995100000e-01
  -1.443340000e+00  -4.240410000e-01   9.795610000e-01
  -1.860210000e+00  -4.205410000e-01   8.209480000e-01
  -6.800180000e-01  -4.605410000e-01  -4.360930000e-01
  -4.817880000e-01  -4.539410000e-01  -4.134630000e-01
  -1.099180000e+00  -4.585410000e-01  -8.524800000e-01
  -6.902450000e-01  -4.394410000e-01  -1.214860000e+00
  -6.132760000e-01  -4.334410000e-01  -1.294720000e+00
  -5.171160000e-01  -4.545410000e-01  -5.997170000e-01
  -2.016060000e-01  -4.376410000e-01  -7.257420000e-01
  -1.098600000e+00  -4.665410000e-01  -4.554310000e-01
  -5.695100000e-01  -4.518410000e-01  -8.146560000e-01
  -6.550090000e-01  -4.555410000e-01  -7.357910000e-01
  -1.408040000e+00  -4.429410000e-01   6.543340000e-01
  -6.235050000e-01  -4.468410000e-01  -1.021590000e+00
  -1.181310000e+00  -4.605410000e-01  -7.803060000e-01
  -1.977620000e+00  -4.301410000e-01   4.666220000e-01
  -2.080980000e+00  -4.332410000e-01   1.197089000e-01
C Number of facets
  786
C  Size  Node 1  ......Node N Marker
    3    0    1    2    3
    3    0    2    3    3
    3    0    3    4    3
    3    0    4    5    3
    3    0    5    6    3
    3    0    6    7    3
    3    0    7    8    3
    3    0    8    9    3
    3    0    9   10    3
    3    0   10   11    3
    3    0   11   12    3
    3    0   12   13    3
    3    0   13   14    3
    3    0   14   15    3
    3    0   15   16    3
    3    0   16   17    3
    3    0   17   18    3
    3    0   18   19    3
    3    0   19   20    3
    3    0   20   21    3
    3    0   21   22    3
    3    0   22   23    3
    3    0   23   24    3
    3    0   24    1    3
    3    1   25   26    3
    3    1   26    2    3
    3    2   26   27    3
    3    2   27    3    3
    3    3   27   28    3
    3    3   28    4    3
    3    4   28   29    3
    3    4   29    5    3
    3    5   29   30    3
    3    5   30    6    3
    3    6   30   31    3
    3    6   31    7    3
    3    7   31   32    3
    3    7   32    8    3
    3    8   32   33    3
    3    8   33    9    3
    3    9   33   34    3
    3    9   34   10    3
    3   10   34   35    3
    3   10   35   11    3
    3   11   35   36    3
    3   11   36   12    3
    3   12   36   37    3
    3   12   37   13    3
    3   13   37   38    3
    3   13   38   14    3
    3   14   38   39    3
    3   14   39   15    3
    3   15   39   40    3
    3   15   40   16    3
    3   16   40   41    3
    3   16   41   17    3
    3   17   41   42    3
    3   17   42   18    3
    3   18   42   43    3
    3   18   43   19    3
    3   19   43   44    3
    3   19   44   20    3
    3   20   44   45    3
    3   20   45   21    3
    3   21   45   46    3
    3   21   46   22    3
    3   22   46   47    3
    3   22   47   23    3
    3   23   47   48    3
    3   23   48   24    3
    3   24   48   25    3
    3   24   25    1    3
    3   25   49   50    3
    3   25   50   26    3
    3   26   50   51    3
    3   26   51   27    3
    3   27   51   52    3
    3   27   52   28    3
    3   28   52   53    3
    3   28   53   29    3
    3   29   53   54    3
    3   29   54   30    3
    3   30   54   55    3
    3   30   55   31    3
    3   31   55   56    3
    3   31   56   32    3
    3   32   56   57    3
    3   32   57   33    3
    3   33   57   58    3
    3   33   58   34    3
    3   34   58   59    3
    3   34   59   35    3
    3   35   59   60    3
    3   35   60   36    3
    3   36   60   61    3
    3   36   61   37    3
    3   37   61   62    3
    3   37   62   38    3
    3   38   62   63    3
    3   38   63   39    3
    3   39   63   64    3
    3   39   64   40    3
    3   40   64   65    3
    3   40   65   41    3
    3   41   65   66    3
    3   41   66   42    3
    3   42   66   67    3
    3   42   67   43    3
    3   43   67   68    3
    3   43   68   44    3
    3   44   68   69    3
    3   44   69   45    3
    3   45   69   70    3
    3   45   70   46    3
    3   46   70   71    3
    3   46   71   47    3
    3   47   71   72    3
    3   47   72   48    3
    3   48   72   49    3
    3   48   49   25    3
    3   49   73   74    3
    3   49   74   50    3
    3   50   74   75    3
    3   50   75   51    3
    3   51   75   76    3
    3   51   76   52    3
    3   52   76   77    3
    3   52   77   53    3
    3   53   77   78    3
    3   53   78   54    3
    3   54   78   79    3
    3   54   79   55    3
    3   55   79   80    3
    3   55   80   56    3
    3   56   80   81    3
    3   56   81   57    3
    3   57   81   82    3
    3   57   82   58    3
    3   58   82   83    3
    3   58   83   59    3
    3   59   83   84    3
    3   59   84   60    3
    3   60   84   85    3
    3   60   85   61    3
    3   61   85   86    3
    3   61   86   62    3
    3   62   86   87    3
    3   62   87   63    3
    3   63   87   88    3
    3   63   88   64    3
    3   64   88   89    3
    3   64   89   65    3
    3   65   89   90    3
    3   65   90   66    3
    3   66   90   91    3
    3   66   91   67    3
    3   67   91   92    3
    3   67   92   68    3
    3   68   92   93    3
    3   68   93   69    3
    3   69   93   94    3
    3   69   94   70    3
    3   70   94   95    3
    3   70   95   71    3
    3   71   95   96    3
    3   71   96   72    3
    3   72   96   73    3
    3   72   73   49    3
    3   73   97   98    3
    3   73   98   74    3
    3   74   98   99    3
    3   74   99   75    3
    3   75   99  100    3
    3   75  100   76    3
    3   76  100  101    3
    3   76  101   77    3
    3   77  101  102    3
    3   77  102   78    3
    3   78  102  103    3
    3   78  103   79    3
    3   79  103  104    3
    3   79  104   80    3
    3   80  104  105    3
    3   80  105   81    3
    3   81  105  106    3
    3   81  106   82    3
    3   82  106  107    3
    3   82  107   83    3
    3   83  107  108    3
    3   83  108   84    3
    3   84  108  109    3
    3   84  109   85    3
    3   85  109  110    3
    3   85  110   86    3
    3   86  110  111    3
    3   86  111   87    3
    3   87  111  112    3
    3   87  112   88    3
    3   88  112  113    3
    3   88  113   89    3
    3   89  113  114    3
    3   89  114   90    3
    3   90  114  115    3
    3   90  115   91    3
    3   91  115  116    3
    3   91  116   92    3
    3   92  116  117    3
    3   92  117   93    3
    3   93  117  118    3
    3   93  118   94    3
    3   94  118  119    3
    3   94  119   95    3
    3   95  119  120    3
    3   95  120   96    3
    3   96  120   97    3
    3   96   97   73    3
    3   97  121  122    3
    3   97  122   98    3
    3   98  122  123    3
    3   98  123   99    3
    3   99  123  124    3
    3   99  124  100    3
    3  100  124  125    3
    3  100  125  101    3
    3  101  125  126    3
    3  101  126  102    3
    3  102  126  127    3
    3  102  127  103    3
    3  103  127  128    3
    3  103  128  104    3
    3  104  128  129    3
    3  104  129  105    3
    3  105  129  130    3
    3  105  130  106    3
    3  106  130  131    3
    3  106  131  107    3
    3  107  131  132    3
    3  107  132  108    3
    3  108  132  133    3
    3  108  133  109    3
    3  109  133  134    3
    3  109  134  110    3
    3  110  134  135    3
    3  110  135  111    3
    3  111  135  136    3
    3  111  136  112    3
    3  112  136  137    3
    3  112  137  113    3
    3  113  137  138    3
    3  113  138  114    3
    3  114  138  139    3
    3  114  139  115    3
    3  115  139  140    3
    3  115  140  116    3
    3  116  140  141    3
    3  116  141  117    3
    3  117  141  142    3
    3  117  142  118    3
    3  118  142  143    3
    3  118  143  119    3
    3  119  143  144    3
    3  119  144  120    3
    3  120  144  121    3
    3  120  121   97    3
    3  121  145  146    3
    3  121  146  122    3
    3  122  146  147    3
    3  122  147  123    3
    3  123  147  148    3
    3  123  148  124    3
    3  124  148  149    3
    3  124  149  125    3
    3  125  149  150    3
    3  125  150  126    3
    3  126  150  151    3
    3  126  151  127    3
    3  127  151  152    3
    3  127  152  128    3
    3  128  152  153    3
    3  128  153  129    3
    3  129  153  154    3
    3  129  154  130    3
    3  130  154  155    3
    3  130  155  131    3
    3  131  155  156    3
    3  131  156  132    3
    3  132  156  157    3
    3  132  157  133    3
    3  133  157  158    3
    3  133  158  134    3
    3  134  158  159    3
    3  134  159  135    3
    3  135  159  160    3
    3  135  160  136    3
    3  136  160  161    3
    3  136  161  137    3
    3  137  161  162    3
    3  137  162  138    3
    3  138  162  163    3
    3  138  163  139    3
    3  139  163  164    3
    3  139  164  140    3
    3  140  164  165    3
    3  140  165  141    3
    3  141  165  166    3
    3  141  166  142    3
    3  142  166  167    3
    3  142  167  143    3
    3  143  167  168    3
    3  143  168  144    3
    3  144  168  145    3
    3  144  145  121    3
    3  145  169  170    3
    3  145  170  146    3
    3  146  170  171    3
    3  146  171  147    3
    3  147  171  172    3
    3  147  172  148    3
    3  148  172  173    3
    3  148  173  149    3
    3  149  173  174    3
    3  149  174  150    3
    3  150  174  175    3
    3  150  175  151    3
    3  151  175  176    3
    3  151  176  152    3
    3  152  176  177    3
    3  152  177  153    3
    3  153  177  178    3
    3  153  178  154    3
    3  154  178  179    3
    3  154  179  155    3
    3  155  179  180    3
    3  155  180  156    3
    3  156  180  181    3
    3  156  181  157    3
    3  157  181  182    3
    3  157  182  158    3
    3  158  182  183    3
    3  158  183  159    3
    3  159  183  184    3
    3  159  184  160    3
    3  160  184  185    3
    3  160  185  161    3
    3  161  185  186    3
    3  161  186  162    3
    3  162  186  187    3
    3  162  187  163    3
    3  163  187  188    3
    3  163  188  164    3
    3  164  188  189    3
    3  164  189  165    3
    3  165  189  190    3
    3  165  190  166    3
    3  166  190  191    3
    3  166  191  167    3
    3  167  191  192    3
    3  167  192  168    3
    3  168  192  169    3
    3  168  169  145    3
    3  169  193  194    3
    3  169  194  170    3
    3  170  194  195    3
    3  170  195  171    3
    3  171  195  196    3
    3  171  196  172    3
    3  172  196  197    3
    3  172  197  173    3
    3  173  197  198    3
    3  173  198  174    3
    3  174  198  199    3
    3  174  199  175    3
    3  175  199  200    3
    3  175  200  176    3
    3  176  200  201    3
    3  176  201  177    3
    3  177  201  202    3
    3  177  202  178    3
    3  178  202  203    3
    3  178  203  179    3
    3  179  203  204    3
    3  179  204  180    3
    3  180  204  205    3
    3  180  205  181    3
    3  181  205  206    3
    3  181  206  182    3
    3  182  206  207    3
    3  182  207  183    3
    3  183  207  208    3
    3  183  208  184    3
    3  184  208  209    3
    3  184  209  185    3
    3  185  209  210    3
    3  185  210  186    3
    3  186  210  211    3
    3  186  211  187    3
    3  187  211  212    3
    3  187  212  188    3
    3  188  212  213    3
    3  188  213  189    3
    3  189  213  214    3
    3  189  214  190    3
    3  190  214  215    3
    3  190  215  191    3
    3  191  215  216    3
    3  191  216  192    3
    3  192  216  193    3
    3  192  193  169    3
    3  193  217  218    3
    3  193  218  194    3
    3  194  218  219    3
    3  194  219  195    3
    3  195  219  220    3
    3  195  220  196    3
    3  196  220  221    3
    3  196  221  197    3
    3  197  221  222    3
    3  197  222  198    3
    3  198  222  223    3
    3  198  223  199    3
    3  199  223  224    3
    3  199  224  200    3
    3  200  224  225    3
    3  200  225  201    3
    3  201  225  226    3
    3  201  226  202    3
    3  202  226  227    3
    3  202  227  203    3
    3  203  227  228    3
    3  203  228  204    3
    3  204  228  229    3
    3  204  229  205    3
    3  205  229  230    3
    3  205  230  206    3
    3  206  230  231    3
    3  206  231  207    3
    3  207  231  232    3
    3  207  232  208    3
    3  208  232  233    3
    3  208  233  209    3
    3  209  233  234    3
    3  209  234  210    3
    3  210  234  235    3
    3  210  235  211    3
    3  211  235  236    3
    3  211  236  212    3
    3  212  236  237    3
    3  212  237  213    3
    3  213  237  238    3
    3  213  238  214    3
    3  214  238  239    3
    3  214  239  215    3
    3  215  239  240    3
    3  215  240  216    3
    3  216  240  217    3
    3  216  217  193    3
    3  217  241  242    3
    3  217  242  218    3
    3  218  242  243    3
    3  218  243  219    3
    3  219  243  244    3
    3  219  244  220    3
    3  220  244  245    3
    3  220  245  221    3
    3  221  245  246    3
    3  221  246  222    3
    3  222  246  247    3
    3  222  247  223    3
    3  223  247  248    3
    3  223  248  224    3
    3  224  248  249    3
    3  224  249  225    3
    3  225  249  250    3
    3  225  250  226    3
    3  226  250  251    3
    3  226  251  227    3
    3  227  251  252    3
    3  227  252  228    3
    3  228  252  253    3
    3  228  253  229    3
    3  229  253  254    3
    3  229  254  230    3
    3  230  254  255    3
    3  230  255  231    3
    3  231  255  256    3
    3  231  256  232    3
    3  232  256  257    3
    3  232  257  233    3
    3  233  257  258    3
    3  233  258  234    3
    3  234  258  259    3
    3  234  259  235    3
    3  235  259  260    3
    3  235  260  236    3
    3  236  260  261    3
    3  236  261  237    3
    3  237  261  262    3
    3  237  262  238    3
    3  238  262  263    3
    3  238  263  239    3
    3  239  263  264    3
    3  239  264  240    3
    3  240  264  241    3
    3  240  241  217    3
    3  264  265  241    3
    3  264  266  265    3
    3  263  266  264    3
    3  263  267  266    3
    3  262  267  263    3
    3  262  268  267    3
    3  261  268  262    3
    3  261  269  268    3
    3  260  269  261    3
    3  260  270  269    3
    3  259  270  260    3
    3  259  271  270    3
    3  258  271  259    3
    3  258  272  271    3
    3  257  272  258    3
    3  257  273  272    3
    3  256  273  257    3
    3  256  274  273    3
    3  255  274  256    3
    3  255  275  274    3
    3  254  275  255    3
    3  254  276  275    3
    3  253  276  254    3
    3  253  277  276    3
    3  252  277  253    3
    3  252  278  277    3
    3  251  278  252    3
    3  251  279  278    3
    3  250  279  251    3
    3  250  280  279    3
    3  249  280  250    3
    3  249  281  280    3
    3  248  281  249    3
    3  248  282  281    3
    3  247  282  248    3
    3  247  283  282    3
    3  246  283  247    3
    3  246  284  283    3
    3  245  284  246    3
    3  245  285  284    3
    3  244  285  245    3
    3  244  286  285    3
    3  243  286  244    3
    3  243  287  286    3
    3  242  287  243    3
    3  242  288  287    3
    3  241  288  242    3
    3  241  265  288    3
    3  289  279  290    1
    3  291  288  292    1
    3  293  294  295    3
    3  296  275  276    1
    3  297  298  299    1
    3  300  301  302    1
    3  303  304  305    3
    3  292  306  307    1
    3  308  309  310    4
    3  300  293  301    1
    3  311  312  313    3
    3  290  314  315    1
    3  316  317  318    1
    3  319  320  321    3
    3  317  322  308    1
    3  286  323  285    1
    3  286  287  320    1
    3  298  297  293    1
    3  324  325  273    1
    3  326  271  272    1
    3  327  328  301    1
    3  329  326  330    1
    3  300  331  304    1
    3  332  282  302    1
    3  272  325  326    1
    3  296  276  316    1
    3  296  333  275    1
    3  324  334  325    1
    3  335  329  336    1
    3  315  328  337    1
    3  338  339  303    3
    3  334  340  341    4
    3  279  289  278    1
    3  274  275  333    1
    3  322  278  289    1
    3  342  343  344    3
    3  332  301  328    1
    3  314  290  280    1
    3  345  338  346    3
    3  324  333  334    1
    3  277  316  276    1
    3  266  267  335    1
    3  288  291  287    1
    3  347  348  349    3
    3  316  322  317    1
    3  297  350  351    4
    3  327  301  293    1
    3  283  331  302    1
    3  352  353  354    4
    3  326  269  270    1
    3  332  302  301    1
    3  355  299  298    1
    3  312  356  357    3
    3  330  355  329    1
    3  336  306  335    1
    3  271  326  270    1
    3  358  359  360    4
    3  298  361  362    3
    3  283  302  282    1
    3  336  329  355    1
    3  326  363  330    1
    3  265  292  288    1
    3  300  364  365    3
    3  366  367  368    4
    3  333  318  334    1
    3  369  361  370    3
    3  327  293  297    1
    3  278  322  277    1
    3  320  291  356    3
    3  371  285  323    1
    3  363  325  334    1
    3  371  331  284    1
    3  364  339  349    3
    3  268  335  267    1
    3  372  363  373    4
    3  280  290  279    1
    3  266  306  265    1
    3  316  277  322    1
    3  328  315  314    1
    3  308  315  367    1
    3  355  330  372    1
    3  327  297  337    1
    3  280  281  314    1
    3  374  340  375    4
    3  296  316  318    1
    3  352  376  377    4
    3  355  307  336    1
    3  292  343  378    3
    3  326  325  363    1
    3  320  287  291    1
    3  345  319  379    3
    3  380  372  381    4
    3  358  366  382    4
    3  268  329  335    1
    3  273  274  324    1
    3  336  307  306    1
    3  265  306  292    1
    3  296  318  333    1
    3  383  374  384    4
    3  329  268  269    1
    3  385  373  386    4
    3  333  324  274    1
    3  283  284  331    1
    3  298  307  355    1
    3  299  353  387    4
    3  308  289  315    1
    3  273  325  272    1
    3  327  337  328    1
    3  388  376  389    4
    3  314  332  328    1
    3  281  282  332    1
    3  315  289  290    1
    3  363  372  330    1
    3  355  372  299    1
    3  285  371  284    1
    3  314  281  332    1
    3  269  326  329    1
    3  369  347  311    3
    3  266  335  306    1
    3  286  320  323    1
    3  308  322  289    1
    3  300  302  331    1
    3  343  390  313    3
    3  292  307  344    3
    3  298  348  370    3
    3  361  390  342    3
    3  343  342  390    3
    3  342  307  362    3
    3  347  369  348    3
    3  361  369  390    3
    3  369  311  390    3
    3  312  311  347    3
    3  311  313  390    3
    3  313  312  378    3
    3  298  362  307    3
    3  342  362  361    3
    3  342  344  307    3
    3  292  344  343    3
    3  369  370  348    3
    3  298  370  361    3
    3  292  378  312    3
    3  313  378  343    3
    3  334  318  375    4
    3  340  391  388    4
    3  318  317  384    4
    3  340  374  391    4
    3  352  385  389    4
    3  376  391  359    4
    3  376  388  391    4
    3  388  385  341    4
    3  359  391  383    4
    3  359  358  377    4
    3  374  383  391    4
    3  383  317  360    4
    3  374  375  318    4
    3  334  375  340    4
    3  334  341  385    4
    3  388  341  340    4
    3  388  389  385    4
    3  352  389  376    4
    3  352  377  358    4
    3  359  377  376    4
    3  358  360  317    4
    3  383  360  359    4
    3  383  384  317    4
    3  318  384  374    4
    3  367  358  309    4
    3  315  337  368    1
    3  353  352  350    4
    3  353  299  380    4
    3  372  380  299    4
    3  380  385  354    4
    3  350  352  392    4
    3  350  297  387    4
    3  366  337  392    4
    3  367  366  358    4
    3  363  334  386    4
    3  373  385  381    4
    3  392  337  351    4
    3  392  352  382    4
    3  380  381  385    4
    3  373  381  372    4
    3  358  317  310    4
    3  367  309  308    4
    3  385  386  334    4
    3  363  386  373    4
    3  366  368  337    4
    3  315  368  367    1
    3  299  387  297    4
    3  350  387  353    4
    3  352  354  385    4
    3  380  354  353    4
    3  358  382  352    4
    3  392  382  366    4
    3  297  351  337    4
    3  392  351  350    4
    3  308  310  317    4
    3  358  310  309    4
    3  312  347  379    3
    3  320  319  323    3
    3  371  323  346    3
    3  338  347  393    3
    3  364  300  394    3
    3  364  348  294    3
    3  319  345  323    3
    3  338  345  347    3
    3  348  298  295    3
    3  294  293  365    3
    3  304  339  394    3
    3  331  371  305    1
    3  364  349  348    3
    3  349  339  393    3
    3  338  393  339    3
    3  349  393  347    3
    3  338  303  371    3
    3  304  303  339    3
    3  356  312  321    3
    3  291  292  357    3
    3  364  394  339    3
    3  304  394  300    3
    3  319  321  312    3
    3  356  321  320    3
    3  293  295  298    3
    3  348  295  294    3
    3  312  357  292    3
    3  291  357  356    3
    3  345  346  323    3
    3  371  346  338    3
    3  303  305  371    3
    3  331  305  304    1
    3  345  379  347    3
    3  312  379  319    3
    3  300  365  293    3
    3  294  365  364    3
C Prescribed Values(Inlet, Outlet), InteractionSurface(Inlet, Outlet)
       3        1        0        2        2        2
C Inlet Velocity
C     Vx,           Vy,            Vz,    indVx,indVy,indVz, FunID (3E18.9, 4I5)
   0.000000000e+00   1.000000000e+00   0.000000000e+00    1    0    1    4
C Inlet Pressure, FunID (E18.9,I5)
   1.000000000e+00    3
C Outlet Pressure (E18.9,I5)
   1.000000000e+00    2
C Inlet Velocity
C nNodeID,    Vx,           Vy,            Vz (I5, 3E18.9)
  265
    1   0.000000000e+00   0.000000000e+00   0.000000000e+00
    2   0.000000000e+00   0.000000000e+00   0.000000000e+00
    3   0.000000000e+00   0.000000000e+00   0.000000000e+00
    4   0.000000000e+00   0.000000000e+00   0.000000000e+00
    5   0.000000000e+00   0.000000000e+00   0.000000000e+00
    6   0.000000000e+00   0.000000000e+00   0.000000000e+00
    7   0.000000000e+00   0.000000000e+00   0.000000000e+00
    8   0.000000000e+00   0.000000000e+00   0.000000000e+00
    9   0.000000000e+00   0.000000000e+00   0.000000000e+00
   10   0.000000000e+00   0.000000000e+00   0.000000000e+00
   11   0.000000000e+00   0.000000000e+00   0.000000000e+00
   12   0.000000000e+00   0.000000000e+00   0.000000000e+00
   13   0.000000000e+00   0.000000000e+00   0.000000000e+00
   14   0.000000000e+00   0.000000000e+00   0.000000000e+00
   15   0.000000000e+00   0.000000000e+00   0.000000000e+00
   16   0.000000000e+00   0.000000000e+00   0.000000000e+00
   17   0.000000000e+00   0.000000000e+00   0.000000000e+00
   18   0.000000000e+00   0.000000000e+00   0.000000000e+00
   19   0.000000000e+00   0.000000000e+00   0.000000000e+00
   20   0.000000000e+00   0.000000000e+00   0.000000000e+00
   21   0.000000000e+00   0.000000000e+00   0.000000000e+00
   22   0.000000000e+00   0.000000000e+00   0.000000000e+00
   23   0.000000000e+00   0.000000000e+00   0.000000000e+00
   24   0.000000000e+00   0.000000000e+00   0.000000000e+00
   25   0.000000000e+00   0.000000000e+00   0.000000000e+00
   26   0.000000000e+00   0.000000000e+00   0.000000000e+00
   27   0.000000000e+00   0.000000000e+00   0.000000000e+00
   28   0.000000000e+00   0.000000000e+00   0.000000000e+00
   29   0.000000000e+00   0.000000000e+00   0.000000000e+00
   30   0.000000000e+00   0.000000000e+00   0.000000000e+00
   31   0.000000000e+00   0.000000000e+00   0.000000000e+00
   32   0.000000000e+00   0.000000000e+00   0.000000000e+00
   33   0.000000000e+00   0.000000000e+00   0.000000000e+00
   34   0.000000000e+00   0.000000000e+00   0.000000000e+00
   35   0.000000000e+00   0.000000000e+00   0.000000000e+00
   36   0.000000000e+00   0.000000000e+00   0.000000000e+00
   37   0.000000000e+00   0.000000000e+00   0.000000000e+00
   38   0.000000000e+00   0.000000000e+00   0.000000000e+00
   39   0.000000000e+00   0.000000000e+00   0.000000000e+00
   40   0.000000000e+00   0.000000000e+00   0.000000000e+00
   41   0.000000000e+00   0.000000000e+00   0.000000000e+00
   42   0.000000000e+00   0.000000000e+00   0.000000000e+00
   43   0.000000000e+00   0.000000000e+00   0.000000000e+00
   44   0.000000000e+00   0.000000000e+00   0.000000000e+00
   45   0.000000000e+00   0.000000000e+00   0.000000000e+00
   46   0.000000000e+00   0.000000000e+00   0.000000000e+00
   47   0.000000000e+00   0.000000000e+00   0.000000000e+00
   48   0.000000000e+00   0.000000000e+00   0.000000000e+00
   49   0.000000000e+00   0.000000000e+00   0.000000000e+00
   50   0.000000000e+00   0.000000000e+00   0.000000000e+00
   51   0.000000000e+00   0.000000000e+00   0.000000000e+00
   52   0.000000000e+00   0.000000000e+00   0.000000000e+00
   53   0.000000000e+00   0.000000000e+00   0.000000000e+00
   54   0.000000000e+00   0.000000000e+00   0.000000000e+00
   55   0.000000000e+00   0.000000000e+00   0.000000000e+00
   56   0.000000000e+00   0.000000000e+00   0.000000000e+00
   57   0.000000000e+00   0.000000000e+00   0.000000000e+00
   58   0.000000000e+00   0.000000000e+00   0.000000000e+00
   59   0.000000000e+00   0.000000000e+00   0.000000000e+00
   60   0.000000000e+00   0.000000000e+00   0.000000000e+00
   61   0.000000000e+00   0.000000000e+00   0.000000000e+00
   62   0.000000000e+00   0.000000000e+00   0.000000000e+00
   63   0.000000000e+00   0.000000000e+00   0.000000000e+00
   64   0.000000000e+00   0.000000000e+00   0.000000000e+00
   65   0.000000000e+00   0.000000000e+00   0.000000000e+00
   66   0.000000000e+00   0.000000000e+00   0.000000000e+00
   67   0.000000000e+00   0.000000000e+00   0.000000000e+00
   68   0.000000000e+00   0.000000000e+00   0.000000000e+00
   69   0.000000000e+00   0.000000000e+00   0.000000000e+00
   70   0.000000000e+00   0.000000000e+00   0.000000000e+00
   71   0.000000000e+00   0.000000000e+00   0.000000000e+00
   72   0.000000000e+00   0.000000000e+00   0.000000000e+00
   73   0.000000000e+00   0.000000000e+00   0.000000000e+00
   74   0.000000000e+00   0.000000000e+00   0.000000000e+00
   75   0.000000000e+00   0.000000000e+00   0.000000000e+00
   76   0.000000000e+00   0.000000000e+00   0.000000000e+00
   77   0.000000000e+00   0.000000000e+00   0.000000000e+00
   78   0.000000000e+00   0.000000000e+00   0.000000000e+00
   79   0.000000000e+00   0.000000000e+00   0.000000000e+00
   80   0.000000000e+00   0.000000000e+00   0.000000000e+00
   81   0.000000000e+00   0.000000000e+00   0.000000000e+00
   82   0.000000000e+00   0.000000000e+00   0.000000000e+00
   83   0.000000000e+00   0.000000000e+00   0.000000000e+00
   84   0.000000000e+00   0.000000000e+00   0.000000000e+00
   85   0.000000000e+00   0.000000000e+00   0.000000000e+00
   86   0.000000000e+00   0.000000000e+00   0.000000000e+00
   87   0.000000000e+00   0.000000000e+00   0.000000000e+00
   88   0.000000000e+00   0.000000000e+00   0.000000000e+00
   89   0.000000000e+00   0.000000000e+00   0.000000000e+00
   90   0.000000000e+00   0.000000000e+00   0.000000000e+00
   91   0.000000000e+00   0.000000000e+00   0.000000000e+00
   92   0.000000000e+00   0.000000000e+00   0.000000000e+00
   93   0.000000000e+00   0.000000000e+00   0.000000000e+00
   94   0.000000000e+00   0.000000000e+00   0.000000000e+00
   95   0.000000000e+00   0.000000000e+00   0.000000000e+00
   96   0.000000000e+00   0.000000000e+00   0.000000000e+00
   97   0.000000000e+00   0.000000000e+00   0.000000000e+00
   98   0.000000000e+00   0.000000000e+00   0.000000000e+00
   99   0.000000000e+00   0.000000000e+00   0.000000000e+00
  100   0.000000000e+00   0.000000000e+00   0.000000000e+00
  101   0.000000000e+00   0.000000000e+00   0.000000000e+00
  102   0.000000000e+00   0.000000000e+00   0.000000000e+00
  103   0.000000000e+00   0.000000000e+00   0.000000000e+00
  104   0.000000000e+00   0.000000000e+00   0.000000000e+00
  105   0.000000000e+00   0.000000000e+00   0.000000000e+00
  106   0.000000000e+00   0.000000000e+00   0.000000000e+00
  107   0.000000000e+00   0.000000000e+00   0.000000000e+00
  108   0.000000000e+00   0.000000000e+00   0.000000000e+00
  109   0.000000000e+00   0.000000000e+00   0.000000000e+00
  110   0.000000000e+00   0.000000000e+00   0.000000000e+00
  111   0.000000000e+00   0.000000000e+00   0.000000000e+00
  112   0.000000000e+00   0.000000000e+00   0.000000000e+00
  113   0.000000000e+00   0.000000000e+00   0.000000000e+00
  114   0.000000000e+00   0.000000000e+00   0.000000000e+00
  115   0.000000000e+00   0.000000000e+00   0.000000000e+00
  116   0.000000000e+00   0.000000000e+00   0.000000000e+00
  117   0.000000000e+00   0.000000000e+00   0.000000000e+00
  118   0.000000000e+00   0.000000000e+00   0.000000000e+00
  119   0.000000000e+00   0.000000000e+00   0.000000000e+00
  120   0.000000000e+00   0.000000000e+00   0.000000000e+00
  121   0.000000000e+00   0.000000000e+00   0.000000000e+00
  122   0.000000000e+00   0.000000000e+00   0.000000000e+00
  123   0.000000000e+00   0.000000000e+00   0.000000000e+00
  124   0.000000000e+00   0.000000000e+00   0.000000000e+00
  125   0.000000000e+00   0.000000000e+00   0.000000000e+00
  126   0.000000000e+00   0.000000000e+00   0.000000000e+00
  127   0.000000000e+00   0.000000000e+00   0.000000000e+00
  128   0.000000000e+00   0.000000000e+00   0.000000000e+00
  129   0.000000000e+00   0.000000000e+00   0.000000000e+00
  130   0.000000000e+00   0.000000000e+00   0.000000000e+00
  131   0.000000000e+00   0.000000000e+00   0.000000000e+00
  132   0.000000000e+00   0.000000000e+00   0.000000000e+00
  133   0.000000000e+00   0.000000000e+00   0.000000000e+00
  134   0.000000000e+00   0.000000000e+00   0.000000000e+00
  135   0.000000000e+00   0.000000000e+00   0.000000000e+00
  136   0.000000000e+00   0.000000000e+00   0.000000000e+00
  137   0.000000000e+00   0.000000000e+00   0.000000000e+00
  138   0.000000000e+00   0.000000000e+00   0.000000000e+00
  139   0.000000000e+00   0.000000000e+00   0.000000000e+00
  140   0.000000000e+00   0.000000000e+00   0.000000000e+00
  141   0.000000000e+00   0.000000000e+00   0.000000000e+00
  142   0.000000000e+00   0.000000000e+00   0.000000000e+00
  143   0.000000000e+00   0.000000000e+00   0.000000000e+00
  144   0.000000000e+00   0.000000000e+00   0.000000000e+00
  145   0.000000000e+00   0.000000000e+00   0.000000000e+00
  146   0.000000000e+00   0.000000000e+00   0.000000000e+00
  147   0.000000000e+00   0.000000000e+00   0.000000000e+00
  148   0.000000000e+00   0.000000000e+00   0.000000000e+00
  149   0.000000000e+00   0.000000000e+00   0.000000000e+00
  150   0.000000000e+00   0.000000000e+00   0.000000000e+00
  151   0.000000000e+00   0.000000000e+00   0.000000000e+00
  152   0.000000000e+00   0.000000000e+00   0.000000000e+00
  153   0.000000000e+00   0.000000000e+00   0.000000000e+00
  154   0.000000000e+00   0.000000000e+00   0.000000000e+00
  155   0.000000000e+00   0.000000000e+00   0.000000000e+00
  156   0.000000000e+00   0.000000000e+00   0.000000000e+00
  157   0.000000000e+00   0.000000000e+00   0.000000000e+00
  158   0.000000000e+00   0.000000000e+00   0.000000000e+00
  159   0.000000000e+00   0.000000000e+00   0.000000000e+00
  160   0.000000000e+00   0.000000000e+00   0.000000000e+00
  161   0.000000000e+00   0.000000000e+00   0.000000000e+00
  162   0.000000000e+00   0.000000000e+00   0.000000000e+00
  163   0.000000000e+00   0.000000000e+00   0.000000000e+00
  164   0.000000000e+00   0.000000000e+00   0.000000000e+00
  165   0.000000000e+00   0.000000000e+00   0.000000000e+00
  166   0.000000000e+00   0.000000000e+00   0.000000000e+00
  167   0.000000000e+00   0.000000000e+00   0.000000000e+00
  168   0.000000000e+00   0.000000000e+00   0.000000000e+00
  169   0.000000000e+00   0.000000000e+00   0.000000000e+00
  170   0.000000000e+00   0.000000000e+00   0.000000000e+00
  171   0.000000000e+00   0.000000000e+00   0.000000000e+00
  172   0.000000000e+00   0.000000000e+00   0.000000000e+00
  173   0.000000000e+00   0.000000000e+00   0.000000000e+00
  174   0.000000000e+00   0.000000000e+00   0.000000000e+00
  175   0.000000000e+00   0.000000000e+00   0.000000000e+00
  176   0.000000000e+00   0.000000000e+00   0.000000000e+00
  177   0.000000000e+00   0.000000000e+00   0.000000000e+00
  178   0.000000000e+00   0.000000000e+00   0.000000000e+00
  179   0.000000000e+00   0.000000000e+00   0.000000000e+00
  180   0.000000000e+00   0.000000000e+00   0.000000000e+00
  181   0.000000000e+00   0.000000000e+00   0.000000000e+00
  182   0.000000000e+00   0.000000000e+00   0.000000000e+00
  183   0.000000000e+00   0.000000000e+00   0.000000000e+00
  184   0.000000000e+00   0.000000000e+00   0.000000000e+00
  185   0.000000000e+00   0.000000000e+00   0.000000000e+00
  186   0.000000000e+00   0.000000000e+00   0.000000000e+00
  187   0.000000000e+00   0.000000000e+00   0.000000000e+00
  188   0.000000000e+00   0.000000000e+00   0.000000000e+00
  189   0.000000000e+00   0.000000000e+00   0.000000000e+00
  190   0.000000000e+00   0.000000000e+00   0.000000000e+00
  191   0.000000000e+00   0.000000000e+00   0.000000000e+00
  192   0.000000000e+00   0.000000000e+00   0.000000000e+00
  193   0.000000000e+00   0.000000000e+00   0.000000000e+00
  194   0.000000000e+00   0.000000000e+00   0.000000000e+00
  195   0.000000000e+00   0.000000000e+00   0.000000000e+00
  196   0.000000000e+00   0.000000000e+00   0.000000000e+00
  197   0.000000000e+00   0.000000000e+00   0.000000000e+00
  198   0.000000000e+00   0.000000000e+00   0.000000000e+00
  199   0.000000000e+00   0.000000000e+00   0.000000000e+00
  200   0.000000000e+00   0.000000000e+00   0.000000000e+00
  201   0.000000000e+00   0.000000000e+00   0.000000000e+00
  202   0.000000000e+00   0.000000000e+00   0.000000000e+00
  203   0.000000000e+00   0.000000000e+00   0.000000000e+00
  204   0.000000000e+00   0.000000000e+00   0.000000000e+00
  205   0.000000000e+00   0.000000000e+00   0.000000000e+00
  206   0.000000000e+00   0.000000000e+00   0.000000000e+00
  207   0.000000000e+00   0.000000000e+00   0.000000000e+00
  208   0.000000000e+00   0.000000000e+00   0.000000000e+00
  209   0.000000000e+00   0.000000000e+00   0.000000000e+00
  210   0.000000000e+00   0.000000000e+00   0.000000000e+00
  211   0.000000000e+00   0.000000000e+00   0.000000000e+00
  212   0.000000000e+00   0.000000000e+00   0.000000000e+00
  213   0.000000000e+00   0.000000000e+00   0.000000000e+00
  214   0.000000000e+00   0.000000000e+00   0.000000000e+00
  215   0.000000000e+00   0.000000000e+00   0.000000000e+00
  216   0.000000000e+00   0.000000000e+00   0.000000000e+00
  217   0.000000000e+00   0.000000000e+00   0.000000000e+00
  218   0.000000000e+00   0.000000000e+00   0.000000000e+00
  219   0.000000000e+00   0.000000000e+00   0.000000000e+00
  220   0.000000000e+00   0.000000000e+00   0.000000000e+00
  221   0.000000000e+00   0.000000000e+00   0.000000000e+00
  222   0.000000000e+00   0.000000000e+00   0.000000000e+00
  223   0.000000000e+00   0.000000000e+00   0.000000000e+00
  224   0.000000000e+00   0.000000000e+00   0.000000000e+00
  225   0.000000000e+00   0.000000000e+00   0.000000000e+00
  226   0.000000000e+00   0.000000000e+00   0.000000000e+00
  227   0.000000000e+00   0.000000000e+00   0.000000000e+00
  228   0.000000000e+00   0.000000000e+00   0.000000000e+00
  229   0.000000000e+00   0.000000000e+00   0.000000000e+00
  230   0.000000000e+00   0.000000000e+00   0.000000000e+00
  231   0.000000000e+00   0.000000000e+00   0.000000000e+00
  232   0.000000000e+00   0.000000000e+00   0.000000000e+00
  233   0.000000000e+00   0.000000000e+00   0.000000000e+00
  234   0.000000000e+00   0.000000000e+00   0.000000000e+00
  235   0.000000000e+00   0.000000000e+00   0.000000000e+00
  236   0.000000000e+00   0.000000000e+00   0.000000000e+00
  237   0.000000000e+00   0.000000000e+00   0.000000000e+00
  238   0.000000000e+00   0.000000000e+00   0.000000000e+00
  239   0.000000000e+00   0.000000000e+00   0.000000000e+00
  240   0.000000000e+00   0.000000000e+00   0.000000000e+00
  241   0.000000000e+00   0.000000000e+00   0.000000000e+00
  242   0.000000000e+00   0.000000000e+00   0.000000000e+00
  243   0.000000000e+00   0.000000000e+00   0.000000000e+00
  244   0.000000000e+00   0.000000000e+00   0.000000000e+00
  245   0.000000000e+00   0.000000000e+00   0.000000000e+00
  246   0.000000000e+00   0.000000000e+00   0.000000000e+00
  247   0.000000000e+00   0.000000000e+00   0.000000000e+00
  248   0.000000000e+00   0.000000000e+00   0.000000000e+00
  249   0.000000000e+00   0.000000000e+00   0.000000000e+00
  250   0.000000000e+00   0.000000000e+00   0.000000000e+00
  251   0.000000000e+00   0.000000000e+00   0.000000000e+00
  252   0.000000000e+00   0.000000000e+00   0.000000000e+00
  253   0.000000000e+00   0.000000000e+00   0.000000000e+00
  254   0.000000000e+00   0.000000000e+00   0.000000000e+00
  255   0.000000000e+00   0.000000000e+00   0.000000000e+00
  256   0.000000000e+00   0.000000000e+00   0.000000000e+00
  257   0.000000000e+00   0.000000000e+00   0.000000000e+00
  258   0.000000000e+00   0.000000000e+00   0.000000000e+00
  259   0.000000000e+00   0.000000000e+00   0.000000000e+00
  260   0.000000000e+00   0.000000000e+00   0.000000000e+00
  261   0.000000000e+00   0.000000000e+00   0.000000000e+00
  262   0.000000000e+00   0.000000000e+00   0.000000000e+00
  263   0.000000000e+00   0.000000000e+00   0.000000000e+00
  264   0.000000000e+00   0.000000000e+00   0.000000000e+00
  265   0.000000000e+00   0.000000000e+00   0.000000000e+00
C Region List
