C PointsNum,MaxElemVol,TetGenParams,nAtrib,IndMov,MDMaxVolume,MDomDiv,MDOnly,MDDivF,MDPrescP
  395    1.000000e+00 YYpznno2q1.414a     0     0    1.000000e+00     1     0     0     0     0     0 YYpznno2q1.414a
   9.178520000e-02  -8.227570000e+00   1.058190000e-01
   3.128771000e-01  -7.769820000e+00   1.069984000e+00
   4.454100000e-02  -7.769820000e+00   1.238048000e+00
  -2.488280000e-01  -7.769820000e+00   1.167233000e+00
  -4.622570000e-01  -7.769820000e+00   9.532300000e-01
  -6.004580000e-01  -7.769820000e+00   7.168930000e-01
  -6.898340000e-01  -7.769820000e+00   4.924290000e-01
  -7.217890000e-01  -7.769820000e+00   2.690960000e-01
  -6.370680000e-01  -7.769820000e+00   5.921200000e-02
  -5.315570000e-01  -7.769820000e+00  -1.007610000e-01
  -4.410870000e-01  -7.769820000e+00  -2.358680000e-01
  -3.655420000e-01  -7.769820000e+00  -3.807370000e-01
  -2.757010000e-01  -7.769820000e+00  -5.585250000e-01
  -1.291229000e-01  -7.769820000e+00  -7.463890000e-01
   9.255200000e-02  -7.769820000e+00  -8.238340000e-01
   3.353440000e-01  -7.769820000e+00  -8.253610000e-01
   5.874660000e-01  -7.769820000e+00  -7.714930000e-01
   8.185370000e-01  -7.769820000e+00  -6.368660000e-01
   9.497250000e-01  -7.769820000e+00  -4.044650000e-01
   9.191810000e-01  -7.769820000e+00  -1.299040000e-01
   8.234040000e-01  -7.769820000e+00   9.309800000e-02
   7.289050000e-01  -7.769820000e+00   2.692130000e-01
   6.461650000e-01  -7.769820000e+00   4.263840000e-01
   5.687470000e-01  -7.769820000e+00   5.970700000e-01
   4.716420000e-01  -7.769820000e+00   8.089680000e-01
   2.809166000e-01  -7.313070000e+00   1.362310000e+00
  -7.845200000e-02  -7.313070000e+00   1.470125000e+00
  -4.206990000e-01  -7.313070000e+00   1.307763000e+00
  -6.604050000e-01  -7.313070000e+00   1.035935000e+00
  -8.269280000e-01  -7.313070000e+00   7.706800000e-01
  -9.605200000e-01  -7.313070000e+00   5.253960000e-01
  -1.078600000e+00  -7.313070000e+00   2.756132000e-01
  -1.173030000e+00  -7.313070000e+00  -2.015000000e-03
  -1.213650000e+00  -7.313070000e+00  -3.178790000e-01
  -1.135598000e+00  -7.313070000e+00  -6.399010000e-01
  -9.121290000e-01  -7.313070000e+00  -8.843400000e-01
  -6.207920000e-01  -7.313070000e+00  -1.028840000e+00
  -3.180834000e-01  -7.313070000e+00  -1.099650000e+00
  -1.887100000e-02  -7.313070000e+00  -1.116470000e+00
   2.775210000e-01  -7.313070000e+00  -1.076909000e+00
   5.619010000e-01  -7.313070000e+00  -9.733710000e-01
   8.197500000e-01  -7.313070000e+00  -8.009380000e-01
   1.008134000e+00  -7.313070000e+00  -5.512580000e-01
   1.054986000e+00  -7.313070000e+00  -2.433868000e-01
   9.912410000e-01  -7.313070000e+00   4.820300000e-02
   8.921710000e-01  -7.313070000e+00   2.983610000e-01
   7.836970000e-01  -7.313070000e+00   5.283930000e-01
   6.715450000e-01  -7.313070000e+00   7.747270000e-01
   5.229450000e-01  -7.313070000e+00   1.064034000e+00
   2.927290000e-01  -6.856310000e+00   1.651160000e+00
  -1.389520000e-01  -6.856310000e+00   1.748930000e+00
  -5.387170000e-01  -6.856310000e+00   1.537374000e+00
  -8.164310000e-01  -6.856310000e+00   1.215688000e+00
  -1.012160000e+00  -6.856310000e+00   9.088940000e-01
  -1.171030000e+00  -6.856310000e+00   6.240600000e-01
  -1.318430000e+00  -6.856310000e+00   3.345288000e-01
  -1.446910000e+00  -6.856310000e+00   6.681000000e-03
  -1.522080000e+00  -6.856310000e+00  -3.785190000e-01
  -1.445860000e+00  -6.856310000e+00  -7.810640000e-01
  -1.170643000e+00  -6.856310000e+00  -1.084050000e+00
  -8.024120000e-01  -6.856310000e+00  -1.247200000e+00
  -4.282710000e-01  -6.856310000e+00  -1.313670000e+00
  -6.808500000e-02  -6.856310000e+00  -1.317310000e+00
   2.783810000e-01  -6.856310000e+00  -1.250105000e+00
   5.899140000e-01  -6.856310000e+00  -1.093656000e+00
   8.522660000e-01  -6.856310000e+00  -8.702660000e-01
   1.045867000e+00  -6.856310000e+00  -5.881500000e-01
   1.123126000e+00  -6.856310000e+00  -2.594712000e-01
   1.094071000e+00  -6.856310000e+00   6.561700000e-02
   1.009191000e+00  -6.856310000e+00   3.621430000e-01
   8.940120000e-01  -6.856310000e+00   6.428120000e-01
   7.664670000e-01  -6.856310000e+00   9.453000000e-01
   5.903980000e-01  -6.856310000e+00   1.299800000e+00
   3.090940000e-01  -6.398560000e+00   1.899210000e+00
  -1.867960000e-01  -6.398560000e+00   1.995460000e+00
  -6.350470000e-01  -6.398560000e+00   1.731660000e+00
  -9.408100000e-01  -6.398560000e+00   1.358637000e+00
  -1.153090000e+00  -6.398560000e+00   1.012342000e+00
  -1.329580000e+00  -6.398560000e+00   6.955060000e-01
  -1.496380000e+00  -6.398560000e+00   3.757276000e-01
  -1.648640000e+00  -6.398560000e+00   1.115300000e-02
  -1.745630000e+00  -6.398560000e+00  -4.242860000e-01
  -1.674090000e+00  -6.398560000e+00  -8.874600000e-01
  -1.372030000e+00  -6.398560000e+00  -1.242750000e+00
  -9.557910000e-01  -6.398560000e+00  -1.442720000e+00
  -5.239060000e-01  -6.398560000e+00  -1.528640000e+00
  -1.044300000e-01  -6.398560000e+00  -1.533400000e+00
   2.921550000e-01  -6.398560000e+00  -1.434250000e+00
   6.208320000e-01  -6.398560000e+00  -1.206010000e+00
   8.724680000e-01  -6.398560000e+00  -9.215840000e-01
   1.058097000e+00  -6.398560000e+00  -6.096180000e-01
   1.159992000e+00  -6.398560000e+00  -2.702724000e-01
   1.164536000e+00  -6.398560000e+00   7.665700000e-02
   1.100874000e+00  -6.398560000e+00   4.098790000e-01
   9.846160000e-01  -6.398560000e+00   7.312490000e-01
   8.476960000e-01  -6.398560000e+00   1.082710000e+00
   6.519540000e-01  -6.398560000e+00   1.496800000e+00
   3.127950000e-01  -5.941800000e+00   2.100060000e+00
  -2.335600000e-01  -5.941800000e+00   2.189910000e+00
  -7.244370000e-01  -5.941800000e+00   1.903890000e+00
  -1.062770000e+00  -5.941800000e+00   1.503361000e+00
  -1.301770000e+00  -5.941800000e+00   1.127382000e+00
  -1.500940000e+00  -5.941800000e+00   7.798580000e-01
  -1.686730000e+00  -5.941800000e+00   4.248001000e-01
  -1.856890000e+00  -5.941800000e+00   2.045300000e-02
  -1.967990000e+00  -5.941800000e+00  -4.632160000e-01
  -1.892810000e+00  -5.941800000e+00  -9.808100000e-01
  -1.552990000e+00  -5.941800000e+00  -1.375390000e+00
  -1.081682000e+00  -5.941800000e+00  -1.581810000e+00
  -6.012050000e-01  -5.941800000e+00  -1.657370000e+00
  -1.439680000e-01  -5.941800000e+00  -1.649200000e+00
   2.855170000e-01  -5.941800000e+00  -1.541170000e+00
   6.375360000e-01  -5.941800000e+00  -1.288940000e+00
   9.020970000e-01  -5.941800000e+00  -9.768540000e-01
   1.099512000e+00  -5.941800000e+00  -6.418530000e-01
   1.212068000e+00  -5.941800000e+00  -2.791999000e-01
   1.228909000e+00  -5.941800000e+00   9.300600000e-02
   1.168697000e+00  -5.941800000e+00   4.563950000e-01
   1.045436000e+00  -5.941800000e+00   8.084410000e-01
   9.023280000e-01  -5.941800000e+00   1.197280000e+00
   6.908210000e-01  -5.941800000e+00   1.658470000e+00
   3.031610000e-01  -5.485050000e+00   2.267360000e+00
  -2.802700000e-01  -5.485050000e+00   2.367020000e+00
  -8.161100000e-01  -5.485050000e+00   2.091090000e+00
  -1.205750000e+00  -5.485050000e+00   1.690486000e+00
  -1.491280000e+00  -5.485050000e+00   1.289312000e+00
  -1.720130000e+00  -5.485050000e+00   9.001110000e-01
  -1.916210000e+00  -5.485050000e+00   4.935741000e-01
  -2.073890000e+00  -5.485050000e+00   4.078000000e-02
  -2.151590000e+00  -5.485050000e+00  -4.803500000e-01
  -2.046430000e+00  -5.485050000e+00  -1.024020000e+00
  -1.684250000e+00  -5.485050000e+00  -1.442450000e+00
  -1.176796000e+00  -5.485050000e+00  -1.652080000e+00
  -6.658390000e-01  -5.485050000e+00  -1.719270000e+00
  -1.855400000e-01  -5.485050000e+00  -1.704720000e+00
   2.666600000e-01  -5.485050000e+00  -1.603900000e+00
   6.507640000e-01  -5.485050000e+00  -1.359030000e+00
   9.475960000e-01  -5.485050000e+00  -1.037870000e+00
   1.165610000e+00  -5.485050000e+00  -6.791370000e-01
   1.276743000e+00  -5.485050000e+00  -2.824259000e-01
   1.267371000e+00  -5.485050000e+00   1.183270000e-01
   1.183744000e+00  -5.485050000e+00   4.966150000e-01
   1.054404000e+00  -5.485050000e+00   8.638170000e-01
   9.124280000e-01  -5.485050000e+00   1.277310000e+00
   7.007446000e-01  -5.485050000e+00   1.781250000e+00
   2.953960000e-01  -4.598630000e+00   2.541170000e+00
  -3.534260000e-01  -4.598630000e+00   2.645810000e+00
  -9.550000000e-01  -4.598630000e+00   2.371470000e+00
  -1.413710000e+00  -4.598630000e+00   1.955270000e+00
  -1.758240000e+00  -4.598630000e+00   1.514446000e+00
  -2.030890000e+00  -4.598630000e+00   1.066322000e+00
  -2.245560000e+00  -4.598630000e+00   5.911583000e-01
  -2.396340000e+00  -4.598630000e+00   6.814500000e-02
  -2.446450000e+00  -4.598630000e+00  -5.137300000e-01
  -2.309690000e+00  -4.598630000e+00  -1.109930000e+00
  -1.905530000e+00  -4.598630000e+00  -1.571320000e+00
  -1.334278000e+00  -4.598630000e+00  -1.784530000e+00
  -7.686040000e-01  -4.598630000e+00  -1.834040000e+00
  -2.495888000e-01  -4.598630000e+00  -1.803430000e+00
   2.395400000e-01  -4.598630000e+00  -1.706680000e+00
   6.678500000e-01  -4.598630000e+00  -1.463296000e+00
   1.008646000e+00  -4.598630000e+00  -1.127510000e+00
   1.259760000e+00  -4.598630000e+00  -7.326590000e-01
   1.363281000e+00  -4.598630000e+00  -2.868417000e-01
   1.325008000e+00  -4.598630000e+00   1.540440000e-01
   1.214447000e+00  -4.598630000e+00   5.586880000e-01
   1.079281000e+00  -4.598630000e+00   9.530430000e-01
   9.399780000e-01  -4.598630000e+00   1.410170000e+00
   7.276162900e-01  -4.598630000e+00   1.986440000e+00
   2.528470000e-01  -3.712210000e+00   2.737100000e+00
  -4.299590000e-01  -3.712210000e+00   2.829100000e+00
  -1.074980000e+00  -3.712210000e+00   2.590090000e+00
  -1.599220000e+00  -3.712210000e+00   2.199630000e+00
  -2.011990000e+00  -3.712210000e+00   1.747959000e+00
  -2.332310000e+00  -3.712210000e+00   1.252271000e+00
  -2.551540000e+00  -3.712210000e+00   7.095661000e-01
  -2.671270000e+00  -3.712210000e+00   1.247740000e-01
  -2.671900000e+00  -3.712210000e+00  -4.964400000e-01
  -2.494050000e+00  -3.712210000e+00  -1.115330000e+00
  -2.072520000e+00  -3.712210000e+00  -1.606850000e+00
  -1.458200000e+00  -3.712210000e+00  -1.814790000e+00
  -8.591530000e-01  -3.712210000e+00  -1.838030000e+00
  -3.226358000e-01  -3.712210000e+00  -1.783100000e+00
   1.763620000e-01  -3.712210000e+00  -1.681070000e+00
   6.153120000e-01  -3.712210000e+00  -1.436900000e+00
   9.597290000e-01  -3.712210000e+00  -1.089666000e+00
   1.216327000e+00  -3.712210000e+00  -6.879530000e-01
   1.339983000e+00  -3.712210000e+00  -2.374339000e-01
   1.334012000e+00  -3.712210000e+00   2.176240000e-01
   1.238208000e+00  -3.712210000e+00   6.496060000e-01
   1.105937000e+00  -3.712210000e+00   1.075660000e+00
   9.621460000e-01  -3.712210000e+00   1.572350000e+00
   7.287498000e-01  -3.712210000e+00   2.184890000e+00
   2.384030000e-01  -2.825800000e+00   2.925380000e+00
  -4.780400000e-01  -2.825800000e+00   3.014140000e+00
  -1.159120000e+00  -2.825800000e+00   2.793500000e+00
  -1.729750000e+00  -2.825800000e+00   2.406610000e+00
  -2.188220000e+00  -2.825800000e+00   1.939050000e+00
  -2.542390000e+00  -2.825800000e+00   1.409489000e+00
  -2.764530000e+00  -2.825800000e+00   8.164598000e-01
  -2.856860000e+00  -2.825800000e+00   1.888740000e-01
  -2.815750000e+00  -2.825800000e+00  -4.586500000e-01
  -2.606310000e+00  -2.825800000e+00  -1.089250000e+00
  -2.176030000e+00  -2.825800000e+00  -1.601020000e+00
  -1.535910000e+00  -2.825800000e+00  -1.806590000e+00
  -9.115970000e-01  -2.825800000e+00  -1.805180000e+00
  -3.679577000e-01  -2.825800000e+00  -1.729940000e+00
   1.339720000e-01  -2.825800000e+00  -1.624580000e+00
   5.774200000e-01  -2.825800000e+00  -1.383560000e+00
   9.300360000e-01  -2.825800000e+00  -1.037692000e+00
   1.190928000e+00  -2.825800000e+00  -6.320050000e-01
   1.335816000e+00  -2.825800000e+00  -1.805402000e-01
   1.361447000e+00  -2.825800000e+00   2.861120000e-01
   1.278271000e+00  -2.825800000e+00   7.410300000e-01
   1.148332000e+00  -2.825800000e+00   1.196390000e+00
   9.997340000e-01  -2.825800000e+00   1.725720000e+00
   7.465627000e-01  -2.825800000e+00   2.366660000e+00
   1.866740000e-01  -1.938380000e+00   3.101200000e+00
  -5.742400000e-01  -1.938380000e+00   3.179590000e+00
  -1.294650000e+00  -1.938380000e+00   2.945840000e+00
  -1.899030000e+00  -1.938380000e+00   2.540580000e+00
  -2.387820000e+00  -1.938380000e+00   2.049100000e+00
  -2.762740000e+00  -1.938380000e+00   1.484914000e+00
  -2.998190000e+00  -1.938380000e+00   8.588790000e-01
  -3.100510000e+00  -1.938380000e+00   1.925710000e-01
  -3.062080000e+00  -1.938380000e+00  -4.958800000e-01
  -2.847990000e+00  -1.938380000e+00  -1.172780000e+00
  -2.397350000e+00  -1.938380000e+00  -1.728770000e+00
  -1.718730000e+00  -1.938380000e+00  -1.964960000e+00
  -1.046326000e+00  -1.938380000e+00  -1.968930000e+00
  -4.564214000e-01  -1.938380000e+00  -1.884160000e+00
   8.281800000e-02  -1.938380000e+00  -1.757220000e+00
   5.359560000e-01  -1.938380000e+00  -1.458400000e+00
   8.538180000e-01  -1.938380000e+00  -1.045149000e+00
   1.087702000e+00  -1.938380000e+00  -6.185870000e-01
   1.241085000e+00  -1.938380000e+00  -1.721210000e-01
   1.286493000e+00  -1.938380000e+00   2.944430000e-01
   1.212508000e+00  -1.938380000e+00   7.560710000e-01
   1.098798000e+00  -1.938380000e+00   1.230003000e+00
   9.691820000e-01  -1.938380000e+00   1.798410000e+00
   7.275200000e-01  -1.938380000e+00   2.508870000e+00
   1.292100000e-01  -1.051960000e+00   3.101430000e+00
  -6.325300000e-01  -1.051960000e+00   3.177250000e+00
  -1.350820000e+00  -1.051960000e+00   2.930690000e+00
  -1.955170000e+00  -1.051960000e+00   2.534630000e+00
  -2.449020000e+00  -1.051960000e+00   2.046420000e+00
  -2.831340000e+00  -1.051960000e+00   1.492011000e+00
  -3.094630000e+00  -1.051960000e+00   8.632550000e-01
  -3.246860000e+00  -1.051960000e+00   1.875820000e-01
  -3.260810000e+00  -1.051960000e+00  -5.405900000e-01
  -3.063140000e+00  -1.051960000e+00  -1.271100000e+00
  -2.562750000e+00  -1.051960000e+00  -1.843330000e+00
  -1.783720000e+00  -1.051960000e+00  -1.978720000e+00
  -1.078790000e+00  -1.051960000e+00  -1.863320000e+00
  -5.191575000e-01  -1.051960000e+00  -1.712430000e+00
  -2.940300000e-02  -1.051960000e+00  -1.578230000e+00
   4.357660000e-01  -1.051960000e+00  -1.394300000e+00
   8.349660000e-01  -1.051960000e+00  -1.086344000e+00
   1.132203000e+00  -1.051960000e+00  -6.779380000e-01
   1.232835000e+00  -1.051960000e+00  -1.877450000e-01
   1.158537000e+00  -1.051960000e+00   2.900410000e-01
   1.037342000e+00  -1.051960000e+00   7.187110000e-01
   9.434740000e-01  -1.051960000e+00   1.167519000e+00
   8.484980000e-01  -1.051960000e+00   1.730540000e+00
   6.552020000e-01  -1.051960000e+00   2.480830000e+00
   4.339600000e-02  -3.545410000e-01   3.092920000e+00
   5.731790000e-01  -3.545410000e-01   2.487500000e+00
   7.271060000e-01  -3.545410000e-01   1.695330000e+00
   7.887300000e-01  -3.545410000e-01   1.129040000e+00
   8.583140000e-01  -3.545410000e-01   6.958270000e-01
   9.826230000e-01  -3.545410000e-01   2.925790000e-01
   1.150906000e+00  -3.545410000e-01  -1.832940000e-01
   1.096287000e+00  -3.545410000e-01  -6.992310000e-01
   7.401980000e-01  -3.545410000e-01  -1.071210000e+00
   2.932500000e-01  -3.545410000e-01  -1.292150000e+00
  -1.558090000e-01  -3.545410000e-01  -1.427640000e+00
  -6.058674000e-01  -3.545410000e-01  -1.583830000e+00
  -1.144604000e+00  -3.545410000e-01  -1.784930000e+00
  -1.881150000e+00  -3.545410000e-01  -1.999170000e+00
  -2.747530000e+00  -3.545410000e-01  -1.944460000e+00
  -3.290070000e+00  -3.545410000e-01  -1.353760000e+00
  -3.483710000e+00  -3.545410000e-01  -5.763500000e-01
  -3.442550000e+00  -3.545410000e-01   1.938050000e-01
  -3.262280000e+00  -3.545410000e-01   8.907060000e-01
  -2.977580000e+00  -3.545410000e-01   1.531634000e+00
  -2.574310000e+00  -3.545410000e-01   2.088010000e+00
  -2.057820000e+00  -3.545410000e-01   2.567920000e+00
  -1.436320000e+00  -3.545410000e-01   2.946490000e+00
  -7.154100000e-01  -3.545410000e-01   3.163470000e+00
  -2.161010000e+00  -3.815410000e-01  -1.478560000e+00
  -2.701700000e+00  -3.785410000e-01  -1.300080000e+00
  -1.184620000e+00  -3.766410000e-01   2.676280000e+00
  -7.148800000e-01  -3.884410000e-01   2.450420000e+00
  -1.841380000e+00  -4.173410000e-01   6.836180000e-01
  -1.785230000e+00  -4.150410000e-01   9.731075000e-01
  -1.465800000e+00  -4.182410000e-01   9.863108000e-01
  -5.514957000e-01  -3.774410000e-01  -1.259020000e+00
  -1.482490000e+00  -4.222410000e-01   2.944400000e-01
  -1.143660000e+00  -4.206410000e-01   9.975140000e-01
  -8.537200000e-01  -4.213410000e-01   3.295310000e-01
  -2.267380000e+00  -4.044410000e-01   9.303400000e-01
  -2.382460000e+00  -4.060410000e-01   3.695950000e-01
  -2.824710000e+00  -3.862410000e-01   6.090870000e-01
  -2.251280000e+00  -3.918410000e-01   1.538005000e+00
  -2.398340000e+00  -3.926410000e-01   1.280366000e+00
  -2.370800000e+00  -3.883410000e-01   1.490249000e+00
   5.516000000e-03  -3.835410000e-01   2.199377000e+00
  -5.488630000e-01  -4.070410000e-01   1.645407000e+00
  -1.739850000e+00  -3.975410000e-01  -1.117060000e+00
  -1.642510000e+00  -4.046410000e-01  -8.996100000e-01
  -1.439948000e+00  -4.024410000e-01  -9.743600000e-01
  -1.518600000e+00  -4.051410000e-01   1.747501000e+00
  -1.420220000e+00  -3.929410000e-01   2.214297000e+00
  -1.317130000e+00  -4.008410000e-01   1.995365000e+00
  -2.878570000e+00  -3.845410000e-01  -7.271400000e-01
  -2.205030000e+00  -4.004410000e-01  -8.443800000e-01
  -9.637930000e-01  -3.816410000e-01  -1.328390000e+00
  -1.238384000e+00  -3.998410000e-01  -1.046120000e+00
  -7.108300000e-01  -3.959410000e-01  -1.004060000e+00
  -1.695260000e+00  -3.883410000e-01   2.171328000e+00
  -1.609430000e+00  -3.758410000e-01   2.497950000e+00
  -1.513330000e+00  -3.845410000e-01   2.371120000e+00
  -1.517533000e+00  -3.820410000e-01  -1.460810000e+00
  -1.959300000e+00  -3.818410000e-01   2.138359000e+00
   1.920090000e-01  -3.772410000e-01  -1.001070000e+00
   4.369000000e-01  -3.819410000e-01  -6.555960000e-01
   6.375690000e-01  -3.795410000e-01   5.351200000e-02
  -1.991640000e+00  -4.158410000e-01   1.815240000e-01
  -2.386940000e+00  -4.052410000e-01  -2.153200000e-01
   3.617341000e-01  -3.867410000e-01   8.739250000e-01
   6.998300000e-02  -4.023410000e-01   3.598570000e-01
  -2.635590000e+00  -3.845410000e-01   1.184854900e+00
  -2.922480000e+00  -3.865410000e-01  -3.801100000e-02
  -2.199150000e-01  -3.805410000e-01  -1.123360000e+00
  -2.652240000e-01  -3.996410000e-01  -7.152900000e-01
   4.259210000e-01  -3.763410000e-01   1.608704000e+00
  -1.253000000e-03  -3.968410000e-01   1.453561000e+00
  -1.814730000e+00  -4.159410000e-01  -2.454780000e-01
  -2.077810000e+00  -3.928410000e-01   1.719350000e+00
  -2.159090000e+00  -3.993410000e-01   1.375877000e+00
  -5.978150000e-01  -4.063410000e-01  -6.604400000e-01
  -6.005650000e-01  -4.109410000e-01  -4.400790000e-01
  -8.924500000e-01  -4.083410000e-01   1.715920000e+00
  -9.624600000e-01  -3.999410000e-01   2.078426000e+00
  -7.576600000e-01  -4.037410000e-01   1.871916000e+00
  -1.881730000e+00  -3.912410000e-01   1.953463000e+00
  -2.017060000e+00  -3.875410000e-01   1.933855000e+00
  -1.804150000e+00  -4.001410000e-01   1.748567000e+00
  -1.739890000e+00  -4.121410000e-01   1.265597000e+00
  -1.951490000e+00  -4.065410000e-01   1.315737000e+00
  -1.348850000e+00  -4.214410000e-01   4.365300000e-02
  -1.581290000e+00  -4.191410000e-01  -9.841300000e-02
  -1.211300000e+00  -4.197410000e-01  -1.961340000e-01
  -1.031710000e+00  -4.212410000e-01   5.969800000e-02
  -8.161630000e-01  -4.185410000e-01  -7.200900000e-02
  -3.352880000e-01  -4.122410000e-01   8.597197000e-01
  -1.293420000e+00  -3.853410000e-01   2.445290000e+00
  -1.006650000e+00  -3.870410000e-01   2.447850000e+00
  -1.536180000e+00  -4.107410000e-01  -6.931600000e-01
  -1.230241000e+00  -4.115410000e-01  -6.573800000e-01
  -1.239813000e+00  -4.060410000e-01  -8.537500000e-01
  -1.174350000e+00  -4.150410000e-01   1.382974000e+00
  -8.646100000e-01  -4.116410000e-01   1.519191000e+00
   2.141000000e-03  -4.025410000e-01  -1.786780000e-01
  -2.003280000e+00  -4.092410000e-01   1.087968780e+00
  -1.920580000e+00  -4.134410000e-01   8.942930000e-01
  -1.679450000e+00  -4.137410000e-01  -4.788200000e-01
  -1.867600000e+00  -4.065410000e-01  -7.612700000e-01
  -1.844160000e+00  -4.114410000e-01  -5.093700000e-01
  -1.479470000e+00  -4.114410000e-01   1.496015000e+00
  -1.458620000e+00  -4.143410000e-01   1.319286000e+00
  -2.344470000e+00  -3.836410000e-01   1.690132000e+00
  -3.446610000e-01  -4.134410000e-01   2.307900000e-01
  -3.000870000e-01  -4.097410000e-01  -1.831970000e-01
  -8.175670000e-01  -4.035410000e-01  -8.443300000e-01
  -6.543220000e-01  -4.013410000e-01  -8.437500000e-01
  -1.071302000e+00  -4.156410000e-01  -4.338600000e-01
  -1.303740000e+00  -4.137410000e-01  -5.555100000e-01
  -1.190340000e+00  -3.965410000e-01   2.161361000e+00
  -1.747210000e+00  -3.944410000e-01   1.969948000e+00
  -7.271180000e-01  -4.187410000e-01   5.590700000e-02
  -4.706880000e-01  -4.146410000e-01   7.537000000e-03
  -1.444880000e+00  -4.172410000e-01  -3.334800000e-01
  -1.095845000e+00  -4.058410000e-01  -8.418600000e-01
  -1.032976000e+00  -4.022410000e-01  -9.377200000e-01
  -6.003160000e-01  -4.151410000e-01  -2.017170000e-01
  -2.818060000e-01  -4.048410000e-01  -4.537420000e-01
  -1.257900000e+00  -4.220410000e-01   1.775690000e-01
  -7.705100000e-01  -4.133410000e-01  -4.306560000e-01
  -8.370090000e-01  -4.158410000e-01  -3.157910000e-01
  -1.223040000e+00  -4.080410000e-01   1.746434000e+00
  -9.323050000e-01  -4.104410000e-01  -6.455900000e-01
  -1.512510000e+00  -4.184410000e-01  -2.173060000e-01
  -1.980620000e+00  -4.002410000e-01   1.557222000e+00
  -2.210180000e+00  -4.021410000e-01   1.148108900e+00
C Number of facets
  786
C  Size  Node 1  ......Node N Marker
    3    0    1    2    3
    3    0    2    3    3
    3    0    3    4    3
    3    0    4    5    3
    3    0    5    6    3
    3    0    6    7    3
    3    0    7    8    3
    3    0    8    9    3
    3    0    9   10    3
    3    0   10   11    3
    3    0   11   12    3
    3    0   12   13    3
    3    0   13   14    3
    3    0   14   15    3
    3    0   15   16    3
    3    0   16   17    3
    3    0   17   18    3
    3    0   18   19    3
    3    0   19   20    3
    3    0   20   21    3
    3    0   21   22    3
    3    0   22   23    3
    3    0   23   24    3
    3    0   24    1    3
    3    1   25   26    3
    3    1   26    2    3
    3    2   26   27    3
    3    2   27    3    3
    3    3   27   28    3
    3    3   28    4    3
    3    4   28   29    3
    3    4   29    5    3
    3    5   29   30    3
    3    5   30    6    3
    3    6   30   31    3
    3    6   31    7    3
    3    7   31   32    3
    3    7   32    8    3
    3    8   32   33    3
    3    8   33    9    3
    3    9   33   34    3
    3    9   34   10    3
    3   10   34   35    3
    3   10   35   11    3
    3   11   35   36    3
    3   11   36   12    3
    3   12   36   37    3
    3   12   37   13    3
    3   13   37   38    3
    3   13   38   14    3
    3   14   38   39    3
    3   14   39   15    3
    3   15   39   40    3
    3   15   40   16    3
    3   16   40   41    3
    3   16   41   17    3
    3   17   41   42    3
    3   17   42   18    3
    3   18   42   43    3
    3   18   43   19    3
    3   19   43   44    3
    3   19   44   20    3
    3   20   44   45    3
    3   20   45   21    3
    3   21   45   46    3
    3   21   46   22    3
    3   22   46   47    3
    3   22   47   23    3
    3   23   47   48    3
    3   23   48   24    3
    3   24   48   25    3
    3   24   25    1    3
    3   25   49   50    3
    3   25   50   26    3
    3   26   50   51    3
    3   26   51   27    3
    3   27   51   52    3
    3   27   52   28    3
    3   28   52   53    3
    3   28   53   29    3
    3   29   53   54    3
    3   29   54   30    3
    3   30   54   55    3
    3   30   55   31    3
    3   31   55   56    3
    3   31   56   32    3
    3   32   56   57    3
    3   32   57   33    3
    3   33   57   58    3
    3   33   58   34    3
    3   34   58   59    3
    3   34   59   35    3
    3   35   59   60    3
    3   35   60   36    3
    3   36   60   61    3
    3   36   61   37    3
    3   37   61   62    3
    3   37   62   38    3
    3   38   62   63    3
    3   38   63   39    3
    3   39   63   64    3
    3   39   64   40    3
    3   40   64   65    3
    3   40   65   41    3
    3   41   65   66    3
    3   41   66   42    3
    3   42   66   67    3
    3   42   67   43    3
    3   43   67   68    3
    3   43   68   44    3
    3   44   68   69    3
    3   44   69   45    3
    3   45   69   70    3
    3   45   70   46    3
    3   46   70   71    3
    3   46   71   47    3
    3   47   71   72    3
    3   47   72   48    3
    3   48   72   49    3
    3   48   49   25    3
    3   49   73   74    3
    3   49   74   50    3
    3   50   74   75    3
    3   50   75   51    3
    3   51   75   76    3
    3   51   76   52    3
    3   52   76   77    3
    3   52   77   53    3
    3   53   77   78    3
    3   53   78   54    3
    3   54   78   79    3
    3   54   79   55    3
    3   55   79   80    3
    3   55   80   56    3
    3   56   80   81    3
    3   56   81   57    3
    3   57   81   82    3
    3   57   82   58    3
    3   58   82   83    3
    3   58   83   59    3
    3   59   83   84    3
    3   59   84   60    3
    3   60   84   85    3
    3   60   85   61    3
    3   61   85   86    3
    3   61   86   62    3
    3   62   86   87    3
    3   62   87   63    3
    3   63   87   88    3
    3   63   88   64    3
    3   64   88   89    3
    3   64   89   65    3
    3   65   89   90    3
    3   65   90   66    3
    3   66   90   91    3
    3   66   91   67    3
    3   67   91   92    3
    3   67   92   68    3
    3   68   92   93    3
    3   68   93   69    3
    3   69   93   94    3
    3   69   94   70    3
    3   70   94   95    3
    3   70   95   71    3
    3   71   95   96    3
    3   71   96   72    3
    3   72   96   73    3
    3   72   73   49    3
    3   73   97   98    3
    3   73   98   74    3
    3   74   98   99    3
    3   74   99   75    3
    3   75   99  100    3
    3   75  100   76    3
    3   76  100  101    3
    3   76  101   77    3
    3   77  101  102    3
    3   77  102   78    3
    3   78  102  103    3
    3   78  103   79    3
    3   79  103  104    3
    3   79  104   80    3
    3   80  104  105    3
    3   80  105   81    3
    3   81  105  106    3
    3   81  106   82    3
    3   82  106  107    3
    3   82  107   83    3
    3   83  107  108    3
    3   83  108   84    3
    3   84  108  109    3
    3   84  109   85    3
    3   85  109  110    3
    3   85  110   86    3
    3   86  110  111    3
    3   86  111   87    3
    3   87  111  112    3
    3   87  112   88    3
    3   88  112  113    3
    3   88  113   89    3
    3   89  113  114    3
    3   89  114   90    3
    3   90  114  115    3
    3   90  115   91    3
    3   91  115  116    3
    3   91  116   92    3
    3   92  116  117    3
    3   92  117   93    3
    3   93  117  118    3
    3   93  118   94    3
    3   94  118  119    3
    3   94  119   95    3
    3   95  119  120    3
    3   95  120   96    3
    3   96  120   97    3
    3   96   97   73    3
    3   97  121  122    3
    3   97  122   98    3
    3   98  122  123    3
    3   98  123   99    3
    3   99  123  124    3
    3   99  124  100    3
    3  100  124  125    3
    3  100  125  101    3
    3  101  125  126    3
    3  101  126  102    3
    3  102  126  127    3
    3  102  127  103    3
    3  103  127  128    3
    3  103  128  104    3
    3  104  128  129    3
    3  104  129  105    3
    3  105  129  130    3
    3  105  130  106    3
    3  106  130  131    3
    3  106  131  107    3
    3  107  131  132    3
    3  107  132  108    3
    3  108  132  133    3
    3  108  133  109    3
    3  109  133  134    3
    3  109  134  110    3
    3  110  134  135    3
    3  110  135  111    3
    3  111  135  136    3
    3  111  136  112    3
    3  112  136  137    3
    3  112  137  113    3
    3  113  137  138    3
    3  113  138  114    3
    3  114  138  139    3
    3  114  139  115    3
    3  115  139  140    3
    3  115  140  116    3
    3  116  140  141    3
    3  116  141  117    3
    3  117  141  142    3
    3  117  142  118    3
    3  118  142  143    3
    3  118  143  119    3
    3  119  143  144    3
    3  119  144  120    3
    3  120  144  121    3
    3  120  121   97    3
    3  121  145  146    3
    3  121  146  122    3
    3  122  146  147    3
    3  122  147  123    3
    3  123  147  148    3
    3  123  148  124    3
    3  124  148  149    3
    3  124  149  125    3
    3  125  149  150    3
    3  125  150  126    3
    3  126  150  151    3
    3  126  151  127    3
    3  127  151  152    3
    3  127  152  128    3
    3  128  152  153    3
    3  128  153  129    3
    3  129  153  154    3
    3  129  154  130    3
    3  130  154  155    3
    3  130  155  131    3
    3  131  155  156    3
    3  131  156  132    3
    3  132  156  157    3
    3  132  157  133    3
    3  133  157  158    3
    3  133  158  134    3
    3  134  158  159    3
    3  134  159  135    3
    3  135  159  160    3
    3  135  160  136    3
    3  136  160  161    3
    3  136  161  137    3
    3  137  161  162    3
    3  137  162  138    3
    3  138  162  163    3
    3  138  163  139    3
    3  139  163  164    3
    3  139  164  140    3
    3  140  164  165    3
    3  140  165  141    3
    3  141  165  166    3
    3  141  166  142    3
    3  142  166  167    3
    3  142  167  143    3
    3  143  167  168    3
    3  143  168  144    3
    3  144  168  145    3
    3  144  145  121    3
    3  145  169  170    3
    3  145  170  146    3
    3  146  170  171    3
    3  146  171  147    3
    3  147  171  172    3
    3  147  172  148    3
    3  148  172  173    3
    3  148  173  149    3
    3  149  173  174    3
    3  149  174  150    3
    3  150  174  175    3
    3  150  175  151    3
    3  151  175  176    3
    3  151  176  152    3
    3  152  176  177    3
    3  152  177  153    3
    3  153  177  178    3
    3  153  178  154    3
    3  154  178  179    3
    3  154  179  155    3
    3  155  179  180    3
    3  155  180  156    3
    3  156  180  181    3
    3  156  181  157    3
    3  157  181  182    3
    3  157  182  158    3
    3  158  182  183    3
    3  158  183  159    3
    3  159  183  184    3
    3  159  184  160    3
    3  160  184  185    3
    3  160  185  161    3
    3  161  185  186    3
    3  161  186  162    3
    3  162  186  187    3
    3  162  187  163    3
    3  163  187  188    3
    3  163  188  164    3
    3  164  188  189    3
    3  164  189  165    3
    3  165  189  190    3
    3  165  190  166    3
    3  166  190  191    3
    3  166  191  167    3
    3  167  191  192    3
    3  167  192  168    3
    3  168  192  169    3
    3  168  169  145    3
    3  169  193  194    3
    3  169  194  170    3
    3  170  194  195    3
    3  170  195  171    3
    3  171  195  196    3
    3  171  196  172    3
    3  172  196  197    3
    3  172  197  173    3
    3  173  197  198    3
    3  173  198  174    3
    3  174  198  199    3
    3  174  199  175    3
    3  175  199  200    3
    3  175  200  176    3
    3  176  200  201    3
    3  176  201  177    3
    3  177  201  202    3
    3  177  202  178    3
    3  178  202  203    3
    3  178  203  179    3
    3  179  203  204    3
    3  179  204  180    3
    3  180  204  205    3
    3  180  205  181    3
    3  181  205  206    3
    3  181  206  182    3
    3  182  206  207    3
    3  182  207  183    3
    3  183  207  208    3
    3  183  208  184    3
    3  184  208  209    3
    3  184  209  185    3
    3  185  209  210    3
    3  185  210  186    3
    3  186  210  211    3
    3  186  211  187    3
    3  187  211  212    3
    3  187  212  188    3
    3  188  212  213    3
    3  188  213  189    3
    3  189  213  214    3
    3  189  214  190    3
    3  190  214  215    3
    3  190  215  191    3
    3  191  215  216    3
    3  191  216  192    3
    3  192  216  193    3
    3  192  193  169    3
    3  193  217  218    3
    3  193  218  194    3
    3  194  218  219    3
    3  194  219  195    3
    3  195  219  220    3
    3  195  220  196    3
    3  196  220  221    3
    3  196  221  197    3
    3  197  221  222    3
    3  197  222  198    3
    3  198  222  223    3
    3  198  223  199    3
    3  199  223  224    3
    3  199  224  200    3
    3  200  224  225    3
    3  200  225  201    3
    3  201  225  226    3
    3  201  226  202    3
    3  202  226  227    3
    3  202  227  203    3
    3  203  227  228    3
    3  203  228  204    3
    3  204  228  229    3
    3  204  229  205    3
    3  205  229  230    3
    3  205  230  206    3
    3  206  230  231    3
    3  206  231  207    3
    3  207  231  232    3
    3  207  232  208    3
    3  208  232  233    3
    3  208  233  209    3
    3  209  233  234    3
    3  209  234  210    3
    3  210  234  235    3
    3  210  235  211    3
    3  211  235  236    3
    3  211  236  212    3
    3  212  236  237    3
    3  212  237  213    3
    3  213  237  238    3
    3  213  238  214    3
    3  214  238  239    3
    3  214  239  215    3
    3  215  239  240    3
    3  215  240  216    3
    3  216  240  217    3
    3  216  217  193    3
    3  217  241  242    3
    3  217  242  218    3
    3  218  242  243    3
    3  218  243  219    3
    3  219  243  244    3
    3  219  244  220    3
    3  220  244  245    3
    3  220  245  221    3
    3  221  245  246    3
    3  221  246  222    3
    3  222  246  247    3
    3  222  247  223    3
    3  223  247  248    3
    3  223  248  224    3
    3  224  248  249    3
    3  224  249  225    3
    3  225  249  250    3
    3  225  250  226    3
    3  226  250  251    3
    3  226  251  227    3
    3  227  251  252    3
    3  227  252  228    3
    3  228  252  253    3
    3  228  253  229    3
    3  229  253  254    3
    3  229  254  230    3
    3  230  254  255    3
    3  230  255  231    3
    3  231  255  256    3
    3  231  256  232    3
    3  232  256  257    3
    3  232  257  233    3
    3  233  257  258    3
    3  233  258  234    3
    3  234  258  259    3
    3  234  259  235    3
    3  235  259  260    3
    3  235  260  236    3
    3  236  260  261    3
    3  236  261  237    3
    3  237  261  262    3
    3  237  262  238    3
    3  238  262  263    3
    3  238  263  239    3
    3  239  263  264    3
    3  239  264  240    3
    3  240  264  241    3
    3  240  241  217    3
    3  264  265  241    3
    3  264  266  265    3
    3  263  266  264    3
    3  263  267  266    3
    3  262  267  263    3
    3  262  268  267    3
    3  261  268  262    3
    3  261  269  268    3
    3  260  269  261    3
    3  260  270  269    3
    3  259  270  260    3
    3  259  271  270    3
    3  258  271  259    3
    3  258  272  271    3
    3  257  272  258    3
    3  257  273  272    3
    3  256  273  257    3
    3  256  274  273    3
    3  255  274  256    3
    3  255  275  274    3
    3  254  275  255    3
    3  254  276  275    3
    3  253  276  254    3
    3  253  277  276    3
    3  252  277  253    3
    3  252  278  277    3
    3  251  278  252    3
    3  251  279  278    3
    3  250  279  251    3
    3  250  280  279    3
    3  249  280  250    3
    3  249  281  280    3
    3  248  281  249    3
    3  248  282  281    3
    3  247  282  248    3
    3  247  283  282    3
    3  246  283  247    3
    3  246  284  283    3
    3  245  284  246    3
    3  245  285  284    3
    3  244  285  245    3
    3  244  286  285    3
    3  243  286  244    3
    3  243  287  286    3
    3  242  287  243    3
    3  242  288  287    3
    3  241  288  242    3
    3  241  265  288    3
    3  289  279  290    1
    3  291  288  292    1
    3  293  294  295    3
    3  296  275  276    1
    3  297  298  299    1
    3  300  301  302    1
    3  303  304  305    3
    3  292  306  307    1
    3  308  309  310    4
    3  300  293  301    1
    3  311  312  313    3
    3  290  314  315    1
    3  316  317  318    1
    3  319  320  321    3
    3  317  322  308    1
    3  286  323  285    1
    3  286  287  320    1
    3  298  297  293    1
    3  324  325  273    1
    3  326  271  272    1
    3  327  328  301    1
    3  329  326  330    1
    3  300  331  304    1
    3  332  282  302    1
    3  272  325  326    1
    3  296  276  316    1
    3  296  333  275    1
    3  324  334  325    1
    3  335  329  336    1
    3  315  328  337    1
    3  338  339  303    3
    3  334  340  341    4
    3  279  289  278    1
    3  274  275  333    1
    3  322  278  289    1
    3  342  343  344    3
    3  332  301  328    1
    3  314  290  280    1
    3  345  338  346    3
    3  324  333  334    1
    3  277  316  276    1
    3  266  267  335    1
    3  288  291  287    1
    3  347  348  349    3
    3  316  322  317    1
    3  297  350  351    4
    3  327  301  293    1
    3  283  331  302    1
    3  352  353  354    4
    3  326  269  270    1
    3  332  302  301    1
    3  355  299  298    1
    3  312  356  357    3
    3  330  355  329    1
    3  336  306  335    1
    3  271  326  270    1
    3  358  359  360    4
    3  298  361  362    3
    3  283  302  282    1
    3  336  329  355    1
    3  326  363  330    1
    3  265  292  288    1
    3  300  364  365    3
    3  366  367  368    4
    3  333  318  334    1
    3  369  361  370    3
    3  327  293  297    1
    3  278  322  277    1
    3  320  291  356    3
    3  371  285  323    1
    3  363  325  334    1
    3  371  331  284    1
    3  364  339  349    3
    3  268  335  267    1
    3  372  363  373    4
    3  280  290  279    1
    3  266  306  265    1
    3  316  277  322    1
    3  328  315  314    1
    3  308  315  367    1
    3  355  330  372    1
    3  327  297  337    1
    3  280  281  314    1
    3  374  340  375    4
    3  296  316  318    1
    3  352  376  377    4
    3  355  307  336    1
    3  292  343  378    3
    3  326  325  363    1
    3  320  287  291    1
    3  345  319  379    3
    3  380  372  381    4
    3  358  366  382    4
    3  268  329  335    1
    3  273  274  324    1
    3  336  307  306    1
    3  265  306  292    1
    3  296  318  333    1
    3  383  374  384    4
    3  329  268  269    1
    3  385  373  386    4
    3  333  324  274    1
    3  283  284  331    1
    3  298  307  355    1
    3  299  353  387    4
    3  308  289  315    1
    3  273  325  272    1
    3  327  337  328    1
    3  388  376  389    4
    3  314  332  328    1
    3  281  282  332    1
    3  315  289  290    1
    3  363  372  330    1
    3  355  372  299    1
    3  285  371  284    1
    3  314  281  332    1
    3  269  326  329    1
    3  369  347  311    3
    3  266  335  306    1
    3  286  320  323    1
    3  308  322  289    1
    3  300  302  331    1
    3  343  390  313    3
    3  292  307  344    3
    3  298  348  370    3
    3  361  390  342    3
    3  343  342  390    3
    3  342  307  362    3
    3  347  369  348    3
    3  361  369  390    3
    3  369  311  390    3
    3  312  311  347    3
    3  311  313  390    3
    3  313  312  378    3
    3  298  362  307    3
    3  342  362  361    3
    3  342  344  307    3
    3  292  344  343    3
    3  369  370  348    3
    3  298  370  361    3
    3  292  378  312    3
    3  313  378  343    3
    3  334  318  375    4
    3  340  391  388    4
    3  318  317  384    4
    3  340  374  391    4
    3  352  385  389    4
    3  376  391  359    4
    3  376  388  391    4
    3  388  385  341    4
    3  359  391  383    4
    3  359  358  377    4
    3  374  383  391    4
    3  383  317  360    4
    3  374  375  318    4
    3  334  375  340    4
    3  334  341  385    4
    3  388  341  340    4
    3  388  389  385    4
    3  352  389  376    4
    3  352  377  358    4
    3  359  377  376    4
    3  358  360  317    4
    3  383  360  359    4
    3  383  384  317    4
    3  318  384  374    4
    3  367  358  309    4
    3  315  337  368    1
    3  353  352  350    4
    3  353  299  380    4
    3  372  380  299    4
    3  380  385  354    4
    3  350  352  392    4
    3  350  297  387    4
    3  366  337  392    4
    3  367  366  358    4
    3  363  334  386    4
    3  373  385  381    4
    3  392  337  351    4
    3  392  352  382    4
    3  380  381  385    4
    3  373  381  372    4
    3  358  317  310    4
    3  367  309  308    4
    3  385  386  334    4
    3  363  386  373    4
    3  366  368  337    4
    3  315  368  367    1
    3  299  387  297    4
    3  350  387  353    4
    3  352  354  385    4
    3  380  354  353    4
    3  358  382  352    4
    3  392  382  366    4
    3  297  351  337    4
    3  392  351  350    4
    3  308  310  317    4
    3  358  310  309    4
    3  312  347  379    3
    3  320  319  323    3
    3  371  323  346    3
    3  338  347  393    3
    3  364  300  394    3
    3  364  348  294    3
    3  319  345  323    3
    3  338  345  347    3
    3  348  298  295    3
    3  294  293  365    3
    3  304  339  394    3
    3  331  371  305    1
    3  364  349  348    3
    3  349  339  393    3
    3  338  393  339    3
    3  349  393  347    3
    3  338  303  371    3
    3  304  303  339    3
    3  356  312  321    3
    3  291  292  357    3
    3  364  394  339    3
    3  304  394  300    3
    3  319  321  312    3
    3  356  321  320    3
    3  293  295  298    3
    3  348  295  294    3
    3  312  357  292    3
    3  291  357  356    3
    3  345  346  323    3
    3  371  346  338    3
    3  303  305  371    3
    3  331  305  304    1
    3  345  379  347    3
    3  312  379  319    3
    3  300  365  293    3
    3  294  365  364    3
C Prescribed Values(Inlet, Outlet), InteractionSurface(Inlet, Outlet)
       1        0        0        2        2        2
C Inlet Pressure, FunID (E18.9,I5)
   1.000000000e+00    3
C Outlet Velocity
C     Vx,           Vy,            Vz,    indVx,indVy,indVz, FunID(3E18.9, 4I5)
   0.000000000e+00   1.000000000e+00   0.000000000e+00    1    0    0    4
C Inlet Velocity
C nNodeID,    Vx,           Vy,            Vz (I5, 3E18.9)
  265
    1  -2.700000000e+00  -2.550000000e+00  -1.150000000e+00
    2  -2.050000000e+00  -2.400000000e+00  -1.800000000e+00
    3  -1.800000000e+00  -2.400000000e+00  -3.100000000e+00
    4  -1.100000000e+00  -2.400000000e+00  -3.150000000e+00
    5  -9.000000000e-01  -2.400000000e+00  -2.300000000e+00
    6  -1.050000000e+00  -2.400000000e+00  -1.500000000e+00
    7  -1.400000000e+00  -2.400000000e+00  -1.000000000e+00
    8  -2.000000000e+00  -2.400000000e+00  -7.000000000e-01
    9  -3.600000000e+00  -2.400000000e+00  -7.000000000e-01
   10  -4.950000000e+00  -2.400000000e+00  -1.550000000e+00
   11  -5.350000000e+00  -2.400000000e+00  -2.700000000e+00
   12  -4.400000000e+00  -2.400000000e+00  -3.200000000e+00
   13  -3.050000000e+00  -2.400000000e+00  -2.500000000e+00
   14  -2.150000000e+00  -2.400000000e+00  -1.100000000e+00
   15  -2.100000000e+00  -2.400000000e+00  -3.500000000e-01
   16  -2.350000000e+00  -2.400000000e+00   1.500000000e-01
   17  -3.150000000e+00  -2.400000000e+00   9.000000000e-01
   18  -4.200000000e+00  -2.400000000e+00   1.200000000e+00
   19  -4.600000000e+00  -2.400000000e+00   5.500000000e-01
   20  -3.700000000e+00  -2.400000000e+00  -5.000000000e-01
   21  -2.750000000e+00  -2.400000000e+00  -9.000000000e-01
   22  -2.100000000e+00  -2.400000000e+00  -9.500000000e-01
   23  -1.900000000e+00  -2.400000000e+00  -9.000000000e-01
   24  -1.850000000e+00  -2.400000000e+00  -8.000000000e-01
   25  -1.900000000e+00  -2.400000000e+00  -9.500000000e-01
   26  -1.300000000e+00  -2.250000000e+00  -1.550000000e+00
   27  -1.000000000e+00  -2.250000000e+00  -2.050000000e+00
   28  -7.500000000e-01  -2.250000000e+00  -1.500000000e+00
   29  -9.500000000e-01  -2.250000000e+00  -6.500000000e-01
   30  -1.300000000e+00  -2.250000000e+00  -1.500000000e-01
   31  -1.600000000e+00  -2.250000000e+00  -1.000000000e-01
   32  -1.700000000e+00  -2.250000000e+00  -1.500000000e-01
   33  -1.750000000e+00  -2.250000000e+00  -3.000000000e-01
   34  -1.800000000e+00  -2.250000000e+00  -4.500000000e-01
   35  -1.800000000e+00  -2.250000000e+00  -6.000000000e-01
   36  -1.800000000e+00  -2.250000000e+00  -8.000000000e-01
   37  -1.700000000e+00  -2.250000000e+00  -9.500000000e-01
   38  -1.500000000e+00  -2.250000000e+00  -9.500000000e-01
   39  -1.350000000e+00  -2.250000000e+00  -9.000000000e-01
   40  -1.300000000e+00  -2.250000000e+00  -7.000000000e-01
   41  -1.650000000e+00  -2.250000000e+00   0.000000000e+00
   42  -2.450000000e+00  -2.250000000e+00   5.000000000e-01
   43  -3.050000000e+00  -2.250000000e+00   3.500000000e-01
   44  -2.800000000e+00  -2.250000000e+00  -2.000000000e-01
   45  -2.350000000e+00  -2.250000000e+00  -6.000000000e-01
   46  -2.150000000e+00  -2.250000000e+00  -8.500000000e-01
   47  -1.950000000e+00  -2.250000000e+00  -1.050000000e+00
   48  -1.700000000e+00  -2.250000000e+00  -1.200000000e+00
   49  -1.450000000e+00  -2.250000000e+00  -1.250000000e+00
   50  -1.200000000e+00  -2.100000000e+00  -1.050000000e+00
   51  -1.000000000e+00  -2.100000000e+00  -1.450000000e+00
   52  -9.000000000e-01  -2.100000000e+00  -8.000000000e-01
   53  -1.250000000e+00  -2.100000000e+00   5.000000000e-02
   54  -1.750000000e+00  -2.100000000e+00   4.000000000e-01
   55  -2.100000000e+00  -2.100000000e+00   3.500000000e-01
   56  -2.200000000e+00  -2.100000000e+00   1.000000000e-01
   57  -2.100000000e+00  -2.100000000e+00  -1.500000000e-01
   58  -1.900000000e+00  -2.100000000e+00  -3.000000000e-01
   59  -1.850000000e+00  -2.100000000e+00  -4.500000000e-01
   60  -1.900000000e+00  -2.100000000e+00  -7.000000000e-01
   61  -1.800000000e+00  -2.100000000e+00  -9.500000000e-01
   62  -1.650000000e+00  -2.100000000e+00  -1.000000000e+00
   63  -1.450000000e+00  -2.100000000e+00  -1.050000000e+00
   64  -1.300000000e+00  -2.100000000e+00  -9.500000000e-01
   65  -1.550000000e+00  -2.100000000e+00  -2.000000000e-01
   66  -2.300000000e+00  -2.100000000e+00   4.000000000e-01
   67  -2.850000000e+00  -2.100000000e+00   3.500000000e-01
   68  -2.700000000e+00  -2.100000000e+00  -1.500000000e-01
   69  -2.400000000e+00  -2.100000000e+00  -5.000000000e-01
   70  -2.100000000e+00  -2.100000000e+00  -7.000000000e-01
   71  -1.900000000e+00  -2.100000000e+00  -9.000000000e-01
   72  -1.600000000e+00  -2.100000000e+00  -9.500000000e-01
   73  -1.350000000e+00  -2.100000000e+00  -9.000000000e-01
   74  -1.500000000e+00  -2.000000000e+00  -1.100000000e+00
   75  -1.300000000e+00  -2.000000000e+00  -1.500000000e+00
   76  -1.300000000e+00  -2.000000000e+00  -5.000000000e-01
   77  -1.800000000e+00  -2.000000000e+00   5.500000000e-01
   78  -2.600000000e+00  -2.000000000e+00   9.500000000e-01
   79  -3.100000000e+00  -2.000000000e+00   8.000000000e-01
   80  -3.300000000e+00  -2.000000000e+00   3.500000000e-01
   81  -3.250000000e+00  -2.000000000e+00  -1.000000000e-01
   82  -3.050000000e+00  -2.000000000e+00  -4.500000000e-01
   83  -2.900000000e+00  -2.000000000e+00  -7.500000000e-01
   84  -2.700000000e+00  -2.000000000e+00  -1.050000000e+00
   85  -2.250000000e+00  -2.000000000e+00  -1.000000000e+00
   86  -1.950000000e+00  -2.000000000e+00  -6.500000000e-01
   87  -1.850000000e+00  -2.000000000e+00  -4.000000000e-01
   88  -1.750000000e+00  -2.000000000e+00  -5.000000000e-01
   89  -1.850000000e+00  -2.000000000e+00  -3.000000000e-01
   90  -2.300000000e+00  -2.000000000e+00   1.000000000e-01
   91  -2.650000000e+00  -2.000000000e+00   1.000000000e-01
   92  -2.700000000e+00  -2.000000000e+00  -2.000000000e-01
   93  -2.650000000e+00  -2.000000000e+00  -5.000000000e-01
   94  -2.550000000e+00  -2.000000000e+00  -7.500000000e-01
   95  -2.400000000e+00  -2.000000000e+00  -9.500000000e-01
   96  -2.050000000e+00  -2.000000000e+00  -1.050000000e+00
   97  -1.700000000e+00  -2.000000000e+00  -9.000000000e-01
   98  -1.700000000e+00  -1.850000000e+00  -7.000000000e-01
   99  -1.550000000e+00  -1.850000000e+00  -1.050000000e+00
  100  -1.600000000e+00  -1.850000000e+00  -2.000000000e-01
  101  -2.200000000e+00  -1.850000000e+00   7.500000000e-01
  102  -2.950000000e+00  -1.850000000e+00   1.100000000e+00
  103  -3.450000000e+00  -1.850000000e+00   9.000000000e-01
  104  -3.700000000e+00  -1.850000000e+00   4.500000000e-01
  105  -3.750000000e+00  -1.850000000e+00   0.000000000e+00
  106  -3.600000000e+00  -1.850000000e+00  -4.500000000e-01
  107  -3.450000000e+00  -1.850000000e+00  -8.500000000e-01
  108  -3.300000000e+00  -1.850000000e+00  -1.200000000e+00
  109  -2.650000000e+00  -1.850000000e+00  -1.100000000e+00
  110  -2.250000000e+00  -1.850000000e+00  -6.500000000e-01
  111  -2.150000000e+00  -1.850000000e+00  -2.500000000e-01
  112  -2.100000000e+00  -1.850000000e+00  -4.000000000e-01
  113  -2.100000000e+00  -1.850000000e+00  -3.500000000e-01
  114  -2.450000000e+00  -1.850000000e+00   5.000000000e-02
  115  -2.850000000e+00  -1.850000000e+00   1.000000000e-01
  116  -2.950000000e+00  -1.850000000e+00  -2.000000000e-01
  117  -3.200000000e+00  -1.850000000e+00  -4.500000000e-01
  118  -3.350000000e+00  -1.850000000e+00  -8.500000000e-01
  119  -3.050000000e+00  -1.850000000e+00  -1.200000000e+00
  120  -2.550000000e+00  -1.850000000e+00  -1.200000000e+00
  121  -1.950000000e+00  -1.850000000e+00  -8.000000000e-01
  122  -1.600000000e+00  -1.700000000e+00  -6.000000000e-01
  123  -1.500000000e+00  -1.700000000e+00  -1.150000000e+00
  124  -1.450000000e+00  -1.700000000e+00  -3.500000000e-01
  125  -1.900000000e+00  -1.700000000e+00   4.500000000e-01
  126  -2.500000000e+00  -1.700000000e+00   8.000000000e-01
  127  -2.950000000e+00  -1.700000000e+00   7.000000000e-01
  128  -3.200000000e+00  -1.700000000e+00   4.500000000e-01
  129  -3.400000000e+00  -1.700000000e+00   0.000000000e+00
  130  -3.550000000e+00  -1.700000000e+00  -4.000000000e-01
  131  -3.650000000e+00  -1.700000000e+00  -9.000000000e-01
  132  -3.400000000e+00  -1.700000000e+00  -1.400000000e+00
  133  -2.750000000e+00  -1.700000000e+00  -1.300000000e+00
  134  -2.250000000e+00  -1.700000000e+00  -8.000000000e-01
  135  -2.100000000e+00  -1.700000000e+00  -3.500000000e-01
  136  -2.050000000e+00  -1.700000000e+00  -3.000000000e-01
  137  -2.200000000e+00  -1.700000000e+00  -1.000000000e-01
  138  -2.750000000e+00  -1.700000000e+00   3.500000000e-01
  139  -3.250000000e+00  -1.700000000e+00   4.000000000e-01
  140  -3.250000000e+00  -1.700000000e+00  -5.000000000e-02
  141  -3.050000000e+00  -1.700000000e+00  -4.500000000e-01
  142  -2.900000000e+00  -1.700000000e+00  -7.000000000e-01
  143  -2.550000000e+00  -1.700000000e+00  -9.000000000e-01
  144  -2.100000000e+00  -1.700000000e+00  -8.000000000e-01
  145  -1.650000000e+00  -1.700000000e+00  -4.500000000e-01
  146  -1.650000000e+00  -1.200000000e+00  -1.500000000e+00
  147  -1.200000000e+00  -1.200000000e+00  -2.000000000e+00
  148  -1.050000000e+00  -1.200000000e+00  -7.500000000e-01
  149  -1.550000000e+00  -1.200000000e+00   4.500000000e-01
  150  -2.300000000e+00  -1.200000000e+00   1.050000000e+00
  151  -2.850000000e+00  -1.200000000e+00   1.000000000e+00
  152  -2.950000000e+00  -1.200000000e+00   6.500000000e-01
  153  -2.900000000e+00  -1.200000000e+00   2.500000000e-01
  154  -2.700000000e+00  -1.200000000e+00   0.000000000e+00
  155  -2.550000000e+00  -1.200000000e+00  -2.000000000e-01
  156  -2.600000000e+00  -1.200000000e+00  -5.500000000e-01
  157  -2.250000000e+00  -1.200000000e+00  -5.500000000e-01
  158  -1.950000000e+00  -1.200000000e+00  -2.500000000e-01
  159  -1.900000000e+00  -1.200000000e+00   1.000000000e-01
  160  -1.950000000e+00  -1.200000000e+00   3.000000000e-01
  161  -2.300000000e+00  -1.200000000e+00   6.000000000e-01
  162  -3.100000000e+00  -1.200000000e+00   1.150000000e+00
  163  -3.850000000e+00  -1.200000000e+00   9.500000000e-01
  164  -3.450000000e+00  -1.200000000e+00   2.500000000e-01
  165  -2.600000000e+00  -1.200000000e+00  -2.500000000e-01
  166  -1.950000000e+00  -1.200000000e+00  -3.000000000e-01
  167  -1.650000000e+00  -1.200000000e+00  -3.000000000e-01
  168  -1.500000000e+00  -1.200000000e+00  -2.500000000e-01
  169  -1.500000000e+00  -1.200000000e+00  -4.500000000e-01
  170  -1.000000000e+00  -7.500000000e-01  -1.500000000e+00
  171  -6.500000000e-01  -7.500000000e-01  -1.500000000e+00
  172  -5.000000000e-01  -7.500000000e-01  -7.500000000e-01
  173  -7.000000000e-01  -7.500000000e-01   1.000000000e-01
  174  -1.250000000e+00  -7.500000000e-01   6.000000000e-01
  175  -1.600000000e+00  -7.500000000e-01   6.500000000e-01
  176  -1.650000000e+00  -7.500000000e-01   4.500000000e-01
  177  -1.500000000e+00  -7.500000000e-01   3.000000000e-01
  178  -1.250000000e+00  -7.500000000e-01   2.500000000e-01
  179  -1.200000000e+00  -7.500000000e-01   3.000000000e-01
  180  -1.400000000e+00  -7.500000000e-01   1.500000000e-01
  181  -1.450000000e+00  -7.500000000e-01  -5.000000000e-02
  182  -1.300000000e+00  -7.500000000e-01   1.000000000e-01
  183  -1.350000000e+00  -7.500000000e-01   2.500000000e-01
  184  -1.450000000e+00  -7.500000000e-01   3.500000000e-01
  185  -1.700000000e+00  -7.500000000e-01   5.500000000e-01
  186  -2.350000000e+00  -7.500000000e-01   9.500000000e-01
  187  -2.950000000e+00  -7.500000000e-01   7.500000000e-01
  188  -2.700000000e+00  -7.500000000e-01   2.000000000e-01
  189  -2.100000000e+00  -7.500000000e-01  -2.500000000e-01
  190  -1.650000000e+00  -7.500000000e-01  -4.500000000e-01
  191  -1.400000000e+00  -7.500000000e-01  -5.000000000e-01
  192  -1.250000000e+00  -7.500000000e-01  -6.000000000e-01
  193  -1.150000000e+00  -7.500000000e-01  -8.000000000e-01
  194  -8.000000000e-01  -2.500000000e-01  -5.000000000e-01
  195  -6.500000000e-01  -2.500000000e-01  -5.000000000e-01
  196  -7.500000000e-01  -2.500000000e-01   0.000000000e+00
  197  -1.100000000e+00  -2.500000000e-01   7.000000000e-01
  198  -1.650000000e+00  -2.500000000e-01   1.000000000e+00
  199  -2.050000000e+00  -2.500000000e-01   9.000000000e-01
  200  -2.100000000e+00  -2.500000000e-01   6.000000000e-01
  201  -2.000000000e+00  -2.500000000e-01   2.500000000e-01
  202  -1.850000000e+00  -2.500000000e-01   1.000000000e-01
  203  -1.750000000e+00  -2.500000000e-01  -5.000000000e-02
  204  -1.800000000e+00  -2.500000000e-01  -3.000000000e-01
  205  -1.750000000e+00  -2.500000000e-01  -6.000000000e-01
  206  -1.550000000e+00  -2.500000000e-01  -6.500000000e-01
  207  -1.350000000e+00  -2.500000000e-01  -5.000000000e-01
  208  -1.250000000e+00  -2.500000000e-01  -4.000000000e-01
  209  -1.300000000e+00  -2.500000000e-01  -2.000000000e-01
  210  -1.750000000e+00  -2.500000000e-01   2.500000000e-01
  211  -2.150000000e+00  -2.500000000e-01   2.500000000e-01
  212  -2.050000000e+00  -2.500000000e-01  -5.000000000e-02
  213  -1.800000000e+00  -2.500000000e-01  -3.000000000e-01
  214  -1.600000000e+00  -2.500000000e-01  -4.500000000e-01
  215  -1.350000000e+00  -2.500000000e-01  -5.500000000e-01
  216  -1.100000000e+00  -2.500000000e-01  -5.000000000e-01
  217  -8.500000000e-01  -2.500000000e-01  -3.500000000e-01
  218  -6.500000000e-01   1.500000000e-01   0.000000000e+00
  219  -6.000000000e-01   1.500000000e-01   5.000000000e-01
  220  -8.000000000e-01   1.500000000e-01   1.000000000e+00
  221  -1.450000000e+00   1.500000000e-01   1.400000000e+00
  222  -2.300000000e+00   1.500000000e-01   2.000000000e+00
  223  -2.950000000e+00   1.500000000e-01   1.500000000e+00
  224  -2.950000000e+00   1.500000000e-01   7.500000000e-01
  225  -2.600000000e+00   1.500000000e-01   4.500000000e-01
  226  -2.100000000e+00   1.500000000e-01   2.000000000e-01
  227  -1.700000000e+00   1.500000000e-01   1.500000000e-01
  228  -1.700000000e+00   1.500000000e-01   0.000000000e+00
  229  -1.550000000e+00   1.500000000e-01  -1.000000000e-01
  230  -1.350000000e+00   1.500000000e-01   1.000000000e-01
  231  -1.300000000e+00   1.500000000e-01   3.000000000e-01
  232  -1.350000000e+00   1.500000000e-01   3.000000000e-01
  233  -1.100000000e+00   1.500000000e-01  -2.500000000e-01
  234  -8.000000000e-01   1.500000000e-01  -4.500000000e-01
  235  -7.000000000e-01   1.500000000e-01  -3.500000000e-01
  236  -9.500000000e-01   1.500000000e-01  -1.500000000e-01
  237  -1.600000000e+00   1.500000000e-01  -1.500000000e-01
  238  -1.850000000e+00   1.500000000e-01  -3.500000000e-01
  239  -1.600000000e+00   1.500000000e-01  -5.500000000e-01
  240  -1.250000000e+00   1.500000000e-01  -6.000000000e-01
  241  -8.500000000e-01   1.500000000e-01  -3.500000000e-01
  242  -9.000000000e-01   6.500000000e-01   5.000000000e-01
  243  -1.000000000e+00   6.500000000e-01   5.000000000e-01
  244  -1.400000000e+00   6.500000000e-01   1.500000000e+00
  245  -2.100000000e+00   6.500000000e-01   1.900000000e+00
  246  -2.850000000e+00   6.500000000e-01   2.000000000e+00
  247  -3.400000000e+00   6.500000000e-01   1.500000000e+00
  248  -3.400000000e+00   6.500000000e-01   1.000000000e+00
  249  -3.000000000e+00   6.500000000e-01   2.500000000e-01
  250  -2.500000000e+00   6.500000000e-01   0.000000000e+00
  251  -2.200000000e+00   6.500000000e-01  -1.000000000e-01
  252  -2.300000000e+00   6.500000000e-01  -4.500000000e-01
  253  -2.450000000e+00   6.500000000e-01  -1.350000000e+00
  254  -2.150000000e+00   6.500000000e-01  -1.750000000e+00
  255  -1.650000000e+00   6.500000000e-01  -1.800000000e+00
  256  -1.250000000e+00   6.500000000e-01  -1.600000000e+00
  257  -1.050000000e+00   6.500000000e-01  -1.250000000e+00
  258  -1.400000000e+00   6.500000000e-01  -5.000000000e-01
  259  -1.850000000e+00   6.500000000e-01  -2.000000000e-01
  260  -2.000000000e+00   6.500000000e-01  -2.000000000e-01
  261  -2.400000000e+00   6.500000000e-01  -4.000000000e-01
  262  -2.250000000e+00   6.500000000e-01  -6.000000000e-01
  263  -1.900000000e+00   6.500000000e-01  -7.000000000e-01
  264  -1.450000000e+00   6.500000000e-01  -6.000000000e-01
  265  -8.500000000e-01   6.500000000e-01   0.000000000e+00
C Region List
