C PointsNum,MaxElemVol,TetGenParams,nAtrib,IndMov,MDMaxVolume,MDomDiv,MDOnly,MDDivF,MDPrescP
  395    1.000000e+00 YYpznno2q1.414a     0     0    1.000000e+00     1     0     0     0     0     0 YYpznno2q1.414a
  -1.022148000e-01  -8.070570000e+00  -8.018100000e-02
   4.087710000e-02  -7.621820000e+00   6.499840000e-01
  -1.484590000e-01  -7.621820000e+00   6.910480000e-01
  -3.538280000e-01  -7.621820000e+00   6.862330000e-01
  -5.662570000e-01  -7.621820000e+00   6.332300000e-01
  -7.564580000e-01  -7.621820000e+00   5.108930000e-01
  -8.688340000e-01  -7.621820000e+00   3.104290000e-01
  -8.747890000e-01  -7.621820000e+00   7.809600000e-02
  -8.160680000e-01  -7.621820000e+00  -1.317880000e-01
  -7.305570000e-01  -7.621820000e+00  -3.097610000e-01
  -6.330870000e-01  -7.621820000e+00  -4.668680000e-01
  -5.175420000e-01  -7.621820000e+00  -6.127370000e-01
  -3.737010000e-01  -7.621820000e+00  -7.455250000e-01
  -1.931229000e-01  -7.621820000e+00  -8.473890000e-01
   1.555200000e-02  -7.621820000e+00  -8.878340000e-01
   2.313440000e-01  -7.621820000e+00  -8.493610000e-01
   4.254660000e-01  -7.621820000e+00  -7.434930000e-01
   5.845370000e-01  -7.621820000e+00  -5.898660000e-01
   6.817250000e-01  -7.621820000e+00  -3.954650000e-01
   6.611810000e-01  -7.621820000e+00  -1.789040000e-01
   5.304040000e-01  -7.621820000e+00   5.098000000e-03
   4.189050000e-01  -7.621820000e+00   1.342130000e-01
   3.381650000e-01  -7.621820000e+00   2.463840000e-01
   2.667470000e-01  -7.621820000e+00   3.700700000e-01
   1.786420000e-01  -7.621820000e+00   5.169680000e-01
   3.691660000e-02  -7.174070000e+00   9.253100000e-01
  -2.194520000e-01  -7.174070000e+00   9.641250000e-01
  -4.886990000e-01  -7.174070000e+00   9.407630000e-01
  -7.594050000e-01  -7.174070000e+00   8.569350000e-01
  -1.001928000e+00  -7.174070000e+00   6.896800000e-01
  -1.155520000e+00  -7.174070000e+00   4.343960000e-01
  -1.189600000e+00  -7.174070000e+00   1.366132000e-01
  -1.141030000e+00  -7.174070000e+00  -1.470150000e-01
  -1.040650000e+00  -7.174070000e+00  -3.988790000e-01
  -9.005980000e-01  -7.174070000e+00  -6.169010000e-01
  -7.251290000e-01  -7.174070000e+00  -8.023400000e-01
  -5.137920000e-01  -7.174070000e+00  -9.488400000e-01
  -2.700834000e-01  -7.174070000e+00  -1.047650000e+00
  -2.871000000e-03  -7.174070000e+00  -1.077470000e+00
   2.625210000e-01  -7.174070000e+00  -1.020909000e+00
   4.989010000e-01  -7.174070000e+00  -8.833710000e-01
   6.877500000e-01  -7.174070000e+00  -6.889380000e-01
   8.091340000e-01  -7.174070000e+00  -4.512580000e-01
   8.149860000e-01  -7.174070000e+00  -1.883868000e-01
   6.982410000e-01  -7.174070000e+00   4.920300000e-02
   5.761710000e-01  -7.174070000e+00   2.343610000e-01
   4.726970000e-01  -7.174070000e+00   4.003930000e-01
   3.695450000e-01  -7.174070000e+00   5.757270000e-01
   2.369450000e-01  -7.174070000e+00   7.690340000e-01
   3.072900000e-02  -6.725310000e+00   1.112160000e+00
  -2.759520000e-01  -6.725310000e+00   1.137930000e+00
  -5.887170000e-01  -6.725310000e+00   1.101374000e+00
  -9.014310000e-01  -6.725310000e+00   9.986880000e-01
  -1.185160000e+00  -6.725310000e+00   8.048940000e-01
  -1.365030000e+00  -6.725310000e+00   5.060600000e-01
  -1.421430000e+00  -6.725310000e+00   1.615288000e-01
  -1.384910000e+00  -6.725310000e+00  -1.753190000e-01
  -1.280080000e+00  -6.725310000e+00  -4.855190000e-01
  -1.115860000e+00  -6.725310000e+00  -7.580640000e-01
  -8.976430000e-01  -6.725310000e+00  -9.840500000e-01
  -6.344120000e-01  -6.725310000e+00  -1.158200000e+00
  -3.352710000e-01  -6.725310000e+00  -1.272670000e+00
  -1.008500000e-02  -6.725310000e+00  -1.305310000e+00
   3.103810000e-01  -6.725310000e+00  -1.227105000e+00
   5.809140000e-01  -6.725310000e+00  -1.034656000e+00
   7.802660000e-01  -6.725310000e+00  -7.832660000e-01
   8.998670000e-01  -6.725310000e+00  -5.011500000e-01
   9.251260000e-01  -6.725310000e+00  -2.104712000e-01
   8.500710000e-01  -6.725310000e+00   6.361700000e-02
   7.371910000e-01  -6.725310000e+00   3.001430000e-01
   6.160120000e-01  -6.725310000e+00   5.178120000e-01
   4.784670000e-01  -6.725310000e+00   7.413000000e-01
   2.923980000e-01  -6.725310000e+00   9.628000000e-01
   1.509400000e-02  -6.277560000e+00   1.245210000e+00
  -3.247960000e-01  -6.277560000e+00   1.266460000e+00
  -6.720470000e-01  -6.277560000e+00   1.227660000e+00
  -1.024810000e+00  -6.277560000e+00   1.122637000e+00
  -1.347090000e+00  -6.277560000e+00   9.113420000e-01
  -1.550580000e+00  -6.277560000e+00   5.775060000e-01
  -1.619380000e+00  -6.277560000e+00   1.917276000e-01
  -1.587640000e+00  -6.277560000e+00  -1.888470000e-01
  -1.478630000e+00  -6.277560000e+00  -5.442860000e-01
  -1.297090000e+00  -6.277560000e+00  -8.604600000e-01
  -1.043030000e+00  -6.277560000e+00  -1.120750000e+00
  -7.347910000e-01  -6.277560000e+00  -1.312720000e+00
  -3.889060000e-01  -6.277560000e+00  -1.431640000e+00
  -2.143000000e-02  -6.277560000e+00  -1.452400000e+00
   3.301550000e-01  -6.277560000e+00  -1.348250000e+00
   6.128320000e-01  -6.277560000e+00  -1.115010000e+00
   8.134680000e-01  -6.277560000e+00  -8.285840000e-01
   9.410970000e-01  -6.277560000e+00  -5.256180000e-01
   9.959920000e-01  -6.277560000e+00  -2.182724000e-01
   9.625360000e-01  -6.277560000e+00   8.565700000e-02
   8.668740000e-01  -6.277560000e+00   3.678790000e-01
   7.316160000e-01  -6.277560000e+00   6.302490000e-01
   5.556960000e-01  -6.277560000e+00   8.827100000e-01
   3.209540000e-01  -6.277560000e+00   1.109800000e+00
  -1.120500000e-02  -5.828800000e+00   1.357060000e+00
  -3.775600000e-01  -5.828800000e+00   1.380910000e+00
  -7.564370000e-01  -5.828800000e+00   1.352890000e+00
  -1.152770000e+00  -5.828800000e+00   1.255361000e+00
  -1.523770000e+00  -5.828800000e+00   1.036382000e+00
  -1.754940000e+00  -5.828800000e+00   6.658580000e-01
  -1.825730000e+00  -5.828800000e+00   2.338001000e-01
  -1.781890000e+00  -5.828800000e+00  -1.895470000e-01
  -1.653990000e+00  -5.828800000e+00  -5.812160000e-01
  -1.451810000e+00  -5.828800000e+00  -9.298100000e-01
  -1.169990000e+00  -5.828800000e+00  -1.214390000e+00
  -8.266820000e-01  -5.828800000e+00  -1.417810000e+00
  -4.452050000e-01  -5.828800000e+00  -1.535370000e+00
  -4.696800000e-02  -5.828800000e+00  -1.547200000e+00
   3.255170000e-01  -5.828800000e+00  -1.424170000e+00
   6.175360000e-01  -5.828800000e+00  -1.164940000e+00
   8.240970000e-01  -5.828800000e+00  -8.578540000e-01
   9.635120000e-01  -5.828800000e+00  -5.408530000e-01
   1.038068000e+00  -5.828800000e+00  -2.181999000e-01
   1.030909000e+00  -5.828800000e+00   1.100060000e-01
   9.476970000e-01  -5.828800000e+00   4.253950000e-01
   8.024360000e-01  -5.828800000e+00   7.214410000e-01
   5.983280000e-01  -5.828800000e+00   9.972800000e-01
   3.278210000e-01  -5.828800000e+00   1.229470000e+00
  -3.983900000e-02  -5.380050000e+00   1.468360000e+00
  -4.322700000e-01  -5.380050000e+00   1.496020000e+00
  -8.411100000e-01  -5.380050000e+00   1.473090000e+00
  -1.273750000e+00  -5.380050000e+00   1.378486000e+00
  -1.686280000e+00  -5.380050000e+00   1.151312000e+00
  -1.947130000e+00  -5.380050000e+00   7.511110000e-01
  -2.032210000e+00  -5.380050000e+00   2.775741000e-01
  -1.988890000e+00  -5.380050000e+00  -1.882200000e-01
  -1.851590000e+00  -5.380050000e+00  -6.213500000e-01
  -1.627430000e+00  -5.380050000e+00  -1.007020000e+00
  -1.306250000e+00  -5.380050000e+00  -1.309450000e+00
  -9.167960000e-01  -5.380050000e+00  -1.504080000e+00
  -5.008390000e-01  -5.380050000e+00  -1.601270000e+00
  -8.254000000e-02  -5.380050000e+00  -1.595720000e+00
   3.036600000e-01  -5.380050000e+00  -1.464900000e+00
   6.117640000e-01  -5.380050000e+00  -1.205030000e+00
   8.355960000e-01  -5.380050000e+00  -8.918700000e-01
   9.936100000e-01  -5.380050000e+00  -5.631370000e-01
   1.083743000e+00  -5.380050000e+00  -2.214259000e-01
   1.084371000e+00  -5.380050000e+00   1.313270000e-01
   1.001744000e+00  -5.380050000e+00   4.726150000e-01
   8.464040000e-01  -5.380050000e+00   7.958170000e-01
   6.254280000e-01  -5.380050000e+00   1.095310000e+00
   3.277446000e-01  -5.380050000e+00   1.342250000e+00
  -8.360400000e-02  -4.498630000e+00   1.774170000e+00
  -5.394260000e-01  -4.498630000e+00   1.806810000e+00
  -1.011000000e+00  -4.498630000e+00   1.773470000e+00
  -1.504710000e+00  -4.498630000e+00   1.653270000e+00
  -1.970240000e+00  -4.498630000e+00   1.386446000e+00
  -2.275890000e+00  -4.498630000e+00   9.333220000e-01
  -2.368560000e+00  -4.498630000e+00   3.901583000e-01
  -2.305340000e+00  -4.498630000e+00  -1.428550000e-01
  -2.137450000e+00  -4.498630000e+00  -6.307300000e-01
  -1.875690000e+00  -4.498630000e+00  -1.058930000e+00
  -1.514530000e+00  -4.498630000e+00  -1.392320000e+00
  -1.070278000e+00  -4.498630000e+00  -1.586530000e+00
  -6.086040000e-01  -4.498630000e+00  -1.665040000e+00
  -1.555888000e-01  -4.498630000e+00  -1.644430000e+00
   2.565400000e-01  -4.498630000e+00  -1.498680000e+00
   5.788500000e-01  -4.498630000e+00  -1.213296000e+00
   8.026460000e-01  -4.498630000e+00  -8.695100000e-01
   9.627600000e-01  -4.498630000e+00  -5.216590000e-01
   1.066281000e+00  -4.498630000e+00  -1.658417000e-01
   1.094008000e+00  -4.498630000e+00   2.050440000e-01
   1.030447000e+00  -4.498630000e+00   5.796880000e-01
   8.762810000e-01  -4.498630000e+00   9.440430000e-01
   6.559780000e-01  -4.498630000e+00   1.304170000e+00
   3.356162900e-01  -4.498630000e+00   1.615440000e+00
  -8.815300000e-02  -3.616210000e+00   1.995100000e+00
  -5.959590000e-01  -3.616210000e+00   2.050100000e+00
  -1.128980000e+00  -3.616210000e+00   2.020090000e+00
  -1.680220000e+00  -3.616210000e+00   1.876630000e+00
  -2.183990000e+00  -3.616210000e+00   1.562959000e+00
  -2.500310000e+00  -3.616210000e+00   1.055271000e+00
  -2.555540000e+00  -3.616210000e+00   4.555661000e-01
  -2.430270000e+00  -3.616210000e+00  -1.102260000e-01
  -2.212900000e+00  -3.616210000e+00  -6.034400000e-01
  -1.932050000e+00  -3.616210000e+00  -1.032330000e+00
  -1.579520000e+00  -3.616210000e+00  -1.385850000e+00
  -1.144200000e+00  -3.616210000e+00  -1.624790000e+00
  -6.661530000e-01  -3.616210000e+00  -1.746030000e+00
  -1.806358000e-01  -3.616210000e+00  -1.746100000e+00
   2.623620000e-01  -3.616210000e+00  -1.584070000e+00
   5.943120000e-01  -3.616210000e+00  -1.255900000e+00
   8.127290000e-01  -3.616210000e+00  -8.726660000e-01
   9.703270000e-01  -3.616210000e+00  -5.039530000e-01
   1.070983000e+00  -3.616210000e+00  -1.314339000e-01
   1.090012000e+00  -3.616210000e+00   2.516240000e-01
   1.014208000e+00  -3.616210000e+00   6.336060000e-01
   8.669370000e-01  -3.616210000e+00   1.011660000e+00
   6.661460000e-01  -3.616210000e+00   1.409350000e+00
   3.547498000e-01  -3.616210000e+00   1.780890000e+00
  -9.859700000e-02  -2.733800000e+00   2.135380000e+00
  -6.470400000e-01  -2.733800000e+00   2.209140000e+00
  -1.227120000e+00  -2.733800000e+00   2.175500000e+00
  -1.818750000e+00  -2.733800000e+00   2.004610000e+00
  -2.331220000e+00  -2.733800000e+00   1.640050000e+00
  -2.638390000e+00  -2.733800000e+00   1.092489000e+00
  -2.688530000e+00  -2.733800000e+00   4.674598000e-01
  -2.561860000e+00  -2.733800000e+00  -1.191260000e-01
  -2.340750000e+00  -2.733800000e+00  -6.346500000e-01
  -2.054310000e+00  -2.733800000e+00  -1.086250000e+00
  -1.690030000e+00  -2.733800000e+00  -1.466020000e+00
  -1.233910000e+00  -2.733800000e+00  -1.730590000e+00
  -7.275970000e-01  -2.733800000e+00  -1.869180000e+00
  -2.079577000e-01  -2.733800000e+00  -1.873940000e+00
   2.629720000e-01  -2.733800000e+00  -1.694580000e+00
   6.054200000e-01  -2.733800000e+00  -1.327560000e+00
   8.180360000e-01  -2.733800000e+00  -9.086920000e-01
   9.699280000e-01  -2.733800000e+00  -5.190050000e-01
   1.064816000e+00  -2.733800000e+00  -1.345402000e-01
   1.074447000e+00  -2.733800000e+00   2.581120000e-01
   9.892710000e-01  -2.733800000e+00   6.450300000e-01
   8.493320000e-01  -2.733800000e+00   1.033390000e+00
   6.627340000e-01  -2.733800000e+00   1.455720000e+00
   3.605627000e-01  -2.733800000e+00   1.871660000e+00
  -1.463260000e-01  -1.851380000e+00   2.176200000e+00
  -7.142400000e-01  -1.851380000e+00   2.256590000e+00
  -1.318650000e+00  -1.851380000e+00   2.230840000e+00
  -1.934030000e+00  -1.851380000e+00   2.056580000e+00
  -2.466820000e+00  -1.851380000e+00   1.679100000e+00
  -2.799740000e+00  -1.851380000e+00   1.112914000e+00
  -2.883190000e+00  -1.851380000e+00   4.608790000e-01
  -2.779510000e+00  -1.851380000e+00  -1.644290000e-01
  -2.563080000e+00  -1.851380000e+00  -7.258800000e-01
  -2.253990000e+00  -1.851380000e+00  -1.214780000e+00
  -1.850350000e+00  -1.851380000e+00  -1.611770000e+00
  -1.348730000e+00  -1.851380000e+00  -1.865960000e+00
  -8.083260000e-01  -1.851380000e+00  -1.981930000e+00
  -2.654214000e-01  -1.851380000e+00  -1.974160000e+00
   2.288180000e-01  -1.851380000e+00  -1.799220000e+00
   5.969560000e-01  -1.851380000e+00  -1.432400000e+00
   8.228180000e-01  -1.851380000e+00  -9.941490000e-01
   9.757020000e-01  -1.851380000e+00  -5.785870000e-01
   1.044085000e+00  -1.851380000e+00  -1.731210000e-01
   1.014493000e+00  -1.851380000e+00   2.254430000e-01
   9.145080000e-01  -1.851380000e+00   6.080710000e-01
   7.857980000e-01  -1.851380000e+00   1.001003000e+00
   6.181820000e-01  -1.851380000e+00   1.448410000e+00
   3.245200000e-01  -1.851380000e+00   1.896870000e+00
  -2.357900000e-01  -9.689600000e-01   2.125430000e+00
  -7.965300000e-01  -9.689600000e-01   2.205250000e+00
  -1.393820000e+00  -9.689600000e-01   2.184690000e+00
  -2.005170000e+00  -9.689600000e-01   2.018630000e+00
  -2.537020000e+00  -9.689600000e-01   1.648420000e+00
  -2.891340000e+00  -9.689600000e-01   1.092011000e+00
  -3.027630000e+00  -9.689600000e-01   4.442550000e-01
  -2.988860000e+00  -9.689600000e-01  -2.054180000e-01
  -2.808810000e+00  -9.689600000e-01  -8.165900000e-01
  -2.487140000e+00  -9.689600000e-01  -1.349100000e+00
  -2.034750000e+00  -9.689600000e-01  -1.757330000e+00
  -1.470720000e+00  -9.689600000e-01  -1.973720000e+00
  -8.947900000e-01  -9.689600000e-01  -2.026320000e+00
  -3.481575000e-01  -9.689600000e-01  -1.971430000e+00
   1.385970000e-01  -9.689600000e-01  -1.785230000e+00
   5.047660000e-01  -9.689600000e-01  -1.434300000e+00
   7.069660000e-01  -9.689600000e-01  -9.813440000e-01
   8.372030000e-01  -9.689600000e-01  -5.669380000e-01
   9.038350000e-01  -9.689600000e-01  -1.787450000e-01
   8.955370000e-01  -9.689600000e-01   2.030410000e-01
   8.113420000e-01  -9.689600000e-01   5.797110000e-01
   6.994740000e-01  -9.689600000e-01   9.765190000e-01
   5.434980000e-01  -9.689600000e-01   1.436540000e+00
   2.452020000e-01  -9.689600000e-01   1.880830000e+00
  -3.526040000e-01  -3.545410000e-01   2.038920000e+00
   1.301790000e-01  -3.545410000e-01   1.818500000e+00
   4.221060000e-01  -3.545410000e-01   1.379330000e+00
   5.277300000e-01  -3.545410000e-01   8.880400000e-01
   5.973140000e-01  -3.545410000e-01   4.948270000e-01
   6.676230000e-01  -3.545410000e-01   1.475790000e-01
   7.019060000e-01  -3.545410000e-01  -2.002940000e-01
   6.722870000e-01  -3.545410000e-01  -5.762310000e-01
   5.701980000e-01  -3.545410000e-01  -9.932100000e-01
   3.752500000e-01  -3.545410000e-01  -1.439150000e+00
   4.191000000e-03  -3.545410000e-01  -1.743640000e+00
  -4.668674000e-01  -3.545410000e-01  -1.933830000e+00
  -1.006604000e+00  -3.545410000e-01  -2.044930000e+00
  -1.621150000e+00  -3.545410000e-01  -2.074170000e+00
  -2.257530000e+00  -3.545410000e-01  -1.914460000e+00
  -2.763070000e+00  -3.545410000e-01  -1.496760000e+00
  -3.084710000e+00  -3.545410000e-01  -9.123500000e-01
  -3.211550000e+00  -3.545410000e-01  -2.531950000e-01
  -3.174280000e+00  -3.545410000e-01   4.137060000e-01
  -2.982580000e+00  -3.545410000e-01   1.048634000e+00
  -2.618310000e+00  -3.545410000e-01   1.592010000e+00
  -2.094820000e+00  -3.545410000e-01   1.957920000e+00
  -1.492320000e+00  -3.545410000e-01   2.120490000e+00
  -9.004100000e-01  -3.545410000e-01   2.128470000e+00
  -1.839010000e+00  -4.115410000e-01  -1.579560000e+00
  -2.277700000e+00  -4.051410000e-01  -1.413080000e+00
  -1.302620000e+00  -4.010410000e-01   1.792280000e+00
  -9.338800000e-01  -4.259410000e-01   1.554420000e+00
  -1.809280000e+00  -4.865410000e-01   1.976180000e-01
  -1.790830000e+00  -4.825410000e-01   4.391075000e-01
  -1.516500000e+00  -4.885410000e-01   4.473108000e-01
  -4.344957000e-01  -4.028410000e-01  -1.559020000e+00
  -1.465590000e+00  -4.975410000e-01  -1.105600000e-01
  -1.241960000e+00  -4.935410000e-01   4.555140000e-01
  -9.486200000e-01  -4.955410000e-01  -4.646900000e-02
  -2.216350000e+00  -4.595410000e-01   4.123400000e-01
  -2.244460000e+00  -4.625410000e-01  -6.640500000e-02
  -2.691510000e+00  -4.212410000e-01   1.400870000e-01
  -2.263280000e+00  -4.331410000e-01   9.680050000e-01
  -2.380540000e+00  -4.348410000e-01   7.403660000e-01
  -2.371800000e+00  -4.256410000e-01   9.352490000e-01
  -3.444840000e-01  -4.157410000e-01   1.438377000e+00
  -7.788630000e-01  -4.655410000e-01   9.764070000e-01
  -1.527850000e+00  -4.451410000e-01  -1.303060000e+00
  -1.465510000e+00  -4.595410000e-01  -1.115610000e+00
  -1.288948000e+00  -4.555410000e-01  -1.195360000e+00
  -1.603600000e+00  -4.615410000e-01   1.068501000e+00
  -1.516220000e+00  -4.355410000e-01   1.445297000e+00
  -1.432130000e+00  -4.520410000e-01   1.249365000e+00
  -2.500570000e+00  -4.177410000e-01  -9.741400000e-01
  -1.928030000e+00  -4.513410000e-01  -1.051380000e+00
  -8.397930000e-01  -4.116410000e-01  -1.606390000e+00
  -1.112384000e+00  -4.500410000e-01  -1.274120000e+00
  -6.398300000e-01  -4.417410000e-01  -1.252060000e+00
  -1.762260000e+00  -4.256410000e-01   1.465328000e+00
  -1.672430000e+00  -3.994410000e-01   1.747950000e+00
  -1.594330000e+00  -4.176410000e-01   1.600120000e+00
  -1.329533000e+00  -4.125410000e-01  -1.647810000e+00
  -2.007300000e+00  -4.120410000e-01   1.492359000e+00
   1.274090000e-01  -4.024410000e-01  -1.078070000e+00
   1.903000000e-01  -4.122410000e-01  -6.725960000e-01
   3.023690000e-01  -4.071410000e-01  -8.148800000e-02
  -1.879640000e+00  -4.835410000e-01  -2.154760000e-01
  -2.161940000e+00  -4.615410000e-01  -5.473200000e-01
   8.073410000e-02  -4.224410000e-01   5.489250000e-01
  -1.818170000e-01  -4.555410000e-01   8.685700000e-02
  -2.598290000e+00  -4.178410000e-01   6.728549000e-01
  -2.662480000e+00  -4.220410000e-01  -4.260110000e-01
  -1.579150000e-01  -4.093410000e-01  -1.335360000e+00
  -3.313240000e-01  -4.494410000e-01  -8.752900000e-01
   9.892100000e-02  -4.005410000e-01   1.159704000e+00
  -2.942530000e-01  -4.436410000e-01   9.145610000e-01
  -1.679730000e+00  -4.835410000e-01  -5.604780000e-01
  -2.109810000e+00  -4.353410000e-01   1.112350000e+00
  -2.163090000e+00  -4.490410000e-01   8.058770000e-01
  -6.168150000e-01  -4.635410000e-01  -8.724400000e-01
  -6.532650000e-01  -4.735410000e-01  -6.690790000e-01
  -1.067450000e+00  -4.675410000e-01   1.010920000e+00
  -1.134460000e+00  -4.501410000e-01   1.287426000e+00
  -9.586600000e-01  -4.585410000e-01   1.135916000e+00
  -1.933730000e+00  -4.317410000e-01   1.300463000e+00
  -2.058060000e+00  -4.240410000e-01   1.303855000e+00
  -1.858150000e+00  -4.505410000e-01   1.101567000e+00
  -1.774090000e+00  -4.755410000e-01   6.775970000e-01
  -1.968090000e+00  -4.635410000e-01   7.407370000e-01
  -1.327850000e+00  -4.955410000e-01  -3.073470000e-01
  -1.504290000e+00  -4.905410000e-01  -4.324130000e-01
  -1.188300000e+00  -4.915410000e-01  -5.011340000e-01
  -1.069510000e+00  -4.945410000e-01  -2.763020000e-01
  -8.794630000e-01  -4.895410000e-01  -3.680090000e-01
  -5.542880000e-01  -4.755410000e-01   4.147197000e-01
  -1.404420000e+00  -4.195410000e-01   1.618290000e+00
  -1.170650000e+00  -4.230410000e-01   1.586850000e+00
  -1.398180000e+00  -4.725410000e-01  -9.341600000e-01
  -1.148241000e+00  -4.745410000e-01  -9.043800000e-01
  -1.132813000e+00  -4.625410000e-01  -1.090750000e+00
  -1.292350000e+00  -4.815410000e-01   7.539740000e-01
  -1.036610000e+00  -4.745410000e-01   8.641910000e-01
  -2.067590000e-01  -4.555410000e-01  -3.536780000e-01
  -1.995080000e+00  -4.695410000e-01   5.449687800e-01
  -1.901930000e+00  -4.785410000e-01   3.722930000e-01
  -1.540450000e+00  -4.795410000e-01  -7.508200000e-01
  -1.662600000e+00  -4.645410000e-01  -9.892700000e-01
  -1.672160000e+00  -4.745410000e-01  -7.773700000e-01
  -1.559470000e+00  -4.745410000e-01   8.550150000e-01
  -1.532620000e+00  -4.805410000e-01   7.132860000e-01
  -2.365470000e+00  -4.158410000e-01   1.129132000e+00
  -5.208010000e-01  -4.785410000e-01  -7.321000000e-02
  -4.471870000e-01  -4.705410000e-01  -4.051970000e-01
  -7.695670000e-01  -4.575410000e-01  -1.075330000e+00
  -6.283220000e-01  -4.530410000e-01  -1.066750000e+00
  -1.045302000e+00  -4.835410000e-01  -6.968600000e-01
  -1.221740000e+00  -4.795410000e-01  -8.125100000e-01
  -1.326340000e+00  -4.431410000e-01   1.370361000e+00
  -1.809210000e+00  -4.386410000e-01   1.284948000e+00
  -8.199180000e-01  -4.895410000e-01  -2.550930000e-01
  -6.050880000e-01  -4.815410000e-01  -2.684630000e-01
  -1.363880000e+00  -4.865410000e-01  -6.244800000e-01
  -1.009845000e+00  -4.625410000e-01  -1.077860000e+00
  -9.429760000e-01  -4.545410000e-01  -1.171720000e+00
  -6.887160000e-01  -4.825410000e-01  -4.587170000e-01
  -3.898060000e-01  -4.605410000e-01  -6.417420000e-01
  -1.267800000e+00  -4.965410000e-01  -1.934310000e-01
  -7.955100000e-01  -4.785410000e-01  -6.746560000e-01
  -8.680090000e-01  -4.835410000e-01  -5.777910000e-01
  -1.348040000e+00  -4.675410000e-01   1.039434000e+00
  -9.003050000e-01  -4.725410000e-01  -8.845900000e-01
  -1.433510000e+00  -4.895410000e-01  -5.293060000e-01
  -2.009620000e+00  -4.509410000e-01   9.532220000e-01
  -2.189680000e+00  -4.545410000e-01   6.111089000e-01
C Number of facets
  786
C  Size  Node 1  ......Node N Marker
    3    0    1    2    3
    3    0    2    3    3
    3    0    3    4    3
    3    0    4    5    3
    3    0    5    6    3
    3    0    6    7    3
    3    0    7    8    3
    3    0    8    9    3
    3    0    9   10    3
    3    0   10   11    3
    3    0   11   12    3
    3    0   12   13    3
    3    0   13   14    3
    3    0   14   15    3
    3    0   15   16    3
    3    0   16   17    3
    3    0   17   18    3
    3    0   18   19    3
    3    0   19   20    3
    3    0   20   21    3
    3    0   21   22    3
    3    0   22   23    3
    3    0   23   24    3
    3    0   24    1    3
    3    1   25   26    3
    3    1   26    2    3
    3    2   26   27    3
    3    2   27    3    3
    3    3   27   28    3
    3    3   28    4    3
    3    4   28   29    3
    3    4   29    5    3
    3    5   29   30    3
    3    5   30    6    3
    3    6   30   31    3
    3    6   31    7    3
    3    7   31   32    3
    3    7   32    8    3
    3    8   32   33    3
    3    8   33    9    3
    3    9   33   34    3
    3    9   34   10    3
    3   10   34   35    3
    3   10   35   11    3
    3   11   35   36    3
    3   11   36   12    3
    3   12   36   37    3
    3   12   37   13    3
    3   13   37   38    3
    3   13   38   14    3
    3   14   38   39    3
    3   14   39   15    3
    3   15   39   40    3
    3   15   40   16    3
    3   16   40   41    3
    3   16   41   17    3
    3   17   41   42    3
    3   17   42   18    3
    3   18   42   43    3
    3   18   43   19    3
    3   19   43   44    3
    3   19   44   20    3
    3   20   44   45    3
    3   20   45   21    3
    3   21   45   46    3
    3   21   46   22    3
    3   22   46   47    3
    3   22   47   23    3
    3   23   47   48    3
    3   23   48   24    3
    3   24   48   25    3
    3   24   25    1    3
    3   25   49   50    3
    3   25   50   26    3
    3   26   50   51    3
    3   26   51   27    3
    3   27   51   52    3
    3   27   52   28    3
    3   28   52   53    3
    3   28   53   29    3
    3   29   53   54    3
    3   29   54   30    3
    3   30   54   55    3
    3   30   55   31    3
    3   31   55   56    3
    3   31   56   32    3
    3   32   56   57    3
    3   32   57   33    3
    3   33   57   58    3
    3   33   58   34    3
    3   34   58   59    3
    3   34   59   35    3
    3   35   59   60    3
    3   35   60   36    3
    3   36   60   61    3
    3   36   61   37    3
    3   37   61   62    3
    3   37   62   38    3
    3   38   62   63    3
    3   38   63   39    3
    3   39   63   64    3
    3   39   64   40    3
    3   40   64   65    3
    3   40   65   41    3
    3   41   65   66    3
    3   41   66   42    3
    3   42   66   67    3
    3   42   67   43    3
    3   43   67   68    3
    3   43   68   44    3
    3   44   68   69    3
    3   44   69   45    3
    3   45   69   70    3
    3   45   70   46    3
    3   46   70   71    3
    3   46   71   47    3
    3   47   71   72    3
    3   47   72   48    3
    3   48   72   49    3
    3   48   49   25    3
    3   49   73   74    3
    3   49   74   50    3
    3   50   74   75    3
    3   50   75   51    3
    3   51   75   76    3
    3   51   76   52    3
    3   52   76   77    3
    3   52   77   53    3
    3   53   77   78    3
    3   53   78   54    3
    3   54   78   79    3
    3   54   79   55    3
    3   55   79   80    3
    3   55   80   56    3
    3   56   80   81    3
    3   56   81   57    3
    3   57   81   82    3
    3   57   82   58    3
    3   58   82   83    3
    3   58   83   59    3
    3   59   83   84    3
    3   59   84   60    3
    3   60   84   85    3
    3   60   85   61    3
    3   61   85   86    3
    3   61   86   62    3
    3   62   86   87    3
    3   62   87   63    3
    3   63   87   88    3
    3   63   88   64    3
    3   64   88   89    3
    3   64   89   65    3
    3   65   89   90    3
    3   65   90   66    3
    3   66   90   91    3
    3   66   91   67    3
    3   67   91   92    3
    3   67   92   68    3
    3   68   92   93    3
    3   68   93   69    3
    3   69   93   94    3
    3   69   94   70    3
    3   70   94   95    3
    3   70   95   71    3
    3   71   95   96    3
    3   71   96   72    3
    3   72   96   73    3
    3   72   73   49    3
    3   73   97   98    3
    3   73   98   74    3
    3   74   98   99    3
    3   74   99   75    3
    3   75   99  100    3
    3   75  100   76    3
    3   76  100  101    3
    3   76  101   77    3
    3   77  101  102    3
    3   77  102   78    3
    3   78  102  103    3
    3   78  103   79    3
    3   79  103  104    3
    3   79  104   80    3
    3   80  104  105    3
    3   80  105   81    3
    3   81  105  106    3
    3   81  106   82    3
    3   82  106  107    3
    3   82  107   83    3
    3   83  107  108    3
    3   83  108   84    3
    3   84  108  109    3
    3   84  109   85    3
    3   85  109  110    3
    3   85  110   86    3
    3   86  110  111    3
    3   86  111   87    3
    3   87  111  112    3
    3   87  112   88    3
    3   88  112  113    3
    3   88  113   89    3
    3   89  113  114    3
    3   89  114   90    3
    3   90  114  115    3
    3   90  115   91    3
    3   91  115  116    3
    3   91  116   92    3
    3   92  116  117    3
    3   92  117   93    3
    3   93  117  118    3
    3   93  118   94    3
    3   94  118  119    3
    3   94  119   95    3
    3   95  119  120    3
    3   95  120   96    3
    3   96  120   97    3
    3   96   97   73    3
    3   97  121  122    3
    3   97  122   98    3
    3   98  122  123    3
    3   98  123   99    3
    3   99  123  124    3
    3   99  124  100    3
    3  100  124  125    3
    3  100  125  101    3
    3  101  125  126    3
    3  101  126  102    3
    3  102  126  127    3
    3  102  127  103    3
    3  103  127  128    3
    3  103  128  104    3
    3  104  128  129    3
    3  104  129  105    3
    3  105  129  130    3
    3  105  130  106    3
    3  106  130  131    3
    3  106  131  107    3
    3  107  131  132    3
    3  107  132  108    3
    3  108  132  133    3
    3  108  133  109    3
    3  109  133  134    3
    3  109  134  110    3
    3  110  134  135    3
    3  110  135  111    3
    3  111  135  136    3
    3  111  136  112    3
    3  112  136  137    3
    3  112  137  113    3
    3  113  137  138    3
    3  113  138  114    3
    3  114  138  139    3
    3  114  139  115    3
    3  115  139  140    3
    3  115  140  116    3
    3  116  140  141    3
    3  116  141  117    3
    3  117  141  142    3
    3  117  142  118    3
    3  118  142  143    3
    3  118  143  119    3
    3  119  143  144    3
    3  119  144  120    3
    3  120  144  121    3
    3  120  121   97    3
    3  121  145  146    3
    3  121  146  122    3
    3  122  146  147    3
    3  122  147  123    3
    3  123  147  148    3
    3  123  148  124    3
    3  124  148  149    3
    3  124  149  125    3
    3  125  149  150    3
    3  125  150  126    3
    3  126  150  151    3
    3  126  151  127    3
    3  127  151  152    3
    3  127  152  128    3
    3  128  152  153    3
    3  128  153  129    3
    3  129  153  154    3
    3  129  154  130    3
    3  130  154  155    3
    3  130  155  131    3
    3  131  155  156    3
    3  131  156  132    3
    3  132  156  157    3
    3  132  157  133    3
    3  133  157  158    3
    3  133  158  134    3
    3  134  158  159    3
    3  134  159  135    3
    3  135  159  160    3
    3  135  160  136    3
    3  136  160  161    3
    3  136  161  137    3
    3  137  161  162    3
    3  137  162  138    3
    3  138  162  163    3
    3  138  163  139    3
    3  139  163  164    3
    3  139  164  140    3
    3  140  164  165    3
    3  140  165  141    3
    3  141  165  166    3
    3  141  166  142    3
    3  142  166  167    3
    3  142  167  143    3
    3  143  167  168    3
    3  143  168  144    3
    3  144  168  145    3
    3  144  145  121    3
    3  145  169  170    3
    3  145  170  146    3
    3  146  170  171    3
    3  146  171  147    3
    3  147  171  172    3
    3  147  172  148    3
    3  148  172  173    3
    3  148  173  149    3
    3  149  173  174    3
    3  149  174  150    3
    3  150  174  175    3
    3  150  175  151    3
    3  151  175  176    3
    3  151  176  152    3
    3  152  176  177    3
    3  152  177  153    3
    3  153  177  178    3
    3  153  178  154    3
    3  154  178  179    3
    3  154  179  155    3
    3  155  179  180    3
    3  155  180  156    3
    3  156  180  181    3
    3  156  181  157    3
    3  157  181  182    3
    3  157  182  158    3
    3  158  182  183    3
    3  158  183  159    3
    3  159  183  184    3
    3  159  184  160    3
    3  160  184  185    3
    3  160  185  161    3
    3  161  185  186    3
    3  161  186  162    3
    3  162  186  187    3
    3  162  187  163    3
    3  163  187  188    3
    3  163  188  164    3
    3  164  188  189    3
    3  164  189  165    3
    3  165  189  190    3
    3  165  190  166    3
    3  166  190  191    3
    3  166  191  167    3
    3  167  191  192    3
    3  167  192  168    3
    3  168  192  169    3
    3  168  169  145    3
    3  169  193  194    3
    3  169  194  170    3
    3  170  194  195    3
    3  170  195  171    3
    3  171  195  196    3
    3  171  196  172    3
    3  172  196  197    3
    3  172  197  173    3
    3  173  197  198    3
    3  173  198  174    3
    3  174  198  199    3
    3  174  199  175    3
    3  175  199  200    3
    3  175  200  176    3
    3  176  200  201    3
    3  176  201  177    3
    3  177  201  202    3
    3  177  202  178    3
    3  178  202  203    3
    3  178  203  179    3
    3  179  203  204    3
    3  179  204  180    3
    3  180  204  205    3
    3  180  205  181    3
    3  181  205  206    3
    3  181  206  182    3
    3  182  206  207    3
    3  182  207  183    3
    3  183  207  208    3
    3  183  208  184    3
    3  184  208  209    3
    3  184  209  185    3
    3  185  209  210    3
    3  185  210  186    3
    3  186  210  211    3
    3  186  211  187    3
    3  187  211  212    3
    3  187  212  188    3
    3  188  212  213    3
    3  188  213  189    3
    3  189  213  214    3
    3  189  214  190    3
    3  190  214  215    3
    3  190  215  191    3
    3  191  215  216    3
    3  191  216  192    3
    3  192  216  193    3
    3  192  193  169    3
    3  193  217  218    3
    3  193  218  194    3
    3  194  218  219    3
    3  194  219  195    3
    3  195  219  220    3
    3  195  220  196    3
    3  196  220  221    3
    3  196  221  197    3
    3  197  221  222    3
    3  197  222  198    3
    3  198  222  223    3
    3  198  223  199    3
    3  199  223  224    3
    3  199  224  200    3
    3  200  224  225    3
    3  200  225  201    3
    3  201  225  226    3
    3  201  226  202    3
    3  202  226  227    3
    3  202  227  203    3
    3  203  227  228    3
    3  203  228  204    3
    3  204  228  229    3
    3  204  229  205    3
    3  205  229  230    3
    3  205  230  206    3
    3  206  230  231    3
    3  206  231  207    3
    3  207  231  232    3
    3  207  232  208    3
    3  208  232  233    3
    3  208  233  209    3
    3  209  233  234    3
    3  209  234  210    3
    3  210  234  235    3
    3  210  235  211    3
    3  211  235  236    3
    3  211  236  212    3
    3  212  236  237    3
    3  212  237  213    3
    3  213  237  238    3
    3  213  238  214    3
    3  214  238  239    3
    3  214  239  215    3
    3  215  239  240    3
    3  215  240  216    3
    3  216  240  217    3
    3  216  217  193    3
    3  217  241  242    3
    3  217  242  218    3
    3  218  242  243    3
    3  218  243  219    3
    3  219  243  244    3
    3  219  244  220    3
    3  220  244  245    3
    3  220  245  221    3
    3  221  245  246    3
    3  221  246  222    3
    3  222  246  247    3
    3  222  247  223    3
    3  223  247  248    3
    3  223  248  224    3
    3  224  248  249    3
    3  224  249  225    3
    3  225  249  250    3
    3  225  250  226    3
    3  226  250  251    3
    3  226  251  227    3
    3  227  251  252    3
    3  227  252  228    3
    3  228  252  253    3
    3  228  253  229    3
    3  229  253  254    3
    3  229  254  230    3
    3  230  254  255    3
    3  230  255  231    3
    3  231  255  256    3
    3  231  256  232    3
    3  232  256  257    3
    3  232  257  233    3
    3  233  257  258    3
    3  233  258  234    3
    3  234  258  259    3
    3  234  259  235    3
    3  235  259  260    3
    3  235  260  236    3
    3  236  260  261    3
    3  236  261  237    3
    3  237  261  262    3
    3  237  262  238    3
    3  238  262  263    3
    3  238  263  239    3
    3  239  263  264    3
    3  239  264  240    3
    3  240  264  241    3
    3  240  241  217    3
    3  264  265  241    3
    3  264  266  265    3
    3  263  266  264    3
    3  263  267  266    3
    3  262  267  263    3
    3  262  268  267    3
    3  261  268  262    3
    3  261  269  268    3
    3  260  269  261    3
    3  260  270  269    3
    3  259  270  260    3
    3  259  271  270    3
    3  258  271  259    3
    3  258  272  271    3
    3  257  272  258    3
    3  257  273  272    3
    3  256  273  257    3
    3  256  274  273    3
    3  255  274  256    3
    3  255  275  274    3
    3  254  275  255    3
    3  254  276  275    3
    3  253  276  254    3
    3  253  277  276    3
    3  252  277  253    3
    3  252  278  277    3
    3  251  278  252    3
    3  251  279  278    3
    3  250  279  251    3
    3  250  280  279    3
    3  249  280  250    3
    3  249  281  280    3
    3  248  281  249    3
    3  248  282  281    3
    3  247  282  248    3
    3  247  283  282    3
    3  246  283  247    3
    3  246  284  283    3
    3  245  284  246    3
    3  245  285  284    3
    3  244  285  245    3
    3  244  286  285    3
    3  243  286  244    3
    3  243  287  286    3
    3  242  287  243    3
    3  242  288  287    3
    3  241  288  242    3
    3  241  265  288    3
    3  289  279  290    1
    3  291  288  292    1
    3  293  294  295    3
    3  296  275  276    1
    3  297  298  299    1
    3  300  301  302    1
    3  303  304  305    3
    3  292  306  307    1
    3  308  309  310    4
    3  300  293  301    1
    3  311  312  313    3
    3  290  314  315    1
    3  316  317  318    1
    3  319  320  321    3
    3  317  322  308    1
    3  286  323  285    1
    3  286  287  320    1
    3  298  297  293    1
    3  324  325  273    1
    3  326  271  272    1
    3  327  328  301    1
    3  329  326  330    1
    3  300  331  304    1
    3  332  282  302    1
    3  272  325  326    1
    3  296  276  316    1
    3  296  333  275    1
    3  324  334  325    1
    3  335  329  336    1
    3  315  328  337    1
    3  338  339  303    3
    3  334  340  341    4
    3  279  289  278    1
    3  274  275  333    1
    3  322  278  289    1
    3  342  343  344    3
    3  332  301  328    1
    3  314  290  280    1
    3  345  338  346    3
    3  324  333  334    1
    3  277  316  276    1
    3  266  267  335    1
    3  288  291  287    1
    3  347  348  349    3
    3  316  322  317    1
    3  297  350  351    4
    3  327  301  293    1
    3  283  331  302    1
    3  352  353  354    4
    3  326  269  270    1
    3  332  302  301    1
    3  355  299  298    1
    3  312  356  357    3
    3  330  355  329    1
    3  336  306  335    1
    3  271  326  270    1
    3  358  359  360    4
    3  298  361  362    3
    3  283  302  282    1
    3  336  329  355    1
    3  326  363  330    1
    3  265  292  288    1
    3  300  364  365    3
    3  366  367  368    4
    3  333  318  334    1
    3  369  361  370    3
    3  327  293  297    1
    3  278  322  277    1
    3  320  291  356    3
    3  371  285  323    1
    3  363  325  334    1
    3  371  331  284    1
    3  364  339  349    3
    3  268  335  267    1
    3  372  363  373    4
    3  280  290  279    1
    3  266  306  265    1
    3  316  277  322    1
    3  328  315  314    1
    3  308  315  367    1
    3  355  330  372    1
    3  327  297  337    1
    3  280  281  314    1
    3  374  340  375    4
    3  296  316  318    1
    3  352  376  377    4
    3  355  307  336    1
    3  292  343  378    3
    3  326  325  363    1
    3  320  287  291    1
    3  345  319  379    3
    3  380  372  381    4
    3  358  366  382    4
    3  268  329  335    1
    3  273  274  324    1
    3  336  307  306    1
    3  265  306  292    1
    3  296  318  333    1
    3  383  374  384    4
    3  329  268  269    1
    3  385  373  386    4
    3  333  324  274    1
    3  283  284  331    1
    3  298  307  355    1
    3  299  353  387    4
    3  308  289  315    1
    3  273  325  272    1
    3  327  337  328    1
    3  388  376  389    4
    3  314  332  328    1
    3  281  282  332    1
    3  315  289  290    1
    3  363  372  330    1
    3  355  372  299    1
    3  285  371  284    1
    3  314  281  332    1
    3  269  326  329    1
    3  369  347  311    3
    3  266  335  306    1
    3  286  320  323    1
    3  308  322  289    1
    3  300  302  331    1
    3  343  390  313    3
    3  292  307  344    3
    3  298  348  370    3
    3  361  390  342    3
    3  343  342  390    3
    3  342  307  362    3
    3  347  369  348    3
    3  361  369  390    3
    3  369  311  390    3
    3  312  311  347    3
    3  311  313  390    3
    3  313  312  378    3
    3  298  362  307    3
    3  342  362  361    3
    3  342  344  307    3
    3  292  344  343    3
    3  369  370  348    3
    3  298  370  361    3
    3  292  378  312    3
    3  313  378  343    3
    3  334  318  375    4
    3  340  391  388    4
    3  318  317  384    4
    3  340  374  391    4
    3  352  385  389    4
    3  376  391  359    4
    3  376  388  391    4
    3  388  385  341    4
    3  359  391  383    4
    3  359  358  377    4
    3  374  383  391    4
    3  383  317  360    4
    3  374  375  318    4
    3  334  375  340    4
    3  334  341  385    4
    3  388  341  340    4
    3  388  389  385    4
    3  352  389  376    4
    3  352  377  358    4
    3  359  377  376    4
    3  358  360  317    4
    3  383  360  359    4
    3  383  384  317    4
    3  318  384  374    4
    3  367  358  309    4
    3  315  337  368    1
    3  353  352  350    4
    3  353  299  380    4
    3  372  380  299    4
    3  380  385  354    4
    3  350  352  392    4
    3  350  297  387    4
    3  366  337  392    4
    3  367  366  358    4
    3  363  334  386    4
    3  373  385  381    4
    3  392  337  351    4
    3  392  352  382    4
    3  380  381  385    4
    3  373  381  372    4
    3  358  317  310    4
    3  367  309  308    4
    3  385  386  334    4
    3  363  386  373    4
    3  366  368  337    4
    3  315  368  367    1
    3  299  387  297    4
    3  350  387  353    4
    3  352  354  385    4
    3  380  354  353    4
    3  358  382  352    4
    3  392  382  366    4
    3  297  351  337    4
    3  392  351  350    4
    3  308  310  317    4
    3  358  310  309    4
    3  312  347  379    3
    3  320  319  323    3
    3  371  323  346    3
    3  338  347  393    3
    3  364  300  394    3
    3  364  348  294    3
    3  319  345  323    3
    3  338  345  347    3
    3  348  298  295    3
    3  294  293  365    3
    3  304  339  394    3
    3  331  371  305    1
    3  364  349  348    3
    3  349  339  393    3
    3  338  393  339    3
    3  349  393  347    3
    3  338  303  371    3
    3  304  303  339    3
    3  356  312  321    3
    3  291  292  357    3
    3  364  394  339    3
    3  304  394  300    3
    3  319  321  312    3
    3  356  321  320    3
    3  293  295  298    3
    3  348  295  294    3
    3  312  357  292    3
    3  291  357  356    3
    3  345  346  323    3
    3  371  346  338    3
    3  303  305  371    3
    3  331  305  304    1
    3  345  379  347    3
    3  312  379  319    3
    3  300  365  293    3
    3  294  365  364    3
C Prescribed Values(Inlet, Outlet), InteractionSurface(Inlet, Outlet)
       3        1        0        2        2        2
C Inlet Velocity
C     Vx,           Vy,            Vz,    indVx,indVy,indVz, FunID (3E18.9, 4I5)
   0.000000000e+00   1.000000000e+00   0.000000000e+00    1    0    1    4
C Inlet Pressure, FunID (E18.9,I5)
   1.000000000e+00    3
C Outlet Pressure (E18.9,I5)
   1.000000000e+00    2
C Inlet Velocity
C nNodeID,    Vx,           Vy,            Vz (I5, 3E18.9)
  265
    1   1.000000000e+00   7.400000000e+00  -5.000000000e-01
    2  -1.200000000e+00   7.000000000e+00  -9.000000000e-01
    3  -1.000000000e+00   7.000000000e+00  -1.500000000e+00
    4  -7.000000000e-01   7.000000000e+00  -2.200000000e+00
    5   0.000000000e+00   7.000000000e+00  -2.900000000e+00
    6   1.200000000e+00   7.000000000e+00  -3.600000000e+00
    7   2.200000000e+00   7.000000000e+00  -3.300000000e+00
    8   2.400000000e+00   7.000000000e+00  -2.500000000e+00
    9   2.100000000e+00   7.000000000e+00  -2.000000000e+00
   10   1.800000000e+00   7.000000000e+00  -1.800000000e+00
   11   1.900000000e+00   7.000000000e+00  -1.600000000e+00
   12   2.100000000e+00   7.000000000e+00  -1.500000000e+00
   13   2.400000000e+00   7.000000000e+00  -1.200000000e+00
   14   2.700000000e+00   7.000000000e+00  -6.000000000e-01
   15   2.800000000e+00   7.000000000e+00   4.000000000e-01
   16   2.300000000e+00   7.000000000e+00   1.200000000e+00
   17   1.900000000e+00   7.000000000e+00   1.600000000e+00
   18   1.400000000e+00   7.000000000e+00   1.800000000e+00
   19   5.000000000e-01   7.000000000e+00   2.000000000e+00
   20  -5.000000000e-01   7.000000000e+00   1.700000000e+00
   21  -2.000000000e-01   7.000000000e+00   1.100000000e+00
   22   1.000000000e-01   7.000000000e+00   9.000000000e-01
   23   1.000000000e-01   7.000000000e+00   9.000000000e-01
   24  -1.000000000e-01   7.000000000e+00   9.000000000e-01
   25  -7.000000000e-01   7.000000000e+00   4.000000000e-01
   26  -1.700000000e+00   6.600000000e+00  -2.000000000e-01
   27  -1.700000000e+00   6.600000000e+00  -1.200000000e+00
   28  -1.200000000e+00   6.600000000e+00  -2.100000000e+00
   29  -5.000000000e-01   6.600000000e+00  -3.100000000e+00
   30   9.000000000e-01   6.600000000e+00  -3.800000000e+00
   31   2.000000000e+00   6.600000000e+00  -3.700000000e+00
   32   2.200000000e+00   6.600000000e+00  -3.100000000e+00
   33   2.100000000e+00   6.600000000e+00  -2.600000000e+00
   34   2.000000000e+00   6.600000000e+00  -2.300000000e+00
   35   2.300000000e+00   6.600000000e+00  -2.100000000e+00
   36   2.800000000e+00   6.600000000e+00  -1.700000000e+00
   37   3.200000000e+00   6.600000000e+00  -1.100000000e+00
   38   3.500000000e+00   6.600000000e+00  -3.000000000e-01
   39   3.300000000e+00   6.600000000e+00   7.000000000e-01
   40   2.900000000e+00   6.600000000e+00   1.600000000e+00
   41   2.300000000e+00   6.600000000e+00   2.200000000e+00
   42   1.800000000e+00   6.600000000e+00   2.400000000e+00
   43   9.000000000e-01   6.600000000e+00   2.600000000e+00
   44   1.000000000e-01   6.600000000e+00   2.300000000e+00
   45   5.000000000e-01   6.600000000e+00   2.000000000e+00
   46   8.000000000e-01   6.600000000e+00   1.900000000e+00
   47   6.000000000e-01   6.600000000e+00   2.100000000e+00
   48   0.000000000e+00   6.600000000e+00   2.200000000e+00
   49  -1.000000000e+00   6.600000000e+00   1.400000000e+00
   50  -2.000000000e+00   6.200000000e+00   1.500000000e+00
   51  -2.100000000e+00   6.200000000e+00   4.000000000e-01
   52  -1.900000000e+00   6.200000000e+00  -1.000000000e+00
   53  -1.200000000e+00   6.200000000e+00  -2.300000000e+00
   54   3.000000000e-01   6.200000000e+00  -3.400000000e+00
   55   1.500000000e+00   6.200000000e+00  -3.600000000e+00
   56   2.100000000e+00   6.200000000e+00  -3.200000000e+00
   57   2.200000000e+00   6.200000000e+00  -2.800000000e+00
   58   2.400000000e+00   6.200000000e+00  -2.500000000e+00
   59   3.000000000e+00   6.200000000e+00  -2.000000000e+00
   60   3.500000000e+00   6.200000000e+00  -1.300000000e+00
   61   4.000000000e+00   6.200000000e+00  -4.000000000e-01
   62   4.200000000e+00   6.200000000e+00   5.000000000e-01
   63   4.000000000e+00   6.200000000e+00   1.700000000e+00
   64   3.500000000e+00   6.200000000e+00   2.600000000e+00
   65   3.000000000e+00   6.200000000e+00   2.600000000e+00
   66   2.900000000e+00   6.200000000e+00   2.600000000e+00
   67   2.200000000e+00   6.200000000e+00   2.900000000e+00
   68   9.000000000e-01   6.200000000e+00   3.000000000e+00
   69   4.000000000e-01   6.200000000e+00   2.700000000e+00
   70   3.000000000e-01   6.200000000e+00   2.600000000e+00
   71   1.000000000e-01   6.200000000e+00   2.700000000e+00
   72  -4.000000000e-01   6.200000000e+00   2.800000000e+00
   73  -1.200000000e+00   6.200000000e+00   2.600000000e+00
   74  -2.200000000e+00   5.800000000e+00   2.600000000e+00
   75  -2.600000000e+00   5.800000000e+00   1.600000000e+00
   76  -2.600000000e+00   5.800000000e+00   1.000000000e-01
   77  -1.900000000e+00   5.800000000e+00  -1.700000000e+00
   78  -4.000000000e-01   5.800000000e+00  -3.200000000e+00
   79   1.000000000e+00   5.800000000e+00  -3.600000000e+00
   80   1.900000000e+00   5.800000000e+00  -3.300000000e+00
   81   2.500000000e+00   5.800000000e+00  -2.900000000e+00
   82   3.000000000e+00   5.800000000e+00  -2.400000000e+00
   83   3.600000000e+00   5.800000000e+00  -1.900000000e+00
   84   4.100000000e+00   5.800000000e+00  -1.100000000e+00
   85   4.400000000e+00   5.800000000e+00  -4.000000000e-01
   86   4.600000000e+00   5.800000000e+00   6.000000000e-01
   87   4.400000000e+00   5.800000000e+00   1.800000000e+00
   88   3.800000000e+00   5.800000000e+00   3.000000000e+00
   89   3.300000000e+00   5.800000000e+00   3.100000000e+00
   90   3.100000000e+00   5.800000000e+00   3.000000000e+00
   91   2.700000000e+00   5.800000000e+00   3.300000000e+00
   92   1.500000000e+00   5.800000000e+00   3.600000000e+00
   93   7.000000000e-01   5.800000000e+00   3.500000000e+00
   94   3.000000000e-01   5.800000000e+00   3.400000000e+00
   95  -1.000000000e-01   5.800000000e+00   3.400000000e+00
   96  -5.000000000e-01   5.800000000e+00   3.600000000e+00
   97  -1.300000000e+00   5.800000000e+00   3.500000000e+00
   98  -2.400000000e+00   5.400000000e+00   3.100000000e+00
   99  -3.000000000e+00   5.400000000e+00   2.100000000e+00
  100  -3.200000000e+00   5.400000000e+00   4.000000000e-01
  101  -2.500000000e+00   5.400000000e+00  -1.700000000e+00
  102  -7.000000000e-01   5.400000000e+00  -3.500000000e+00
  103   1.100000000e+00   5.400000000e+00  -4.100000000e+00
  104   2.300000000e+00   5.400000000e+00  -3.700000000e+00
  105   2.900000000e+00   5.400000000e+00  -3.100000000e+00
  106   3.400000000e+00   5.400000000e+00  -2.500000000e+00
  107   3.900000000e+00   5.400000000e+00  -1.900000000e+00
  108   4.400000000e+00   5.400000000e+00  -1.100000000e+00
  109   4.700000000e+00   5.400000000e+00  -3.000000000e-01
  110   4.800000000e+00   5.400000000e+00   5.000000000e-01
  111   4.600000000e+00   5.400000000e+00   1.700000000e+00
  112   3.900000000e+00   5.400000000e+00   3.200000000e+00
  113   3.200000000e+00   5.400000000e+00   3.500000000e+00
  114   2.700000000e+00   5.400000000e+00   3.500000000e+00
  115   2.300000000e+00   5.400000000e+00   3.600000000e+00
  116   1.300000000e+00   5.400000000e+00   3.900000000e+00
  117   4.000000000e-01   5.400000000e+00   3.800000000e+00
  118  -3.000000000e-01   5.400000000e+00   3.600000000e+00
  119  -7.000000000e-01   5.400000000e+00   3.500000000e+00
  120  -9.000000000e-01   5.400000000e+00   3.700000000e+00
  121  -1.600000000e+00   5.400000000e+00   3.900000000e+00
  122  -2.800000000e+00   4.900000000e+00   3.300000000e+00
  123  -3.400000000e+00   4.900000000e+00   2.200000000e+00
  124  -3.600000000e+00   4.900000000e+00   4.000000000e-01
  125  -2.900000000e+00   4.900000000e+00  -1.900000000e+00
  126  -7.000000000e-01   4.900000000e+00  -4.100000000e+00
  127   1.400000000e+00   4.900000000e+00  -4.700000000e+00
  128   2.700000000e+00   4.900000000e+00  -4.100000000e+00
  129   3.500000000e+00   4.900000000e+00  -3.400000000e+00
  130   4.000000000e+00   4.900000000e+00  -2.700000000e+00
  131   4.600000000e+00   4.900000000e+00  -1.800000000e+00
  132   5.000000000e+00   4.900000000e+00  -7.000000000e-01
  133   5.000000000e+00   4.900000000e+00   0.000000000e+00
  134   4.900000000e+00   4.900000000e+00   7.000000000e-01
  135   4.700000000e+00   4.900000000e+00   1.600000000e+00
  136   3.900000000e+00   4.900000000e+00   3.400000000e+00
  137   2.900000000e+00   4.900000000e+00   4.000000000e+00
  138   2.100000000e+00   4.900000000e+00   4.100000000e+00
  139   1.400000000e+00   4.900000000e+00   4.100000000e+00
  140   4.000000000e-01   4.900000000e+00   4.200000000e+00
  141  -5.000000000e-01   4.900000000e+00   3.900000000e+00
  142  -1.200000000e+00   4.900000000e+00   3.600000000e+00
  143  -1.400000000e+00   4.900000000e+00   3.500000000e+00
  144  -1.500000000e+00   4.900000000e+00   3.800000000e+00
  145  -2.000000000e+00   4.900000000e+00   4.000000000e+00
  146  -3.400000000e+00   3.900000000e+00   2.200000000e+00
  147  -3.800000000e+00   3.900000000e+00   8.000000000e-01
  148  -3.800000000e+00   3.900000000e+00  -1.200000000e+00
  149  -2.600000000e+00   3.900000000e+00  -3.600000000e+00
  150  -2.000000000e-01   3.900000000e+00  -5.800000000e+00
  151   2.400000000e+00   3.900000000e+00  -6.300000000e+00
  152   3.800000000e+00   3.900000000e+00  -5.500000000e+00
  153   4.300000000e+00   3.900000000e+00  -4.400000000e+00
  154   4.600000000e+00   3.900000000e+00  -3.600000000e+00
  155   5.100000000e+00   3.900000000e+00  -2.600000000e+00
  156   5.700000000e+00   3.900000000e+00  -1.200000000e+00
  157   5.600000000e+00   3.900000000e+00  -3.000000000e-01
  158   5.400000000e+00   3.900000000e+00   4.000000000e-01
  159   5.100000000e+00   3.900000000e+00   1.200000000e+00
  160   4.200000000e+00   3.900000000e+00   3.100000000e+00
  161   2.900000000e+00   3.900000000e+00   3.900000000e+00
  162   2.100000000e+00   3.900000000e+00   3.800000000e+00
  163   1.600000000e+00   3.900000000e+00   3.700000000e+00
  164   4.000000000e-01   3.900000000e+00   3.800000000e+00
  165  -8.000000000e-01   3.900000000e+00   3.600000000e+00
  166  -1.900000000e+00   3.900000000e+00   3.000000000e+00
  167  -1.900000000e+00   3.900000000e+00   2.800000000e+00
  168  -1.900000000e+00   3.900000000e+00   3.200000000e+00
  169  -2.600000000e+00   3.900000000e+00   3.300000000e+00
  170  -4.100000000e+00   2.800000000e+00  -3.000000000e-01
  171  -4.100000000e+00   2.800000000e+00  -1.400000000e+00
  172  -3.900000000e+00   2.800000000e+00  -3.000000000e+00
  173  -2.900000000e+00   2.800000000e+00  -4.900000000e+00
  174  -5.000000000e-01   2.800000000e+00  -6.900000000e+00
  175   2.500000000e+00   2.800000000e+00  -7.600000000e+00
  176   4.100000000e+00   2.800000000e+00  -6.600000000e+00
  177   4.500000000e+00   2.800000000e+00  -5.300000000e+00
  178   4.500000000e+00   2.800000000e+00  -4.500000000e+00
  179   4.700000000e+00   2.800000000e+00  -3.700000000e+00
  180   5.300000000e+00   2.800000000e+00  -2.600000000e+00
  181   5.600000000e+00   2.800000000e+00  -1.700000000e+00
  182   5.500000000e+00   2.800000000e+00  -9.000000000e-01
  183   5.500000000e+00   2.800000000e+00   2.000000000e-01
  184   4.400000000e+00   2.800000000e+00   2.500000000e+00
  185   2.900000000e+00   2.800000000e+00   3.600000000e+00
  186   2.100000000e+00   2.800000000e+00   3.300000000e+00
  187   1.500000000e+00   2.800000000e+00   3.200000000e+00
  188   5.000000000e-01   2.800000000e+00   3.100000000e+00
  189  -6.000000000e-01   2.800000000e+00   3.000000000e+00
  190  -1.600000000e+00   2.800000000e+00   2.500000000e+00
  191  -1.700000000e+00   2.800000000e+00   2.400000000e+00
  192  -2.200000000e+00   2.800000000e+00   2.400000000e+00
  193  -3.300000000e+00   2.800000000e+00   1.700000000e+00
  194  -4.800000000e+00   1.700000000e+00  -2.800000000e+00
  195  -4.400000000e+00   1.700000000e+00  -3.600000000e+00
  196  -4.200000000e+00   1.700000000e+00  -4.300000000e+00
  197  -3.700000000e+00   1.700000000e+00  -5.400000000e+00
  198  -1.700000000e+00   1.700000000e+00  -7.200000000e+00
  199   1.300000000e+00   1.700000000e+00  -8.000000000e+00
  200   3.300000000e+00   1.700000000e+00  -7.300000000e+00
  201   4.200000000e+00   1.700000000e+00  -6.100000000e+00
  202   4.500000000e+00   1.700000000e+00  -5.100000000e+00
  203   4.900000000e+00   1.700000000e+00  -4.400000000e+00
  204   5.500000000e+00   1.700000000e+00  -3.300000000e+00
  205   5.600000000e+00   1.700000000e+00  -2.400000000e+00
  206   5.700000000e+00   1.700000000e+00  -1.800000000e+00
  207   5.800000000e+00   1.700000000e+00  -7.000000000e-01
  208   4.600000000e+00   1.700000000e+00   2.000000000e+00
  209   3.000000000e+00   1.700000000e+00   3.100000000e+00
  210   2.100000000e+00   1.700000000e+00   2.800000000e+00
  211   1.700000000e+00   1.700000000e+00   2.600000000e+00
  212   6.000000000e-01   1.700000000e+00   2.700000000e+00
  213  -6.000000000e-01   1.700000000e+00   2.500000000e+00
  214  -1.400000000e+00   1.700000000e+00   2.100000000e+00
  215  -1.900000000e+00   1.700000000e+00   1.900000000e+00
  216  -2.800000000e+00   1.700000000e+00   1.700000000e+00
  217  -4.300000000e+00   1.700000000e+00  -1.000000000e-01
  218  -5.000000000e+00   5.000000000e-01  -4.000000000e+00
  219  -4.400000000e+00   5.000000000e-01  -4.800000000e+00
  220  -3.900000000e+00   5.000000000e-01  -5.600000000e+00
  221  -3.100000000e+00   5.000000000e-01  -6.800000000e+00
  222  -8.000000000e-01   5.000000000e-01  -8.500000000e+00
  223   2.100000000e+00   5.000000000e-01  -9.100000000e+00
  224   3.800000000e+00   5.000000000e-01  -8.100000000e+00
  225   4.300000000e+00   5.000000000e-01  -7.000000000e+00
  226   4.500000000e+00   5.000000000e-01  -6.100000000e+00
  227   5.200000000e+00   5.000000000e-01  -5.200000000e+00
  228   6.000000000e+00   5.000000000e-01  -3.700000000e+00
  229   6.200000000e+00   5.000000000e-01  -2.500000000e+00
  230   6.100000000e+00   5.000000000e-01  -1.700000000e+00
  231   5.900000000e+00   5.000000000e-01  -7.000000000e-01
  232   4.800000000e+00   5.000000000e-01   1.700000000e+00
  233   3.100000000e+00   5.000000000e-01   2.900000000e+00
  234   2.200000000e+00   5.000000000e-01   2.700000000e+00
  235   1.600000000e+00   5.000000000e-01   2.400000000e+00
  236   1.000000000e-01   5.000000000e-01   2.400000000e+00
  237  -1.200000000e+00   5.000000000e-01   2.000000000e+00
  238  -1.900000000e+00   5.000000000e-01   1.400000000e+00
  239  -2.100000000e+00   5.000000000e-01   1.200000000e+00
  240  -2.900000000e+00   5.000000000e-01   9.000000000e-01
  241  -4.500000000e+00   5.000000000e-01  -1.100000000e+00
  242  -4.400000000e+00  -6.000000000e-01  -4.100000000e+00
  243  -3.900000000e+00  -6.000000000e-01  -4.900000000e+00
  244  -3.600000000e+00  -6.000000000e-01  -5.700000000e+00
  245  -2.600000000e+00  -6.000000000e-01  -7.200000000e+00
  246  -2.000000000e-01  -6.000000000e-01  -9.000000000e+00
  247   2.300000000e+00  -6.000000000e-01  -9.400000000e+00
  248   3.400000000e+00  -6.000000000e-01  -8.700000000e+00
  249   3.900000000e+00  -6.000000000e-01  -8.000000000e+00
  250   4.500000000e+00  -6.000000000e-01  -7.200000000e+00
  251   5.700000000e+00  -6.000000000e-01  -6.200000000e+00
  252   7.100000000e+00  -6.000000000e-01  -4.100000000e+00
  253   7.000000000e+00  -6.000000000e-01  -2.700000000e+00
  254   6.600000000e+00  -6.000000000e-01  -2.200000000e+00
  255   6.400000000e+00  -6.000000000e-01  -1.700000000e+00
  256   5.600000000e+00  -6.000000000e-01   3.000000000e-01
  257   4.000000000e+00  -6.000000000e-01   1.900000000e+00
  258   3.500000000e+00  -6.000000000e-01   1.500000000e+00
  259   3.300000000e+00  -6.000000000e-01   1.300000000e+00
  260   1.800000000e+00  -6.000000000e-01   1.700000000e+00
  261  -2.000000000e-01  -6.000000000e-01   1.500000000e+00
  262  -1.100000000e+00  -6.000000000e-01   1.000000000e+00
  263  -1.600000000e+00  -6.000000000e-01   9.000000000e-01
  264  -2.500000000e+00  -6.000000000e-01   5.000000000e-01
  265  -4.100000000e+00  -6.000000000e-01  -1.700000000e+00
C Region List
