C PointsNum,MaxElemVol,TetGenParams,nAtrib,IndMov,MDMaxVolume,MDomDiv,MDOnly,MDDivF,MDPrescP
  395    1.000000e+00 YYpznno2q1.414a     0     0    1.000000e+00     1     0     0     0     0     0 YYpznno2q1.414a
  -1.992148000e-01  -8.553570000e+00  -4.118100000e-02
   6.887710000e-02  -8.077820000e+00   7.629840000e-01
  -1.444590000e-01  -8.077820000e+00   8.230480000e-01
  -3.778280000e-01  -8.077820000e+00   8.392330000e-01
  -6.312570000e-01  -8.077820000e+00   8.112300000e-01
  -8.824580000e-01  -8.077820000e+00   7.038930000e-01
  -1.049834000e+00  -8.077820000e+00   4.884290000e-01
  -1.087789000e+00  -8.077820000e+00   2.180960000e-01
  -1.043068000e+00  -8.077820000e+00  -3.578800000e-02
  -9.615570000e-01  -8.077820000e+00  -2.557610000e-01
  -8.580870000e-01  -8.077820000e+00  -4.508680000e-01
  -7.285420000e-01  -8.077820000e+00  -6.247370000e-01
  -5.637010000e-01  -8.077820000e+00  -7.725250000e-01
  -3.651229000e-01  -8.077820000e+00  -8.893890000e-01
  -1.354480000e-01  -8.077820000e+00  -9.548340000e-01
   1.073440000e-01  -8.077820000e+00  -9.343610000e-01
   3.134660000e-01  -8.077820000e+00  -8.074930000e-01
   4.655370000e-01  -8.077820000e+00  -6.308660000e-01
   5.727250000e-01  -8.077820000e+00  -4.374650000e-01
   6.131810000e-01  -8.077820000e+00  -2.279040000e-01
   5.384040000e-01  -8.077820000e+00  -2.790200000e-02
   4.519050000e-01  -8.077820000e+00   1.312130000e-01
   3.771650000e-01  -8.077820000e+00   2.703840000e-01
   3.077470000e-01  -8.077820000e+00   4.210700000e-01
   2.196420000e-01  -8.077820000e+00   5.979680000e-01
   9.591660000e-02  -7.603070000e+00   1.078310000e+00
  -1.994520000e-01  -7.603070000e+00   1.149125000e+00
  -5.116990000e-01  -7.603070000e+00   1.143763000e+00
  -8.294050000e-01  -7.603070000e+00   1.069935000e+00
  -1.128928000e+00  -7.603070000e+00   9.056800000e-01
  -1.336520000e+00  -7.603070000e+00   6.323960000e-01
  -1.411600000e+00  -7.603070000e+00   2.996132000e-01
  -1.390030000e+00  -7.603070000e+00  -2.601500000e-02
  -1.309650000e+00  -7.603070000e+00  -3.248790000e-01
  -1.182598000e+00  -7.603070000e+00  -5.979010000e-01
  -1.000129000e+00  -7.603070000e+00  -8.353400000e-01
  -7.627920000e-01  -7.603070000e+00  -1.018840000e+00
  -4.890834000e-01  -7.603070000e+00  -1.145650000e+00
  -1.878710000e-01  -7.603070000e+00  -1.207470000e+00
   1.215210000e-01  -7.603070000e+00  -1.172909000e+00
   3.809010000e-01  -7.603070000e+00  -1.003371000e+00
   5.657500000e-01  -7.603070000e+00  -7.719380000e-01
   6.961340000e-01  -7.603070000e+00  -5.272580000e-01
   7.519860000e-01  -7.603070000e+00  -2.683868000e-01
   6.832410000e-01  -7.603070000e+00  -1.579700000e-02
   5.871710000e-01  -7.603070000e+00   1.923610000e-01
   4.976970000e-01  -7.603070000e+00   3.823930000e-01
   4.155450000e-01  -7.603070000e+00   5.937270000e-01
   3.019450000e-01  -7.603070000e+00   8.470340000e-01
   9.772900000e-02  -7.127310000e+00   1.290160000e+00
  -2.509520000e-01  -7.127310000e+00   1.355930000e+00
  -6.147170000e-01  -7.127310000e+00   1.343374000e+00
  -9.854310000e-01  -7.127310000e+00   1.255688000e+00
  -1.333160000e+00  -7.127310000e+00   1.063894000e+00
  -1.578030000e+00  -7.127310000e+00   7.480600000e-01
  -1.685430000e+00  -7.127310000e+00   3.655288000e-01
  -1.686910000e+00  -7.127310000e+00  -2.031900000e-02
  -1.612080000e+00  -7.127310000e+00  -3.865190000e-01
  -1.467860000e+00  -7.127310000e+00  -7.270640000e-01
  -1.242643000e+00  -7.127310000e+00  -1.021050000e+00
  -9.424120000e-01  -7.127310000e+00  -1.236200000e+00
  -6.012710000e-01  -7.127310000e+00  -1.372670000e+00
  -2.370850000e-01  -7.127310000e+00  -1.427310000e+00
   1.273810000e-01  -7.127310000e+00  -1.373105000e+00
   4.149140000e-01  -7.127310000e+00  -1.141656000e+00
   5.982660000e-01  -7.127310000e+00  -8.472660000e-01
   7.248670000e-01  -7.127310000e+00  -5.661500000e-01
   8.111260000e-01  -7.127310000e+00  -2.904712000e-01
   8.090710000e-01  -7.127310000e+00  -8.383000000e-03
   7.461910000e-01  -7.127310000e+00   2.571430000e-01
   6.440120000e-01  -7.127310000e+00   5.058120000e-01
   5.304670000e-01  -7.127310000e+00   7.693000000e-01
   3.663980000e-01  -7.127310000e+00   1.056800000e+00
   9.709400000e-02  -6.652560000e+00   1.451210000e+00
  -2.947960000e-01  -6.652560000e+00   1.513460000e+00
  -6.980470000e-01  -6.652560000e+00   1.489660000e+00
  -1.103810000e+00  -6.652560000e+00   1.385637000e+00
  -1.485090000e+00  -6.652560000e+00   1.173342000e+00
  -1.758580000e+00  -6.652560000e+00   8.275060000e-01
  -1.899380000e+00  -6.652560000e+00   4.117276000e-01
  -1.936640000e+00  -6.652560000e+00  -1.984700000e-02
  -1.885630000e+00  -6.652560000e+00  -4.482860000e-01
  -1.736090000e+00  -6.652560000e+00  -8.574600000e-01
  -1.465030000e+00  -6.652560000e+00  -1.200750000e+00
  -1.095791000e+00  -6.652560000e+00  -1.427720000e+00
  -6.919060000e-01  -6.652560000e+00  -1.551640000e+00
  -2.794300000e-01  -6.652560000e+00  -1.584400000e+00
   1.221550000e-01  -6.652560000e+00  -1.512250000e+00
   4.348320000e-01  -6.652560000e+00  -1.249010000e+00
   6.274680000e-01  -6.652560000e+00  -9.175840000e-01
   7.590970000e-01  -6.652560000e+00  -6.086180000e-01
   8.639920000e-01  -6.652560000e+00  -3.142724000e-01
   9.045360000e-01  -6.652560000e+00  -5.343000000e-03
   8.678740000e-01  -6.652560000e+00   3.038790000e-01
   7.596160000e-01  -6.652560000e+00   5.992490000e-01
   6.176960000e-01  -6.652560000e+00   9.017100000e-01
   4.129540000e-01  -6.652560000e+00   1.214800000e+00
   9.279500000e-02  -6.177800000e+00   1.585060000e+00
  -3.335600000e-01  -6.177800000e+00   1.647910000e+00
  -7.714370000e-01  -6.177800000e+00   1.624890000e+00
  -1.216770000e+00  -6.177800000e+00   1.520361000e+00
  -1.642770000e+00  -6.177800000e+00   1.297382000e+00
  -1.948940000e+00  -6.177800000e+00   9.198580000e-01
  -2.109730000e+00  -6.177800000e+00   4.618001000e-01
  -2.157890000e+00  -6.177800000e+00  -1.554700000e-02
  -2.105990000e+00  -6.177800000e+00  -4.932160000e-01
  -1.943810000e+00  -6.177800000e+00  -9.518100000e-01
  -1.636990000e+00  -6.177800000e+00  -1.330390000e+00
  -1.216682000e+00  -6.177800000e+00  -1.567810000e+00
  -7.662050000e-01  -6.177800000e+00  -1.683370000e+00
  -3.169680000e-01  -6.177800000e+00  -1.705200000e+00
   1.165170000e-01  -6.177800000e+00  -1.625170000e+00
   4.565360000e-01  -6.177800000e+00  -1.345940000e+00
   6.660970000e-01  -6.177800000e+00  -9.878540000e-01
   8.105120000e-01  -6.177800000e+00  -6.548530000e-01
   9.290680000e-01  -6.177800000e+00  -3.361999000e-01
   9.869090000e-01  -6.177800000e+00   6.000000000e-06
   9.596970000e-01  -6.177800000e+00   3.443950000e-01
   8.414360000e-01  -6.177800000e+00   6.744410000e-01
   6.773280000e-01  -6.177800000e+00   1.005280000e+00
   4.428210000e-01  -6.177800000e+00   1.339470000e+00
   8.016100000e-02  -5.702050000e+00   1.706360000e+00
  -3.762700000e-01  -5.702050000e+00   1.778020000e+00
  -8.491100000e-01  -5.702050000e+00   1.768090000e+00
  -1.342750000e+00  -5.702050000e+00   1.674486000e+00
  -1.823280000e+00  -5.702050000e+00   1.445312000e+00
  -2.171130000e+00  -5.702050000e+00   1.033111000e+00
  -2.346210000e+00  -5.702050000e+00   5.235741000e-01
  -2.386890000e+00  -5.702050000e+00  -6.220000000e-03
  -2.316590000e+00  -5.702050000e+00  -5.283500000e-01
  -2.128430000e+00  -5.702050000e+00  -1.024020000e+00
  -1.789250000e+00  -5.702050000e+00  -1.431450000e+00
  -1.326796000e+00  -5.702050000e+00  -1.676080000e+00
  -8.378390000e-01  -5.702050000e+00  -1.785270000e+00
  -3.585400000e-01  -5.702050000e+00  -1.797720000e+00
   1.026600000e-01  -5.702050000e+00  -1.715900000e+00
   4.717640000e-01  -5.702050000e+00  -1.433030000e+00
   7.025960000e-01  -5.702050000e+00  -1.055870000e+00
   8.646100000e-01  -5.702050000e+00  -6.991370000e-01
   9.967430000e-01  -5.702050000e+00  -3.534259000e-01
   1.059371000e+00  -5.702050000e+00   1.132700000e-02
   1.029744000e+00  -5.702050000e+00   3.856150000e-01
   8.974040000e-01  -5.702050000e+00   7.428170000e-01
   7.164280000e-01  -5.702050000e+00   1.098310000e+00
   4.587446000e-01  -5.702050000e+00   1.451250000e+00
   6.839600000e-02  -4.764630000e+00   2.047170000e+00
  -4.594260000e-01  -4.764630000e+00   2.130810000e+00
  -1.006000000e+00  -4.764630000e+00   2.114470000e+00
  -1.570710000e+00  -4.764630000e+00   1.996270000e+00
  -2.117240000e+00  -4.764630000e+00   1.727446000e+00
  -2.518890000e+00  -4.764630000e+00   1.257322000e+00
  -2.704560000e+00  -4.764630000e+00   6.681583000e-01
  -2.722340000e+00  -4.764630000e+00   6.514500000e-02
  -2.615450000e+00  -4.764630000e+00  -5.157300000e-01
  -2.390690000e+00  -4.764630000e+00  -1.056930000e+00
  -2.022530000e+00  -4.764630000e+00  -1.511320000e+00
  -1.509278000e+00  -4.764630000e+00  -1.780530000e+00
  -9.666040000e-01  -4.764630000e+00  -1.889040000e+00
  -4.405888000e-01  -4.764630000e+00  -1.889430000e+00
   6.254000000e-02  -4.764630000e+00  -1.797680000e+00
   4.578500000e-01  -4.764630000e+00  -1.477296000e+00
   6.866460000e-01  -4.764630000e+00  -1.048510000e+00
   8.457600000e-01  -4.764630000e+00  -6.626590000e-01
   9.932810000e-01  -4.764630000e+00  -3.018417000e-01
   1.100008000e+00  -4.764630000e+00   8.404400000e-02
   1.101447000e+00  -4.764630000e+00   5.006880000e-01
   9.662810000e-01  -4.764630000e+00   9.040430000e-01
   7.809780000e-01  -4.764630000e+00   1.319170000e+00
   5.026162900e-01  -4.764630000e+00   1.744440000e+00
   7.684700000e-02  -3.828210000e+00   2.361100000e+00
  -5.139590000e-01  -3.828210000e+00   2.461100000e+00
  -1.125980000e+00  -3.828210000e+00   2.435090000e+00
  -1.747220000e+00  -3.828210000e+00   2.286630000e+00
  -2.339990000e+00  -3.828210000e+00   1.976959000e+00
  -2.775310000e+00  -3.828210000e+00   1.452271000e+00
  -2.935540000e+00  -3.828210000e+00   7.935661000e-01
  -2.880270000e+00  -3.828210000e+00   1.437740000e-01
  -2.701900000e+00  -3.828210000e+00  -4.454400000e-01
  -2.438050000e+00  -3.828210000e+00  -9.743300000e-01
  -2.080520000e+00  -3.828210000e+00  -1.437850000e+00
  -1.588200000e+00  -3.828210000e+00  -1.746790000e+00
  -1.042153000e+00  -3.828210000e+00  -1.899030000e+00
  -4.926358000e-01  -3.828210000e+00  -1.928100000e+00
   4.336200000e-02  -3.828210000e+00  -1.842070000e+00
   4.543120000e-01  -3.828210000e+00  -1.482900000e+00
   6.687290000e-01  -3.828210000e+00  -1.004666000e+00
   8.183270000e-01  -3.828210000e+00  -5.979530000e-01
   9.659830000e-01  -3.828210000e+00  -2.304339000e-01
   1.081012000e+00  -3.828210000e+00   1.636240000e-01
   1.071208000e+00  -3.828210000e+00   5.856060000e-01
   9.519370000e-01  -3.828210000e+00   1.004660000e+00
   7.981460000e-01  -3.828210000e+00   1.468350000e+00
   5.397498000e-01  -3.828210000e+00   1.981890000e+00
   6.540300000e-02  -2.890800000e+00   2.582380000e+00
  -5.760400000e-01  -2.890800000e+00   2.689140000e+00
  -1.236120000e+00  -2.890800000e+00   2.649500000e+00
  -1.894750000e+00  -2.890800000e+00   2.465610000e+00
  -2.510220000e+00  -2.890800000e+00   2.112050000e+00
  -2.963390000e+00  -2.890800000e+00   1.557489000e+00
  -3.137530000e+00  -2.890800000e+00   8.634598000e-01
  -3.089860000e+00  -2.890800000e+00   1.758740000e-01
  -2.907750000e+00  -2.890800000e+00  -4.526500000e-01
  -2.630310000e+00  -2.890800000e+00  -1.018250000e+00
  -2.250030000e+00  -2.890800000e+00  -1.514020000e+00
  -1.720910000e+00  -2.890800000e+00  -1.838590000e+00
  -1.134597000e+00  -2.890800000e+00  -1.984180000e+00
  -5.529577000e-01  -2.890800000e+00  -1.999940000e+00
   6.972000000e-03  -2.890800000e+00  -1.901580000e+00
   4.424200000e-01  -2.890800000e+00  -1.535560000e+00
   6.560360000e-01  -2.890800000e+00  -1.018692000e+00
   7.999280000e-01  -2.890800000e+00  -5.900050000e-01
   9.518160000e-01  -2.890800000e+00  -2.095402000e-01
   1.073447000e+00  -2.890800000e+00   1.961120000e-01
   1.056271000e+00  -2.890800000e+00   6.310300000e-01
   9.483320000e-01  -2.890800000e+00   1.070390000e+00
   8.107340000e-01  -2.890800000e+00   1.576720000e+00
   5.595627000e-01  -2.890800000e+00   2.155660000e+00
   1.767400000e-02  -1.953380000e+00   2.681200000e+00
  -6.512400000e-01  -1.953380000e+00   2.799590000e+00
  -1.346650000e+00  -1.953380000e+00   2.765840000e+00
  -2.049030000e+00  -1.953380000e+00   2.598580000e+00
  -2.709820000e+00  -1.953380000e+00   2.229100000e+00
  -3.189740000e+00  -1.953380000e+00   1.634914000e+00
  -3.374190000e+00  -1.953380000e+00   8.938790000e-01
  -3.325510000e+00  -1.953380000e+00   1.675710000e-01
  -3.133080000e+00  -1.953380000e+00  -5.008800000e-01
  -2.836990000e+00  -1.953380000e+00  -1.102780000e+00
  -2.430350000e+00  -1.953380000e+00  -1.627770000e+00
  -1.862730000e+00  -1.953380000e+00  -1.961960000e+00
  -1.238326000e+00  -1.953380000e+00  -2.098930000e+00
  -6.274214000e-01  -1.953380000e+00  -2.102160000e+00
  -4.318200000e-02  -1.953380000e+00  -1.998220000e+00
   4.269560000e-01  -1.953380000e+00  -1.643400000e+00
   6.588180000e-01  -1.953380000e+00  -1.103149000e+00
   8.037020000e-01  -1.953380000e+00  -6.415870000e-01
   9.420850000e-01  -1.953380000e+00  -2.341210000e-01
   1.024493000e+00  -1.953380000e+00   1.894430000e-01
   9.775080000e-01  -1.953380000e+00   6.230710000e-01
   8.797980000e-01  -1.953380000e+00   1.068003000e+00
   7.641820000e-01  -1.953380000e+00   1.598410000e+00
   5.305200000e-01  -1.953380000e+00   2.228870000e+00
  -1.037900000e-01  -1.016960000e+00   2.661430000e+00
  -7.695300000e-01  -1.016960000e+00   2.787250000e+00
  -1.467820000e+00  -1.016960000e+00   2.780690000e+00
  -2.187170000e+00  -1.016960000e+00   2.622630000e+00
  -2.872020000e+00  -1.016960000e+00   2.266420000e+00
  -3.366340000e+00  -1.016960000e+00   1.662011000e+00
  -3.584630000e+00  -1.016960000e+00   9.132550000e-01
  -3.587860000e+00  -1.016960000e+00   1.605820000e-01
  -3.433810000e+00  -1.016960000e+00  -5.565900000e-01
  -3.141140000e+00  -1.016960000e+00  -1.217100000e+00
  -2.694750000e+00  -1.016960000e+00  -1.782330000e+00
  -2.044720000e+00  -1.016960000e+00  -2.079720000e+00
  -1.362790000e+00  -1.016960000e+00  -2.129320000e+00
  -7.461575000e-01  -1.016960000e+00  -2.054430000e+00
  -1.854030000e-01  -1.016960000e+00  -1.915230000e+00
   2.987660000e-01  -1.016960000e+00  -1.634300000e+00
   5.439660000e-01  -1.016960000e+00  -1.113344000e+00
   6.712030000e-01  -1.016960000e+00  -6.409380000e-01
   7.918350000e-01  -1.016960000e+00  -2.317450000e-01
   8.415370000e-01  -1.016960000e+00   1.830410000e-01
   7.873420000e-01  -1.016960000e+00   5.967110000e-01
   7.184740000e-01  -1.016960000e+00   1.036519000e+00
   6.394980000e-01  -1.016960000e+00   1.585540000e+00
   4.292020000e-01  -1.016960000e+00   2.251830000e+00
  -2.426040000e-01  -3.545410000e-01   2.622920000e+00
   3.181790000e-01  -3.545410000e-01   2.282500000e+00
   5.251060000e-01  -3.545410000e-01   1.597330000e+00
   5.637300000e-01  -3.545410000e-01   1.018040000e+00
   5.973140000e-01  -3.545410000e-01   5.758270000e-01
   6.366230000e-01  -3.545410000e-01   1.765790000e-01
   6.029060000e-01  -3.545410000e-01  -2.222940000e-01
   5.072870000e-01  -3.545410000e-01  -6.272310000e-01
   4.021980000e-01  -3.545410000e-01  -1.109210000e+00
   1.302500000e-01  -3.545410000e-01  -1.575150000e+00
  -3.498090000e-01  -3.545410000e-01  -1.802640000e+00
  -8.778674000e-01  -3.545410000e-01  -1.988830000e+00
  -1.498604000e+00  -3.545410000e-01  -2.153930000e+00
  -2.253150000e+00  -3.545410000e-01  -2.220170000e+00
  -3.005530000e+00  -3.545410000e-01  -1.971460000e+00
  -3.502070000e+00  -3.545410000e-01  -1.358760000e+00
  -3.777710000e+00  -3.545410000e-01  -6.203500000e-01
  -3.867550000e+00  -3.545410000e-01   1.538050000e-01
  -3.790280000e+00  -3.545410000e-01   9.307060000e-01
  -3.524580000e+00  -3.545410000e-01   1.671634000e+00
  -3.022310000e+00  -3.545410000e-01   2.278010000e+00
  -2.325820000e+00  -3.545410000e-01   2.627920000e+00
  -1.598320000e+00  -3.545410000e-01   2.766490000e+00
  -9.014100000e-01  -3.545410000e-01   2.753470000e+00
  -2.504010000e+00  -3.942410000e-01  -1.627560000e+00
  -2.998700000e+00  -3.897410000e-01  -1.362080000e+00
  -1.405620000e+00  -3.869410000e-01   2.426280000e+00
  -9.848800000e-01  -4.042410000e-01   2.140420000e+00
  -2.261380000e+00  -4.466410000e-01   5.946180000e-01
  -2.205130000e+00  -4.433410000e-01   8.941075000e-01
  -1.865400000e+00  -4.479410000e-01   8.723108000e-01
  -8.184957000e-01  -3.882410000e-01  -1.618020000e+00
  -1.884390000e+00  -4.539410000e-01   1.654400000e-01
  -1.525660000e+00  -4.514410000e-01   8.495140000e-01
  -1.241120000e+00  -4.525410000e-01   1.795310000e-01
  -2.722880000e+00  -4.277410000e-01   9.003400000e-01
  -2.812460000e+00  -4.300410000e-01   3.095950000e-01
  -3.297710000e+00  -4.009410000e-01   5.990870000e-01
  -2.705280000e+00  -4.092410000e-01   1.568005000e+00
  -2.876140000e+00  -4.104410000e-01   1.310366000e+00
  -2.839800000e+00  -4.040410000e-01   1.540249000e+00
  -2.844840000e-01  -3.971410000e-01   1.918377000e+00
  -8.738630000e-01  -4.314410000e-01   1.427407000e+00
  -2.104850000e+00  -4.176410000e-01  -1.317060000e+00
  -2.011510000e+00  -4.279410000e-01  -1.092610000e+00
  -1.804948000e+00  -4.247410000e-01  -1.200360000e+00
  -1.880900000e+00  -4.288410000e-01   1.647501000e+00
  -1.713420000e+00  -4.109410000e-01   2.074297000e+00
  -1.639230000e+00  -4.224410000e-01   1.835365000e+00
  -3.197570000e+00  -3.985410000e-01  -7.821400000e-01
  -2.559030000e+00  -4.219410000e-01  -9.643800000e-01
  -1.292793000e+00  -3.943410000e-01  -1.676390000e+00
  -1.597384000e+00  -4.210410000e-01  -1.304120000e+00
  -1.026830000e+00  -4.152410000e-01  -1.291060000e+00
  -2.012760000e+00  -4.040410000e-01   2.111328000e+00
  -1.857430000e+00  -3.858410000e-01   2.407950000e+00
  -1.785130000e+00  -3.984410000e-01   2.241120000e+00
  -1.886533000e+00  -3.949410000e-01  -1.735810000e+00
  -2.309000000e+00  -3.945410000e-01   2.158359000e+00
  -1.045910000e-01  -3.878410000e-01  -1.163670000e+00
   2.900000000e-03  -3.946410000e-01  -7.052960000e-01
   2.126690000e-01  -3.911410000e-01  -3.848800000e-02
  -2.400640000e+00  -4.444410000e-01   8.252400000e-02
  -2.771940000e+00  -4.288410000e-01  -3.003200000e-01
   5.973410000e-02  -4.018410000e-01   7.379250000e-01
  -3.057170000e-01  -4.246410000e-01   2.318570000e-01
  -3.139190000e+00  -3.986410000e-01   1.234854900e+00
  -3.316480000e+00  -4.015410000e-01  -8.901100000e-02
  -4.689150000e-01  -3.926410000e-01  -1.411360000e+00
  -6.163240000e-01  -4.206410000e-01  -8.912900000e-01
   1.729210000e-01  -3.865410000e-01   1.458704000e+00
  -3.052530000e-01  -4.165410000e-01   1.261561000e+00
  -2.204730000e+00  -4.445410000e-01  -3.774780000e-01
  -2.498810000e+00  -4.107410000e-01   1.729350000e+00
  -2.608090000e+00  -4.203410000e-01   1.375877000e+00
  -9.548150000e-01  -4.305410000e-01  -8.624400000e-01
  -9.722650000e-01  -4.373410000e-01  -6.170790000e-01
  -1.224450000e+00  -4.334410000e-01   1.509920000e+00
  -1.266460000e+00  -4.211410000e-01   1.848426000e+00
  -1.072660000e+00  -4.267410000e-01   1.645916000e+00
  -2.251230000e+00  -4.083410000e-01   1.933463000e+00
  -2.403060000e+00  -4.029410000e-01   1.953855000e+00
  -2.191150000e+00  -4.213410000e-01   1.708567000e+00
  -2.150890000e+00  -4.389410000e-01   1.185597000e+00
  -2.380490000e+00  -4.307410000e-01   1.285737000e+00
  -1.742850000e+00  -4.526410000e-01  -1.003470000e-01
  -1.974290000e+00  -4.492410000e-01  -2.374130000e-01
  -1.599300000e+00  -4.501410000e-01  -3.581340000e-01
  -1.423210000e+00  -4.523410000e-01  -9.130200000e-02
  -1.204463000e+00  -4.484410000e-01  -2.280090000e-01
  -6.903880000e-01  -4.391410000e-01   6.957197000e-01
  -1.551420000e+00  -3.997410000e-01   2.255290000e+00
  -1.269650000e+00  -4.022410000e-01   2.197850000e+00
  -1.910180000e+00  -4.369410000e-01  -8.751600000e-01
  -1.602241000e+00  -4.380410000e-01  -8.593800000e-01
  -1.603813000e+00  -4.300410000e-01  -1.082750000e+00
  -1.542350000e+00  -4.433410000e-01   1.224974000e+00
  -1.209110000e+00  -4.382410000e-01   1.327191000e+00
  -4.018590000e-01  -4.249410000e-01  -2.906780000e-01
  -2.439380000e+00  -4.347410000e-01   1.047968780e+00
  -2.349380000e+00  -4.409410000e-01   8.212930000e-01
  -2.059450000e+00  -4.413410000e-01  -6.328200000e-01
  -2.236600000e+00  -4.307410000e-01  -9.172700000e-01
  -2.222160000e+00  -4.380410000e-01  -6.503700000e-01
  -1.857470000e+00  -4.379410000e-01   1.386015000e+00
  -1.846620000e+00  -4.421410000e-01   1.204286000e+00
  -2.805470000e+00  -3.972410000e-01   1.770132000e+00
  -7.276610000e-01  -4.409410000e-01   8.779000000e-02
  -6.902870000e-01  -4.355410000e-01  -3.231970000e-01
  -1.163567000e+00  -4.264410000e-01  -1.086330000e+00
  -9.923220000e-01  -4.231410000e-01  -1.084750000e+00
  -1.451302000e+00  -4.441410000e-01  -6.148600000e-01
  -1.680740000e+00  -4.413410000e-01  -7.415100000e-01
  -1.490940000e+00  -4.162410000e-01   1.971361000e+00
  -2.100910000e+00  -4.130410000e-01   1.909948000e+00
  -1.116418000e+00  -4.487410000e-01  -9.609300000e-02
  -8.586880000e-01  -4.427410000e-01  -1.384630000e-01
  -1.829880000e+00  -4.464410000e-01  -4.934800000e-01
  -1.454845000e+00  -4.298410000e-01  -1.076860000e+00
  -1.382976000e+00  -4.245410000e-01  -1.190720000e+00
  -9.867160000e-01  -4.434410000e-01  -3.607170000e-01
  -6.548060000e-01  -4.283410000e-01  -6.097420000e-01
  -1.653800000e+00  -4.535410000e-01   3.656900000e-02
  -1.145510000e+00  -4.408410000e-01  -6.106560000e-01
  -1.219009000e+00  -4.444410000e-01  -4.867910000e-01
  -1.568040000e+00  -4.329410000e-01   1.576434000e+00
  -1.298305000e+00  -4.364410000e-01  -8.545900000e-01
  -1.902510000e+00  -4.482410000e-01  -3.663060000e-01
  -2.399620000e+00  -4.216410000e-01   1.537222000e+00
  -2.665980000e+00  -4.244410000e-01   1.138108900e+00
C Number of facets
  786
C  Size  Node 1  ......Node N Marker
    3    0    1    2    3
    3    0    2    3    3
    3    0    3    4    3
    3    0    4    5    3
    3    0    5    6    3
    3    0    6    7    3
    3    0    7    8    3
    3    0    8    9    3
    3    0    9   10    3
    3    0   10   11    3
    3    0   11   12    3
    3    0   12   13    3
    3    0   13   14    3
    3    0   14   15    3
    3    0   15   16    3
    3    0   16   17    3
    3    0   17   18    3
    3    0   18   19    3
    3    0   19   20    3
    3    0   20   21    3
    3    0   21   22    3
    3    0   22   23    3
    3    0   23   24    3
    3    0   24    1    3
    3    1   25   26    3
    3    1   26    2    3
    3    2   26   27    3
    3    2   27    3    3
    3    3   27   28    3
    3    3   28    4    3
    3    4   28   29    3
    3    4   29    5    3
    3    5   29   30    3
    3    5   30    6    3
    3    6   30   31    3
    3    6   31    7    3
    3    7   31   32    3
    3    7   32    8    3
    3    8   32   33    3
    3    8   33    9    3
    3    9   33   34    3
    3    9   34   10    3
    3   10   34   35    3
    3   10   35   11    3
    3   11   35   36    3
    3   11   36   12    3
    3   12   36   37    3
    3   12   37   13    3
    3   13   37   38    3
    3   13   38   14    3
    3   14   38   39    3
    3   14   39   15    3
    3   15   39   40    3
    3   15   40   16    3
    3   16   40   41    3
    3   16   41   17    3
    3   17   41   42    3
    3   17   42   18    3
    3   18   42   43    3
    3   18   43   19    3
    3   19   43   44    3
    3   19   44   20    3
    3   20   44   45    3
    3   20   45   21    3
    3   21   45   46    3
    3   21   46   22    3
    3   22   46   47    3
    3   22   47   23    3
    3   23   47   48    3
    3   23   48   24    3
    3   24   48   25    3
    3   24   25    1    3
    3   25   49   50    3
    3   25   50   26    3
    3   26   50   51    3
    3   26   51   27    3
    3   27   51   52    3
    3   27   52   28    3
    3   28   52   53    3
    3   28   53   29    3
    3   29   53   54    3
    3   29   54   30    3
    3   30   54   55    3
    3   30   55   31    3
    3   31   55   56    3
    3   31   56   32    3
    3   32   56   57    3
    3   32   57   33    3
    3   33   57   58    3
    3   33   58   34    3
    3   34   58   59    3
    3   34   59   35    3
    3   35   59   60    3
    3   35   60   36    3
    3   36   60   61    3
    3   36   61   37    3
    3   37   61   62    3
    3   37   62   38    3
    3   38   62   63    3
    3   38   63   39    3
    3   39   63   64    3
    3   39   64   40    3
    3   40   64   65    3
    3   40   65   41    3
    3   41   65   66    3
    3   41   66   42    3
    3   42   66   67    3
    3   42   67   43    3
    3   43   67   68    3
    3   43   68   44    3
    3   44   68   69    3
    3   44   69   45    3
    3   45   69   70    3
    3   45   70   46    3
    3   46   70   71    3
    3   46   71   47    3
    3   47   71   72    3
    3   47   72   48    3
    3   48   72   49    3
    3   48   49   25    3
    3   49   73   74    3
    3   49   74   50    3
    3   50   74   75    3
    3   50   75   51    3
    3   51   75   76    3
    3   51   76   52    3
    3   52   76   77    3
    3   52   77   53    3
    3   53   77   78    3
    3   53   78   54    3
    3   54   78   79    3
    3   54   79   55    3
    3   55   79   80    3
    3   55   80   56    3
    3   56   80   81    3
    3   56   81   57    3
    3   57   81   82    3
    3   57   82   58    3
    3   58   82   83    3
    3   58   83   59    3
    3   59   83   84    3
    3   59   84   60    3
    3   60   84   85    3
    3   60   85   61    3
    3   61   85   86    3
    3   61   86   62    3
    3   62   86   87    3
    3   62   87   63    3
    3   63   87   88    3
    3   63   88   64    3
    3   64   88   89    3
    3   64   89   65    3
    3   65   89   90    3
    3   65   90   66    3
    3   66   90   91    3
    3   66   91   67    3
    3   67   91   92    3
    3   67   92   68    3
    3   68   92   93    3
    3   68   93   69    3
    3   69   93   94    3
    3   69   94   70    3
    3   70   94   95    3
    3   70   95   71    3
    3   71   95   96    3
    3   71   96   72    3
    3   72   96   73    3
    3   72   73   49    3
    3   73   97   98    3
    3   73   98   74    3
    3   74   98   99    3
    3   74   99   75    3
    3   75   99  100    3
    3   75  100   76    3
    3   76  100  101    3
    3   76  101   77    3
    3   77  101  102    3
    3   77  102   78    3
    3   78  102  103    3
    3   78  103   79    3
    3   79  103  104    3
    3   79  104   80    3
    3   80  104  105    3
    3   80  105   81    3
    3   81  105  106    3
    3   81  106   82    3
    3   82  106  107    3
    3   82  107   83    3
    3   83  107  108    3
    3   83  108   84    3
    3   84  108  109    3
    3   84  109   85    3
    3   85  109  110    3
    3   85  110   86    3
    3   86  110  111    3
    3   86  111   87    3
    3   87  111  112    3
    3   87  112   88    3
    3   88  112  113    3
    3   88  113   89    3
    3   89  113  114    3
    3   89  114   90    3
    3   90  114  115    3
    3   90  115   91    3
    3   91  115  116    3
    3   91  116   92    3
    3   92  116  117    3
    3   92  117   93    3
    3   93  117  118    3
    3   93  118   94    3
    3   94  118  119    3
    3   94  119   95    3
    3   95  119  120    3
    3   95  120   96    3
    3   96  120   97    3
    3   96   97   73    3
    3   97  121  122    3
    3   97  122   98    3
    3   98  122  123    3
    3   98  123   99    3
    3   99  123  124    3
    3   99  124  100    3
    3  100  124  125    3
    3  100  125  101    3
    3  101  125  126    3
    3  101  126  102    3
    3  102  126  127    3
    3  102  127  103    3
    3  103  127  128    3
    3  103  128  104    3
    3  104  128  129    3
    3  104  129  105    3
    3  105  129  130    3
    3  105  130  106    3
    3  106  130  131    3
    3  106  131  107    3
    3  107  131  132    3
    3  107  132  108    3
    3  108  132  133    3
    3  108  133  109    3
    3  109  133  134    3
    3  109  134  110    3
    3  110  134  135    3
    3  110  135  111    3
    3  111  135  136    3
    3  111  136  112    3
    3  112  136  137    3
    3  112  137  113    3
    3  113  137  138    3
    3  113  138  114    3
    3  114  138  139    3
    3  114  139  115    3
    3  115  139  140    3
    3  115  140  116    3
    3  116  140  141    3
    3  116  141  117    3
    3  117  141  142    3
    3  117  142  118    3
    3  118  142  143    3
    3  118  143  119    3
    3  119  143  144    3
    3  119  144  120    3
    3  120  144  121    3
    3  120  121   97    3
    3  121  145  146    3
    3  121  146  122    3
    3  122  146  147    3
    3  122  147  123    3
    3  123  147  148    3
    3  123  148  124    3
    3  124  148  149    3
    3  124  149  125    3
    3  125  149  150    3
    3  125  150  126    3
    3  126  150  151    3
    3  126  151  127    3
    3  127  151  152    3
    3  127  152  128    3
    3  128  152  153    3
    3  128  153  129    3
    3  129  153  154    3
    3  129  154  130    3
    3  130  154  155    3
    3  130  155  131    3
    3  131  155  156    3
    3  131  156  132    3
    3  132  156  157    3
    3  132  157  133    3
    3  133  157  158    3
    3  133  158  134    3
    3  134  158  159    3
    3  134  159  135    3
    3  135  159  160    3
    3  135  160  136    3
    3  136  160  161    3
    3  136  161  137    3
    3  137  161  162    3
    3  137  162  138    3
    3  138  162  163    3
    3  138  163  139    3
    3  139  163  164    3
    3  139  164  140    3
    3  140  164  165    3
    3  140  165  141    3
    3  141  165  166    3
    3  141  166  142    3
    3  142  166  167    3
    3  142  167  143    3
    3  143  167  168    3
    3  143  168  144    3
    3  144  168  145    3
    3  144  145  121    3
    3  145  169  170    3
    3  145  170  146    3
    3  146  170  171    3
    3  146  171  147    3
    3  147  171  172    3
    3  147  172  148    3
    3  148  172  173    3
    3  148  173  149    3
    3  149  173  174    3
    3  149  174  150    3
    3  150  174  175    3
    3  150  175  151    3
    3  151  175  176    3
    3  151  176  152    3
    3  152  176  177    3
    3  152  177  153    3
    3  153  177  178    3
    3  153  178  154    3
    3  154  178  179    3
    3  154  179  155    3
    3  155  179  180    3
    3  155  180  156    3
    3  156  180  181    3
    3  156  181  157    3
    3  157  181  182    3
    3  157  182  158    3
    3  158  182  183    3
    3  158  183  159    3
    3  159  183  184    3
    3  159  184  160    3
    3  160  184  185    3
    3  160  185  161    3
    3  161  185  186    3
    3  161  186  162    3
    3  162  186  187    3
    3  162  187  163    3
    3  163  187  188    3
    3  163  188  164    3
    3  164  188  189    3
    3  164  189  165    3
    3  165  189  190    3
    3  165  190  166    3
    3  166  190  191    3
    3  166  191  167    3
    3  167  191  192    3
    3  167  192  168    3
    3  168  192  169    3
    3  168  169  145    3
    3  169  193  194    3
    3  169  194  170    3
    3  170  194  195    3
    3  170  195  171    3
    3  171  195  196    3
    3  171  196  172    3
    3  172  196  197    3
    3  172  197  173    3
    3  173  197  198    3
    3  173  198  174    3
    3  174  198  199    3
    3  174  199  175    3
    3  175  199  200    3
    3  175  200  176    3
    3  176  200  201    3
    3  176  201  177    3
    3  177  201  202    3
    3  177  202  178    3
    3  178  202  203    3
    3  178  203  179    3
    3  179  203  204    3
    3  179  204  180    3
    3  180  204  205    3
    3  180  205  181    3
    3  181  205  206    3
    3  181  206  182    3
    3  182  206  207    3
    3  182  207  183    3
    3  183  207  208    3
    3  183  208  184    3
    3  184  208  209    3
    3  184  209  185    3
    3  185  209  210    3
    3  185  210  186    3
    3  186  210  211    3
    3  186  211  187    3
    3  187  211  212    3
    3  187  212  188    3
    3  188  212  213    3
    3  188  213  189    3
    3  189  213  214    3
    3  189  214  190    3
    3  190  214  215    3
    3  190  215  191    3
    3  191  215  216    3
    3  191  216  192    3
    3  192  216  193    3
    3  192  193  169    3
    3  193  217  218    3
    3  193  218  194    3
    3  194  218  219    3
    3  194  219  195    3
    3  195  219  220    3
    3  195  220  196    3
    3  196  220  221    3
    3  196  221  197    3
    3  197  221  222    3
    3  197  222  198    3
    3  198  222  223    3
    3  198  223  199    3
    3  199  223  224    3
    3  199  224  200    3
    3  200  224  225    3
    3  200  225  201    3
    3  201  225  226    3
    3  201  226  202    3
    3  202  226  227    3
    3  202  227  203    3
    3  203  227  228    3
    3  203  228  204    3
    3  204  228  229    3
    3  204  229  205    3
    3  205  229  230    3
    3  205  230  206    3
    3  206  230  231    3
    3  206  231  207    3
    3  207  231  232    3
    3  207  232  208    3
    3  208  232  233    3
    3  208  233  209    3
    3  209  233  234    3
    3  209  234  210    3
    3  210  234  235    3
    3  210  235  211    3
    3  211  235  236    3
    3  211  236  212    3
    3  212  236  237    3
    3  212  237  213    3
    3  213  237  238    3
    3  213  238  214    3
    3  214  238  239    3
    3  214  239  215    3
    3  215  239  240    3
    3  215  240  216    3
    3  216  240  217    3
    3  216  217  193    3
    3  217  241  242    3
    3  217  242  218    3
    3  218  242  243    3
    3  218  243  219    3
    3  219  243  244    3
    3  219  244  220    3
    3  220  244  245    3
    3  220  245  221    3
    3  221  245  246    3
    3  221  246  222    3
    3  222  246  247    3
    3  222  247  223    3
    3  223  247  248    3
    3  223  248  224    3
    3  224  248  249    3
    3  224  249  225    3
    3  225  249  250    3
    3  225  250  226    3
    3  226  250  251    3
    3  226  251  227    3
    3  227  251  252    3
    3  227  252  228    3
    3  228  252  253    3
    3  228  253  229    3
    3  229  253  254    3
    3  229  254  230    3
    3  230  254  255    3
    3  230  255  231    3
    3  231  255  256    3
    3  231  256  232    3
    3  232  256  257    3
    3  232  257  233    3
    3  233  257  258    3
    3  233  258  234    3
    3  234  258  259    3
    3  234  259  235    3
    3  235  259  260    3
    3  235  260  236    3
    3  236  260  261    3
    3  236  261  237    3
    3  237  261  262    3
    3  237  262  238    3
    3  238  262  263    3
    3  238  263  239    3
    3  239  263  264    3
    3  239  264  240    3
    3  240  264  241    3
    3  240  241  217    3
    3  264  265  241    3
    3  264  266  265    3
    3  263  266  264    3
    3  263  267  266    3
    3  262  267  263    3
    3  262  268  267    3
    3  261  268  262    3
    3  261  269  268    3
    3  260  269  261    3
    3  260  270  269    3
    3  259  270  260    3
    3  259  271  270    3
    3  258  271  259    3
    3  258  272  271    3
    3  257  272  258    3
    3  257  273  272    3
    3  256  273  257    3
    3  256  274  273    3
    3  255  274  256    3
    3  255  275  274    3
    3  254  275  255    3
    3  254  276  275    3
    3  253  276  254    3
    3  253  277  276    3
    3  252  277  253    3
    3  252  278  277    3
    3  251  278  252    3
    3  251  279  278    3
    3  250  279  251    3
    3  250  280  279    3
    3  249  280  250    3
    3  249  281  280    3
    3  248  281  249    3
    3  248  282  281    3
    3  247  282  248    3
    3  247  283  282    3
    3  246  283  247    3
    3  246  284  283    3
    3  245  284  246    3
    3  245  285  284    3
    3  244  285  245    3
    3  244  286  285    3
    3  243  286  244    3
    3  243  287  286    3
    3  242  287  243    3
    3  242  288  287    3
    3  241  288  242    3
    3  241  265  288    3
    3  289  279  290    1
    3  291  288  292    1
    3  293  294  295    3
    3  296  275  276    1
    3  297  298  299    1
    3  300  301  302    1
    3  303  304  305    3
    3  292  306  307    1
    3  308  309  310    4
    3  300  293  301    1
    3  311  312  313    3
    3  290  314  315    1
    3  316  317  318    1
    3  319  320  321    3
    3  317  322  308    1
    3  286  323  285    1
    3  286  287  320    1
    3  298  297  293    1
    3  324  325  273    1
    3  326  271  272    1
    3  327  328  301    1
    3  329  326  330    1
    3  300  331  304    1
    3  332  282  302    1
    3  272  325  326    1
    3  296  276  316    1
    3  296  333  275    1
    3  324  334  325    1
    3  335  329  336    1
    3  315  328  337    1
    3  338  339  303    3
    3  334  340  341    4
    3  279  289  278    1
    3  274  275  333    1
    3  322  278  289    1
    3  342  343  344    3
    3  332  301  328    1
    3  314  290  280    1
    3  345  338  346    3
    3  324  333  334    1
    3  277  316  276    1
    3  266  267  335    1
    3  288  291  287    1
    3  347  348  349    3
    3  316  322  317    1
    3  297  350  351    4
    3  327  301  293    1
    3  283  331  302    1
    3  352  353  354    4
    3  326  269  270    1
    3  332  302  301    1
    3  355  299  298    1
    3  312  356  357    3
    3  330  355  329    1
    3  336  306  335    1
    3  271  326  270    1
    3  358  359  360    4
    3  298  361  362    3
    3  283  302  282    1
    3  336  329  355    1
    3  326  363  330    1
    3  265  292  288    1
    3  300  364  365    3
    3  366  367  368    4
    3  333  318  334    1
    3  369  361  370    3
    3  327  293  297    1
    3  278  322  277    1
    3  320  291  356    3
    3  371  285  323    1
    3  363  325  334    1
    3  371  331  284    1
    3  364  339  349    3
    3  268  335  267    1
    3  372  363  373    4
    3  280  290  279    1
    3  266  306  265    1
    3  316  277  322    1
    3  328  315  314    1
    3  308  315  367    1
    3  355  330  372    1
    3  327  297  337    1
    3  280  281  314    1
    3  374  340  375    4
    3  296  316  318    1
    3  352  376  377    4
    3  355  307  336    1
    3  292  343  378    3
    3  326  325  363    1
    3  320  287  291    1
    3  345  319  379    3
    3  380  372  381    4
    3  358  366  382    4
    3  268  329  335    1
    3  273  274  324    1
    3  336  307  306    1
    3  265  306  292    1
    3  296  318  333    1
    3  383  374  384    4
    3  329  268  269    1
    3  385  373  386    4
    3  333  324  274    1
    3  283  284  331    1
    3  298  307  355    1
    3  299  353  387    4
    3  308  289  315    1
    3  273  325  272    1
    3  327  337  328    1
    3  388  376  389    4
    3  314  332  328    1
    3  281  282  332    1
    3  315  289  290    1
    3  363  372  330    1
    3  355  372  299    1
    3  285  371  284    1
    3  314  281  332    1
    3  269  326  329    1
    3  369  347  311    3
    3  266  335  306    1
    3  286  320  323    1
    3  308  322  289    1
    3  300  302  331    1
    3  343  390  313    3
    3  292  307  344    3
    3  298  348  370    3
    3  361  390  342    3
    3  343  342  390    3
    3  342  307  362    3
    3  347  369  348    3
    3  361  369  390    3
    3  369  311  390    3
    3  312  311  347    3
    3  311  313  390    3
    3  313  312  378    3
    3  298  362  307    3
    3  342  362  361    3
    3  342  344  307    3
    3  292  344  343    3
    3  369  370  348    3
    3  298  370  361    3
    3  292  378  312    3
    3  313  378  343    3
    3  334  318  375    4
    3  340  391  388    4
    3  318  317  384    4
    3  340  374  391    4
    3  352  385  389    4
    3  376  391  359    4
    3  376  388  391    4
    3  388  385  341    4
    3  359  391  383    4
    3  359  358  377    4
    3  374  383  391    4
    3  383  317  360    4
    3  374  375  318    4
    3  334  375  340    4
    3  334  341  385    4
    3  388  341  340    4
    3  388  389  385    4
    3  352  389  376    4
    3  352  377  358    4
    3  359  377  376    4
    3  358  360  317    4
    3  383  360  359    4
    3  383  384  317    4
    3  318  384  374    4
    3  367  358  309    4
    3  315  337  368    1
    3  353  352  350    4
    3  353  299  380    4
    3  372  380  299    4
    3  380  385  354    4
    3  350  352  392    4
    3  350  297  387    4
    3  366  337  392    4
    3  367  366  358    4
    3  363  334  386    4
    3  373  385  381    4
    3  392  337  351    4
    3  392  352  382    4
    3  380  381  385    4
    3  373  381  372    4
    3  358  317  310    4
    3  367  309  308    4
    3  385  386  334    4
    3  363  386  373    4
    3  366  368  337    4
    3  315  368  367    1
    3  299  387  297    4
    3  350  387  353    4
    3  352  354  385    4
    3  380  354  353    4
    3  358  382  352    4
    3  392  382  366    4
    3  297  351  337    4
    3  392  351  350    4
    3  308  310  317    4
    3  358  310  309    4
    3  312  347  379    3
    3  320  319  323    3
    3  371  323  346    3
    3  338  347  393    3
    3  364  300  394    3
    3  364  348  294    3
    3  319  345  323    3
    3  338  345  347    3
    3  348  298  295    3
    3  294  293  365    3
    3  304  339  394    3
    3  331  371  305    1
    3  364  349  348    3
    3  349  339  393    3
    3  338  393  339    3
    3  349  393  347    3
    3  338  303  371    3
    3  304  303  339    3
    3  356  312  321    3
    3  291  292  357    3
    3  364  394  339    3
    3  304  394  300    3
    3  319  321  312    3
    3  356  321  320    3
    3  293  295  298    3
    3  348  295  294    3
    3  312  357  292    3
    3  291  357  356    3
    3  345  346  323    3
    3  371  346  338    3
    3  303  305  371    3
    3  331  305  304    1
    3  345  379  347    3
    3  312  379  319    3
    3  300  365  293    3
    3  294  365  364    3
C Prescribed Values(Inlet, Outlet), InteractionSurface(Inlet, Outlet)
       3        1        0        2        2        2
C Inlet Velocity
C     Vx,           Vy,            Vz,    indVx,indVy,indVz, FunID (3E18.9, 4I5)
   0.000000000e+00   1.000000000e+00   0.000000000e+00    1    0    1    4
C Inlet Pressure, FunID (E18.9,I5)
   1.000000000e+00    3
C Outlet Pressure (E18.9,I5)
   1.000000000e+00    2
C Inlet Velocity
C nNodeID,    Vx,           Vy,            Vz (I5, 3E18.9)
  265
    1   1.100000000e+00   4.000000000e+00  -3.000000000e-01
    2   4.000000000e-01   3.500000000e+00  -1.600000000e+00
    3   8.000000000e-01   3.500000000e+00  -1.400000000e+00
    4   1.100000000e+00   3.500000000e+00  -1.300000000e+00
    5   1.300000000e+00   3.500000000e+00  -1.200000000e+00
    6   1.600000000e+00   3.500000000e+00  -1.100000000e+00
    7   1.800000000e+00   3.500000000e+00  -9.000000000e-01
    8   2.300000000e+00   3.500000000e+00  -7.000000000e-01
    9   2.900000000e+00   3.500000000e+00  -3.000000000e-01
   10   3.100000000e+00   3.500000000e+00   4.000000000e-01
   11   3.000000000e+00   3.500000000e+00   1.000000000e+00
   12   2.600000000e+00   3.500000000e+00   1.400000000e+00
   13   1.900000000e+00   3.500000000e+00   1.500000000e+00
   14   1.300000000e+00   3.500000000e+00   1.300000000e+00
   15   9.000000000e-01   3.500000000e+00   9.000000000e-01
   16   6.000000000e-01   3.500000000e+00   8.000000000e-01
   17   8.000000000e-01   3.500000000e+00   0.000000000e+00
   18   1.300000000e+00   3.500000000e+00  -6.000000000e-01
   19   1.800000000e+00   3.500000000e+00  -8.000000000e-01
   20   1.400000000e+00   3.500000000e+00  -4.000000000e-01
   21   0.000000000e+00   3.500000000e+00  -2.000000000e-01
   22  -7.000000000e-01   3.500000000e+00  -7.000000000e-01
   23  -9.000000000e-01   3.500000000e+00  -1.200000000e+00
   24  -7.000000000e-01   3.500000000e+00  -1.700000000e+00
   25  -2.000000000e-01   3.500000000e+00  -2.000000000e+00
   26   1.000000000e-01   3.300000000e+00  -2.900000000e+00
   27   9.000000000e-01   3.300000000e+00  -2.700000000e+00
   28   1.500000000e+00   3.300000000e+00  -2.400000000e+00
   29   1.700000000e+00   3.300000000e+00  -1.800000000e+00
   30   1.900000000e+00   3.300000000e+00  -1.300000000e+00
   31   2.000000000e+00   3.300000000e+00  -1.000000000e+00
   32   2.600000000e+00   3.300000000e+00  -8.000000000e-01
   33   3.400000000e+00   3.300000000e+00  -4.000000000e-01
   34   3.800000000e+00   3.300000000e+00   4.000000000e-01
   35   3.800000000e+00   3.300000000e+00   1.300000000e+00
   36   3.300000000e+00   3.300000000e+00   2.000000000e+00
   37   2.400000000e+00   3.300000000e+00   2.300000000e+00
   38   1.700000000e+00   3.300000000e+00   2.200000000e+00
   39   1.000000000e+00   3.300000000e+00   2.000000000e+00
   40   5.000000000e-01   3.300000000e+00   1.700000000e+00
   41   4.000000000e-01   3.300000000e+00   7.000000000e-01
   42   1.000000000e+00   3.300000000e+00  -3.000000000e-01
   43   1.500000000e+00   3.300000000e+00  -6.000000000e-01
   44   1.200000000e+00   3.300000000e+00  -3.000000000e-01
   45  -1.000000000e-01   3.300000000e+00  -2.000000000e-01
   46  -9.000000000e-01   3.300000000e+00  -7.000000000e-01
   47  -1.100000000e+00   3.300000000e+00  -1.300000000e+00
   48  -9.000000000e-01   3.300000000e+00  -2.000000000e+00
   49  -5.000000000e-01   3.300000000e+00  -2.700000000e+00
   50   2.000000000e-01   3.100000000e+00  -4.800000000e+00
   51   1.200000000e+00   3.100000000e+00  -4.700000000e+00
   52   2.100000000e+00   3.100000000e+00  -4.100000000e+00
   53   2.600000000e+00   3.100000000e+00  -3.300000000e+00
   54   2.800000000e+00   3.100000000e+00  -2.400000000e+00
   55   3.000000000e+00   3.100000000e+00  -2.000000000e+00
   56   3.700000000e+00   3.100000000e+00  -1.600000000e+00
   57   4.300000000e+00   3.100000000e+00  -9.000000000e-01
   58   4.700000000e+00   3.100000000e+00   0.000000000e+00
   59   4.600000000e+00   3.100000000e+00   1.000000000e+00
   60   4.000000000e+00   3.100000000e+00   1.800000000e+00
   61   3.000000000e+00   3.100000000e+00   1.900000000e+00
   62   2.000000000e+00   3.100000000e+00   1.600000000e+00
   63   1.300000000e+00   3.100000000e+00   1.000000000e+00
   64   9.000000000e-01   3.100000000e+00   9.000000000e-01
   65   8.000000000e-01   3.100000000e+00   0.000000000e+00
   66   1.300000000e+00   3.100000000e+00  -8.000000000e-01
   67   1.700000000e+00   3.100000000e+00  -1.000000000e+00
   68   1.600000000e+00   3.100000000e+00  -8.000000000e-01
   69   5.000000000e-01   3.100000000e+00  -7.000000000e-01
   70  -4.000000000e-01   3.100000000e+00  -1.200000000e+00
   71  -6.000000000e-01   3.100000000e+00  -1.900000000e+00
   72  -8.000000000e-01   3.100000000e+00  -2.900000000e+00
   73  -5.000000000e-01   3.100000000e+00  -3.900000000e+00
   74   1.000000000e-01   2.900000000e+00  -6.200000000e+00
   75   1.500000000e+00   2.900000000e+00  -6.300000000e+00
   76   2.600000000e+00   2.900000000e+00  -5.300000000e+00
   77   3.100000000e+00   2.900000000e+00  -3.900000000e+00
   78   3.100000000e+00   2.900000000e+00  -2.700000000e+00
   79   3.300000000e+00   2.900000000e+00  -2.200000000e+00
   80   4.000000000e+00   2.900000000e+00  -1.800000000e+00
   81   5.000000000e+00   2.900000000e+00  -1.100000000e+00
   82   5.800000000e+00   2.900000000e+00   0.000000000e+00
   83   5.900000000e+00   2.900000000e+00   1.400000000e+00
   84   5.100000000e+00   2.900000000e+00   2.500000000e+00
   85   3.600000000e+00   2.900000000e+00   2.500000000e+00
   86   2.400000000e+00   2.900000000e+00   1.900000000e+00
   87   1.600000000e+00   2.900000000e+00   1.100000000e+00
   88   1.100000000e+00   2.900000000e+00   9.000000000e-01
   89   9.000000000e-01   2.900000000e+00   2.000000000e-01
   90   1.200000000e+00   2.900000000e+00  -6.000000000e-01
   91   1.500000000e+00   2.900000000e+00  -1.000000000e+00
   92   1.400000000e+00   2.900000000e+00  -9.000000000e-01
   93   5.000000000e-01   2.900000000e+00  -1.000000000e+00
   94  -2.000000000e-01   2.900000000e+00  -1.400000000e+00
   95  -5.000000000e-01   2.900000000e+00  -2.100000000e+00
   96  -8.000000000e-01   2.900000000e+00  -3.200000000e+00
   97  -8.000000000e-01   2.900000000e+00  -4.900000000e+00
   98  -1.000000000e-01   2.700000000e+00  -7.000000000e+00
   99   1.500000000e+00   2.700000000e+00  -7.000000000e+00
  100   2.800000000e+00   2.700000000e+00  -5.800000000e+00
  101   3.200000000e+00   2.700000000e+00  -4.000000000e+00
  102   2.900000000e+00   2.700000000e+00  -2.400000000e+00
  103   3.000000000e+00   2.700000000e+00  -1.800000000e+00
  104   3.900000000e+00   2.700000000e+00  -1.600000000e+00
  105   5.200000000e+00   2.700000000e+00  -1.000000000e+00
  106   6.300000000e+00   2.700000000e+00   3.000000000e-01
  107   6.600000000e+00   2.700000000e+00   2.000000000e+00
  108   5.800000000e+00   2.700000000e+00   3.200000000e+00
  109   4.100000000e+00   2.700000000e+00   3.300000000e+00
  110   2.600000000e+00   2.700000000e+00   2.600000000e+00
  111   1.600000000e+00   2.700000000e+00   1.800000000e+00
  112   1.100000000e+00   2.700000000e+00   1.400000000e+00
  113   7.000000000e-01   2.700000000e+00   8.000000000e-01
  114   9.000000000e-01   2.700000000e+00  -2.000000000e-01
  115   1.200000000e+00   2.700000000e+00  -6.000000000e-01
  116   1.200000000e+00   2.700000000e+00  -7.000000000e-01
  117   5.000000000e-01   2.700000000e+00  -8.000000000e-01
  118   0.000000000e+00   2.700000000e+00  -1.200000000e+00
  119  -3.000000000e-01   2.700000000e+00  -1.900000000e+00
  120  -8.000000000e-01   2.700000000e+00  -3.100000000e+00
  121  -1.000000000e+00   2.700000000e+00  -5.300000000e+00
  122  -2.000000000e-01   2.500000000e+00  -7.500000000e+00
  123   1.700000000e+00   2.500000000e+00  -7.500000000e+00
  124   3.000000000e+00   2.500000000e+00  -6.200000000e+00
  125   3.600000000e+00   2.500000000e+00  -4.400000000e+00
  126   3.300000000e+00   2.500000000e+00  -2.600000000e+00
  127   3.400000000e+00   2.500000000e+00  -2.000000000e+00
  128   4.100000000e+00   2.500000000e+00  -1.600000000e+00
  129   5.200000000e+00   2.500000000e+00  -9.000000000e-01
  130   6.100000000e+00   2.500000000e+00   2.000000000e-01
  131   6.400000000e+00   2.500000000e+00   1.800000000e+00
  132   5.700000000e+00   2.500000000e+00   3.000000000e+00
  133   4.200000000e+00   2.500000000e+00   3.400000000e+00
  134   2.800000000e+00   2.500000000e+00   3.100000000e+00
  135   1.800000000e+00   2.500000000e+00   2.700000000e+00
  136   9.000000000e-01   2.500000000e+00   2.400000000e+00
  137   5.000000000e-01   2.500000000e+00   1.300000000e+00
  138   1.000000000e+00   2.500000000e+00   0.000000000e+00
  139   1.400000000e+00   2.500000000e+00  -6.000000000e-01
  140   1.400000000e+00   2.500000000e+00  -7.000000000e-01
  141   9.000000000e-01   2.500000000e+00  -8.000000000e-01
  142   4.000000000e-01   2.500000000e+00  -1.100000000e+00
  143   1.000000000e-01   2.500000000e+00  -1.700000000e+00
  144  -7.000000000e-01   2.500000000e+00  -3.100000000e+00
  145  -1.000000000e+00   2.500000000e+00  -5.400000000e+00
  146  -3.000000000e-01   2.200000000e+00  -7.200000000e+00
  147   1.500000000e+00   2.200000000e+00  -7.200000000e+00
  148   2.900000000e+00   2.200000000e+00  -5.900000000e+00
  149   3.400000000e+00   2.200000000e+00  -4.000000000e+00
  150   3.000000000e+00   2.200000000e+00  -2.200000000e+00
  151   2.900000000e+00   2.200000000e+00  -1.500000000e+00
  152   3.600000000e+00   2.200000000e+00  -1.200000000e+00
  153   4.900000000e+00   2.200000000e+00  -6.000000000e-01
  154   5.900000000e+00   2.200000000e+00   6.000000000e-01
  155   6.200000000e+00   2.200000000e+00   2.100000000e+00
  156   5.600000000e+00   2.200000000e+00   3.300000000e+00
  157   4.300000000e+00   2.200000000e+00   4.100000000e+00
  158   2.900000000e+00   2.200000000e+00   4.200000000e+00
  159   1.700000000e+00   2.200000000e+00   4.000000000e+00
  160   5.000000000e-01   2.200000000e+00   3.600000000e+00
  161   1.000000000e-01   2.200000000e+00   2.200000000e+00
  162   6.000000000e-01   2.200000000e+00   5.000000000e-01
  163   1.200000000e+00   2.200000000e+00  -2.000000000e-01
  164   1.100000000e+00   2.200000000e+00  -4.000000000e-01
  165   5.000000000e-01   2.200000000e+00  -4.000000000e-01
  166   0.000000000e+00   2.200000000e+00  -9.000000000e-01
  167  -3.000000000e-01   2.200000000e+00  -1.500000000e+00
  168  -1.000000000e+00   2.200000000e+00  -2.900000000e+00
  169  -1.300000000e+00   2.200000000e+00  -5.200000000e+00
  170   0.000000000e+00   2.100000000e+00  -7.100000000e+00
  171   1.700000000e+00   2.100000000e+00  -7.000000000e+00
  172   3.100000000e+00   2.100000000e+00  -5.900000000e+00
  173   3.700000000e+00   2.100000000e+00  -4.300000000e+00
  174   3.500000000e+00   2.100000000e+00  -3.000000000e+00
  175   3.500000000e+00   2.100000000e+00  -1.900000000e+00
  176   4.300000000e+00   2.100000000e+00  -1.500000000e+00
  177   5.400000000e+00   2.100000000e+00  -8.000000000e-01
  178   6.100000000e+00   2.100000000e+00   4.000000000e-01
  179   6.400000000e+00   2.100000000e+00   1.800000000e+00
  180   5.800000000e+00   2.100000000e+00   3.200000000e+00
  181   4.400000000e+00   2.100000000e+00   3.900000000e+00
  182   3.000000000e+00   2.100000000e+00   3.900000000e+00
  183   1.900000000e+00   2.100000000e+00   3.500000000e+00
  184   8.000000000e-01   2.100000000e+00   3.100000000e+00
  185   5.000000000e-01   2.100000000e+00   1.700000000e+00
  186   1.200000000e+00   2.100000000e+00   0.000000000e+00
  187   1.800000000e+00   2.100000000e+00  -7.000000000e-01
  188   1.700000000e+00   2.100000000e+00  -6.000000000e-01
  189   7.000000000e-01   2.100000000e+00  -6.000000000e-01
  190   1.000000000e-01   2.100000000e+00  -1.100000000e+00
  191  -3.000000000e-01   2.100000000e+00  -1.800000000e+00
  192  -9.000000000e-01   2.100000000e+00  -3.100000000e+00
  193  -1.000000000e+00   2.100000000e+00  -5.300000000e+00
  194   5.000000000e-01   1.800000000e+00  -6.700000000e+00
  195   2.100000000e+00   1.800000000e+00  -6.700000000e+00
  196   3.500000000e+00   1.800000000e+00  -6.100000000e+00
  197   4.400000000e+00   1.800000000e+00  -4.700000000e+00
  198   5.000000000e+00   1.800000000e+00  -4.000000000e+00
  199   5.500000000e+00   1.800000000e+00  -3.000000000e+00
  200   6.300000000e+00   1.800000000e+00  -2.000000000e+00
  201   7.200000000e+00   1.800000000e+00  -1.000000000e+00
  202   7.800000000e+00   1.800000000e+00   5.000000000e-01
  203   7.700000000e+00   1.800000000e+00   2.100000000e+00
  204   6.800000000e+00   1.800000000e+00   3.500000000e+00
  205   5.300000000e+00   1.800000000e+00   4.100000000e+00
  206   3.600000000e+00   1.800000000e+00   3.800000000e+00
  207   2.300000000e+00   1.800000000e+00   3.100000000e+00
  208   1.500000000e+00   1.800000000e+00   2.600000000e+00
  209   9.000000000e-01   1.800000000e+00   1.700000000e+00
  210   1.500000000e+00   1.800000000e+00  -1.000000000e-01
  211   2.100000000e+00   1.800000000e+00  -7.000000000e-01
  212   1.700000000e+00   1.800000000e+00  -7.000000000e-01
  213   4.000000000e-01   1.800000000e+00  -8.000000000e-01
  214  -2.000000000e-01   1.800000000e+00  -1.400000000e+00
  215  -5.000000000e-01   1.800000000e+00  -2.300000000e+00
  216  -7.000000000e-01   1.800000000e+00  -3.700000000e+00
  217  -6.000000000e-01   1.800000000e+00  -5.500000000e+00
  218   6.000000000e-01   1.600000000e+00  -7.100000000e+00
  219   2.200000000e+00   1.600000000e+00  -7.300000000e+00
  220   3.700000000e+00   1.600000000e+00  -5.900000000e+00
  221   4.800000000e+00   1.600000000e+00  -5.600000000e+00
  222   5.500000000e+00   1.600000000e+00  -4.000000000e+00
  223   6.100000000e+00   1.600000000e+00  -3.000000000e+00
  224   6.800000000e+00   1.600000000e+00  -2.000000000e+00
  225   7.500000000e+00   1.600000000e+00  -1.000000000e+00
  226   7.700000000e+00   1.600000000e+00   4.000000000e-01
  227   7.500000000e+00   1.600000000e+00   1.900000000e+00
  228   6.700000000e+00   1.600000000e+00   3.200000000e+00
  229   5.300000000e+00   1.600000000e+00   3.900000000e+00
  230   3.800000000e+00   1.600000000e+00   3.700000000e+00
  231   2.500000000e+00   1.600000000e+00   3.100000000e+00
  232   1.500000000e+00   1.600000000e+00   2.600000000e+00
  233   9.000000000e-01   1.600000000e+00   1.800000000e+00
  234   1.500000000e+00   1.600000000e+00   1.000000000e-01
  235   2.100000000e+00   1.600000000e+00  -7.000000000e-01
  236   1.900000000e+00   1.600000000e+00  -7.000000000e-01
  237   8.000000000e-01   1.600000000e+00  -8.000000000e-01
  238   2.000000000e-01   1.600000000e+00  -1.400000000e+00
  239  -1.000000000e-01   1.600000000e+00  -2.300000000e+00
  240  -5.000000000e-01   1.600000000e+00  -3.700000000e+00
  241  -5.000000000e-01   1.600000000e+00  -5.700000000e+00
  242   8.000000000e-01   1.400000000e+00  -8.000000000e+00
  243   2.600000000e+00   1.400000000e+00  -8.000000000e+00
  244   4.300000000e+00   1.400000000e+00  -7.500000000e+00
  245   5.700000000e+00   1.400000000e+00  -6.000000000e+00
  246   6.900000000e+00   1.400000000e+00  -5.000000000e+00
  247   7.700000000e+00   1.400000000e+00  -4.000000000e+00
  248   8.400000000e+00   1.400000000e+00  -2.000000000e+00
  249   8.800000000e+00   1.400000000e+00  -1.000000000e+00
  250   8.900000000e+00   1.400000000e+00   7.000000000e-01
  251   8.500000000e+00   1.400000000e+00   2.300000000e+00
  252   7.600000000e+00   1.400000000e+00   3.800000000e+00
  253   5.900000000e+00   1.400000000e+00   4.300000000e+00
  254   4.100000000e+00   1.400000000e+00   3.800000000e+00
  255   2.900000000e+00   1.400000000e+00   3.000000000e+00
  256   1.900000000e+00   1.400000000e+00   2.400000000e+00
  257   9.000000000e-01   1.400000000e+00   2.500000000e+00
  258   5.000000000e-01   1.400000000e+00   1.500000000e+00
  259   7.000000000e-01   1.400000000e+00   4.000000000e-01
  260   8.000000000e-01   1.400000000e+00  -3.000000000e-01
  261   1.200000000e+00   1.400000000e+00  -8.000000000e-01
  262   1.400000000e+00   1.400000000e+00  -1.100000000e+00
  263   9.000000000e-01   1.400000000e+00  -1.800000000e+00
  264   1.000000000e-01   1.400000000e+00  -3.400000000e+00
  265  -4.000000000e-01   1.400000000e+00  -6.000000000e+00
C Region List
