C PointsNum,MaxElemVol,TetGenParams,nAtrib,IndMov,MDMaxVolume,MDomDiv,MDOnly,MDDivF,MDPrescP
  395    1.000000e+00 YYpznno2q1.414a     0     0    1.000000e+00     1     0     0     0     0     0 YYpznno2q1.414a
  -1.652148000e-01  -8.441570000e+00  -5.218100000e-02
   8.087710000e-02  -7.972820000e+00   7.149840000e-01
  -1.214590000e-01  -7.972820000e+00   7.820480000e-01
  -3.468280000e-01  -7.972820000e+00   8.002330000e-01
  -5.922570000e-01  -7.972820000e+00   7.752300000e-01
  -8.364580000e-01  -7.972820000e+00   6.718930000e-01
  -9.958340000e-01  -7.972820000e+00   4.614290000e-01
  -1.017789000e+00  -7.972820000e+00   1.970960000e-01
  -9.570680000e-01  -7.972820000e+00  -4.478800000e-02
  -8.685570000e-01  -7.972820000e+00  -2.457610000e-01
  -7.690870000e-01  -7.972820000e+00  -4.218680000e-01
  -6.515420000e-01  -7.972820000e+00  -5.817370000e-01
  -5.067010000e-01  -7.972820000e+00  -7.265250000e-01
  -3.271229000e-01  -7.972820000e+00  -8.503890000e-01
  -1.094480000e-01  -7.972820000e+00  -9.258340000e-01
   1.253440000e-01  -7.972820000e+00  -9.123610000e-01
   3.354660000e-01  -7.972820000e+00  -8.074930000e-01
   5.045370000e-01  -7.972820000e+00  -6.498660000e-01
   6.267250000e-01  -7.972820000e+00  -4.604650000e-01
   6.551810000e-01  -7.972820000e+00  -2.399040000e-01
   5.384040000e-01  -7.972820000e+00  -3.390200000e-02
   4.289050000e-01  -7.972820000e+00   1.112130000e-01
   3.501650000e-01  -7.972820000e+00   2.343840000e-01
   2.877470000e-01  -7.972820000e+00   3.690700000e-01
   2.136420000e-01  -7.972820000e+00   5.389680000e-01
   1.009166000e-01  -7.504070000e+00   9.923100000e-01
  -1.724520000e-01  -7.504070000e+00   1.067125000e+00
  -4.686990000e-01  -7.504070000e+00   1.071763000e+00
  -7.774050000e-01  -7.504070000e+00   1.014935000e+00
  -1.072928000e+00  -7.504070000e+00   8.666800000e-01
  -1.275520000e+00  -7.504070000e+00   6.023960000e-01
  -1.332600000e+00  -7.504070000e+00   2.756132000e-01
  -1.290030000e+00  -7.504070000e+00  -3.601500000e-02
  -1.196650000e+00  -7.504070000e+00  -3.118790000e-01
  -1.069598000e+00  -7.504070000e+00  -5.589010000e-01
  -9.021290000e-01  -7.504070000e+00  -7.743400000e-01
  -6.887920000e-01  -7.504070000e+00  -9.498400000e-01
  -4.390834000e-01  -7.504070000e+00  -1.078650000e+00
  -1.578710000e-01  -7.504070000e+00  -1.147470000e+00
   1.355210000e-01  -7.504070000e+00  -1.121909000e+00
   3.939010000e-01  -7.504070000e+00  -9.823710000e-01
   5.957500000e-01  -7.504070000e+00  -7.799380000e-01
   7.411340000e-01  -7.504070000e+00  -5.442580000e-01
   7.869860000e-01  -7.504070000e+00  -2.763868000e-01
   6.802410000e-01  -7.504070000e+00  -2.279700000e-02
   5.601710000e-01  -7.504070000e+00   1.713610000e-01
   4.666970000e-01  -7.504070000e+00   3.423930000e-01
   3.885450000e-01  -7.504070000e+00   5.327270000e-01
   2.869450000e-01  -7.504070000e+00   7.670340000e-01
   1.037290000e-01  -7.035310000e+00   1.148160000e+00
  -2.139520000e-01  -7.035310000e+00   1.215930000e+00
  -5.517170000e-01  -7.035310000e+00   1.219374000e+00
  -9.074310000e-01  -7.035310000e+00   1.157688000e+00
  -1.250160000e+00  -7.035310000e+00   9.918940000e-01
  -1.486030000e+00  -7.035310000e+00   6.890600000e-01
  -1.575430000e+00  -7.035310000e+00   3.185288000e-01
  -1.557910000e+00  -7.035310000e+00  -4.831900000e-02
  -1.471080000e+00  -7.035310000e+00  -3.865190000e-01
  -1.328860000e+00  -7.035310000e+00  -6.970640000e-01
  -1.121643000e+00  -7.035310000e+00  -9.670500000e-01
  -8.534120000e-01  -7.035310000e+00  -1.177200000e+00
  -5.412710000e-01  -7.035310000e+00  -1.325670000e+00
  -1.960850000e-01  -7.035310000e+00  -1.395310000e+00
   1.543810000e-01  -7.035310000e+00  -1.347105000e+00
   4.399140000e-01  -7.035310000e+00  -1.140656000e+00
   6.382660000e-01  -7.035310000e+00  -8.712660000e-01
   7.768670000e-01  -7.035310000e+00  -5.971500000e-01
   8.581260000e-01  -7.035310000e+00  -3.154712000e-01
   8.240710000e-01  -7.035310000e+00  -3.138300000e-02
   7.341910000e-01  -7.035310000e+00   2.201430000e-01
   6.250120000e-01  -7.035310000e+00   4.478120000e-01
   5.084670000e-01  -7.035310000e+00   6.843000000e-01
   3.503980000e-01  -7.035310000e+00   9.388000000e-01
   9.909400000e-02  -6.565560000e+00   1.264210000e+00
  -2.507960000e-01  -6.565560000e+00   1.326460000e+00
  -6.190470000e-01  -6.565560000e+00   1.330660000e+00
  -1.010810000e+00  -6.565560000e+00   1.268637000e+00
  -1.392090000e+00  -6.565560000e+00   1.092342000e+00
  -1.658580000e+00  -6.565560000e+00   7.625060000e-01
  -1.777380000e+00  -6.565560000e+00   3.577276000e-01
  -1.785640000e+00  -6.565560000e+00  -5.284700000e-02
  -1.711630000e+00  -6.565560000e+00  -4.472860000e-01
  -1.558090000e+00  -6.565560000e+00  -8.144600000e-01
  -1.311030000e+00  -6.565560000e+00  -1.125750000e+00
  -9.857910000e-01  -6.565560000e+00  -1.350720000e+00
  -6.199060000e-01  -6.565560000e+00  -1.493640000e+00
  -2.314300000e-01  -6.565560000e+00  -1.549400000e+00
   1.551550000e-01  -6.565560000e+00  -1.485250000e+00
   4.618320000e-01  -6.565560000e+00  -1.243010000e+00
   6.634680000e-01  -6.565560000e+00  -9.355840000e-01
   8.050970000e-01  -6.565560000e+00  -6.376180000e-01
   9.059920000e-01  -6.565560000e+00  -3.412724000e-01
   9.205360000e-01  -6.565560000e+00  -3.434300000e-02
   8.608740000e-01  -6.565560000e+00   2.608790000e-01
   7.436160000e-01  -6.565560000e+00   5.352490000e-01
   5.936960000e-01  -6.565560000e+00   8.037100000e-01
   3.889540000e-01  -6.565560000e+00   1.066800000e+00
   8.879500000e-02  -6.096800000e+00   1.374060000e+00
  -2.875600000e-01  -6.096800000e+00   1.437910000e+00
  -6.864370000e-01  -6.096800000e+00   1.450890000e+00
  -1.119770000e+00  -6.096800000e+00   1.401361000e+00
  -1.554770000e+00  -6.096800000e+00   1.225382000e+00
  -1.858940000e+00  -6.096800000e+00   8.648580000e-01
  -1.992730000e+00  -6.096800000e+00   4.138001000e-01
  -2.000890000e+00  -6.096800000e+00  -4.554700000e-02
  -1.915990000e+00  -6.096800000e+00  -4.842160000e-01
  -1.743810000e+00  -6.096800000e+00  -8.928100000e-01
  -1.462990000e+00  -6.096800000e+00  -1.234390000e+00
  -1.094682000e+00  -6.096800000e+00  -1.468810000e+00
  -6.882050000e-01  -6.096800000e+00  -1.605370000e+00
  -2.669680000e-01  -6.096800000e+00  -1.651200000e+00
   1.485170000e-01  -6.096800000e+00  -1.582170000e+00
   4.785360000e-01  -6.096800000e+00  -1.322940000e+00
   6.940970000e-01  -6.096800000e+00  -9.928540000e-01
   8.475120000e-01  -6.096800000e+00  -6.728530000e-01
   9.640680000e-01  -6.096800000e+00  -3.571999000e-01
   1.002909000e+00  -6.096800000e+00  -2.499400000e-02
   9.596970000e-01  -6.096800000e+00   3.073950000e-01
   8.334360000e-01  -6.096800000e+00   6.174410000e-01
   6.533280000e-01  -6.096800000e+00   9.102800000e-01
   4.128210000e-01  -6.096800000e+00   1.181470000e+00
   7.616100000e-02  -5.628050000e+00   1.483360000e+00
  -3.272700000e-01  -5.628050000e+00   1.555020000e+00
  -7.571100000e-01  -5.628050000e+00   1.580090000e+00
  -1.233750000e+00  -5.628050000e+00   1.542486000e+00
  -1.723280000e+00  -5.628050000e+00   1.365312000e+00
  -2.069130000e+00  -5.628050000e+00   9.741110000e-01
  -2.222210000e+00  -5.628050000e+00   4.755741000e-01
  -2.231890000e+00  -5.628050000e+00  -3.422000000e-02
  -2.134590000e+00  -5.628050000e+00  -5.213500000e-01
  -1.938430000e+00  -5.628050000e+00  -9.720200000e-01
  -1.619250000e+00  -5.628050000e+00  -1.341450000e+00
  -1.199796000e+00  -5.628050000e+00  -1.574080000e+00
  -7.518390000e-01  -5.628050000e+00  -1.690270000e+00
  -3.055400000e-01  -5.628050000e+00  -1.716720000e+00
   1.306600000e-01  -5.628050000e+00  -1.645900000e+00
   4.877640000e-01  -5.628050000e+00  -1.394030000e+00
   7.315960000e-01  -5.628050000e+00  -1.055870000e+00
   9.076100000e-01  -5.628050000e+00  -7.171370000e-01
   1.039743000e+00  -5.628050000e+00  -3.744259000e-01
   1.086371000e+00  -5.628050000e+00  -1.167300000e-02
   1.041744000e+00  -5.628050000e+00   3.526150000e-01
   8.994040000e-01  -5.628050000e+00   6.918170000e-01
   6.974280000e-01  -5.628050000e+00   1.006310000e+00
   4.277446000e-01  -5.628050000e+00   1.289250000e+00
   5.839600000e-02  -4.697630000e+00   1.832170000e+00
  -4.154260000e-01  -4.697630000e+00   1.915810000e+00
  -9.200000000e-01  -4.697630000e+00   1.936470000e+00
  -1.467710000e+00  -4.697630000e+00   1.876270000e+00
  -2.025240000e+00  -4.697630000e+00   1.660446000e+00
  -2.430890000e+00  -4.697630000e+00   1.213322000e+00
  -2.594560000e+00  -4.697630000e+00   6.321583000e-01
  -2.576340000e+00  -4.697630000e+00   4.614500000e-02
  -2.439450000e+00  -4.697630000e+00  -4.997300000e-01
  -2.205690000e+00  -4.697630000e+00  -9.959300000e-01
  -1.855530000e+00  -4.697630000e+00  -1.410320000e+00
  -1.380278000e+00  -4.697630000e+00  -1.657530000e+00
  -8.796040000e-01  -4.697630000e+00  -1.763040000e+00
  -3.915888000e-01  -4.697630000e+00  -1.770430000e+00
   7.854000000e-02  -4.697630000e+00  -1.691680000e+00
   4.608500000e-01  -4.697630000e+00  -1.412296000e+00
   7.046460000e-01  -4.697630000e+00  -1.032510000e+00
   8.797600000e-01  -4.697630000e+00  -6.686590000e-01
   1.027281000e+00  -4.697630000e+00  -3.118417000e-01
   1.117008000e+00  -4.697630000e+00   7.104400000e-02
   1.102447000e+00  -4.697630000e+00   4.756880000e-01
   9.572810000e-01  -4.697630000e+00   8.590430000e-01
   7.529780000e-01  -4.697630000e+00   1.232170000e+00
   4.646162900e-01  -4.697630000e+00   1.588440000e+00
   7.584700000e-02  -3.767210000e+00   2.148100000e+00
  -4.639590000e-01  -3.767210000e+00   2.249100000e+00
  -1.033980000e+00  -3.767210000e+00   2.257090000e+00
  -1.637220000e+00  -3.767210000e+00   2.158630000e+00
  -2.233990000e+00  -3.767210000e+00   1.893959000e+00
  -2.670310000e+00  -3.767210000e+00   1.396271000e+00
  -2.807540000e+00  -3.767210000e+00   7.485661000e-01
  -2.718270000e+00  -3.767210000e+00   1.187740000e-01
  -2.516900000e+00  -3.767210000e+00  -4.344400000e-01
  -2.248050000e+00  -3.767210000e+00  -9.193300000e-01
  -1.908520000e+00  -3.767210000e+00  -1.343850000e+00
  -1.454200000e+00  -3.767210000e+00  -1.631790000e+00
  -9.501530000e-01  -3.767210000e+00  -1.783030000e+00
  -4.366358000e-01  -3.767210000e+00  -1.822100000e+00
   6.836200000e-02  -3.767210000e+00  -1.749070000e+00
   4.693120000e-01  -3.767210000e+00  -1.432900000e+00
   7.057290000e-01  -3.767210000e+00  -1.005666000e+00
   8.733270000e-01  -3.767210000e+00  -6.169530000e-01
   1.017983000e+00  -3.767210000e+00  -2.474339000e-01
   1.102012000e+00  -3.767210000e+00   1.456240000e-01
   1.073208000e+00  -3.767210000e+00   5.536060000e-01
   9.419370000e-01  -3.767210000e+00   9.506600000e-01
   7.731460000e-01  -3.767210000e+00   1.374350000e+00
   5.097498000e-01  -3.767210000e+00   1.821890000e+00
   8.140300000e-02  -2.835800000e+00   2.380380000e+00
  -5.120400000e-01  -2.835800000e+00   2.488140000e+00
  -1.131120000e+00  -2.835800000e+00   2.468500000e+00
  -1.761750000e+00  -2.835800000e+00   2.319610000e+00
  -2.361220000e+00  -2.835800000e+00   2.002050000e+00
  -2.799390000e+00  -2.835800000e+00   1.467489000e+00
  -2.949530000e+00  -2.835800000e+00   8.024598000e-01
  -2.873860000e+00  -2.835800000e+00   1.468740000e-01
  -2.675750000e+00  -2.835800000e+00  -4.366500000e-01
  -2.401310000e+00  -2.835800000e+00  -9.542500000e-01
  -2.046030000e+00  -2.835800000e+00  -1.407020000e+00
  -1.563910000e+00  -2.835800000e+00  -1.714590000e+00
  -1.026597000e+00  -2.835800000e+00  -1.871180000e+00
  -4.829577000e-01  -2.835800000e+00  -1.906940000e+00
   4.997200000e-02  -2.835800000e+00  -1.824580000e+00
   4.694200000e-01  -2.835800000e+00  -1.485560000e+00
   7.020360000e-01  -2.835800000e+00  -1.019692000e+00
   8.619280000e-01  -2.835800000e+00  -6.100050000e-01
   1.004816000e+00  -2.835800000e+00  -2.285402000e-01
   1.087447000e+00  -2.835800000e+00   1.731120000e-01
   1.051271000e+00  -2.835800000e+00   5.880300000e-01
   9.333320000e-01  -2.835800000e+00   1.001390000e+00
   7.887340000e-01  -2.835800000e+00   1.465720000e+00
   5.415627000e-01  -2.835800000e+00   1.988660000e+00
   3.767400000e-02  -1.905380000e+00   2.474200000e+00
  -5.832400000e-01  -1.905380000e+00   2.588590000e+00
  -1.234650000e+00  -1.905380000e+00   2.579840000e+00
  -1.905030000e+00  -1.905380000e+00   2.435580000e+00
  -2.544820000e+00  -1.905380000e+00   2.109100000e+00
  -3.007740000e+00  -1.905380000e+00   1.544914000e+00
  -3.170190000e+00  -1.905380000e+00   8.318790000e-01
  -3.101510000e+00  -1.905380000e+00   1.365710000e-01
  -2.901080000e+00  -1.905380000e+00  -4.888800000e-01
  -2.611990000e+00  -1.905380000e+00  -1.044780000e+00
  -2.228350000e+00  -1.905380000e+00  -1.529770000e+00
  -1.703730000e+00  -1.905380000e+00  -1.844960000e+00
  -1.126326000e+00  -1.905380000e+00  -1.987930000e+00
  -5.524214000e-01  -1.905380000e+00  -2.007160000e+00
   2.818000000e-03  -1.905380000e+00  -1.919220000e+00
   4.539560000e-01  -1.905380000e+00  -1.587400000e+00
   7.048180000e-01  -1.905380000e+00  -1.101149000e+00
   8.677020000e-01  -1.905380000e+00  -6.615870000e-01
   1.000085000e+00  -1.905380000e+00  -2.551210000e-01
   1.047493000e+00  -1.905380000e+00   1.644430000e-01
   9.845080000e-01  -1.905380000e+00   5.810710000e-01
   8.747980000e-01  -1.905380000e+00   9.990030000e-01
   7.481820000e-01  -1.905380000e+00   1.487410000e+00
   5.145200000e-01  -1.905380000e+00   2.057870000e+00
  -7.779000000e-02  -9.749600000e-01   2.436430000e+00
  -6.905300000e-01  -9.749600000e-01   2.553250000e+00
  -1.337820000e+00  -9.749600000e-01   2.559690000e+00
  -2.015170000e+00  -9.749600000e-01   2.433630000e+00
  -2.667020000e+00  -9.749600000e-01   2.116420000e+00
  -3.135340000e+00  -9.749600000e-01   1.542011000e+00
  -3.333630000e+00  -9.749600000e-01   8.432550000e-01
  -3.323860000e+00  -9.749600000e-01   1.305820000e-01
  -3.166810000e+00  -9.749600000e-01  -5.375900000e-01
  -2.886140000e+00  -9.749600000e-01  -1.148100000e+00
  -2.467750000e+00  -9.749600000e-01  -1.668330000e+00
  -1.868720000e+00  -9.749600000e-01  -1.950720000e+00
  -1.239790000e+00  -9.749600000e-01  -2.016320000e+00
  -6.611575000e-01  -9.749600000e-01  -1.964430000e+00
  -1.264030000e-01  -9.749600000e-01  -1.843230000e+00
   3.257660000e-01  -9.749600000e-01  -1.558300000e+00
   5.599660000e-01  -9.749600000e-01  -1.069344000e+00
   6.912030000e-01  -9.749600000e-01  -6.279380000e-01
   8.158350000e-01  -9.749600000e-01  -2.407450000e-01
   8.785370000e-01  -9.749600000e-01   1.590410000e-01
   8.293420000e-01  -9.749600000e-01   5.627110000e-01
   7.444740000e-01  -9.749600000e-01   9.805190000e-01
   6.424980000e-01  -9.749600000e-01   1.483540000e+00
   4.182020000e-01  -9.749600000e-01   2.070830000e+00
  -2.076040000e-01  -3.545410000e-01   2.391920000e+00
   3.101790000e-01  -3.545410000e-01   2.082500000e+00
   5.301060000e-01  -3.545410000e-01   1.481330000e+00
   5.987300000e-01  -3.545410000e-01   9.550400000e-01
   6.513140000e-01  -3.545410000e-01   5.358270000e-01
   6.886230000e-01  -3.545410000e-01   1.475790000e-01
   6.229060000e-01  -3.545410000e-01  -2.322940000e-01
   5.202870000e-01  -3.545410000e-01  -6.102310000e-01
   4.151980000e-01  -3.545410000e-01  -1.058210000e+00
   1.742500000e-01  -3.545410000e-01  -1.517150000e+00
  -2.788090000e-01  -3.545410000e-01  -1.740640000e+00
  -7.818674000e-01  -3.545410000e-01  -1.906830000e+00
  -1.364604000e+00  -3.545410000e-01  -2.044930000e+00
  -2.061150000e+00  -3.545410000e-01  -2.089170000e+00
  -2.764530000e+00  -3.545410000e-01  -1.857460000e+00
  -3.231070000e+00  -3.545410000e-01  -1.290760000e+00
  -3.487710000e+00  -3.545410000e-01  -6.033500000e-01
  -3.572550000e+00  -3.545410000e-01   1.138050000e-01
  -3.501280000e+00  -3.545410000e-01   8.407060000e-01
  -3.253580000e+00  -3.545410000e-01   1.531634000e+00
  -2.784310000e+00  -3.545410000e-01   2.098010000e+00
  -2.131820000e+00  -3.545410000e-01   2.415920000e+00
  -1.454320000e+00  -3.545410000e-01   2.529490000e+00
  -8.114100000e-01  -3.545410000e-01   2.511470000e+00
  -2.289010000e+00  -4.093410000e-01  -1.527560000e+00
  -2.747700000e+00  -4.031410000e-01  -1.282080000e+00
  -1.272620000e+00  -3.992410000e-01   2.199280000e+00
  -8.838800000e-01  -4.232410000e-01   1.924420000e+00
  -2.047380000e+00  -4.815410000e-01   5.156180000e-01
  -1.995130000e+00  -4.775410000e-01   7.881075000e-01
  -1.682400000e+00  -4.835410000e-01   7.653108000e-01
  -7.274957000e-01  -4.010410000e-01  -1.548020000e+00
  -1.701390000e+00  -4.915410000e-01   1.214400000e-01
  -1.369860000e+00  -4.885410000e-01   7.425140000e-01
  -1.109120000e+00  -4.895410000e-01   1.335310000e-01
  -2.475880000e+00  -4.555410000e-01   7.993400000e-01
  -2.559460000e+00  -4.585410000e-01   2.595950000e-01
  -3.017710000e+00  -4.187410000e-01   5.290870000e-01
  -2.464680000e+00  -4.301410000e-01   1.418005000e+00
  -2.622140000e+00  -4.318410000e-01   1.180366000e+00
  -2.590800000e+00  -4.229410000e-01   1.390249000e+00
  -2.404840000e-01  -4.134410000e-01   1.731377000e+00
  -7.748630000e-01  -4.605410000e-01   1.272407000e+00
  -1.917850000e+00  -4.416410000e-01  -1.240060000e+00
  -1.829510000e+00  -4.555410000e-01  -1.031610000e+00
  -1.639948000e+00  -4.515410000e-01  -1.134360000e+00
  -1.700100000e+00  -4.575410000e-01   1.469501000e+00
  -1.550220000e+00  -4.324410000e-01   1.862297000e+00
  -1.480130000e+00  -4.483410000e-01   1.646365000e+00
  -2.929570000e+00  -4.153410000e-01  -7.451400000e-01
  -2.334030000e+00  -4.476410000e-01  -9.113800000e-01
  -1.170793000e+00  -4.095410000e-01  -1.592390000e+00
  -1.450384000e+00  -4.464410000e-01  -1.233120000e+00
  -9.218300000e-01  -4.384410000e-01  -1.232060000e+00
  -1.826260000e+00  -4.229410000e-01   1.905328000e+00
  -1.687430000e+00  -3.977410000e-01   2.181950000e+00
  -1.618330000e+00  -4.152410000e-01   2.028120000e+00
  -1.720533000e+00  -4.103410000e-01  -1.633810000e+00
  -2.102300000e+00  -4.098410000e-01   1.955359000e+00
  -6.059100000e-02  -4.006410000e-01  -1.116270000e+00
   4.090000000e-02  -4.100410000e-01  -6.831960000e-01
   2.617690000e-01  -4.051410000e-01  -6.148800000e-02
  -2.177640000e+00  -4.785410000e-01   4.852400000e-02
  -2.525940000e+00  -4.575410000e-01  -3.003200000e-01
   1.147341000e-01  -4.199410000e-01   6.649250000e-01
  -2.336770000e-01  -4.514410000e-01   1.868570000e-01
  -2.871190000e+00  -4.154410000e-01   1.114854900e+00
  -3.037480000e+00  -4.194410000e-01  -1.050110000e-01
  -3.999150000e-01  -4.072410000e-01  -1.354360000e+00
  -5.383240000e-01  -4.458410000e-01  -8.582900000e-01
   1.979210000e-01  -3.988410000e-01   1.329704000e+00
  -2.452530000e-01  -4.402410000e-01   1.131561000e+00
  -2.000730000e+00  -4.785410000e-01  -3.724780000e-01
  -2.272710000e+00  -4.322410000e-01   1.564350000e+00
  -2.371090000e+00  -4.454410000e-01   1.233877000e+00
  -8.518150000e-01  -4.595410000e-01  -8.284400000e-01
  -8.662650000e-01  -4.685410000e-01  -6.000790000e-01
  -1.097450000e+00  -4.635410000e-01   1.345920000e+00
  -1.139460000e+00  -4.465410000e-01   1.656426000e+00
  -9.596600000e-01  -4.543410000e-01   1.470916000e+00
  -2.045730000e+00  -4.288410000e-01   1.748463000e+00
  -2.187460000e+00  -4.214410000e-01   1.762855000e+00
  -1.986150000e+00  -4.468410000e-01   1.530567000e+00
  -1.945590000e+00  -4.715410000e-01   1.055597000e+00
  -2.158490000e+00  -4.595410000e-01   1.143737000e+00
  -1.572850000e+00  -4.905410000e-01  -1.213470000e-01
  -1.787290000e+00  -4.855410000e-01  -2.454130000e-01
  -1.443300000e+00  -4.865410000e-01  -3.581340000e-01
  -1.278210000e+00  -4.895410000e-01  -1.143020000e-01
  -1.077463000e+00  -4.845410000e-01  -2.400090000e-01
  -5.981880000e-01  -4.715410000e-01   6.067197000e-01
  -1.404420000e+00  -4.170410000e-01   2.031290000e+00
  -1.145650000e+00  -4.204410000e-01   1.977850000e+00
  -1.734180000e+00  -4.685410000e-01  -8.321600000e-01
  -1.450241000e+00  -4.695410000e-01  -8.193800000e-01
  -1.453813000e+00  -4.585410000e-01  -1.027750000e+00
  -1.386650000e+00  -4.775410000e-01   1.085974000e+00
  -1.081610000e+00  -4.705410000e-01   1.178191000e+00
  -3.308590000e-01  -4.517410000e-01  -2.986780000e-01
  -2.212380000e+00  -4.655410000e-01   9.269687800e-01
  -2.129380000e+00  -4.735410000e-01   7.232930000e-01
  -1.869450000e+00  -4.745410000e-01  -6.078200000e-01
  -2.035600000e+00  -4.595410000e-01  -8.692700000e-01
  -2.020160000e+00  -4.695410000e-01  -6.233700000e-01
  -1.677170000e+00  -4.695410000e-01   1.229015000e+00
  -1.666320000e+00  -4.755410000e-01   1.068286000e+00
  -2.561570000e+00  -4.135410000e-01   1.600132000e+00
  -6.326610000e-01  -4.735410000e-01   5.079000000e-02
  -6.012870000e-01  -4.665410000e-01  -3.291970000e-01
  -1.046567000e+00  -4.538410000e-01  -1.036330000e+00
  -8.893220000e-01  -4.493410000e-01  -1.036750000e+00
  -1.308302000e+00  -4.785410000e-01  -5.958600000e-01
  -1.520740000e+00  -4.745410000e-01  -7.105100000e-01
  -1.345340000e+00  -4.397410000e-01   1.765361000e+00
  -1.905210000e+00  -4.354410000e-01   1.721948000e+00
  -9.944180000e-01  -4.845410000e-01  -1.190930000e-01
  -7.556880000e-01  -4.765410000e-01  -1.584630000e-01
  -1.656880000e+00  -4.815410000e-01  -4.804800000e-01
  -1.315845000e+00  -4.585410000e-01  -1.023860000e+00
  -1.250976000e+00  -4.512410000e-01  -1.130720000e+00
  -8.767160000e-01  -4.775410000e-01  -3.637170000e-01
  -5.708060000e-01  -4.565410000e-01  -5.957420000e-01
  -1.489800000e+00  -4.915410000e-01   3.569000000e-03
  -1.026510000e+00  -4.735410000e-01  -5.936560000e-01
  -1.093009000e+00  -4.785410000e-01  -4.787910000e-01
  -1.413040000e+00  -4.625410000e-01   1.409434000e+00
  -1.169305000e+00  -4.675410000e-01  -8.185900000e-01
  -1.721510000e+00  -4.845410000e-01  -3.643060000e-01
  -2.178720000e+00  -4.472410000e-01   1.382222000e+00
  -2.423980000e+00  -4.510410000e-01   1.019108900e+00
C Number of facets
  786
C  Size  Node 1  ......Node N Marker
    3    0    1    2    3
    3    0    2    3    3
    3    0    3    4    3
    3    0    4    5    3
    3    0    5    6    3
    3    0    6    7    3
    3    0    7    8    3
    3    0    8    9    3
    3    0    9   10    3
    3    0   10   11    3
    3    0   11   12    3
    3    0   12   13    3
    3    0   13   14    3
    3    0   14   15    3
    3    0   15   16    3
    3    0   16   17    3
    3    0   17   18    3
    3    0   18   19    3
    3    0   19   20    3
    3    0   20   21    3
    3    0   21   22    3
    3    0   22   23    3
    3    0   23   24    3
    3    0   24    1    3
    3    1   25   26    3
    3    1   26    2    3
    3    2   26   27    3
    3    2   27    3    3
    3    3   27   28    3
    3    3   28    4    3
    3    4   28   29    3
    3    4   29    5    3
    3    5   29   30    3
    3    5   30    6    3
    3    6   30   31    3
    3    6   31    7    3
    3    7   31   32    3
    3    7   32    8    3
    3    8   32   33    3
    3    8   33    9    3
    3    9   33   34    3
    3    9   34   10    3
    3   10   34   35    3
    3   10   35   11    3
    3   11   35   36    3
    3   11   36   12    3
    3   12   36   37    3
    3   12   37   13    3
    3   13   37   38    3
    3   13   38   14    3
    3   14   38   39    3
    3   14   39   15    3
    3   15   39   40    3
    3   15   40   16    3
    3   16   40   41    3
    3   16   41   17    3
    3   17   41   42    3
    3   17   42   18    3
    3   18   42   43    3
    3   18   43   19    3
    3   19   43   44    3
    3   19   44   20    3
    3   20   44   45    3
    3   20   45   21    3
    3   21   45   46    3
    3   21   46   22    3
    3   22   46   47    3
    3   22   47   23    3
    3   23   47   48    3
    3   23   48   24    3
    3   24   48   25    3
    3   24   25    1    3
    3   25   49   50    3
    3   25   50   26    3
    3   26   50   51    3
    3   26   51   27    3
    3   27   51   52    3
    3   27   52   28    3
    3   28   52   53    3
    3   28   53   29    3
    3   29   53   54    3
    3   29   54   30    3
    3   30   54   55    3
    3   30   55   31    3
    3   31   55   56    3
    3   31   56   32    3
    3   32   56   57    3
    3   32   57   33    3
    3   33   57   58    3
    3   33   58   34    3
    3   34   58   59    3
    3   34   59   35    3
    3   35   59   60    3
    3   35   60   36    3
    3   36   60   61    3
    3   36   61   37    3
    3   37   61   62    3
    3   37   62   38    3
    3   38   62   63    3
    3   38   63   39    3
    3   39   63   64    3
    3   39   64   40    3
    3   40   64   65    3
    3   40   65   41    3
    3   41   65   66    3
    3   41   66   42    3
    3   42   66   67    3
    3   42   67   43    3
    3   43   67   68    3
    3   43   68   44    3
    3   44   68   69    3
    3   44   69   45    3
    3   45   69   70    3
    3   45   70   46    3
    3   46   70   71    3
    3   46   71   47    3
    3   47   71   72    3
    3   47   72   48    3
    3   48   72   49    3
    3   48   49   25    3
    3   49   73   74    3
    3   49   74   50    3
    3   50   74   75    3
    3   50   75   51    3
    3   51   75   76    3
    3   51   76   52    3
    3   52   76   77    3
    3   52   77   53    3
    3   53   77   78    3
    3   53   78   54    3
    3   54   78   79    3
    3   54   79   55    3
    3   55   79   80    3
    3   55   80   56    3
    3   56   80   81    3
    3   56   81   57    3
    3   57   81   82    3
    3   57   82   58    3
    3   58   82   83    3
    3   58   83   59    3
    3   59   83   84    3
    3   59   84   60    3
    3   60   84   85    3
    3   60   85   61    3
    3   61   85   86    3
    3   61   86   62    3
    3   62   86   87    3
    3   62   87   63    3
    3   63   87   88    3
    3   63   88   64    3
    3   64   88   89    3
    3   64   89   65    3
    3   65   89   90    3
    3   65   90   66    3
    3   66   90   91    3
    3   66   91   67    3
    3   67   91   92    3
    3   67   92   68    3
    3   68   92   93    3
    3   68   93   69    3
    3   69   93   94    3
    3   69   94   70    3
    3   70   94   95    3
    3   70   95   71    3
    3   71   95   96    3
    3   71   96   72    3
    3   72   96   73    3
    3   72   73   49    3
    3   73   97   98    3
    3   73   98   74    3
    3   74   98   99    3
    3   74   99   75    3
    3   75   99  100    3
    3   75  100   76    3
    3   76  100  101    3
    3   76  101   77    3
    3   77  101  102    3
    3   77  102   78    3
    3   78  102  103    3
    3   78  103   79    3
    3   79  103  104    3
    3   79  104   80    3
    3   80  104  105    3
    3   80  105   81    3
    3   81  105  106    3
    3   81  106   82    3
    3   82  106  107    3
    3   82  107   83    3
    3   83  107  108    3
    3   83  108   84    3
    3   84  108  109    3
    3   84  109   85    3
    3   85  109  110    3
    3   85  110   86    3
    3   86  110  111    3
    3   86  111   87    3
    3   87  111  112    3
    3   87  112   88    3
    3   88  112  113    3
    3   88  113   89    3
    3   89  113  114    3
    3   89  114   90    3
    3   90  114  115    3
    3   90  115   91    3
    3   91  115  116    3
    3   91  116   92    3
    3   92  116  117    3
    3   92  117   93    3
    3   93  117  118    3
    3   93  118   94    3
    3   94  118  119    3
    3   94  119   95    3
    3   95  119  120    3
    3   95  120   96    3
    3   96  120   97    3
    3   96   97   73    3
    3   97  121  122    3
    3   97  122   98    3
    3   98  122  123    3
    3   98  123   99    3
    3   99  123  124    3
    3   99  124  100    3
    3  100  124  125    3
    3  100  125  101    3
    3  101  125  126    3
    3  101  126  102    3
    3  102  126  127    3
    3  102  127  103    3
    3  103  127  128    3
    3  103  128  104    3
    3  104  128  129    3
    3  104  129  105    3
    3  105  129  130    3
    3  105  130  106    3
    3  106  130  131    3
    3  106  131  107    3
    3  107  131  132    3
    3  107  132  108    3
    3  108  132  133    3
    3  108  133  109    3
    3  109  133  134    3
    3  109  134  110    3
    3  110  134  135    3
    3  110  135  111    3
    3  111  135  136    3
    3  111  136  112    3
    3  112  136  137    3
    3  112  137  113    3
    3  113  137  138    3
    3  113  138  114    3
    3  114  138  139    3
    3  114  139  115    3
    3  115  139  140    3
    3  115  140  116    3
    3  116  140  141    3
    3  116  141  117    3
    3  117  141  142    3
    3  117  142  118    3
    3  118  142  143    3
    3  118  143  119    3
    3  119  143  144    3
    3  119  144  120    3
    3  120  144  121    3
    3  120  121   97    3
    3  121  145  146    3
    3  121  146  122    3
    3  122  146  147    3
    3  122  147  123    3
    3  123  147  148    3
    3  123  148  124    3
    3  124  148  149    3
    3  124  149  125    3
    3  125  149  150    3
    3  125  150  126    3
    3  126  150  151    3
    3  126  151  127    3
    3  127  151  152    3
    3  127  152  128    3
    3  128  152  153    3
    3  128  153  129    3
    3  129  153  154    3
    3  129  154  130    3
    3  130  154  155    3
    3  130  155  131    3
    3  131  155  156    3
    3  131  156  132    3
    3  132  156  157    3
    3  132  157  133    3
    3  133  157  158    3
    3  133  158  134    3
    3  134  158  159    3
    3  134  159  135    3
    3  135  159  160    3
    3  135  160  136    3
    3  136  160  161    3
    3  136  161  137    3
    3  137  161  162    3
    3  137  162  138    3
    3  138  162  163    3
    3  138  163  139    3
    3  139  163  164    3
    3  139  164  140    3
    3  140  164  165    3
    3  140  165  141    3
    3  141  165  166    3
    3  141  166  142    3
    3  142  166  167    3
    3  142  167  143    3
    3  143  167  168    3
    3  143  168  144    3
    3  144  168  145    3
    3  144  145  121    3
    3  145  169  170    3
    3  145  170  146    3
    3  146  170  171    3
    3  146  171  147    3
    3  147  171  172    3
    3  147  172  148    3
    3  148  172  173    3
    3  148  173  149    3
    3  149  173  174    3
    3  149  174  150    3
    3  150  174  175    3
    3  150  175  151    3
    3  151  175  176    3
    3  151  176  152    3
    3  152  176  177    3
    3  152  177  153    3
    3  153  177  178    3
    3  153  178  154    3
    3  154  178  179    3
    3  154  179  155    3
    3  155  179  180    3
    3  155  180  156    3
    3  156  180  181    3
    3  156  181  157    3
    3  157  181  182    3
    3  157  182  158    3
    3  158  182  183    3
    3  158  183  159    3
    3  159  183  184    3
    3  159  184  160    3
    3  160  184  185    3
    3  160  185  161    3
    3  161  185  186    3
    3  161  186  162    3
    3  162  186  187    3
    3  162  187  163    3
    3  163  187  188    3
    3  163  188  164    3
    3  164  188  189    3
    3  164  189  165    3
    3  165  189  190    3
    3  165  190  166    3
    3  166  190  191    3
    3  166  191  167    3
    3  167  191  192    3
    3  167  192  168    3
    3  168  192  169    3
    3  168  169  145    3
    3  169  193  194    3
    3  169  194  170    3
    3  170  194  195    3
    3  170  195  171    3
    3  171  195  196    3
    3  171  196  172    3
    3  172  196  197    3
    3  172  197  173    3
    3  173  197  198    3
    3  173  198  174    3
    3  174  198  199    3
    3  174  199  175    3
    3  175  199  200    3
    3  175  200  176    3
    3  176  200  201    3
    3  176  201  177    3
    3  177  201  202    3
    3  177  202  178    3
    3  178  202  203    3
    3  178  203  179    3
    3  179  203  204    3
    3  179  204  180    3
    3  180  204  205    3
    3  180  205  181    3
    3  181  205  206    3
    3  181  206  182    3
    3  182  206  207    3
    3  182  207  183    3
    3  183  207  208    3
    3  183  208  184    3
    3  184  208  209    3
    3  184  209  185    3
    3  185  209  210    3
    3  185  210  186    3
    3  186  210  211    3
    3  186  211  187    3
    3  187  211  212    3
    3  187  212  188    3
    3  188  212  213    3
    3  188  213  189    3
    3  189  213  214    3
    3  189  214  190    3
    3  190  214  215    3
    3  190  215  191    3
    3  191  215  216    3
    3  191  216  192    3
    3  192  216  193    3
    3  192  193  169    3
    3  193  217  218    3
    3  193  218  194    3
    3  194  218  219    3
    3  194  219  195    3
    3  195  219  220    3
    3  195  220  196    3
    3  196  220  221    3
    3  196  221  197    3
    3  197  221  222    3
    3  197  222  198    3
    3  198  222  223    3
    3  198  223  199    3
    3  199  223  224    3
    3  199  224  200    3
    3  200  224  225    3
    3  200  225  201    3
    3  201  225  226    3
    3  201  226  202    3
    3  202  226  227    3
    3  202  227  203    3
    3  203  227  228    3
    3  203  228  204    3
    3  204  228  229    3
    3  204  229  205    3
    3  205  229  230    3
    3  205  230  206    3
    3  206  230  231    3
    3  206  231  207    3
    3  207  231  232    3
    3  207  232  208    3
    3  208  232  233    3
    3  208  233  209    3
    3  209  233  234    3
    3  209  234  210    3
    3  210  234  235    3
    3  210  235  211    3
    3  211  235  236    3
    3  211  236  212    3
    3  212  236  237    3
    3  212  237  213    3
    3  213  237  238    3
    3  213  238  214    3
    3  214  238  239    3
    3  214  239  215    3
    3  215  239  240    3
    3  215  240  216    3
    3  216  240  217    3
    3  216  217  193    3
    3  217  241  242    3
    3  217  242  218    3
    3  218  242  243    3
    3  218  243  219    3
    3  219  243  244    3
    3  219  244  220    3
    3  220  244  245    3
    3  220  245  221    3
    3  221  245  246    3
    3  221  246  222    3
    3  222  246  247    3
    3  222  247  223    3
    3  223  247  248    3
    3  223  248  224    3
    3  224  248  249    3
    3  224  249  225    3
    3  225  249  250    3
    3  225  250  226    3
    3  226  250  251    3
    3  226  251  227    3
    3  227  251  252    3
    3  227  252  228    3
    3  228  252  253    3
    3  228  253  229    3
    3  229  253  254    3
    3  229  254  230    3
    3  230  254  255    3
    3  230  255  231    3
    3  231  255  256    3
    3  231  256  232    3
    3  232  256  257    3
    3  232  257  233    3
    3  233  257  258    3
    3  233  258  234    3
    3  234  258  259    3
    3  234  259  235    3
    3  235  259  260    3
    3  235  260  236    3
    3  236  260  261    3
    3  236  261  237    3
    3  237  261  262    3
    3  237  262  238    3
    3  238  262  263    3
    3  238  263  239    3
    3  239  263  264    3
    3  239  264  240    3
    3  240  264  241    3
    3  240  241  217    3
    3  264  265  241    3
    3  264  266  265    3
    3  263  266  264    3
    3  263  267  266    3
    3  262  267  263    3
    3  262  268  267    3
    3  261  268  262    3
    3  261  269  268    3
    3  260  269  261    3
    3  260  270  269    3
    3  259  270  260    3
    3  259  271  270    3
    3  258  271  259    3
    3  258  272  271    3
    3  257  272  258    3
    3  257  273  272    3
    3  256  273  257    3
    3  256  274  273    3
    3  255  274  256    3
    3  255  275  274    3
    3  254  275  255    3
    3  254  276  275    3
    3  253  276  254    3
    3  253  277  276    3
    3  252  277  253    3
    3  252  278  277    3
    3  251  278  252    3
    3  251  279  278    3
    3  250  279  251    3
    3  250  280  279    3
    3  249  280  250    3
    3  249  281  280    3
    3  248  281  249    3
    3  248  282  281    3
    3  247  282  248    3
    3  247  283  282    3
    3  246  283  247    3
    3  246  284  283    3
    3  245  284  246    3
    3  245  285  284    3
    3  244  285  245    3
    3  244  286  285    3
    3  243  286  244    3
    3  243  287  286    3
    3  242  287  243    3
    3  242  288  287    3
    3  241  288  242    3
    3  241  265  288    3
    3  289  279  290    1
    3  291  288  292    1
    3  293  294  295    3
    3  296  275  276    1
    3  297  298  299    1
    3  300  301  302    1
    3  303  304  305    3
    3  292  306  307    1
    3  308  309  310    4
    3  300  293  301    1
    3  311  312  313    3
    3  290  314  315    1
    3  316  317  318    1
    3  319  320  321    3
    3  317  322  308    1
    3  286  323  285    1
    3  286  287  320    1
    3  298  297  293    1
    3  324  325  273    1
    3  326  271  272    1
    3  327  328  301    1
    3  329  326  330    1
    3  300  331  304    1
    3  332  282  302    1
    3  272  325  326    1
    3  296  276  316    1
    3  296  333  275    1
    3  324  334  325    1
    3  335  329  336    1
    3  315  328  337    1
    3  338  339  303    3
    3  334  340  341    4
    3  279  289  278    1
    3  274  275  333    1
    3  322  278  289    1
    3  342  343  344    3
    3  332  301  328    1
    3  314  290  280    1
    3  345  338  346    3
    3  324  333  334    1
    3  277  316  276    1
    3  266  267  335    1
    3  288  291  287    1
    3  347  348  349    3
    3  316  322  317    1
    3  297  350  351    4
    3  327  301  293    1
    3  283  331  302    1
    3  352  353  354    4
    3  326  269  270    1
    3  332  302  301    1
    3  355  299  298    1
    3  312  356  357    3
    3  330  355  329    1
    3  336  306  335    1
    3  271  326  270    1
    3  358  359  360    4
    3  298  361  362    3
    3  283  302  282    1
    3  336  329  355    1
    3  326  363  330    1
    3  265  292  288    1
    3  300  364  365    3
    3  366  367  368    4
    3  333  318  334    1
    3  369  361  370    3
    3  327  293  297    1
    3  278  322  277    1
    3  320  291  356    3
    3  371  285  323    1
    3  363  325  334    1
    3  371  331  284    1
    3  364  339  349    3
    3  268  335  267    1
    3  372  363  373    4
    3  280  290  279    1
    3  266  306  265    1
    3  316  277  322    1
    3  328  315  314    1
    3  308  315  367    1
    3  355  330  372    1
    3  327  297  337    1
    3  280  281  314    1
    3  374  340  375    4
    3  296  316  318    1
    3  352  376  377    4
    3  355  307  336    1
    3  292  343  378    3
    3  326  325  363    1
    3  320  287  291    1
    3  345  319  379    3
    3  380  372  381    4
    3  358  366  382    4
    3  268  329  335    1
    3  273  274  324    1
    3  336  307  306    1
    3  265  306  292    1
    3  296  318  333    1
    3  383  374  384    4
    3  329  268  269    1
    3  385  373  386    4
    3  333  324  274    1
    3  283  284  331    1
    3  298  307  355    1
    3  299  353  387    4
    3  308  289  315    1
    3  273  325  272    1
    3  327  337  328    1
    3  388  376  389    4
    3  314  332  328    1
    3  281  282  332    1
    3  315  289  290    1
    3  363  372  330    1
    3  355  372  299    1
    3  285  371  284    1
    3  314  281  332    1
    3  269  326  329    1
    3  369  347  311    3
    3  266  335  306    1
    3  286  320  323    1
    3  308  322  289    1
    3  300  302  331    1
    3  343  390  313    3
    3  292  307  344    3
    3  298  348  370    3
    3  361  390  342    3
    3  343  342  390    3
    3  342  307  362    3
    3  347  369  348    3
    3  361  369  390    3
    3  369  311  390    3
    3  312  311  347    3
    3  311  313  390    3
    3  313  312  378    3
    3  298  362  307    3
    3  342  362  361    3
    3  342  344  307    3
    3  292  344  343    3
    3  369  370  348    3
    3  298  370  361    3
    3  292  378  312    3
    3  313  378  343    3
    3  334  318  375    4
    3  340  391  388    4
    3  318  317  384    4
    3  340  374  391    4
    3  352  385  389    4
    3  376  391  359    4
    3  376  388  391    4
    3  388  385  341    4
    3  359  391  383    4
    3  359  358  377    4
    3  374  383  391    4
    3  383  317  360    4
    3  374  375  318    4
    3  334  375  340    4
    3  334  341  385    4
    3  388  341  340    4
    3  388  389  385    4
    3  352  389  376    4
    3  352  377  358    4
    3  359  377  376    4
    3  358  360  317    4
    3  383  360  359    4
    3  383  384  317    4
    3  318  384  374    4
    3  367  358  309    4
    3  315  337  368    1
    3  353  352  350    4
    3  353  299  380    4
    3  372  380  299    4
    3  380  385  354    4
    3  350  352  392    4
    3  350  297  387    4
    3  366  337  392    4
    3  367  366  358    4
    3  363  334  386    4
    3  373  385  381    4
    3  392  337  351    4
    3  392  352  382    4
    3  380  381  385    4
    3  373  381  372    4
    3  358  317  310    4
    3  367  309  308    4
    3  385  386  334    4
    3  363  386  373    4
    3  366  368  337    4
    3  315  368  367    1
    3  299  387  297    4
    3  350  387  353    4
    3  352  354  385    4
    3  380  354  353    4
    3  358  382  352    4
    3  392  382  366    4
    3  297  351  337    4
    3  392  351  350    4
    3  308  310  317    4
    3  358  310  309    4
    3  312  347  379    3
    3  320  319  323    3
    3  371  323  346    3
    3  338  347  393    3
    3  364  300  394    3
    3  364  348  294    3
    3  319  345  323    3
    3  338  345  347    3
    3  348  298  295    3
    3  294  293  365    3
    3  304  339  394    3
    3  331  371  305    1
    3  364  349  348    3
    3  349  339  393    3
    3  338  393  339    3
    3  349  393  347    3
    3  338  303  371    3
    3  304  303  339    3
    3  356  312  321    3
    3  291  292  357    3
    3  364  394  339    3
    3  304  394  300    3
    3  319  321  312    3
    3  356  321  320    3
    3  293  295  298    3
    3  348  295  294    3
    3  312  357  292    3
    3  291  357  356    3
    3  345  346  323    3
    3  371  346  338    3
    3  303  305  371    3
    3  331  305  304    1
    3  345  379  347    3
    3  312  379  319    3
    3  300  365  293    3
    3  294  365  364    3
C Prescribed Values(Inlet, Outlet), InteractionSurface(Inlet, Outlet)
       3        1        0        2        2        2
C Inlet Velocity
C     Vx,           Vy,            Vz,    indVx,indVy,indVz, FunID (3E18.9, 4I5)
   0.000000000e+00   1.000000000e+00   0.000000000e+00    1    0    1    4
C Inlet Pressure, FunID (E18.9,I5)
   1.000000000e+00    3
C Outlet Pressure (E18.9,I5)
   1.000000000e+00    2
C Inlet Velocity
C nNodeID,    Vx,           Vy,            Vz (I5, 3E18.9)
  265
    1   1.200000000e+00   3.700000000e+00  -3.000000000e-01
    2   4.000000000e-01   3.500000000e+00  -1.600000000e+00
    3   8.000000000e-01   3.500000000e+00  -1.400000000e+00
    4   1.100000000e+00   3.500000000e+00  -1.300000000e+00
    5   1.300000000e+00   3.500000000e+00  -1.200000000e+00
    6   1.600000000e+00   3.500000000e+00  -1.000000000e+00
    7   1.700000000e+00   3.500000000e+00  -8.000000000e-01
    8   2.300000000e+00   3.500000000e+00  -8.000000000e-01
    9   2.900000000e+00   3.500000000e+00  -3.000000000e-01
   10   3.100000000e+00   3.500000000e+00   3.000000000e-01
   11   3.000000000e+00   3.500000000e+00   1.000000000e+00
   12   2.500000000e+00   3.500000000e+00   1.400000000e+00
   13   1.900000000e+00   3.500000000e+00   1.500000000e+00
   14   1.300000000e+00   3.500000000e+00   1.300000000e+00
   15   9.000000000e-01   3.500000000e+00   1.000000000e+00
   16   5.000000000e-01   3.500000000e+00   8.000000000e-01
   17   7.000000000e-01   3.500000000e+00   0.000000000e+00
   18   1.300000000e+00   3.500000000e+00  -7.000000000e-01
   19   1.700000000e+00   3.500000000e+00  -7.000000000e-01
   20   1.500000000e+00   3.500000000e+00  -3.000000000e-01
   21   0.000000000e+00   3.500000000e+00  -3.000000000e-01
   22  -8.000000000e-01   3.500000000e+00  -7.000000000e-01
   23  -9.000000000e-01   3.500000000e+00  -1.300000000e+00
   24  -7.000000000e-01   3.500000000e+00  -1.700000000e+00
   25  -3.000000000e-01   3.500000000e+00  -1.900000000e+00
   26   1.000000000e-01   3.300000000e+00  -2.900000000e+00
   27   8.000000000e-01   3.300000000e+00  -2.800000000e+00
   28   1.500000000e+00   3.300000000e+00  -2.300000000e+00
   29   1.700000000e+00   3.300000000e+00  -1.800000000e+00
   30   1.800000000e+00   3.300000000e+00  -1.300000000e+00
   31   2.000000000e+00   3.300000000e+00  -1.000000000e+00
   32   2.600000000e+00   3.300000000e+00  -8.000000000e-01
   33   3.300000000e+00   3.300000000e+00  -3.000000000e-01
   34   3.800000000e+00   3.300000000e+00   4.000000000e-01
   35   3.800000000e+00   3.300000000e+00   1.300000000e+00
   36   3.300000000e+00   3.300000000e+00   2.000000000e+00
   37   2.400000000e+00   3.300000000e+00   2.300000000e+00
   38   1.600000000e+00   3.300000000e+00   2.200000000e+00
   39   1.000000000e+00   3.300000000e+00   2.000000000e+00
   40   4.000000000e-01   3.300000000e+00   1.700000000e+00
   41   5.000000000e-01   3.300000000e+00   6.000000000e-01
   42   1.000000000e+00   3.300000000e+00  -2.000000000e-01
   43   1.500000000e+00   3.300000000e+00  -5.000000000e-01
   44   1.200000000e+00   3.300000000e+00  -3.000000000e-01
   45  -1.000000000e-01   3.300000000e+00  -2.000000000e-01
   46  -8.000000000e-01   3.300000000e+00  -7.000000000e-01
   47  -1.000000000e+00   3.300000000e+00  -1.400000000e+00
   48  -9.000000000e-01   3.300000000e+00  -2.100000000e+00
   49  -5.000000000e-01   3.300000000e+00  -2.700000000e+00
   50   2.000000000e-01   3.100000000e+00  -4.700000000e+00
   51   1.200000000e+00   3.100000000e+00  -4.700000000e+00
   52   2.100000000e+00   3.100000000e+00  -4.100000000e+00
   53   2.600000000e+00   3.100000000e+00  -3.200000000e+00
   54   2.800000000e+00   3.100000000e+00  -2.500000000e+00
   55   3.000000000e+00   3.100000000e+00  -1.900000000e+00
   56   3.600000000e+00   3.100000000e+00  -1.600000000e+00
   57   4.300000000e+00   3.100000000e+00  -9.000000000e-01
   58   4.600000000e+00   3.100000000e+00  -1.000000000e-01
   59   4.700000000e+00   3.100000000e+00   1.000000000e+00
   60   4.100000000e+00   3.100000000e+00   1.800000000e+00
   61   3.000000000e+00   3.100000000e+00   1.900000000e+00
   62   2.000000000e+00   3.100000000e+00   1.600000000e+00
   63   1.300000000e+00   3.100000000e+00   1.100000000e+00
   64   9.000000000e-01   3.100000000e+00   9.000000000e-01
   65   9.000000000e-01   3.100000000e+00   1.000000000e-01
   66   1.300000000e+00   3.100000000e+00  -7.000000000e-01
   67   1.700000000e+00   3.100000000e+00  -1.000000000e+00
   68   1.600000000e+00   3.100000000e+00  -9.000000000e-01
   69   5.000000000e-01   3.100000000e+00  -8.000000000e-01
   70  -4.000000000e-01   3.100000000e+00  -1.300000000e+00
   71  -7.000000000e-01   3.100000000e+00  -1.900000000e+00
   72  -8.000000000e-01   3.100000000e+00  -2.800000000e+00
   73  -6.000000000e-01   3.100000000e+00  -3.900000000e+00
   74   1.000000000e-01   2.900000000e+00  -6.300000000e+00
   75   1.500000000e+00   2.900000000e+00  -6.200000000e+00
   76   2.600000000e+00   2.900000000e+00  -5.300000000e+00
   77   3.200000000e+00   2.900000000e+00  -3.900000000e+00
   78   3.100000000e+00   2.900000000e+00  -2.700000000e+00
   79   3.400000000e+00   2.900000000e+00  -2.200000000e+00
   80   4.100000000e+00   2.900000000e+00  -1.800000000e+00
   81   5.000000000e+00   2.900000000e+00  -1.100000000e+00
   82   5.800000000e+00   2.900000000e+00   1.000000000e-01
   83   5.900000000e+00   2.900000000e+00   1.500000000e+00
   84   5.200000000e+00   2.900000000e+00   2.500000000e+00
   85   3.700000000e+00   2.900000000e+00   2.500000000e+00
   86   2.300000000e+00   2.900000000e+00   1.900000000e+00
   87   1.600000000e+00   2.900000000e+00   1.200000000e+00
   88   1.100000000e+00   2.900000000e+00   9.000000000e-01
   89   9.000000000e-01   2.900000000e+00   2.000000000e-01
   90   1.300000000e+00   2.900000000e+00  -7.000000000e-01
   91   1.500000000e+00   2.900000000e+00  -9.000000000e-01
   92   1.400000000e+00   2.900000000e+00  -1.000000000e+00
   93   6.000000000e-01   2.900000000e+00  -1.000000000e+00
   94  -3.000000000e-01   2.900000000e+00  -1.400000000e+00
   95  -5.000000000e-01   2.900000000e+00  -2.100000000e+00
   96  -8.000000000e-01   2.900000000e+00  -3.200000000e+00
   97  -8.000000000e-01   2.900000000e+00  -4.900000000e+00
   98  -1.000000000e-01   2.700000000e+00  -7.100000000e+00
   99   1.500000000e+00   2.700000000e+00  -7.000000000e+00
  100   2.800000000e+00   2.700000000e+00  -5.700000000e+00
  101   3.300000000e+00   2.700000000e+00  -4.000000000e+00
  102   2.900000000e+00   2.700000000e+00  -2.300000000e+00
  103   3.000000000e+00   2.700000000e+00  -1.800000000e+00
  104   3.800000000e+00   2.700000000e+00  -1.600000000e+00
  105   5.200000000e+00   2.700000000e+00  -9.000000000e-01
  106   6.300000000e+00   2.700000000e+00   3.000000000e-01
  107   6.600000000e+00   2.700000000e+00   1.900000000e+00
  108   5.800000000e+00   2.700000000e+00   3.200000000e+00
  109   4.100000000e+00   2.700000000e+00   3.200000000e+00
  110   2.600000000e+00   2.700000000e+00   2.500000000e+00
  111   1.700000000e+00   2.700000000e+00   1.800000000e+00
  112   1.000000000e+00   2.700000000e+00   1.400000000e+00
  113   7.000000000e-01   2.700000000e+00   8.000000000e-01
  114   1.000000000e+00   2.700000000e+00  -2.000000000e-01
  115   1.200000000e+00   2.700000000e+00  -6.000000000e-01
  116   1.100000000e+00   2.700000000e+00  -7.000000000e-01
  117   5.000000000e-01   2.700000000e+00  -8.000000000e-01
  118  -1.000000000e-01   2.700000000e+00  -1.300000000e+00
  119  -3.000000000e-01   2.700000000e+00  -1.800000000e+00
  120  -8.000000000e-01   2.700000000e+00  -3.200000000e+00
  121  -1.000000000e+00   2.700000000e+00  -5.300000000e+00
  122  -1.000000000e-01   2.500000000e+00  -7.400000000e+00
  123   1.600000000e+00   2.500000000e+00  -7.500000000e+00
  124   3.000000000e+00   2.500000000e+00  -6.300000000e+00
  125   3.600000000e+00   2.500000000e+00  -4.300000000e+00
  126   3.400000000e+00   2.500000000e+00  -2.600000000e+00
  127   3.400000000e+00   2.500000000e+00  -1.900000000e+00
  128   4.100000000e+00   2.500000000e+00  -1.600000000e+00
  129   5.200000000e+00   2.500000000e+00  -1.000000000e+00
  130   6.100000000e+00   2.500000000e+00   2.000000000e-01
  131   6.400000000e+00   2.500000000e+00   1.700000000e+00
  132   5.700000000e+00   2.500000000e+00   3.000000000e+00
  133   4.300000000e+00   2.500000000e+00   3.400000000e+00
  134   2.800000000e+00   2.500000000e+00   3.100000000e+00
  135   1.800000000e+00   2.500000000e+00   2.700000000e+00
  136   9.000000000e-01   2.500000000e+00   2.300000000e+00
  137   6.000000000e-01   2.500000000e+00   1.300000000e+00
  138   1.000000000e+00   2.500000000e+00   0.000000000e+00
  139   1.400000000e+00   2.500000000e+00  -6.000000000e-01
  140   1.400000000e+00   2.500000000e+00  -7.000000000e-01
  141   9.000000000e-01   2.500000000e+00  -8.000000000e-01
  142   4.000000000e-01   2.500000000e+00  -1.100000000e+00
  143   1.000000000e-01   2.500000000e+00  -1.700000000e+00
  144  -7.000000000e-01   2.500000000e+00  -3.100000000e+00
  145  -1.000000000e+00   2.500000000e+00  -5.500000000e+00
  146  -3.000000000e-01   2.300000000e+00  -7.100000000e+00
  147   1.400000000e+00   2.300000000e+00  -7.200000000e+00
  148   2.900000000e+00   2.300000000e+00  -5.900000000e+00
  149   3.400000000e+00   2.300000000e+00  -4.000000000e+00
  150   3.100000000e+00   2.300000000e+00  -2.200000000e+00
  151   2.900000000e+00   2.300000000e+00  -1.500000000e+00
  152   3.700000000e+00   2.300000000e+00  -1.200000000e+00
  153   4.800000000e+00   2.300000000e+00  -6.000000000e-01
  154   5.800000000e+00   2.300000000e+00   6.000000000e-01
  155   6.200000000e+00   2.300000000e+00   2.100000000e+00
  156   5.600000000e+00   2.300000000e+00   3.400000000e+00
  157   4.300000000e+00   2.300000000e+00   4.000000000e+00
  158   2.900000000e+00   2.300000000e+00   4.200000000e+00
  159   1.700000000e+00   2.300000000e+00   4.000000000e+00
  160   6.000000000e-01   2.300000000e+00   3.500000000e+00
  161   1.000000000e-01   2.300000000e+00   2.100000000e+00
  162   6.000000000e-01   2.300000000e+00   5.000000000e-01
  163   1.100000000e+00   2.300000000e+00  -1.000000000e-01
  164   1.100000000e+00   2.300000000e+00  -3.000000000e-01
  165   6.000000000e-01   2.300000000e+00  -4.000000000e-01
  166   1.000000000e-01   2.300000000e+00  -8.000000000e-01
  167  -3.000000000e-01   2.300000000e+00  -1.500000000e+00
  168  -1.000000000e+00   2.300000000e+00  -2.800000000e+00
  169  -1.200000000e+00   2.300000000e+00  -5.200000000e+00
  170  -1.000000000e-01   2.100000000e+00  -7.000000000e+00
  171   1.700000000e+00   2.100000000e+00  -7.100000000e+00
  172   3.100000000e+00   2.100000000e+00  -6.000000000e+00
  173   3.700000000e+00   2.100000000e+00  -4.200000000e+00
  174   3.600000000e+00   2.100000000e+00  -2.600000000e+00
  175   3.600000000e+00   2.100000000e+00  -1.900000000e+00
  176   4.300000000e+00   2.100000000e+00  -1.500000000e+00
  177   5.400000000e+00   2.100000000e+00  -8.000000000e-01
  178   6.200000000e+00   2.100000000e+00   4.000000000e-01
  179   6.300000000e+00   2.100000000e+00   1.800000000e+00
  180   5.700000000e+00   2.100000000e+00   3.200000000e+00
  181   4.500000000e+00   2.100000000e+00   3.800000000e+00
  182   3.100000000e+00   2.100000000e+00   3.900000000e+00
  183   1.800000000e+00   2.100000000e+00   3.600000000e+00
  184   8.000000000e-01   2.100000000e+00   3.100000000e+00
  185   5.000000000e-01   2.100000000e+00   1.700000000e+00
  186   1.200000000e+00   2.100000000e+00   0.000000000e+00
  187   1.800000000e+00   2.100000000e+00  -6.000000000e-01
  188   1.700000000e+00   2.100000000e+00  -6.000000000e-01
  189   8.000000000e-01   2.100000000e+00  -7.000000000e-01
  190   1.000000000e-01   2.100000000e+00  -1.000000000e+00
  191  -3.000000000e-01   2.100000000e+00  -1.800000000e+00
  192  -8.000000000e-01   2.100000000e+00  -3.200000000e+00
  193  -1.100000000e+00   2.100000000e+00  -5.400000000e+00
  194   6.000000000e-01   1.800000000e+00  -6.700000000e+00
  195   2.100000000e+00   1.800000000e+00  -6.800000000e+00
  196   3.500000000e+00   1.800000000e+00  -6.100000000e+00
  197   4.500000000e+00   1.800000000e+00  -4.900000000e+00
  198   5.000000000e+00   1.800000000e+00  -3.800000000e+00
  199   5.400000000e+00   1.800000000e+00  -2.400000000e+00
  200   6.300000000e+00   1.800000000e+00  -2.100000000e+00
  201   7.200000000e+00   1.800000000e+00  -1.000000000e+00
  202   7.700000000e+00   1.800000000e+00   5.000000000e-01
  203   7.600000000e+00   1.800000000e+00   2.200000000e+00
  204   6.800000000e+00   1.800000000e+00   3.600000000e+00
  205   5.200000000e+00   1.800000000e+00   4.100000000e+00
  206   3.500000000e+00   1.800000000e+00   3.800000000e+00
  207   2.400000000e+00   1.800000000e+00   3.100000000e+00
  208   1.400000000e+00   1.800000000e+00   2.600000000e+00
  209   9.000000000e-01   1.800000000e+00   1.700000000e+00
  210   1.500000000e+00   1.800000000e+00   0.000000000e+00
  211   2.100000000e+00   1.800000000e+00  -6.000000000e-01
  212   1.800000000e+00   1.800000000e+00  -7.000000000e-01
  213   5.000000000e-01   1.800000000e+00  -7.000000000e-01
  214  -2.000000000e-01   1.800000000e+00  -1.400000000e+00
  215  -5.000000000e-01   1.800000000e+00  -2.400000000e+00
  216  -7.000000000e-01   1.800000000e+00  -3.700000000e+00
  217  -6.000000000e-01   1.800000000e+00  -5.600000000e+00
  218   7.000000000e-01   1.600000000e+00  -6.800000000e+00
  219   2.200000000e+00   1.600000000e+00  -6.900000000e+00
  220   3.700000000e+00   1.600000000e+00  -6.300000000e+00
  221   4.800000000e+00   1.600000000e+00  -5.400000000e+00
  222   5.500000000e+00   1.600000000e+00  -4.600000000e+00
  223   6.100000000e+00   1.600000000e+00  -4.000000000e+00
  224   6.800000000e+00   1.600000000e+00  -2.200000000e+00
  225   7.400000000e+00   1.600000000e+00  -1.000000000e+00
  226   7.700000000e+00   1.600000000e+00   4.000000000e-01
  227   7.500000000e+00   1.600000000e+00   1.900000000e+00
  228   6.700000000e+00   1.600000000e+00   3.300000000e+00
  229   5.300000000e+00   1.600000000e+00   4.000000000e+00
  230   3.800000000e+00   1.600000000e+00   3.700000000e+00
  231   2.500000000e+00   1.600000000e+00   3.100000000e+00
  232   1.600000000e+00   1.600000000e+00   2.600000000e+00
  233   9.000000000e-01   1.600000000e+00   1.900000000e+00
  234   1.500000000e+00   1.600000000e+00   1.000000000e-01
  235   2.100000000e+00   1.600000000e+00  -7.000000000e-01
  236   2.000000000e+00   1.600000000e+00  -7.000000000e-01
  237   8.000000000e-01   1.600000000e+00  -8.000000000e-01
  238   2.000000000e-01   1.600000000e+00  -1.400000000e+00
  239  -1.000000000e-01   1.600000000e+00  -2.200000000e+00
  240  -5.000000000e-01   1.600000000e+00  -3.700000000e+00
  241  -5.000000000e-01   1.600000000e+00  -5.800000000e+00
  242   9.000000000e-01   1.400000000e+00  -7.400000000e+00
  243   2.600000000e+00   1.400000000e+00  -7.700000000e+00
  244   4.300000000e+00   1.400000000e+00  -7.200000000e+00
  245   5.800000000e+00   1.400000000e+00  -6.300000000e+00
  246   6.900000000e+00   1.400000000e+00  -5.000000000e+00
  247   7.700000000e+00   1.400000000e+00  -3.000000000e+00
  248   8.400000000e+00   1.400000000e+00  -3.000000000e+00
  249   8.800000000e+00   1.400000000e+00  -1.000000000e+00
  250   8.900000000e+00   1.400000000e+00   7.000000000e-01
  251   8.500000000e+00   1.400000000e+00   2.300000000e+00
  252   7.600000000e+00   1.400000000e+00   3.800000000e+00
  253   5.900000000e+00   1.400000000e+00   4.300000000e+00
  254   4.100000000e+00   1.400000000e+00   3.800000000e+00
  255   2.900000000e+00   1.400000000e+00   3.000000000e+00
  256   1.900000000e+00   1.400000000e+00   2.300000000e+00
  257   9.000000000e-01   1.400000000e+00   2.500000000e+00
  258   5.000000000e-01   1.400000000e+00   1.400000000e+00
  259   7.000000000e-01   1.400000000e+00   4.000000000e-01
  260   8.000000000e-01   1.400000000e+00  -2.000000000e-01
  261   1.300000000e+00   1.400000000e+00  -8.000000000e-01
  262   1.400000000e+00   1.400000000e+00  -1.200000000e+00
  263   9.000000000e-01   1.400000000e+00  -1.800000000e+00
  264   1.000000000e-01   1.400000000e+00  -3.400000000e+00
  265  -4.000000000e-01   1.400000000e+00  -6.100000000e+00
C Region List
