C PointsNum,MaxElemVol,TetGenParams,nAtrib,IndMov,MDMaxVolume,MDomDiv,MDOnly,MDDivF,MDPrescP
  395    1.000000e+00 YYpznno2q1.414a     0     0    1.000000e+00     1     0     0     0     0     0 YYpznno2q1.414a
  -1.322148000e-01  -8.293570000e+00  -6.418100000e-02
   7.687710000e-02  -7.832820000e+00   6.749840000e-01
  -1.164590000e-01  -7.832820000e+00   7.380480000e-01
  -3.328280000e-01  -7.832820000e+00   7.522330000e-01
  -5.662570000e-01  -7.832820000e+00   7.222300000e-01
  -7.934580000e-01  -7.832820000e+00   6.158930000e-01
  -9.378340000e-01  -7.832820000e+00   4.104290000e-01
  -9.467890000e-01  -7.832820000e+00   1.560960000e-01
  -8.790680000e-01  -7.832820000e+00  -7.078800000e-02
  -7.875570000e-01  -7.832820000e+00  -2.567610000e-01
  -6.900870000e-01  -7.832820000e+00  -4.188680000e-01
  -5.805420000e-01  -7.832820000e+00  -5.687370000e-01
  -4.447010000e-01  -7.832820000e+00  -7.085250000e-01
  -2.741229000e-01  -7.832820000e+00  -8.293890000e-01
  -6.544800000e-02  -7.832820000e+00  -9.018340000e-01
   1.603440000e-01  -7.832820000e+00  -8.853610000e-01
   3.684660000e-01  -7.832820000e+00  -7.914930000e-01
   5.435370000e-01  -7.832820000e+00  -6.448660000e-01
   6.667250000e-01  -7.832820000e+00  -4.554650000e-01
   6.781810000e-01  -7.832820000e+00  -2.299040000e-01
   5.364040000e-01  -7.832820000e+00  -2.790200000e-02
   4.139050000e-01  -7.832820000e+00   1.072130000e-01
   3.331650000e-01  -7.832820000e+00   2.183840000e-01
   2.717470000e-01  -7.832820000e+00   3.440700000e-01
   2.016420000e-01  -7.832820000e+00   5.039680000e-01
   8.691660000e-02  -7.372070000e+00   9.323100000e-01
  -1.714520000e-01  -7.372070000e+00   1.000125000e+00
  -4.516990000e-01  -7.372070000e+00   1.003763000e+00
  -7.474050000e-01  -7.372070000e+00   9.479350000e-01
  -1.027928000e+00  -7.372070000e+00   8.036800000e-01
  -1.215520000e+00  -7.372070000e+00   5.453960000e-01
  -1.257600000e+00  -7.372070000e+00   2.286132000e-01
  -1.203030000e+00  -7.372070000e+00  -6.901500000e-02
  -1.100650000e+00  -7.372070000e+00  -3.268790000e-01
  -9.705980000e-01  -7.372070000e+00  -5.539010000e-01
  -8.091290000e-01  -7.372070000e+00  -7.513400000e-01
  -6.077920000e-01  -7.372070000e+00  -9.148400000e-01
  -3.720834000e-01  -7.372070000e+00  -1.037650000e+00
  -1.048710000e-01  -7.372070000e+00  -1.099470000e+00
   1.735210000e-01  -7.372070000e+00  -1.070909000e+00
   4.269010000e-01  -7.372070000e+00  -9.473710000e-01
   6.337500000e-01  -7.372070000e+00  -7.609380000e-01
   7.811340000e-01  -7.372070000e+00  -5.292580000e-01
   8.119860000e-01  -7.372070000e+00  -2.593868000e-01
   6.832410000e-01  -7.372070000e+00  -7.797000000e-03
   5.511710000e-01  -7.372070000e+00   1.763610000e-01
   4.526970000e-01  -7.372070000e+00   3.363930000e-01
   3.705450000e-01  -7.372070000e+00   5.127270000e-01
   2.659450000e-01  -7.372070000e+00   7.270340000e-01
   8.872900000e-02  -6.911310000e+00   1.068160000e+00
  -2.109520000e-01  -6.911310000e+00   1.125930000e+00
  -5.297170000e-01  -6.911310000e+00   1.128374000e+00
  -8.674310000e-01  -6.911310000e+00   1.069688000e+00
  -1.192160000e+00  -6.911310000e+00   9.088940000e-01
  -1.410030000e+00  -6.911310000e+00   6.140600000e-01
  -1.482430000e+00  -6.911310000e+00   2.555288000e-01
  -1.450910000e+00  -6.911310000e+00  -9.331900000e-02
  -1.353080000e+00  -6.911310000e+00  -4.115190000e-01
  -1.205860000e+00  -6.911310000e+00  -6.970640000e-01
  -1.004643000e+00  -6.911310000e+00  -9.440500000e-01
  -7.534120000e-01  -6.911310000e+00  -1.143200000e+00
  -4.592710000e-01  -6.911310000e+00  -1.288670000e+00
  -1.290850000e-01  -6.911310000e+00  -1.356310000e+00
   2.073810000e-01  -6.911310000e+00  -1.303105000e+00
   4.879140000e-01  -6.911310000e+00  -1.113656000e+00
   6.932660000e-01  -6.911310000e+00  -8.602660000e-01
   8.328670000e-01  -6.911310000e+00  -5.881500000e-01
   8.981260000e-01  -6.911310000e+00  -3.024712000e-01
   8.390710000e-01  -6.911310000e+00  -2.038300000e-02
   7.291910000e-01  -6.911310000e+00   2.211430000e-01
   6.130120000e-01  -6.911310000e+00   4.368120000e-01
   4.894670000e-01  -6.911310000e+00   6.563000000e-01
   3.273980000e-01  -6.911310000e+00   8.858000000e-01
   7.909400000e-02  -6.450560000e+00   1.165210000e+00
  -2.467960000e-01  -6.450560000e+00   1.218460000e+00
  -5.930470000e-01  -6.450560000e+00   1.225660000e+00
  -9.668100000e-01  -6.450560000e+00   1.172637000e+00
  -1.334090000e+00  -6.450560000e+00   1.006342000e+00
  -1.580580000e+00  -6.450560000e+00   6.835060000e-01
  -1.676380000e+00  -6.450560000e+00   2.897276000e-01
  -1.660640000e+00  -6.450560000e+00  -1.028470000e-01
  -1.566630000e+00  -6.450560000e+00  -4.702860000e-01
  -1.404090000e+00  -6.450560000e+00  -8.044600000e-01
  -1.166030000e+00  -6.450560000e+00  -1.086750000e+00
  -8.677910000e-01  -6.450560000e+00  -1.302720000e+00
  -5.269060000e-01  -6.450560000e+00  -1.449640000e+00
  -1.554300000e-01  -6.450560000e+00  -1.507400000e+00
   2.151550000e-01  -6.450560000e+00  -1.437250000e+00
   5.128320000e-01  -6.450560000e+00  -1.207010000e+00
   7.194680000e-01  -6.450560000e+00  -9.185840000e-01
   8.620970000e-01  -6.450560000e+00  -6.236180000e-01
   9.489920000e-01  -6.450560000e+00  -3.242724000e-01
   9.395360000e-01  -6.450560000e+00  -1.834300000e-02
   8.578740000e-01  -6.450560000e+00   2.658790000e-01
   7.326160000e-01  -6.450560000e+00   5.272490000e-01
   5.726960000e-01  -6.450560000e+00   7.747100000e-01
   3.599540000e-01  -6.450560000e+00   1.003800000e+00
   6.279500000e-02  -5.989800000e+00   1.264060000e+00
  -2.875600000e-01  -5.989800000e+00   1.317910000e+00
  -6.614370000e-01  -5.989800000e+00   1.339890000e+00
  -1.078770000e+00  -5.989800000e+00   1.305361000e+00
  -1.502770000e+00  -5.989800000e+00   1.143382000e+00
  -1.787940000e+00  -5.989800000e+00   7.878580000e-01
  -1.892730000e+00  -5.989800000e+00   3.448001000e-01
  -1.867890000e+00  -5.989800000e+00  -9.554700000e-02
  -1.755990000e+00  -5.989800000e+00  -5.042160000e-01
  -1.570810000e+00  -5.989800000e+00  -8.728100000e-01
  -1.302990000e+00  -5.989800000e+00  -1.181390000e+00
  -9.656820000e-01  -5.989800000e+00  -1.406810000e+00
  -5.882050000e-01  -5.989800000e+00  -1.549370000e+00
  -1.869680000e-01  -5.989800000e+00  -1.598200000e+00
   2.085170000e-01  -5.989800000e+00  -1.521170000e+00
   5.235360000e-01  -5.989800000e+00  -1.271940000e+00
   7.410970000e-01  -5.989800000e+00  -9.618540000e-01
   8.945120000e-01  -5.989800000e+00  -6.488530000e-01
   9.990680000e-01  -5.989800000e+00  -3.331999000e-01
   1.017909000e+00  -5.989800000e+00  -3.994000000e-03
   9.556970000e-01  -5.989800000e+00   3.173950000e-01
   8.214360000e-01  -5.989800000e+00   6.154410000e-01
   6.283280000e-01  -5.989800000e+00   8.842800000e-01
   3.768210000e-01  -5.989800000e+00   1.114470000e+00
   4.516100000e-02  -5.529050000e+00   1.368360000e+00
  -3.292700000e-01  -5.529050000e+00   1.428020000e+00
  -7.321100000e-01  -5.529050000e+00   1.459090000e+00
  -1.189750000e+00  -5.529050000e+00   1.436486000e+00
  -1.663280000e+00  -5.529050000e+00   1.272312000e+00
  -1.988130000e+00  -5.529050000e+00   8.891110000e-01
  -2.113210000e+00  -5.529050000e+00   4.025741000e-01
  -2.092890000e+00  -5.529050000e+00  -8.722000000e-02
  -1.972590000e+00  -5.529050000e+00  -5.433500000e-01
  -1.765430000e+00  -5.529050000e+00  -9.550200000e-01
  -1.456250000e+00  -5.529050000e+00  -1.288450000e+00
  -1.064796000e+00  -5.529050000e+00  -1.506080000e+00
  -6.468390000e-01  -5.529050000e+00  -1.621270000e+00
  -2.225400000e-01  -5.529050000e+00  -1.645720000e+00
   1.876600000e-01  -5.529050000e+00  -1.565900000e+00
   5.277640000e-01  -5.529050000e+00  -1.328030000e+00
   7.725960000e-01  -5.529050000e+00  -1.014870000e+00
   9.496100000e-01  -5.529050000e+00  -6.871370000e-01
   1.071743000e+00  -5.529050000e+00  -3.474259000e-01
   1.099371000e+00  -5.529050000e+00   1.232700000e-02
   1.037744000e+00  -5.529050000e+00   3.656150000e-01
   8.874040000e-01  -5.529050000e+00   6.928170000e-01
   6.694280000e-01  -5.529050000e+00   9.823100000e-01
   3.877446000e-01  -5.529050000e+00   1.220250000e+00
   1.839600000e-02  -4.613630000e+00   1.710170000e+00
  -4.244260000e-01  -4.613630000e+00   1.780810000e+00
  -8.990000000e-01  -4.613630000e+00   1.807470000e+00
  -1.425710000e+00  -4.613630000e+00   1.761270000e+00
  -1.965240000e+00  -4.613630000e+00   1.559446000e+00
  -2.348890000e+00  -4.613630000e+00   1.121322000e+00
  -2.483560000e+00  -4.613630000e+00   5.531583000e-01
  -2.436340000e+00  -4.613630000e+00  -9.855000000e-03
  -2.276450000e+00  -4.613630000e+00  -5.237300000e-01
  -2.030690000e+00  -4.613630000e+00  -9.809300000e-01
  -1.686530000e+00  -4.613630000e+00  -1.355320000e+00
  -1.238278000e+00  -4.613630000e+00  -1.578530000e+00
  -7.686040000e-01  -4.613630000e+00  -1.676040000e+00
  -3.075888000e-01  -4.613630000e+00  -1.679430000e+00
   1.315400000e-01  -4.613630000e+00  -1.590680000e+00
   4.918500000e-01  -4.613630000e+00  -1.330296000e+00
   7.386460000e-01  -4.613630000e+00  -9.835100000e-01
   9.177600000e-01  -4.613630000e+00  -6.346590000e-01
   1.054281000e+00  -4.613630000e+00  -2.798417000e-01
   1.120008000e+00  -4.613630000e+00   9.804400000e-02
   1.085447000e+00  -4.613630000e+00   4.886880000e-01
   9.322810000e-01  -4.613630000e+00   8.580430000e-01
   7.139780000e-01  -4.613630000e+00   1.207170000e+00
   4.136162900e-01  -4.613630000e+00   1.516440000e+00
   3.384700000e-02  -3.698210000e+00   2.004100000e+00
  -4.719590000e-01  -3.698210000e+00   2.093100000e+00
  -1.010980000e+00  -3.698210000e+00   2.108090000e+00
  -1.592220000e+00  -3.698210000e+00   2.024630000e+00
  -2.167990000e+00  -3.698210000e+00   1.771959000e+00
  -2.574310000e+00  -3.698210000e+00   1.283271000e+00
  -2.680540000e+00  -3.698210000e+00   6.535661000e-01
  -2.565270000e+00  -3.698210000e+00   4.977400000e-02
  -2.347900000e+00  -3.698210000e+00  -4.704400000e-01
  -2.074050000e+00  -3.698210000e+00  -9.203300000e-01
  -1.740520000e+00  -3.698210000e+00  -1.306850000e+00
  -1.309200000e+00  -3.698210000e+00  -1.572790000e+00
  -8.331530000e-01  -3.698210000e+00  -1.716030000e+00
  -3.446358000e-01  -3.698210000e+00  -1.749100000e+00
   1.293620000e-01  -3.698210000e+00  -1.661070000e+00
   5.073120000e-01  -3.698210000e+00  -1.362900000e+00
   7.507290000e-01  -3.698210000e+00  -9.726660000e-01
   9.243270000e-01  -3.698210000e+00  -5.979530000e-01
   1.055983000e+00  -3.698210000e+00  -2.274339000e-01
   1.110012000e+00  -3.698210000e+00   1.626240000e-01
   1.059208000e+00  -3.698210000e+00   5.576060000e-01
   9.189370000e-01  -3.698210000e+00   9.386600000e-01
   7.341460000e-01  -3.698210000e+00   1.335350000e+00
   4.557498000e-01  -3.698210000e+00   1.731890000e+00
   4.540300000e-02  -2.782800000e+00   2.218380000e+00
  -5.140400000e-01  -2.782800000e+00   2.317140000e+00
  -1.102120000e+00  -2.782800000e+00   2.304500000e+00
  -1.708750000e+00  -2.782800000e+00   2.166610000e+00
  -2.278220000e+00  -2.782800000e+00   1.854050000e+00
  -2.678390000e+00  -2.782800000e+00   1.333489000e+00
  -2.790530000e+00  -2.782800000e+00   6.874598000e-01
  -2.687860000e+00  -2.782800000e+00   6.587400000e-02
  -2.475750000e+00  -2.782800000e+00  -4.786500000e-01
  -2.200310000e+00  -2.782800000e+00  -9.552500000e-01
  -1.855030000e+00  -2.782800000e+00  -1.368020000e+00
  -1.402910000e+00  -2.782800000e+00  -1.656590000e+00
  -8.985970000e-01  -2.782800000e+00  -1.814180000e+00
  -3.789577000e-01  -2.782800000e+00  -1.851940000e+00
   1.249720000e-01  -2.782800000e+00  -1.753580000e+00
   5.164200000e-01  -2.782800000e+00  -1.420560000e+00
   7.540360000e-01  -2.782800000e+00  -9.926920000e-01
   9.199280000e-01  -2.782800000e+00  -5.970050000e-01
   1.046816000e+00  -2.782800000e+00  -2.145402000e-01
   1.091447000e+00  -2.782800000e+00   1.831120000e-01
   1.032271000e+00  -2.782800000e+00   5.810300000e-01
   9.053320000e-01  -2.782800000e+00   9.743900000e-01
   7.457340000e-01  -2.782800000e+00   1.407720000e+00
   4.865627000e-01  -2.782800000e+00   1.875660000e+00
   1.674000000e-03  -1.868380000e+00   2.297200000e+00
  -5.822400000e-01  -1.868380000e+00   2.402590000e+00
  -1.199650000e+00  -1.868380000e+00   2.397840000e+00
  -1.841030000e+00  -1.868380000e+00   2.260580000e+00
  -2.442820000e+00  -1.868380000e+00   1.935100000e+00
  -2.863740000e+00  -1.868380000e+00   1.385914000e+00
  -2.996190000e+00  -1.868380000e+00   7.058790000e-01
  -2.909510000e+00  -1.868380000e+00   4.557100000e-02
  -2.701080000e+00  -1.868380000e+00  -5.418800000e-01
  -2.409990000e+00  -1.868380000e+00  -1.058780000e+00
  -2.033350000e+00  -1.868380000e+00  -1.501770000e+00
  -1.534730000e+00  -1.868380000e+00  -1.790960000e+00
  -9.903260000e-01  -1.868380000e+00  -1.930930000e+00
  -4.434214000e-01  -1.868380000e+00  -1.951160000e+00
   8.281800000e-02  -1.868380000e+00  -1.850220000e+00
   5.029560000e-01  -1.868380000e+00  -1.520400000e+00
   7.568180000e-01  -1.868380000e+00  -1.073149000e+00
   9.267020000e-01  -1.868380000e+00  -6.505870000e-01
   1.040085000e+00  -1.868380000e+00  -2.451210000e-01
   1.051493000e+00  -1.868380000e+00   1.674430000e-01
   9.695080000e-01  -1.868380000e+00   5.660710000e-01
   8.507980000e-01  -1.868380000e+00   9.660030000e-01
   7.081820000e-01  -1.868380000e+00   1.422410000e+00
   4.595200000e-01  -1.868380000e+00   1.931870000e+00
  -1.047900000e-01  -9.529600000e-01   2.247430000e+00
  -6.775300000e-01  -9.529600000e-01   2.350250000e+00
  -1.286820000e+00  -9.529600000e-01   2.356690000e+00
  -1.926170000e+00  -9.529600000e-01   2.234630000e+00
  -2.532020000e+00  -9.529600000e-01   1.919420000e+00
  -2.959340000e+00  -9.529600000e-01   1.375011000e+00
  -3.131630000e+00  -9.529600000e-01   7.042550000e-01
  -3.107860000e+00  -9.529600000e-01   3.158200000e-02
  -2.943810000e+00  -9.529600000e-01  -5.975900000e-01
  -2.659140000e+00  -9.529600000e-01  -1.164100000e+00
  -2.245750000e+00  -9.529600000e-01  -1.633330000e+00
  -1.680720000e+00  -9.529600000e-01  -1.891720000e+00
  -1.091790000e+00  -9.529600000e-01  -1.962320000e+00
  -5.401575000e-01  -9.529600000e-01  -1.920430000e+00
  -3.040300000e-02  -9.529600000e-01  -1.793230000e+00
   3.837660000e-01  -9.529600000e-01  -1.490300000e+00
   6.039660000e-01  -9.529600000e-01  -1.025344000e+00
   7.382030000e-01  -9.529600000e-01  -6.069380000e-01
   8.498350000e-01  -9.529600000e-01  -2.287450000e-01
   9.015370000e-01  -9.529600000e-01   1.580410000e-01
   8.463420000e-01  -9.529600000e-01   5.497110000e-01
   7.464740000e-01  -9.529600000e-01   9.515190000e-01
   6.194980000e-01  -9.529600000e-01   1.420540000e+00
   3.692020000e-01  -9.529600000e-01   1.931830000e+00
  -2.266040000e-01  -3.545410000e-01   2.186920000e+00
   2.611790000e-01  -3.545410000e-01   1.916500000e+00
   5.061060000e-01  -3.545410000e-01   1.398330000e+00
   5.977300000e-01  -3.545410000e-01   9.070400000e-01
   6.653140000e-01  -3.545410000e-01   5.058270000e-01
   7.086230000e-01  -3.545410000e-01   1.325790000e-01
   6.519060000e-01  -3.545410000e-01  -2.292940000e-01
   5.642870000e-01  -3.545410000e-01  -5.942310000e-01
   4.611980000e-01  -3.545410000e-01  -1.016210000e+00
   2.462500000e-01  -3.545410000e-01  -1.468150000e+00
  -1.728090000e-01  -3.545410000e-01  -1.710640000e+00
  -6.558674000e-01  -3.545410000e-01  -1.871830000e+00
  -1.208604000e+00  -3.545410000e-01  -1.989930000e+00
  -1.856150000e+00  -3.545410000e-01  -2.019170000e+00
  -2.515530000e+00  -3.545410000e-01  -1.814460000e+00
  -2.977070000e+00  -3.545410000e-01  -1.307760000e+00
  -3.241710000e+00  -3.545410000e-01  -6.723500000e-01
  -3.334550000e+00  -3.545410000e-01   7.805000000e-03
  -3.274280000e+00  -3.545410000e-01   6.907060000e-01
  -3.049580000e+00  -3.545410000e-01   1.342634000e+00
  -2.624310000e+00  -3.545410000e-01   1.881010000e+00
  -2.024820000e+00  -3.545410000e-01   2.192920000e+00
  -1.391320000e+00  -3.545410000e-01   2.308490000e+00
  -7.894100000e-01  -3.545410000e-01   2.293470000e+00
  -2.070010000e+00  -4.172410000e-01  -1.490560000e+00
  -2.504700000e+00  -4.102410000e-01  -1.275080000e+00
  -1.212620000e+00  -4.057410000e-01   1.982280000e+00
  -8.468800000e-01  -4.331410000e-01   1.724420000e+00
  -1.880380000e+00  -5.005410000e-01   3.966180000e-01
  -1.839130000e+00  -4.945410000e-01   6.481075000e-01
  -1.549700000e+00  -5.025410000e-01   6.323108000e-01
  -6.094957000e-01  -4.077410000e-01  -1.516020000e+00
  -1.551390000e+00  -5.115410000e-01   4.244000000e-02
  -1.259960000e+00  -5.075410000e-01   6.175140000e-01
  -1.002420000e+00  -5.095410000e-01   6.553100000e-02
  -2.286780000e+00  -4.705410000e-01   6.523400000e-01
  -2.354460000e+00  -4.735410000e-01   1.525950000e-01
  -2.795710000e+00  -4.280410000e-01   3.960870000e-01
  -2.293280000e+00  -4.410410000e-01   1.229005000e+00
  -2.434740000e+00  -4.430410000e-01   1.001366000e+00
  -2.411500000e+00  -4.328410000e-01   1.202249000e+00
  -2.434840000e-01  -4.219410000e-01   1.564377000e+00
  -7.258630000e-01  -4.765410000e-01   1.120407000e+00
  -1.726850000e+00  -4.543410000e-01  -1.217060000e+00
  -1.647510000e+00  -4.705410000e-01  -1.022610000e+00
  -1.469948000e+00  -4.655410000e-01  -1.116360000e+00
  -1.585600000e+00  -4.725410000e-01   1.282501000e+00
  -1.460220000e+00  -4.437410000e-01   1.654297000e+00
  -1.388130000e+00  -4.615410000e-01   1.451365000e+00
  -2.688570000e+00  -4.241410000e-01  -7.831400000e-01
  -2.120030000e+00  -4.615410000e-01  -9.193800000e-01
  -1.027793000e+00  -4.174410000e-01  -1.552390000e+00
  -1.292384000e+00  -4.595410000e-01  -1.208120000e+00
  -7.988300000e-01  -4.505410000e-01  -1.206060000e+00
  -1.717260000e+00  -4.328410000e-01   1.692328000e+00
  -1.598430000e+00  -4.039410000e-01   1.961950000e+00
  -1.529330000e+00  -4.240410000e-01   1.813120000e+00
  -1.539533000e+00  -4.184410000e-01  -1.585810000e+00
  -1.975300000e+00  -4.178410000e-01   1.738359000e+00
   8.409000000e-03  -4.072410000e-01  -1.083070000e+00
   9.790000000e-02  -4.180410000e-01  -6.695960000e-01
   2.957690000e-01  -4.125410000e-01  -7.748800000e-02
  -1.992640000e+00  -4.965410000e-01  -3.347600000e-02
  -2.311940000e+00  -4.725410000e-01  -3.613200000e-01
   1.337341000e-01  -4.293410000e-01   5.999250000e-01
  -1.849170000e-01  -4.655410000e-01   1.388570000e-01
  -2.667890000e+00  -4.242410000e-01   9.438549000e-01
  -2.803480000e+00  -4.288410000e-01  -1.930110000e-01
  -3.049150000e-01  -4.148410000e-01  -1.320360000e+00
  -4.473240000e-01  -4.595410000e-01  -8.452900000e-01
   1.859210000e-01  -4.052410000e-01   1.223704000e+00
  -2.282530000e-01  -4.526410000e-01   1.012561000e+00
  -1.818730000e+00  -4.965410000e-01  -4.164780000e-01
  -2.118810000e+00  -4.434410000e-01   1.365350000e+00
  -2.200190000e+00  -4.585410000e-01   1.055877000e+00
  -7.418150000e-01  -4.745410000e-01  -8.224400000e-01
  -7.602650000e-01  -4.855410000e-01  -6.090790000e-01
  -1.026450000e+00  -4.795410000e-01   1.179920000e+00
  -1.074460000e+00  -4.595410000e-01   1.468426000e+00
  -9.026600000e-01  -4.685410000e-01   1.298916000e+00
  -1.913730000e+00  -4.395410000e-01   1.541463000e+00
  -2.047060000e+00  -4.310410000e-01   1.554855000e+00
  -1.851150000e+00  -4.605410000e-01   1.336567000e+00
  -1.799990000e+00  -4.885410000e-01   8.945970000e-01
  -1.999790000e+00  -4.755410000e-01   9.747370000e-01
  -1.426850000e+00  -5.095410000e-01  -1.783470000e-01
  -1.623290000e+00  -5.045410000e-01  -2.964130000e-01
  -1.301300000e+00  -5.055410000e-01  -3.931340000e-01
  -1.153210000e+00  -5.095410000e-01  -1.663020000e-01
  -9.644630000e-01  -5.035410000e-01  -2.780090000e-01
  -5.412880000e-01  -4.885410000e-01   5.147197000e-01
  -1.330420000e+00  -4.260410000e-01   1.817290000e+00
  -1.089650000e+00  -4.300410000e-01   1.770850000e+00
  -1.562180000e+00  -4.845410000e-01  -8.351600000e-01
  -1.299241000e+00  -4.865410000e-01  -8.213800000e-01
  -1.298813000e+00  -4.735410000e-01  -1.015750000e+00
  -1.285350000e+00  -4.945410000e-01   9.329740000e-01
  -1.007610000e+00  -4.865410000e-01   1.026191000e+00
  -2.638590000e-01  -4.655410000e-01  -3.156780000e-01
  -2.044570000e+00  -4.815410000e-01   7.729687800e-01
  -1.961880000e+00  -4.915410000e-01   5.862930000e-01
  -1.692450000e+00  -4.915410000e-01  -6.308200000e-01
  -1.841600000e+00  -4.755410000e-01  -8.742700000e-01
  -1.832160000e+00  -4.865410000e-01  -6.473700000e-01
  -1.557470000e+00  -4.865410000e-01   1.060015000e+00
  -1.542620000e+00  -4.935410000e-01   9.112860000e-01
  -2.390470000e+00  -4.221410000e-01   1.401132000e+00
  -5.567610000e-01  -4.915410000e-01   7.900000000e-04
  -5.182870000e-01  -4.825410000e-01  -3.511970000e-01
  -9.195670000e-01  -4.685410000e-01  -1.020330000e+00
  -7.723220000e-01  -4.635410000e-01  -1.019750000e+00
  -1.171302000e+00  -4.965410000e-01  -6.108600000e-01
  -1.366740000e+00  -4.915410000e-01  -7.195100000e-01
  -1.268340000e+00  -4.520410000e-01   1.566361000e+00
  -1.783210000e+00  -4.471410000e-01   1.516948000e+00
  -8.894180000e-01  -5.035410000e-01  -1.650930000e-01
  -6.666880000e-01  -4.945410000e-01  -1.964630000e-01
  -1.496880000e+00  -4.995410000e-01  -5.104800000e-01
  -1.170845000e+00  -4.735410000e-01  -1.009860000e+00
  -1.108976000e+00  -4.655410000e-01  -1.110720000e+00
  -7.747160000e-01  -4.955410000e-01  -3.877170000e-01
  -4.838060000e-01  -4.715410000e-01  -5.997420000e-01
  -1.351800000e+00  -5.115410000e-01  -6.243100000e-02
  -9.095100000e-01  -4.905410000e-01  -6.056560000e-01
  -9.740090000e-01  -4.965410000e-01  -4.987910000e-01
  -1.319040000e+00  -4.785410000e-01   1.232434000e+00
  -1.038305000e+00  -4.845410000e-01  -8.165900000e-01
  -1.559510000e+00  -5.025410000e-01  -4.043060000e-01
  -2.025620000e+00  -4.605410000e-01   1.196222000e+00
  -2.243830000e+00  -4.645410000e-01   8.561089000e-01
C Number of facets
  786
C  Size  Node 1  ......Node N Marker
    3    0    1    2    3
    3    0    2    3    3
    3    0    3    4    3
    3    0    4    5    3
    3    0    5    6    3
    3    0    6    7    3
    3    0    7    8    3
    3    0    8    9    3
    3    0    9   10    3
    3    0   10   11    3
    3    0   11   12    3
    3    0   12   13    3
    3    0   13   14    3
    3    0   14   15    3
    3    0   15   16    3
    3    0   16   17    3
    3    0   17   18    3
    3    0   18   19    3
    3    0   19   20    3
    3    0   20   21    3
    3    0   21   22    3
    3    0   22   23    3
    3    0   23   24    3
    3    0   24    1    3
    3    1   25   26    3
    3    1   26    2    3
    3    2   26   27    3
    3    2   27    3    3
    3    3   27   28    3
    3    3   28    4    3
    3    4   28   29    3
    3    4   29    5    3
    3    5   29   30    3
    3    5   30    6    3
    3    6   30   31    3
    3    6   31    7    3
    3    7   31   32    3
    3    7   32    8    3
    3    8   32   33    3
    3    8   33    9    3
    3    9   33   34    3
    3    9   34   10    3
    3   10   34   35    3
    3   10   35   11    3
    3   11   35   36    3
    3   11   36   12    3
    3   12   36   37    3
    3   12   37   13    3
    3   13   37   38    3
    3   13   38   14    3
    3   14   38   39    3
    3   14   39   15    3
    3   15   39   40    3
    3   15   40   16    3
    3   16   40   41    3
    3   16   41   17    3
    3   17   41   42    3
    3   17   42   18    3
    3   18   42   43    3
    3   18   43   19    3
    3   19   43   44    3
    3   19   44   20    3
    3   20   44   45    3
    3   20   45   21    3
    3   21   45   46    3
    3   21   46   22    3
    3   22   46   47    3
    3   22   47   23    3
    3   23   47   48    3
    3   23   48   24    3
    3   24   48   25    3
    3   24   25    1    3
    3   25   49   50    3
    3   25   50   26    3
    3   26   50   51    3
    3   26   51   27    3
    3   27   51   52    3
    3   27   52   28    3
    3   28   52   53    3
    3   28   53   29    3
    3   29   53   54    3
    3   29   54   30    3
    3   30   54   55    3
    3   30   55   31    3
    3   31   55   56    3
    3   31   56   32    3
    3   32   56   57    3
    3   32   57   33    3
    3   33   57   58    3
    3   33   58   34    3
    3   34   58   59    3
    3   34   59   35    3
    3   35   59   60    3
    3   35   60   36    3
    3   36   60   61    3
    3   36   61   37    3
    3   37   61   62    3
    3   37   62   38    3
    3   38   62   63    3
    3   38   63   39    3
    3   39   63   64    3
    3   39   64   40    3
    3   40   64   65    3
    3   40   65   41    3
    3   41   65   66    3
    3   41   66   42    3
    3   42   66   67    3
    3   42   67   43    3
    3   43   67   68    3
    3   43   68   44    3
    3   44   68   69    3
    3   44   69   45    3
    3   45   69   70    3
    3   45   70   46    3
    3   46   70   71    3
    3   46   71   47    3
    3   47   71   72    3
    3   47   72   48    3
    3   48   72   49    3
    3   48   49   25    3
    3   49   73   74    3
    3   49   74   50    3
    3   50   74   75    3
    3   50   75   51    3
    3   51   75   76    3
    3   51   76   52    3
    3   52   76   77    3
    3   52   77   53    3
    3   53   77   78    3
    3   53   78   54    3
    3   54   78   79    3
    3   54   79   55    3
    3   55   79   80    3
    3   55   80   56    3
    3   56   80   81    3
    3   56   81   57    3
    3   57   81   82    3
    3   57   82   58    3
    3   58   82   83    3
    3   58   83   59    3
    3   59   83   84    3
    3   59   84   60    3
    3   60   84   85    3
    3   60   85   61    3
    3   61   85   86    3
    3   61   86   62    3
    3   62   86   87    3
    3   62   87   63    3
    3   63   87   88    3
    3   63   88   64    3
    3   64   88   89    3
    3   64   89   65    3
    3   65   89   90    3
    3   65   90   66    3
    3   66   90   91    3
    3   66   91   67    3
    3   67   91   92    3
    3   67   92   68    3
    3   68   92   93    3
    3   68   93   69    3
    3   69   93   94    3
    3   69   94   70    3
    3   70   94   95    3
    3   70   95   71    3
    3   71   95   96    3
    3   71   96   72    3
    3   72   96   73    3
    3   72   73   49    3
    3   73   97   98    3
    3   73   98   74    3
    3   74   98   99    3
    3   74   99   75    3
    3   75   99  100    3
    3   75  100   76    3
    3   76  100  101    3
    3   76  101   77    3
    3   77  101  102    3
    3   77  102   78    3
    3   78  102  103    3
    3   78  103   79    3
    3   79  103  104    3
    3   79  104   80    3
    3   80  104  105    3
    3   80  105   81    3
    3   81  105  106    3
    3   81  106   82    3
    3   82  106  107    3
    3   82  107   83    3
    3   83  107  108    3
    3   83  108   84    3
    3   84  108  109    3
    3   84  109   85    3
    3   85  109  110    3
    3   85  110   86    3
    3   86  110  111    3
    3   86  111   87    3
    3   87  111  112    3
    3   87  112   88    3
    3   88  112  113    3
    3   88  113   89    3
    3   89  113  114    3
    3   89  114   90    3
    3   90  114  115    3
    3   90  115   91    3
    3   91  115  116    3
    3   91  116   92    3
    3   92  116  117    3
    3   92  117   93    3
    3   93  117  118    3
    3   93  118   94    3
    3   94  118  119    3
    3   94  119   95    3
    3   95  119  120    3
    3   95  120   96    3
    3   96  120   97    3
    3   96   97   73    3
    3   97  121  122    3
    3   97  122   98    3
    3   98  122  123    3
    3   98  123   99    3
    3   99  123  124    3
    3   99  124  100    3
    3  100  124  125    3
    3  100  125  101    3
    3  101  125  126    3
    3  101  126  102    3
    3  102  126  127    3
    3  102  127  103    3
    3  103  127  128    3
    3  103  128  104    3
    3  104  128  129    3
    3  104  129  105    3
    3  105  129  130    3
    3  105  130  106    3
    3  106  130  131    3
    3  106  131  107    3
    3  107  131  132    3
    3  107  132  108    3
    3  108  132  133    3
    3  108  133  109    3
    3  109  133  134    3
    3  109  134  110    3
    3  110  134  135    3
    3  110  135  111    3
    3  111  135  136    3
    3  111  136  112    3
    3  112  136  137    3
    3  112  137  113    3
    3  113  137  138    3
    3  113  138  114    3
    3  114  138  139    3
    3  114  139  115    3
    3  115  139  140    3
    3  115  140  116    3
    3  116  140  141    3
    3  116  141  117    3
    3  117  141  142    3
    3  117  142  118    3
    3  118  142  143    3
    3  118  143  119    3
    3  119  143  144    3
    3  119  144  120    3
    3  120  144  121    3
    3  120  121   97    3
    3  121  145  146    3
    3  121  146  122    3
    3  122  146  147    3
    3  122  147  123    3
    3  123  147  148    3
    3  123  148  124    3
    3  124  148  149    3
    3  124  149  125    3
    3  125  149  150    3
    3  125  150  126    3
    3  126  150  151    3
    3  126  151  127    3
    3  127  151  152    3
    3  127  152  128    3
    3  128  152  153    3
    3  128  153  129    3
    3  129  153  154    3
    3  129  154  130    3
    3  130  154  155    3
    3  130  155  131    3
    3  131  155  156    3
    3  131  156  132    3
    3  132  156  157    3
    3  132  157  133    3
    3  133  157  158    3
    3  133  158  134    3
    3  134  158  159    3
    3  134  159  135    3
    3  135  159  160    3
    3  135  160  136    3
    3  136  160  161    3
    3  136  161  137    3
    3  137  161  162    3
    3  137  162  138    3
    3  138  162  163    3
    3  138  163  139    3
    3  139  163  164    3
    3  139  164  140    3
    3  140  164  165    3
    3  140  165  141    3
    3  141  165  166    3
    3  141  166  142    3
    3  142  166  167    3
    3  142  167  143    3
    3  143  167  168    3
    3  143  168  144    3
    3  144  168  145    3
    3  144  145  121    3
    3  145  169  170    3
    3  145  170  146    3
    3  146  170  171    3
    3  146  171  147    3
    3  147  171  172    3
    3  147  172  148    3
    3  148  172  173    3
    3  148  173  149    3
    3  149  173  174    3
    3  149  174  150    3
    3  150  174  175    3
    3  150  175  151    3
    3  151  175  176    3
    3  151  176  152    3
    3  152  176  177    3
    3  152  177  153    3
    3  153  177  178    3
    3  153  178  154    3
    3  154  178  179    3
    3  154  179  155    3
    3  155  179  180    3
    3  155  180  156    3
    3  156  180  181    3
    3  156  181  157    3
    3  157  181  182    3
    3  157  182  158    3
    3  158  182  183    3
    3  158  183  159    3
    3  159  183  184    3
    3  159  184  160    3
    3  160  184  185    3
    3  160  185  161    3
    3  161  185  186    3
    3  161  186  162    3
    3  162  186  187    3
    3  162  187  163    3
    3  163  187  188    3
    3  163  188  164    3
    3  164  188  189    3
    3  164  189  165    3
    3  165  189  190    3
    3  165  190  166    3
    3  166  190  191    3
    3  166  191  167    3
    3  167  191  192    3
    3  167  192  168    3
    3  168  192  169    3
    3  168  169  145    3
    3  169  193  194    3
    3  169  194  170    3
    3  170  194  195    3
    3  170  195  171    3
    3  171  195  196    3
    3  171  196  172    3
    3  172  196  197    3
    3  172  197  173    3
    3  173  197  198    3
    3  173  198  174    3
    3  174  198  199    3
    3  174  199  175    3
    3  175  199  200    3
    3  175  200  176    3
    3  176  200  201    3
    3  176  201  177    3
    3  177  201  202    3
    3  177  202  178    3
    3  178  202  203    3
    3  178  203  179    3
    3  179  203  204    3
    3  179  204  180    3
    3  180  204  205    3
    3  180  205  181    3
    3  181  205  206    3
    3  181  206  182    3
    3  182  206  207    3
    3  182  207  183    3
    3  183  207  208    3
    3  183  208  184    3
    3  184  208  209    3
    3  184  209  185    3
    3  185  209  210    3
    3  185  210  186    3
    3  186  210  211    3
    3  186  211  187    3
    3  187  211  212    3
    3  187  212  188    3
    3  188  212  213    3
    3  188  213  189    3
    3  189  213  214    3
    3  189  214  190    3
    3  190  214  215    3
    3  190  215  191    3
    3  191  215  216    3
    3  191  216  192    3
    3  192  216  193    3
    3  192  193  169    3
    3  193  217  218    3
    3  193  218  194    3
    3  194  218  219    3
    3  194  219  195    3
    3  195  219  220    3
    3  195  220  196    3
    3  196  220  221    3
    3  196  221  197    3
    3  197  221  222    3
    3  197  222  198    3
    3  198  222  223    3
    3  198  223  199    3
    3  199  223  224    3
    3  199  224  200    3
    3  200  224  225    3
    3  200  225  201    3
    3  201  225  226    3
    3  201  226  202    3
    3  202  226  227    3
    3  202  227  203    3
    3  203  227  228    3
    3  203  228  204    3
    3  204  228  229    3
    3  204  229  205    3
    3  205  229  230    3
    3  205  230  206    3
    3  206  230  231    3
    3  206  231  207    3
    3  207  231  232    3
    3  207  232  208    3
    3  208  232  233    3
    3  208  233  209    3
    3  209  233  234    3
    3  209  234  210    3
    3  210  234  235    3
    3  210  235  211    3
    3  211  235  236    3
    3  211  236  212    3
    3  212  236  237    3
    3  212  237  213    3
    3  213  237  238    3
    3  213  238  214    3
    3  214  238  239    3
    3  214  239  215    3
    3  215  239  240    3
    3  215  240  216    3
    3  216  240  217    3
    3  216  217  193    3
    3  217  241  242    3
    3  217  242  218    3
    3  218  242  243    3
    3  218  243  219    3
    3  219  243  244    3
    3  219  244  220    3
    3  220  244  245    3
    3  220  245  221    3
    3  221  245  246    3
    3  221  246  222    3
    3  222  246  247    3
    3  222  247  223    3
    3  223  247  248    3
    3  223  248  224    3
    3  224  248  249    3
    3  224  249  225    3
    3  225  249  250    3
    3  225  250  226    3
    3  226  250  251    3
    3  226  251  227    3
    3  227  251  252    3
    3  227  252  228    3
    3  228  252  253    3
    3  228  253  229    3
    3  229  253  254    3
    3  229  254  230    3
    3  230  254  255    3
    3  230  255  231    3
    3  231  255  256    3
    3  231  256  232    3
    3  232  256  257    3
    3  232  257  233    3
    3  233  257  258    3
    3  233  258  234    3
    3  234  258  259    3
    3  234  259  235    3
    3  235  259  260    3
    3  235  260  236    3
    3  236  260  261    3
    3  236  261  237    3
    3  237  261  262    3
    3  237  262  238    3
    3  238  262  263    3
    3  238  263  239    3
    3  239  263  264    3
    3  239  264  240    3
    3  240  264  241    3
    3  240  241  217    3
    3  264  265  241    3
    3  264  266  265    3
    3  263  266  264    3
    3  263  267  266    3
    3  262  267  263    3
    3  262  268  267    3
    3  261  268  262    3
    3  261  269  268    3
    3  260  269  261    3
    3  260  270  269    3
    3  259  270  260    3
    3  259  271  270    3
    3  258  271  259    3
    3  258  272  271    3
    3  257  272  258    3
    3  257  273  272    3
    3  256  273  257    3
    3  256  274  273    3
    3  255  274  256    3
    3  255  275  274    3
    3  254  275  255    3
    3  254  276  275    3
    3  253  276  254    3
    3  253  277  276    3
    3  252  277  253    3
    3  252  278  277    3
    3  251  278  252    3
    3  251  279  278    3
    3  250  279  251    3
    3  250  280  279    3
    3  249  280  250    3
    3  249  281  280    3
    3  248  281  249    3
    3  248  282  281    3
    3  247  282  248    3
    3  247  283  282    3
    3  246  283  247    3
    3  246  284  283    3
    3  245  284  246    3
    3  245  285  284    3
    3  244  285  245    3
    3  244  286  285    3
    3  243  286  244    3
    3  243  287  286    3
    3  242  287  243    3
    3  242  288  287    3
    3  241  288  242    3
    3  241  265  288    3
    3  289  279  290    1
    3  291  288  292    1
    3  293  294  295    3
    3  296  275  276    1
    3  297  298  299    1
    3  300  301  302    1
    3  303  304  305    3
    3  292  306  307    1
    3  308  309  310    4
    3  300  293  301    1
    3  311  312  313    3
    3  290  314  315    1
    3  316  317  318    1
    3  319  320  321    3
    3  317  322  308    1
    3  286  323  285    1
    3  286  287  320    1
    3  298  297  293    1
    3  324  325  273    1
    3  326  271  272    1
    3  327  328  301    1
    3  329  326  330    1
    3  300  331  304    1
    3  332  282  302    1
    3  272  325  326    1
    3  296  276  316    1
    3  296  333  275    1
    3  324  334  325    1
    3  335  329  336    1
    3  315  328  337    1
    3  338  339  303    3
    3  334  340  341    4
    3  279  289  278    1
    3  274  275  333    1
    3  322  278  289    1
    3  342  343  344    3
    3  332  301  328    1
    3  314  290  280    1
    3  345  338  346    3
    3  324  333  334    1
    3  277  316  276    1
    3  266  267  335    1
    3  288  291  287    1
    3  347  348  349    3
    3  316  322  317    1
    3  297  350  351    4
    3  327  301  293    1
    3  283  331  302    1
    3  352  353  354    4
    3  326  269  270    1
    3  332  302  301    1
    3  355  299  298    1
    3  312  356  357    3
    3  330  355  329    1
    3  336  306  335    1
    3  271  326  270    1
    3  358  359  360    4
    3  298  361  362    3
    3  283  302  282    1
    3  336  329  355    1
    3  326  363  330    1
    3  265  292  288    1
    3  300  364  365    3
    3  366  367  368    4
    3  333  318  334    1
    3  369  361  370    3
    3  327  293  297    1
    3  278  322  277    1
    3  320  291  356    3
    3  371  285  323    1
    3  363  325  334    1
    3  371  331  284    1
    3  364  339  349    3
    3  268  335  267    1
    3  372  363  373    4
    3  280  290  279    1
    3  266  306  265    1
    3  316  277  322    1
    3  328  315  314    1
    3  308  315  367    1
    3  355  330  372    1
    3  327  297  337    1
    3  280  281  314    1
    3  374  340  375    4
    3  296  316  318    1
    3  352  376  377    4
    3  355  307  336    1
    3  292  343  378    3
    3  326  325  363    1
    3  320  287  291    1
    3  345  319  379    3
    3  380  372  381    4
    3  358  366  382    4
    3  268  329  335    1
    3  273  274  324    1
    3  336  307  306    1
    3  265  306  292    1
    3  296  318  333    1
    3  383  374  384    4
    3  329  268  269    1
    3  385  373  386    4
    3  333  324  274    1
    3  283  284  331    1
    3  298  307  355    1
    3  299  353  387    4
    3  308  289  315    1
    3  273  325  272    1
    3  327  337  328    1
    3  388  376  389    4
    3  314  332  328    1
    3  281  282  332    1
    3  315  289  290    1
    3  363  372  330    1
    3  355  372  299    1
    3  285  371  284    1
    3  314  281  332    1
    3  269  326  329    1
    3  369  347  311    3
    3  266  335  306    1
    3  286  320  323    1
    3  308  322  289    1
    3  300  302  331    1
    3  343  390  313    3
    3  292  307  344    3
    3  298  348  370    3
    3  361  390  342    3
    3  343  342  390    3
    3  342  307  362    3
    3  347  369  348    3
    3  361  369  390    3
    3  369  311  390    3
    3  312  311  347    3
    3  311  313  390    3
    3  313  312  378    3
    3  298  362  307    3
    3  342  362  361    3
    3  342  344  307    3
    3  292  344  343    3
    3  369  370  348    3
    3  298  370  361    3
    3  292  378  312    3
    3  313  378  343    3
    3  334  318  375    4
    3  340  391  388    4
    3  318  317  384    4
    3  340  374  391    4
    3  352  385  389    4
    3  376  391  359    4
    3  376  388  391    4
    3  388  385  341    4
    3  359  391  383    4
    3  359  358  377    4
    3  374  383  391    4
    3  383  317  360    4
    3  374  375  318    4
    3  334  375  340    4
    3  334  341  385    4
    3  388  341  340    4
    3  388  389  385    4
    3  352  389  376    4
    3  352  377  358    4
    3  359  377  376    4
    3  358  360  317    4
    3  383  360  359    4
    3  383  384  317    4
    3  318  384  374    4
    3  367  358  309    4
    3  315  337  368    1
    3  353  352  350    4
    3  353  299  380    4
    3  372  380  299    4
    3  380  385  354    4
    3  350  352  392    4
    3  350  297  387    4
    3  366  337  392    4
    3  367  366  358    4
    3  363  334  386    4
    3  373  385  381    4
    3  392  337  351    4
    3  392  352  382    4
    3  380  381  385    4
    3  373  381  372    4
    3  358  317  310    4
    3  367  309  308    4
    3  385  386  334    4
    3  363  386  373    4
    3  366  368  337    4
    3  315  368  367    1
    3  299  387  297    4
    3  350  387  353    4
    3  352  354  385    4
    3  380  354  353    4
    3  358  382  352    4
    3  392  382  366    4
    3  297  351  337    4
    3  392  351  350    4
    3  308  310  317    4
    3  358  310  309    4
    3  312  347  379    3
    3  320  319  323    3
    3  371  323  346    3
    3  338  347  393    3
    3  364  300  394    3
    3  364  348  294    3
    3  319  345  323    3
    3  338  345  347    3
    3  348  298  295    3
    3  294  293  365    3
    3  304  339  394    3
    3  331  371  305    1
    3  364  349  348    3
    3  349  339  393    3
    3  338  393  339    3
    3  349  393  347    3
    3  338  303  371    3
    3  304  303  339    3
    3  356  312  321    3
    3  291  292  357    3
    3  364  394  339    3
    3  304  394  300    3
    3  319  321  312    3
    3  356  321  320    3
    3  293  295  298    3
    3  348  295  294    3
    3  312  357  292    3
    3  291  357  356    3
    3  345  346  323    3
    3  371  346  338    3
    3  303  305  371    3
    3  331  305  304    1
    3  345  379  347    3
    3  312  379  319    3
    3  300  365  293    3
    3  294  365  364    3
C Prescribed Values(Inlet, Outlet), InteractionSurface(Inlet, Outlet)
       3        1        0        2        2        2
C Inlet Velocity
C     Vx,           Vy,            Vz,    indVx,indVy,indVz, FunID (3E18.9, 4I5)
   0.000000000e+00   1.000000000e+00   0.000000000e+00    1    0    1    4
C Inlet Pressure, FunID (E18.9,I5)
   1.000000000e+00    3
C Outlet Pressure (E18.9,I5)
   1.000000000e+00    2
C Inlet Velocity
C nNodeID,    Vx,           Vy,            Vz (I5, 3E18.9)
  265
    1   1.000000000e+00   7.500000000e+00  -6.000000000e-01
    2  -1.200000000e+00   7.000000000e+00  -8.000000000e-01
    3  -1.000000000e+00   7.000000000e+00  -1.500000000e+00
    4  -7.000000000e-01   7.000000000e+00  -2.200000000e+00
    5   0.000000000e+00   7.000000000e+00  -3.000000000e+00
    6   1.200000000e+00   7.000000000e+00  -3.500000000e+00
    7   2.300000000e+00   7.000000000e+00  -3.300000000e+00
    8   2.400000000e+00   7.000000000e+00  -2.600000000e+00
    9   2.100000000e+00   7.000000000e+00  -2.000000000e+00
   10   1.900000000e+00   7.000000000e+00  -1.800000000e+00
   11   1.900000000e+00   7.000000000e+00  -1.600000000e+00
   12   2.100000000e+00   7.000000000e+00  -1.500000000e+00
   13   2.300000000e+00   7.000000000e+00  -1.200000000e+00
   14   2.700000000e+00   7.000000000e+00  -6.000000000e-01
   15   2.700000000e+00   7.000000000e+00   5.000000000e-01
   16   2.400000000e+00   7.000000000e+00   1.200000000e+00
   17   1.900000000e+00   7.000000000e+00   1.600000000e+00
   18   1.400000000e+00   7.000000000e+00   1.800000000e+00
   19   5.000000000e-01   7.000000000e+00   2.000000000e+00
   20  -5.000000000e-01   7.000000000e+00   1.700000000e+00
   21  -2.000000000e-01   7.000000000e+00   1.100000000e+00
   22   2.000000000e-01   7.000000000e+00   9.000000000e-01
   23   2.000000000e-01   7.000000000e+00   1.000000000e+00
   24  -1.000000000e-01   7.000000000e+00   9.000000000e-01
   25  -8.000000000e-01   7.000000000e+00   4.000000000e-01
   26  -1.700000000e+00   6.600000000e+00  -2.000000000e-01
   27  -1.600000000e+00   6.600000000e+00  -1.200000000e+00
   28  -1.300000000e+00   6.600000000e+00  -2.100000000e+00
   29  -4.000000000e-01   6.600000000e+00  -3.000000000e+00
   30   9.000000000e-01   6.600000000e+00  -3.800000000e+00
   31   2.000000000e+00   6.600000000e+00  -3.700000000e+00
   32   2.300000000e+00   6.600000000e+00  -3.000000000e+00
   33   2.100000000e+00   6.600000000e+00  -2.600000000e+00
   34   2.000000000e+00   6.600000000e+00  -2.400000000e+00
   35   2.300000000e+00   6.600000000e+00  -2.100000000e+00
   36   2.800000000e+00   6.600000000e+00  -1.700000000e+00
   37   3.100000000e+00   6.600000000e+00  -1.100000000e+00
   38   3.400000000e+00   6.600000000e+00  -3.000000000e-01
   39   3.400000000e+00   6.600000000e+00   7.000000000e-01
   40   3.000000000e+00   6.600000000e+00   1.600000000e+00
   41   2.400000000e+00   6.600000000e+00   2.100000000e+00
   42   1.800000000e+00   6.600000000e+00   2.400000000e+00
   43   9.000000000e-01   6.600000000e+00   2.600000000e+00
   44   1.000000000e-01   6.600000000e+00   2.400000000e+00
   45   5.000000000e-01   6.600000000e+00   1.900000000e+00
   46   8.000000000e-01   6.600000000e+00   1.900000000e+00
   47   7.000000000e-01   6.600000000e+00   2.100000000e+00
   48   0.000000000e+00   6.600000000e+00   2.100000000e+00
   49  -1.000000000e+00   6.600000000e+00   1.400000000e+00
   50  -2.000000000e+00   6.200000000e+00   1.500000000e+00
   51  -2.100000000e+00   6.200000000e+00   4.000000000e-01
   52  -1.900000000e+00   6.200000000e+00  -9.000000000e-01
   53  -1.100000000e+00   6.200000000e+00  -2.400000000e+00
   54   2.000000000e-01   6.200000000e+00  -3.500000000e+00
   55   1.500000000e+00   6.200000000e+00  -3.600000000e+00
   56   2.100000000e+00   6.200000000e+00  -3.100000000e+00
   57   2.200000000e+00   6.200000000e+00  -2.800000000e+00
   58   2.400000000e+00   6.200000000e+00  -2.500000000e+00
   59   3.000000000e+00   6.200000000e+00  -2.000000000e+00
   60   3.500000000e+00   6.200000000e+00  -1.300000000e+00
   61   3.900000000e+00   6.200000000e+00  -5.000000000e-01
   62   4.100000000e+00   6.200000000e+00   5.000000000e-01
   63   4.000000000e+00   6.200000000e+00   1.700000000e+00
   64   3.400000000e+00   6.200000000e+00   2.500000000e+00
   65   3.100000000e+00   6.200000000e+00   2.600000000e+00
   66   2.900000000e+00   6.200000000e+00   2.500000000e+00
   67   2.300000000e+00   6.200000000e+00   2.900000000e+00
   68   9.000000000e-01   6.200000000e+00   3.000000000e+00
   69   4.000000000e-01   6.200000000e+00   2.800000000e+00
   70   3.000000000e-01   6.200000000e+00   2.600000000e+00
   71   1.000000000e-01   6.200000000e+00   2.700000000e+00
   72  -4.000000000e-01   6.200000000e+00   2.800000000e+00
   73  -1.200000000e+00   6.200000000e+00   2.600000000e+00
   74  -2.200000000e+00   5.800000000e+00   2.700000000e+00
   75  -2.600000000e+00   5.800000000e+00   1.600000000e+00
   76  -2.600000000e+00   5.800000000e+00   1.000000000e-01
   77  -1.900000000e+00   5.800000000e+00  -1.700000000e+00
   78  -4.000000000e-01   5.800000000e+00  -3.200000000e+00
   79   1.000000000e+00   5.800000000e+00  -3.500000000e+00
   80   1.900000000e+00   5.800000000e+00  -3.300000000e+00
   81   2.400000000e+00   5.800000000e+00  -2.900000000e+00
   82   3.000000000e+00   5.800000000e+00  -2.500000000e+00
   83   3.600000000e+00   5.800000000e+00  -1.900000000e+00
   84   4.100000000e+00   5.800000000e+00  -1.100000000e+00
   85   4.400000000e+00   5.800000000e+00  -4.000000000e-01
   86   4.600000000e+00   5.800000000e+00   6.000000000e-01
   87   4.500000000e+00   5.800000000e+00   1.800000000e+00
   88   3.800000000e+00   5.800000000e+00   3.000000000e+00
   89   3.300000000e+00   5.800000000e+00   3.000000000e+00
   90   3.200000000e+00   5.800000000e+00   3.000000000e+00
   91   2.600000000e+00   5.800000000e+00   3.300000000e+00
   92   1.600000000e+00   5.800000000e+00   3.500000000e+00
   93   8.000000000e-01   5.800000000e+00   3.500000000e+00
   94   3.000000000e-01   5.800000000e+00   3.400000000e+00
   95   0.000000000e+00   5.800000000e+00   3.400000000e+00
   96  -6.000000000e-01   5.800000000e+00   3.600000000e+00
   97  -1.300000000e+00   5.800000000e+00   3.600000000e+00
   98  -2.500000000e+00   5.400000000e+00   3.100000000e+00
   99  -3.000000000e+00   5.400000000e+00   2.100000000e+00
  100  -3.200000000e+00   5.400000000e+00   4.000000000e-01
  101  -2.500000000e+00   5.400000000e+00  -1.700000000e+00
  102  -7.000000000e-01   5.400000000e+00  -3.600000000e+00
  103   1.100000000e+00   5.400000000e+00  -4.100000000e+00
  104   2.200000000e+00   5.400000000e+00  -3.700000000e+00
  105   2.900000000e+00   5.400000000e+00  -3.100000000e+00
  106   3.400000000e+00   5.400000000e+00  -2.500000000e+00
  107   3.900000000e+00   5.400000000e+00  -1.900000000e+00
  108   4.400000000e+00   5.400000000e+00  -1.100000000e+00
  109   4.600000000e+00   5.400000000e+00  -4.000000000e-01
  110   4.800000000e+00   5.400000000e+00   5.000000000e-01
  111   4.600000000e+00   5.400000000e+00   1.700000000e+00
  112   3.900000000e+00   5.400000000e+00   3.200000000e+00
  113   3.200000000e+00   5.400000000e+00   3.500000000e+00
  114   2.800000000e+00   5.400000000e+00   3.500000000e+00
  115   2.300000000e+00   5.400000000e+00   3.600000000e+00
  116   1.300000000e+00   5.400000000e+00   3.900000000e+00
  117   4.000000000e-01   5.400000000e+00   3.800000000e+00
  118  -3.000000000e-01   5.400000000e+00   3.600000000e+00
  119  -7.000000000e-01   5.400000000e+00   3.500000000e+00
  120  -1.000000000e+00   5.400000000e+00   3.800000000e+00
  121  -1.700000000e+00   5.400000000e+00   3.800000000e+00
  122  -2.800000000e+00   5.000000000e+00   3.400000000e+00
  123  -3.400000000e+00   5.000000000e+00   2.300000000e+00
  124  -3.600000000e+00   5.000000000e+00   5.000000000e-01
  125  -2.800000000e+00   5.000000000e+00  -2.000000000e+00
  126  -8.000000000e-01   5.000000000e+00  -4.100000000e+00
  127   1.400000000e+00   5.000000000e+00  -4.600000000e+00
  128   2.700000000e+00   5.000000000e+00  -4.200000000e+00
  129   3.500000000e+00   5.000000000e+00  -3.400000000e+00
  130   4.000000000e+00   5.000000000e+00  -2.600000000e+00
  131   4.600000000e+00   5.000000000e+00  -1.700000000e+00
  132   5.000000000e+00   5.000000000e+00  -7.000000000e-01
  133   4.900000000e+00   5.000000000e+00   1.000000000e-01
  134   4.900000000e+00   5.000000000e+00   7.000000000e-01
  135   4.700000000e+00   5.000000000e+00   1.600000000e+00
  136   3.900000000e+00   5.000000000e+00   3.400000000e+00
  137   2.800000000e+00   5.000000000e+00   4.100000000e+00
  138   2.100000000e+00   5.000000000e+00   4.100000000e+00
  139   1.500000000e+00   5.000000000e+00   4.100000000e+00
  140   4.000000000e-01   5.000000000e+00   4.200000000e+00
  141  -5.000000000e-01   5.000000000e+00   4.000000000e+00
  142  -1.200000000e+00   5.000000000e+00   3.600000000e+00
  143  -1.400000000e+00   5.000000000e+00   3.400000000e+00
  144  -1.500000000e+00   5.000000000e+00   3.800000000e+00
  145  -2.000000000e+00   5.000000000e+00   4.100000000e+00
  146  -3.400000000e+00   3.900000000e+00   2.200000000e+00
  147  -3.900000000e+00   3.900000000e+00   9.000000000e-01
  148  -3.700000000e+00   3.900000000e+00  -1.200000000e+00
  149  -2.600000000e+00   3.900000000e+00  -3.600000000e+00
  150  -2.000000000e-01   3.900000000e+00  -5.800000000e+00
  151   2.500000000e+00   3.900000000e+00  -6.300000000e+00
  152   3.900000000e+00   3.900000000e+00  -5.400000000e+00
  153   4.400000000e+00   3.900000000e+00  -4.500000000e+00
  154   4.600000000e+00   3.900000000e+00  -3.600000000e+00
  155   5.100000000e+00   3.900000000e+00  -2.600000000e+00
  156   5.700000000e+00   3.900000000e+00  -1.200000000e+00
  157   5.600000000e+00   3.900000000e+00  -3.000000000e-01
  158   5.400000000e+00   3.900000000e+00   4.000000000e-01
  159   5.100000000e+00   3.900000000e+00   1.200000000e+00
  160   4.200000000e+00   3.900000000e+00   3.100000000e+00
  161   2.900000000e+00   3.900000000e+00   3.900000000e+00
  162   2.100000000e+00   3.900000000e+00   3.800000000e+00
  163   1.500000000e+00   3.900000000e+00   3.800000000e+00
  164   4.000000000e-01   3.900000000e+00   3.800000000e+00
  165  -8.000000000e-01   3.900000000e+00   3.600000000e+00
  166  -1.800000000e+00   3.900000000e+00   3.100000000e+00
  167  -1.900000000e+00   3.900000000e+00   2.800000000e+00
  168  -1.900000000e+00   3.900000000e+00   3.200000000e+00
  169  -2.600000000e+00   3.900000000e+00   3.300000000e+00
  170  -4.100000000e+00   2.700000000e+00  -3.000000000e-01
  171  -4.100000000e+00   2.700000000e+00  -1.400000000e+00
  172  -4.000000000e+00   2.700000000e+00  -2.900000000e+00
  173  -2.900000000e+00   2.700000000e+00  -4.900000000e+00
  174  -6.000000000e-01   2.700000000e+00  -7.000000000e+00
  175   2.500000000e+00   2.700000000e+00  -7.600000000e+00
  176   4.200000000e+00   2.700000000e+00  -6.600000000e+00
  177   4.500000000e+00   2.700000000e+00  -5.300000000e+00
  178   4.500000000e+00   2.700000000e+00  -4.500000000e+00
  179   4.700000000e+00   2.700000000e+00  -3.700000000e+00
  180   5.400000000e+00   2.700000000e+00  -2.600000000e+00
  181   5.500000000e+00   2.700000000e+00  -1.700000000e+00
  182   5.600000000e+00   2.700000000e+00  -1.000000000e+00
  183   5.500000000e+00   2.700000000e+00   1.000000000e-01
  184   4.400000000e+00   2.700000000e+00   2.600000000e+00
  185   2.900000000e+00   2.700000000e+00   3.600000000e+00
  186   2.100000000e+00   2.700000000e+00   3.300000000e+00
  187   1.600000000e+00   2.700000000e+00   3.100000000e+00
  188   5.000000000e-01   2.700000000e+00   3.200000000e+00
  189  -6.000000000e-01   2.700000000e+00   3.000000000e+00
  190  -1.500000000e+00   2.700000000e+00   2.500000000e+00
  191  -1.800000000e+00   2.700000000e+00   2.400000000e+00
  192  -2.300000000e+00   2.700000000e+00   2.500000000e+00
  193  -3.400000000e+00   2.700000000e+00   1.600000000e+00
  194  -4.800000000e+00   1.600000000e+00  -2.800000000e+00
  195  -4.400000000e+00   1.600000000e+00  -3.600000000e+00
  196  -4.200000000e+00   1.600000000e+00  -4.300000000e+00
  197  -3.700000000e+00   1.600000000e+00  -5.400000000e+00
  198  -1.800000000e+00   1.600000000e+00  -7.100000000e+00
  199   1.400000000e+00   1.600000000e+00  -8.000000000e+00
  200   3.400000000e+00   1.600000000e+00  -7.300000000e+00
  201   4.200000000e+00   1.600000000e+00  -6.200000000e+00
  202   4.500000000e+00   1.600000000e+00  -5.200000000e+00
  203   4.900000000e+00   1.600000000e+00  -4.300000000e+00
  204   5.500000000e+00   1.600000000e+00  -3.300000000e+00
  205   5.600000000e+00   1.600000000e+00  -2.500000000e+00
  206   5.700000000e+00   1.600000000e+00  -1.800000000e+00
  207   5.700000000e+00   1.600000000e+00  -7.000000000e-01
  208   4.600000000e+00   1.600000000e+00   2.000000000e+00
  209   3.000000000e+00   1.600000000e+00   3.100000000e+00
  210   2.100000000e+00   1.600000000e+00   2.800000000e+00
  211   1.700000000e+00   1.600000000e+00   2.600000000e+00
  212   6.000000000e-01   1.600000000e+00   2.700000000e+00
  213  -6.000000000e-01   1.600000000e+00   2.500000000e+00
  214  -1.400000000e+00   1.600000000e+00   2.100000000e+00
  215  -1.900000000e+00   1.600000000e+00   1.900000000e+00
  216  -2.800000000e+00   1.600000000e+00   1.600000000e+00
  217  -4.200000000e+00   1.600000000e+00  -1.000000000e-01
  218  -4.900000000e+00   6.000000000e-01  -4.000000000e+00
  219  -4.400000000e+00   6.000000000e-01  -4.900000000e+00
  220  -4.000000000e+00   6.000000000e-01  -5.600000000e+00
  221  -3.100000000e+00   6.000000000e-01  -6.800000000e+00
  222  -8.000000000e-01   6.000000000e-01  -8.500000000e+00
  223   2.100000000e+00   6.000000000e-01  -9.100000000e+00
  224   3.800000000e+00   6.000000000e-01  -8.100000000e+00
  225   4.300000000e+00   6.000000000e-01  -7.000000000e+00
  226   4.600000000e+00   6.000000000e-01  -6.100000000e+00
  227   5.200000000e+00   6.000000000e-01  -5.200000000e+00
  228   6.100000000e+00   6.000000000e-01  -3.700000000e+00
  229   6.200000000e+00   6.000000000e-01  -2.500000000e+00
  230   6.100000000e+00   6.000000000e-01  -1.700000000e+00
  231   5.900000000e+00   6.000000000e-01  -8.000000000e-01
  232   4.800000000e+00   6.000000000e-01   1.700000000e+00
  233   3.100000000e+00   6.000000000e-01   2.900000000e+00
  234   2.200000000e+00   6.000000000e-01   2.700000000e+00
  235   1.600000000e+00   6.000000000e-01   2.400000000e+00
  236   2.000000000e-01   6.000000000e-01   2.400000000e+00
  237  -1.300000000e+00   6.000000000e-01   2.000000000e+00
  238  -1.800000000e+00   6.000000000e-01   1.400000000e+00
  239  -2.200000000e+00   6.000000000e-01   1.100000000e+00
  240  -3.000000000e+00   6.000000000e-01   9.000000000e-01
  241  -4.500000000e+00   6.000000000e-01  -1.200000000e+00
  242  -4.400000000e+00  -5.000000000e-01  -4.100000000e+00
  243  -4.000000000e+00  -5.000000000e-01  -4.800000000e+00
  244  -3.600000000e+00  -5.000000000e-01  -5.700000000e+00
  245  -2.600000000e+00  -5.000000000e-01  -7.200000000e+00
  246  -2.000000000e-01  -5.000000000e-01  -9.000000000e+00
  247   2.300000000e+00  -5.000000000e-01  -9.400000000e+00
  248   3.400000000e+00  -5.000000000e-01  -8.700000000e+00
  249   4.000000000e+00  -5.000000000e-01  -7.900000000e+00
  250   4.500000000e+00  -5.000000000e-01  -7.300000000e+00
  251   5.800000000e+00  -5.000000000e-01  -6.200000000e+00
  252   7.100000000e+00  -5.000000000e-01  -4.100000000e+00
  253   7.000000000e+00  -5.000000000e-01  -2.700000000e+00
  254   6.600000000e+00  -5.000000000e-01  -2.100000000e+00
  255   6.400000000e+00  -5.000000000e-01  -1.700000000e+00
  256   5.600000000e+00  -5.000000000e-01   3.000000000e-01
  257   4.100000000e+00  -5.000000000e-01   1.900000000e+00
  258   3.500000000e+00  -5.000000000e-01   1.400000000e+00
  259   3.300000000e+00  -5.000000000e-01   1.300000000e+00
  260   1.800000000e+00  -5.000000000e-01   1.700000000e+00
  261  -2.000000000e-01  -5.000000000e-01   1.500000000e+00
  262  -1.200000000e+00  -5.000000000e-01   1.000000000e+00
  263  -1.600000000e+00  -5.000000000e-01   9.000000000e-01
  264  -2.600000000e+00  -5.000000000e-01   6.000000000e-01
  265  -4.100000000e+00  -5.000000000e-01  -1.700000000e+00
C Region List
