C PointsNum,MaxElemVol,TetGenParams,nAtrib,IndMov,MDMaxVolume,MDomDiv,MDOnly,MDDivF,MDPrescP
  395    1.000000e+00 YYpznno2q1.414a     0     0    1.000000e+00     1     0     0     0     0     0 YYpznno2q1.414a
  -1.442148000e-01  -8.430570000e+00   1.881900000e-02
   1.338771000e-01  -7.962820000e+00   1.033984000e+00
  -1.384590000e-01  -7.962820000e+00   1.069048000e+00
  -3.968280000e-01  -7.962820000e+00   9.792330000e-01
  -6.092570000e-01  -7.962820000e+00   8.272300000e-01
  -7.794580000e-01  -7.962820000e+00   6.458930000e-01
  -9.098340000e-01  -7.962820000e+00   4.434290000e-01
  -1.001789000e+00  -7.962820000e+00   2.210960000e-01
  -1.055068000e+00  -7.962820000e+00  -1.978800000e-02
  -1.054557000e+00  -7.962820000e+00  -2.787610000e-01
  -9.740870000e-01  -7.962820000e+00  -5.328680000e-01
  -7.985420000e-01  -7.962820000e+00  -7.357370000e-01
  -5.667010000e-01  -7.962820000e+00  -8.655250000e-01
  -3.181229000e-01  -7.962820000e+00  -9.333890000e-01
  -6.544800000e-02  -7.962820000e+00  -9.468340000e-01
   1.743440000e-01  -7.962820000e+00  -8.823610000e-01
   3.654660000e-01  -7.962820000e+00  -7.304930000e-01
   5.065370000e-01  -7.962820000e+00  -5.508660000e-01
   6.117250000e-01  -7.962820000e+00  -3.634650000e-01
   6.741810000e-01  -7.962820000e+00  -1.639040000e-01
   6.864040000e-01  -7.962820000e+00   4.209800000e-02
   6.569050000e-01  -7.962820000e+00   2.462130000e-01
   5.821650000e-01  -7.962820000e+00   4.413840000e-01
   4.827470000e-01  -7.962820000e+00   6.410700000e-01
   3.446420000e-01  -7.962820000e+00   8.539680000e-01
   1.469166000e-01  -7.494070000e+00   1.400310000e+00
  -2.244520000e-01  -7.494070000e+00   1.425125000e+00
  -5.606990000e-01  -7.494070000e+00   1.264763000e+00
  -8.204050000e-01  -7.494070000e+00   1.036935000e+00
  -1.024928000e+00  -7.494070000e+00   7.966800000e-01
  -1.193520000e+00  -7.494070000e+00   5.453960000e-01
  -1.345600000e+00  -7.494070000e+00   2.736132000e-01
  -1.481030000e+00  -7.494070000e+00  -4.301500000e-02
  -1.562650000e+00  -7.494070000e+00  -4.218790000e-01
  -1.483598000e+00  -7.494070000e+00  -8.169010000e-01
  -1.201129000e+00  -7.494070000e+00  -1.100340000e+00
  -8.287920000e-01  -7.494070000e+00  -1.231840000e+00
  -4.650834000e-01  -7.494070000e+00  -1.266650000e+00
  -1.278710000e-01  -7.494070000e+00  -1.247470000e+00
   1.845210000e-01  -7.494070000e+00  -1.160909000e+00
   4.319010000e-01  -7.494070000e+00  -9.623710000e-01
   6.137500000e-01  -7.494070000e+00  -7.279380000e-01
   7.501340000e-01  -7.494070000e+00  -4.862580000e-01
   8.389860000e-01  -7.494070000e+00  -2.283868000e-01
   8.592410000e-01  -7.494070000e+00   4.120300000e-02
   8.281710000e-01  -7.494070000e+00   3.113610000e-01
   7.346970000e-01  -7.494070000e+00   5.733930000e-01
   6.105450000e-01  -7.494070000e+00   8.457270000e-01
   4.329450000e-01  -7.494070000e+00   1.147034000e+00
   1.367290000e-01  -7.026310000e+00   1.626160000e+00
  -2.959520000e-01  -7.026310000e+00   1.647930000e+00
  -6.907170000e-01  -7.026310000e+00   1.476374000e+00
  -1.005431000e+00  -7.026310000e+00   1.225688000e+00
  -1.257160000e+00  -7.026310000e+00   9.468940000e-01
  -1.461030000e+00  -7.026310000e+00   6.470600000e-01
  -1.642430000e+00  -7.026310000e+00   3.205288000e-01
  -1.801910000e+00  -7.026310000e+00  -5.831900000e-02
  -1.894080000e+00  -7.026310000e+00  -5.105190000e-01
  -1.799860000e+00  -7.026310000e+00  -9.810640000e-01
  -1.461643000e+00  -7.026310000e+00  -1.318050000e+00
  -1.016412000e+00  -7.026310000e+00  -1.471200000e+00
  -5.832710000e-01  -7.026310000e+00  -1.509670000e+00
  -1.840850000e-01  -7.026310000e+00  -1.482310000e+00
   1.863810000e-01  -7.026310000e+00  -1.381105000e+00
   4.729140000e-01  -7.026310000e+00  -1.134656000e+00
   6.722660000e-01  -7.026310000e+00  -8.482660000e-01
   8.208670000e-01  -7.026310000e+00  -5.631500000e-01
   9.211260000e-01  -7.026310000e+00  -2.674712000e-01
   9.480710000e-01  -7.026310000e+00   4.061700000e-02
   9.151910000e-01  -7.026310000e+00   3.511430000e-01
   8.100120000e-01  -7.026310000e+00   6.538120000e-01
   6.734670000e-01  -7.026310000e+00   9.763000000e-01
   4.723980000e-01  -7.026310000e+00   1.334800000e+00
   9.709400000e-02  -6.557560000e+00   1.780210000e+00
  -3.767960000e-01  -6.557560000e+00   1.805460000e+00
  -8.220470000e-01  -6.557560000e+00   1.663660000e+00
  -1.203810000e+00  -6.557560000e+00   1.426637000e+00
  -1.521090000e+00  -6.557560000e+00   1.126342000e+00
  -1.766580000e+00  -6.557560000e+00   7.735060000e-01
  -1.964380000e+00  -6.557560000e+00   3.807276000e-01
  -2.114640000e+00  -6.557560000e+00  -6.384700000e-02
  -2.173630000e+00  -6.557560000e+00  -5.702860000e-01
  -2.046090000e+00  -6.557560000e+00  -1.085460000e+00
  -1.678030000e+00  -6.557560000e+00  -1.466750000e+00
  -1.185791000e+00  -6.557560000e+00  -1.647720000e+00
  -7.019060000e-01  -6.557560000e+00  -1.695640000e+00
  -2.514300000e-01  -6.557560000e+00  -1.665400000e+00
   1.661550000e-01  -6.557560000e+00  -1.554250000e+00
   4.788320000e-01  -6.557560000e+00  -1.261010000e+00
   6.814680000e-01  -6.557560000e+00  -9.235840000e-01
   8.290970000e-01  -6.557560000e+00  -6.036180000e-01
   9.399920000e-01  -6.557560000e+00  -2.862724000e-01
   9.795360000e-01  -6.557560000e+00   4.765700000e-02
   9.528740000e-01  -6.557560000e+00   3.898790000e-01
   8.426160000e-01  -6.557560000e+00   7.252490000e-01
   6.966960000e-01  -6.557560000e+00   1.084710000e+00
   4.729540000e-01  -6.557560000e+00   1.480800000e+00
   5.079500000e-02  -6.088800000e+00   1.935060000e+00
  -4.595600000e-01  -6.088800000e+00   1.968910000e+00
  -9.524370000e-01  -6.088800000e+00   1.854890000e+00
  -1.400770000e+00  -6.088800000e+00   1.633361000e+00
  -1.783770000e+00  -6.088800000e+00   1.316382000e+00
  -2.070940000e+00  -6.088800000e+00   9.108580000e-01
  -2.276730000e+00  -6.088800000e+00   4.528001000e-01
  -2.404890000e+00  -6.088800000e+00  -5.354700000e-02
  -2.425990000e+00  -6.088800000e+00  -6.062160000e-01
  -2.265810000e+00  -6.088800000e+00  -1.156810000e+00
  -1.872990000e+00  -6.088800000e+00  -1.576390000e+00
  -1.342682000e+00  -6.088800000e+00  -1.779810000e+00
  -8.142050000e-01  -6.088800000e+00  -1.834370000e+00
  -3.229680000e-01  -6.088800000e+00  -1.800200000e+00
   1.335170000e-01  -6.088800000e+00  -1.682170000e+00
   4.695360000e-01  -6.088800000e+00  -1.351940000e+00
   6.710970000e-01  -6.088800000e+00  -9.668540000e-01
   8.135120000e-01  -6.088800000e+00  -6.188530000e-01
   9.290680000e-01  -6.088800000e+00  -2.841999000e-01
   9.859090000e-01  -6.088800000e+00   6.800600000e-02
   9.716970000e-01  -6.088800000e+00   4.363950000e-01
   8.584360000e-01  -6.088800000e+00   8.004410000e-01
   7.063280000e-01  -6.088800000e+00   1.196280000e+00
   4.648210000e-01  -6.088800000e+00   1.629470000e+00
   3.216100000e-02  -5.621050000e+00   2.081360000e+00
  -5.142700000e-01  -5.621050000e+00   2.117020000e+00
  -1.044110000e+00  -5.621050000e+00   2.001090000e+00
  -1.527750000e+00  -5.621050000e+00   1.769486000e+00
  -1.944280000e+00  -5.621050000e+00   1.432312000e+00
  -2.256130000e+00  -5.621050000e+00   9.941110000e-01
  -2.477210000e+00  -5.621050000e+00   4.995741000e-01
  -2.613890000e+00  -5.621050000e+00  -4.722000000e-02
  -2.634590000e+00  -5.621050000e+00  -6.423500000e-01
  -2.462430000e+00  -5.621050000e+00  -1.237020000e+00
  -2.037250000e+00  -5.621050000e+00  -1.686450000e+00
  -1.458796000e+00  -5.621050000e+00  -1.893080000e+00
  -8.908390000e-01  -5.621050000e+00  -1.933270000e+00
  -3.705400000e-01  -5.621050000e+00  -1.884720000e+00
   1.116600000e-01  -5.621050000e+00  -1.763900000e+00
   4.727640000e-01  -5.621050000e+00  -1.424030000e+00
   6.835960000e-01  -5.621050000e+00  -1.012870000e+00
   8.306100000e-01  -5.621050000e+00  -6.421370000e-01
   9.537430000e-01  -5.621050000e+00  -2.894259000e-01
   1.017371000e+00  -5.621050000e+00   8.332700000e-02
   9.997440000e-01  -5.621050000e+00   4.726150000e-01
   8.824040000e-01  -5.621050000e+00   8.588170000e-01
   7.284280000e-01  -5.621050000e+00   1.285310000e+00
   4.757446000e-01  -5.621050000e+00   1.757250000e+00
   6.396000000e-03  -4.709630000e+00   2.390170000e+00
  -6.014260000e-01  -4.709630000e+00   2.445810000e+00
  -1.204000000e+00  -4.709630000e+00   2.351470000e+00
  -1.777710000e+00  -4.709630000e+00   2.126270000e+00
  -2.287240000e+00  -4.709630000e+00   1.760446000e+00
  -2.658890000e+00  -4.709630000e+00   1.248322000e+00
  -2.866560000e+00  -4.709630000e+00   6.531583000e-01
  -2.939340000e+00  -4.709630000e+00   2.614500000e-02
  -2.878450000e+00  -4.709630000e+00  -6.117300000e-01
  -2.653690000e+00  -4.709630000e+00  -1.225930000e+00
  -2.216530000e+00  -4.709630000e+00  -1.713320000e+00
  -1.608278000e+00  -4.709630000e+00  -1.944530000e+00
  -9.996040000e-01  -4.709630000e+00  -1.989040000e+00
  -4.435888000e-01  -4.709630000e+00  -1.934430000e+00
   7.254000000e-02  -4.709630000e+00  -1.808680000e+00
   4.638500000e-01  -4.709630000e+00  -1.453296000e+00
   6.836460000e-01  -4.709630000e+00  -1.004510000e+00
   8.397600000e-01  -4.709630000e+00  -6.066590000e-01
   9.802810000e-01  -4.709630000e+00  -2.308417000e-01
   1.075008000e+00  -4.709630000e+00   1.700440000e-01
   1.062447000e+00  -4.709630000e+00   5.976880000e-01
   9.422810000e-01  -4.709630000e+00   1.027043000e+00
   7.829780000e-01  -4.709630000e+00   1.509170000e+00
   5.046162900e-01  -4.709630000e+00   2.038440000e+00
  -7.153000000e-03  -3.799210000e+00   2.649100000e+00
  -6.619590000e-01  -3.799210000e+00   2.719100000e+00
  -1.316980000e+00  -3.799210000e+00   2.616090000e+00
  -1.942220000e+00  -3.799210000e+00   2.376630000e+00
  -2.500990000e+00  -3.799210000e+00   1.986959000e+00
  -2.905310000e+00  -3.799210000e+00   1.430271000e+00
  -3.095540000e+00  -3.799210000e+00   7.715661000e-01
  -3.111270000e+00  -3.799210000e+00   1.007740000e-01
  -2.987900000e+00  -3.799210000e+00  -5.494400000e-01
  -2.728050000e+00  -3.799210000e+00  -1.159330000e+00
  -2.296520000e+00  -3.799210000e+00  -1.661850000e+00
  -1.688200000e+00  -3.799210000e+00  -1.914790000e+00
  -1.067153000e+00  -3.799210000e+00  -1.967030000e+00
  -4.956358000e-01  -3.799210000e+00  -1.912100000e+00
   3.536200000e-02  -3.799210000e+00  -1.785070000e+00
   4.393120000e-01  -3.799210000e+00  -1.419900000e+00
   6.517290000e-01  -3.799210000e+00  -9.456660000e-01
   8.043270000e-01  -3.799210000e+00  -5.369530000e-01
   9.579830000e-01  -3.799210000e+00  -1.594339000e-01
   1.074012000e+00  -3.799210000e+00   2.516240000e-01
   1.050208000e+00  -3.799210000e+00   6.896060000e-01
   9.439370000e-01  -3.799210000e+00   1.140660000e+00
   7.991460000e-01  -3.799210000e+00   1.664350000e+00
   5.237498000e-01  -3.799210000e+00   2.257890000e+00
  -2.359700000e-02  -2.888800000e+00   2.815380000e+00
  -7.110400000e-01  -2.888800000e+00   2.894140000e+00
  -1.406120000e+00  -2.888800000e+00   2.813500000e+00
  -2.082750000e+00  -2.888800000e+00   2.575610000e+00
  -2.694220000e+00  -2.888800000e+00   2.172050000e+00
  -3.133390000e+00  -2.888800000e+00   1.567489000e+00
  -3.314530000e+00  -2.888800000e+00   8.544598000e-01
  -3.290860000e+00  -2.888800000e+00   1.378740000e-01
  -3.122750000e+00  -2.888800000e+00  -5.346500000e-01
  -2.828310000e+00  -2.888800000e+00  -1.151250000e+00
  -2.386030000e+00  -2.888800000e+00  -1.668020000e+00
  -1.761910000e+00  -2.888800000e+00  -1.927590000e+00
  -1.122597000e+00  -2.888800000e+00  -1.974180000e+00
  -5.379577000e-01  -2.888800000e+00  -1.910940000e+00
   4.972000000e-03  -2.888800000e+00  -1.784580000e+00
   4.334200000e-01  -2.888800000e+00  -1.439560000e+00
   6.700360000e-01  -2.888800000e+00  -9.616920000e-01
   8.389280000e-01  -2.888800000e+00  -5.370050000e-01
   9.928160000e-01  -2.888800000e+00  -1.345402000e-01
   1.086447000e+00  -2.888800000e+00   2.961120000e-01
   1.040271000e+00  -2.888800000e+00   7.430300000e-01
   9.393320000e-01  -2.888800000e+00   1.208390000e+00
   8.037340000e-01  -2.888800000e+00   1.758720000e+00
   5.295627000e-01  -2.888800000e+00   2.393660000e+00
  -6.632600000e-02  -1.978380000e+00   2.881200000e+00
  -7.752400000e-01  -1.978380000e+00   2.979590000e+00
  -1.493650000e+00  -1.978380000e+00   2.895840000e+00
  -2.194030000e+00  -1.978380000e+00   2.648580000e+00
  -2.824820000e+00  -1.978380000e+00   2.229100000e+00
  -3.272740000e+00  -1.978380000e+00   1.604914000e+00
  -3.454190000e+00  -1.978380000e+00   8.638790000e-01
  -3.426510000e+00  -1.978380000e+00   1.295710000e-01
  -3.251080000e+00  -1.978380000e+00  -5.618800000e-01
  -2.946990000e+00  -1.978380000e+00  -1.193780000e+00
  -2.494350000e+00  -1.978380000e+00  -1.725770000e+00
  -1.856730000e+00  -1.978380000e+00  -1.997960000e+00
  -1.198326000e+00  -1.978380000e+00  -2.043930000e+00
  -5.964214000e-01  -1.978380000e+00  -1.977160000e+00
  -3.918200000e-02  -1.978380000e+00  -1.845220000e+00
   4.099560000e-01  -1.978380000e+00  -1.504400000e+00
   6.498180000e-01  -1.978380000e+00  -1.004149000e+00
   8.077020000e-01  -1.978380000e+00  -5.585870000e-01
   9.400850000e-01  -1.978380000e+00  -1.421210000e-01
   9.834930000e-01  -1.978380000e+00   2.884430000e-01
   9.175080000e-01  -1.978380000e+00   7.180710000e-01
   8.387980000e-01  -1.978380000e+00   1.177003000e+00
   7.391820000e-01  -1.978380000e+00   1.749410000e+00
   4.985200000e-01  -1.978380000e+00   2.443870000e+00
  -1.187900000e-01  -1.067960000e+00   2.961430000e+00
  -8.425300000e-01  -1.067960000e+00   3.047250000e+00
  -1.570820000e+00  -1.067960000e+00   2.950690000e+00
  -2.269170000e+00  -1.067960000e+00   2.682630000e+00
  -2.893020000e+00  -1.067960000e+00   2.246420000e+00
  -3.338340000e+00  -1.067960000e+00   1.622011000e+00
  -3.541630000e+00  -1.067960000e+00   8.932550000e-01
  -3.550860000e+00  -1.067960000e+00   1.445820000e-01
  -3.403810000e+00  -1.067960000e+00  -5.705900000e-01
  -3.106140000e+00  -1.067960000e+00  -1.235100000e+00
  -2.632750000e+00  -1.067960000e+00  -1.785330000e+00
  -1.941720000e+00  -1.067960000e+00  -2.015720000e+00
  -1.254790000e+00  -1.067960000e+00  -1.987320000e+00
  -6.661575000e-01  -1.067960000e+00  -1.865430000e+00
  -1.404030000e-01  -1.067960000e+00  -1.713230000e+00
   3.197660000e-01  -1.067960000e+00  -1.448300000e+00
   5.919660000e-01  -1.067960000e+00  -9.943440000e-01
   7.602030000e-01  -1.067960000e+00  -5.499380000e-01
   8.538350000e-01  -1.067960000e+00  -1.207450000e-01
   8.175370000e-01  -1.067960000e+00   3.020410000e-01
   7.443420000e-01  -1.067960000e+00   7.027110000e-01
   6.974740000e-01  -1.067960000e+00   1.147519000e+00
   6.454980000e-01  -1.067960000e+00   1.737540000e+00
   4.532020000e-01  -1.067960000e+00   2.500830000e+00
  -1.826040000e-01  -3.545410000e-01   3.052920000e+00
   4.111790000e-01  -3.545410000e-01   2.597500000e+00
   5.581060000e-01  -3.545410000e-01   1.752330000e+00
   5.587300000e-01  -3.545410000e-01   1.133040000e+00
   5.713140000e-01  -3.545410000e-01   6.948270000e-01
   6.206230000e-01  -3.545410000e-01   3.185790000e-01
   7.099060000e-01  -3.545410000e-01  -8.629400000e-02
   6.572870000e-01  -3.545410000e-01  -5.192310000e-01
   4.941980000e-01  -3.545410000e-01  -9.612100000e-01
   2.082500000e-01  -3.545410000e-01  -1.382150000e+00
  -2.488090000e-01  -3.545410000e-01  -1.606640000e+00
  -7.498674000e-01  -3.545410000e-01  -1.785830000e+00
  -1.335604000e+00  -3.545410000e-01  -1.959930000e+00
  -2.060150000e+00  -3.545410000e-01  -2.063170000e+00
  -2.809530000e+00  -3.545410000e-01  -1.867460000e+00
  -3.306070000e+00  -3.545410000e-01  -1.287760000e+00
  -3.584710000e+00  -3.545410000e-01  -5.813500000e-01
  -3.687550000e+00  -3.545410000e-01   1.638050000e-01
  -3.633280000e+00  -3.545410000e-01   9.107060000e-01
  -3.405580000e+00  -3.545410000e-01   1.631634000e+00
  -2.966310000e+00  -3.545410000e-01   2.258010000e+00
  -2.358820000e+00  -3.545410000e-01   2.717920000e+00
  -1.666320000e+00  -3.545410000e-01   3.006490000e+00
  -9.274100000e-01  -3.545410000e-01   3.133470000e+00
  -2.283010000e+00  -3.758410000e-01  -1.475560000e+00
  -2.770700000e+00  -3.734410000e-01  -1.246080000e+00
  -1.418620000e+00  -3.719410000e-01   2.716280000e+00
  -9.408800000e-01  -3.812410000e-01   2.480420000e+00
  -2.077380000e+00  -4.039410000e-01   7.306180000e-01
  -2.040130000e+00  -4.021410000e-01   1.033107500e+00
  -1.711400000e+00  -4.046410000e-01   1.046310800e+00
  -6.824957000e-01  -3.726410000e-01  -1.416020000e+00
  -1.696390000e+00  -4.078410000e-01   3.314400000e-01
  -1.382360000e+00  -4.065410000e-01   1.049514000e+00
  -1.086120000e+00  -4.071410000e-01   3.715310000e-01
  -2.544880000e+00  -3.937410000e-01   9.803400000e-01
  -2.601460000e+00  -3.950410000e-01   4.015950000e-01
  -3.100710000e+00  -3.794410000e-01   6.290870000e-01
  -2.582280000e+00  -3.838410000e-01   1.628005000e+00
  -2.726140000e+00  -3.845410000e-01   1.350366000e+00
  -2.710800000e+00  -3.811410000e-01   1.580249000e+00
  -2.004840000e-01  -3.773410000e-01   2.249377000e+00
  -7.788630000e-01  -3.958410000e-01   1.695407000e+00
  -1.889850000e+00  -3.883410000e-01  -1.144060000e+00
  -1.798510000e+00  -3.939410000e-01  -9.186100000e-01
  -1.601948000e+00  -3.921410000e-01  -1.017360000e+00
  -1.788176000e+00  -3.943410000e-01   1.827501000e+00
  -1.679020000e+00  -3.847410000e-01   2.284297000e+00
  -1.573230000e+00  -3.909410000e-01   2.065365000e+00
  -2.966570000e+00  -3.781410000e-01  -6.891400000e-01
  -2.328030000e+00  -3.906410000e-01  -8.213800000e-01
  -1.126793000e+00  -3.758410000e-01  -1.475390000e+00
  -1.405384000e+00  -3.902410000e-01  -1.113120000e+00
  -8.698300000e-01  -3.871410000e-01  -1.094060000e+00
  -1.977560000e+00  -3.811410000e-01   2.271328000e+00
  -1.872430000e+00  -3.713410000e-01   2.597950000e+00
  -1.775330000e+00  -3.781410000e-01   2.451120000e+00
  -1.688533000e+00  -3.762410000e-01  -1.549810000e+00
  -2.269910000e+00  -3.760410000e-01   2.258359000e+00
   4.409000000e-03  -3.724410000e-01  -9.890700000e-01
   1.259000000e-01  -3.760410000e-01  -5.545960000e-01
   2.747990000e-01  -3.742410000e-01   1.185120000e-01
  -2.189640000e+00  -4.027410000e-01   2.145240000e-01
  -2.542940000e+00  -3.943410000e-01  -1.863200000e-01
   1.047341000e-01  -3.799410000e-01   9.129250000e-01
  -2.142170000e-01  -3.921410000e-01   4.148570000e-01
  -2.980190000e+00  -3.781410000e-01   1.254854900e+00
  -3.095480000e+00  -3.797410000e-01  -2.801100000e-02
  -3.499150000e-01  -3.749410000e-01  -1.217360000e+00
  -4.763240000e-01  -3.899410000e-01  -7.102900000e-01
   2.319210000e-01  -3.717410000e-01   1.671704000e+00
  -2.232530000e-01  -3.878410000e-01   1.509561000e+00
  -1.988730000e+00  -4.028410000e-01  -2.244780000e-01
  -2.398810000e+00  -3.847410000e-01   1.819350000e+00
  -2.468090000e+00  -3.898410000e-01   1.455877000e+00
  -7.968150000e-01  -3.952410000e-01  -6.744400000e-01
  -8.152650000e-01  -3.989410000e-01  -4.310790000e-01
  -1.129450000e+00  -3.968410000e-01   1.765920000e+00
  -1.201460000e+00  -3.902410000e-01   2.128426000e+00
  -9.906600000e-01  -3.932410000e-01   1.921916000e+00
  -2.184730000e+00  -3.833410000e-01   2.053463000e+00
  -2.333460000e+00  -3.805410000e-01   2.043855000e+00
  -2.096950000e+00  -3.903410000e-01   1.838567000e+00
  -2.006890000e+00  -3.998410000e-01   1.335597000e+00
  -2.238490000e+00  -3.954410000e-01   1.395737000e+00
  -1.553850000e+00  -4.071410000e-01   7.265300000e-02
  -1.771290000e+00  -4.053410000e-01  -7.341300000e-02
  -1.411300000e+00  -4.058410000e-01  -1.791340000e-01
  -1.250210000e+00  -4.070410000e-01   9.169800000e-02
  -1.041463000e+00  -4.049410000e-01  -4.200900000e-02
  -5.804880000e-01  -3.999410000e-01   9.137197000e-01
  -1.540420000e+00  -3.788410000e-01   2.505290000e+00
  -1.242650000e+00  -3.801410000e-01   2.497850000e+00
  -1.701180000e+00  -3.987410000e-01  -7.011600000e-01
  -1.409241000e+00  -3.993410000e-01  -6.753800000e-01
  -1.410813000e+00  -3.950410000e-01  -8.967500000e-01
  -1.420194000e+00  -4.021410000e-01   1.442974000e+00
  -1.101210000e+00  -3.994410000e-01   1.569191000e+00
  -2.818590000e-01  -3.922410000e-01  -1.166780000e-01
  -2.278380000e+00  -3.975410000e-01   1.157968780e+00
  -2.176380000e+00  -4.009410000e-01   9.442930000e-01
  -1.846450000e+00  -4.011410000e-01  -4.678200000e-01
  -2.014600000e+00  -3.954410000e-01  -7.572700000e-01
  -2.003160000e+00  -3.993410000e-01  -4.933700000e-01
  -1.740370000e+00  -3.992410000e-01   1.566015000e+00
  -1.715220000e+00  -4.015410000e-01   1.379286000e+00
  -2.697470000e+00  -3.774410000e-01   1.800132000e+00
  -6.009610000e-01  -4.009410000e-01   2.797900000e-01
  -5.542870000e-01  -3.979410000e-01  -1.411970000e-01
  -9.945670000e-01  -3.930410000e-01  -8.953300000e-01
  -8.343220000e-01  -3.913410000e-01  -8.937500000e-01
  -1.267302000e+00  -4.026410000e-01  -4.318600000e-01
  -1.483740000e+00  -4.011410000e-01  -5.615100000e-01
  -1.439340000e+00  -3.876410000e-01   2.221361000e+00
  -2.035911000e+00  -3.859410000e-01   2.059948000e+00
  -9.604180000e-01  -4.050410000e-01   9.190700000e-02
  -7.166880000e-01  -4.018410000e-01   4.853700000e-02
  -1.628880000e+00  -4.038410000e-01  -3.204800000e-01
  -1.268845000e+00  -3.949410000e-01  -8.878600000e-01
  -1.202976000e+00  -3.920410000e-01  -9.987200000e-01
  -8.317160000e-01  -4.022410000e-01  -1.747170000e-01
  -5.158060000e-01  -3.941410000e-01  -4.287420000e-01
  -1.472800000e+00  -4.076410000e-01   2.125690000e-01
  -9.785100000e-01  -4.008410000e-01  -4.246560000e-01
  -1.050009000e+00  -4.027410000e-01  -3.017910000e-01
  -1.474940000e+00  -3.966410000e-01   1.806434000e+00
  -1.121305000e+00  -3.984410000e-01  -6.665900000e-01
  -1.699510000e+00  -4.048410000e-01  -1.983060000e-01
  -2.282620000e+00  -3.905410000e-01   1.647222000e+00
  -2.505980000e+00  -3.920410000e-01   1.218108900e+00
C Number of facets
  786
C  Size  Node 1  ......Node N Marker
    3    0    1    2    3
    3    0    2    3    3
    3    0    3    4    3
    3    0    4    5    3
    3    0    5    6    3
    3    0    6    7    3
    3    0    7    8    3
    3    0    8    9    3
    3    0    9   10    3
    3    0   10   11    3
    3    0   11   12    3
    3    0   12   13    3
    3    0   13   14    3
    3    0   14   15    3
    3    0   15   16    3
    3    0   16   17    3
    3    0   17   18    3
    3    0   18   19    3
    3    0   19   20    3
    3    0   20   21    3
    3    0   21   22    3
    3    0   22   23    3
    3    0   23   24    3
    3    0   24    1    3
    3    1   25   26    3
    3    1   26    2    3
    3    2   26   27    3
    3    2   27    3    3
    3    3   27   28    3
    3    3   28    4    3
    3    4   28   29    3
    3    4   29    5    3
    3    5   29   30    3
    3    5   30    6    3
    3    6   30   31    3
    3    6   31    7    3
    3    7   31   32    3
    3    7   32    8    3
    3    8   32   33    3
    3    8   33    9    3
    3    9   33   34    3
    3    9   34   10    3
    3   10   34   35    3
    3   10   35   11    3
    3   11   35   36    3
    3   11   36   12    3
    3   12   36   37    3
    3   12   37   13    3
    3   13   37   38    3
    3   13   38   14    3
    3   14   38   39    3
    3   14   39   15    3
    3   15   39   40    3
    3   15   40   16    3
    3   16   40   41    3
    3   16   41   17    3
    3   17   41   42    3
    3   17   42   18    3
    3   18   42   43    3
    3   18   43   19    3
    3   19   43   44    3
    3   19   44   20    3
    3   20   44   45    3
    3   20   45   21    3
    3   21   45   46    3
    3   21   46   22    3
    3   22   46   47    3
    3   22   47   23    3
    3   23   47   48    3
    3   23   48   24    3
    3   24   48   25    3
    3   24   25    1    3
    3   25   49   50    3
    3   25   50   26    3
    3   26   50   51    3
    3   26   51   27    3
    3   27   51   52    3
    3   27   52   28    3
    3   28   52   53    3
    3   28   53   29    3
    3   29   53   54    3
    3   29   54   30    3
    3   30   54   55    3
    3   30   55   31    3
    3   31   55   56    3
    3   31   56   32    3
    3   32   56   57    3
    3   32   57   33    3
    3   33   57   58    3
    3   33   58   34    3
    3   34   58   59    3
    3   34   59   35    3
    3   35   59   60    3
    3   35   60   36    3
    3   36   60   61    3
    3   36   61   37    3
    3   37   61   62    3
    3   37   62   38    3
    3   38   62   63    3
    3   38   63   39    3
    3   39   63   64    3
    3   39   64   40    3
    3   40   64   65    3
    3   40   65   41    3
    3   41   65   66    3
    3   41   66   42    3
    3   42   66   67    3
    3   42   67   43    3
    3   43   67   68    3
    3   43   68   44    3
    3   44   68   69    3
    3   44   69   45    3
    3   45   69   70    3
    3   45   70   46    3
    3   46   70   71    3
    3   46   71   47    3
    3   47   71   72    3
    3   47   72   48    3
    3   48   72   49    3
    3   48   49   25    3
    3   49   73   74    3
    3   49   74   50    3
    3   50   74   75    3
    3   50   75   51    3
    3   51   75   76    3
    3   51   76   52    3
    3   52   76   77    3
    3   52   77   53    3
    3   53   77   78    3
    3   53   78   54    3
    3   54   78   79    3
    3   54   79   55    3
    3   55   79   80    3
    3   55   80   56    3
    3   56   80   81    3
    3   56   81   57    3
    3   57   81   82    3
    3   57   82   58    3
    3   58   82   83    3
    3   58   83   59    3
    3   59   83   84    3
    3   59   84   60    3
    3   60   84   85    3
    3   60   85   61    3
    3   61   85   86    3
    3   61   86   62    3
    3   62   86   87    3
    3   62   87   63    3
    3   63   87   88    3
    3   63   88   64    3
    3   64   88   89    3
    3   64   89   65    3
    3   65   89   90    3
    3   65   90   66    3
    3   66   90   91    3
    3   66   91   67    3
    3   67   91   92    3
    3   67   92   68    3
    3   68   92   93    3
    3   68   93   69    3
    3   69   93   94    3
    3   69   94   70    3
    3   70   94   95    3
    3   70   95   71    3
    3   71   95   96    3
    3   71   96   72    3
    3   72   96   73    3
    3   72   73   49    3
    3   73   97   98    3
    3   73   98   74    3
    3   74   98   99    3
    3   74   99   75    3
    3   75   99  100    3
    3   75  100   76    3
    3   76  100  101    3
    3   76  101   77    3
    3   77  101  102    3
    3   77  102   78    3
    3   78  102  103    3
    3   78  103   79    3
    3   79  103  104    3
    3   79  104   80    3
    3   80  104  105    3
    3   80  105   81    3
    3   81  105  106    3
    3   81  106   82    3
    3   82  106  107    3
    3   82  107   83    3
    3   83  107  108    3
    3   83  108   84    3
    3   84  108  109    3
    3   84  109   85    3
    3   85  109  110    3
    3   85  110   86    3
    3   86  110  111    3
    3   86  111   87    3
    3   87  111  112    3
    3   87  112   88    3
    3   88  112  113    3
    3   88  113   89    3
    3   89  113  114    3
    3   89  114   90    3
    3   90  114  115    3
    3   90  115   91    3
    3   91  115  116    3
    3   91  116   92    3
    3   92  116  117    3
    3   92  117   93    3
    3   93  117  118    3
    3   93  118   94    3
    3   94  118  119    3
    3   94  119   95    3
    3   95  119  120    3
    3   95  120   96    3
    3   96  120   97    3
    3   96   97   73    3
    3   97  121  122    3
    3   97  122   98    3
    3   98  122  123    3
    3   98  123   99    3
    3   99  123  124    3
    3   99  124  100    3
    3  100  124  125    3
    3  100  125  101    3
    3  101  125  126    3
    3  101  126  102    3
    3  102  126  127    3
    3  102  127  103    3
    3  103  127  128    3
    3  103  128  104    3
    3  104  128  129    3
    3  104  129  105    3
    3  105  129  130    3
    3  105  130  106    3
    3  106  130  131    3
    3  106  131  107    3
    3  107  131  132    3
    3  107  132  108    3
    3  108  132  133    3
    3  108  133  109    3
    3  109  133  134    3
    3  109  134  110    3
    3  110  134  135    3
    3  110  135  111    3
    3  111  135  136    3
    3  111  136  112    3
    3  112  136  137    3
    3  112  137  113    3
    3  113  137  138    3
    3  113  138  114    3
    3  114  138  139    3
    3  114  139  115    3
    3  115  139  140    3
    3  115  140  116    3
    3  116  140  141    3
    3  116  141  117    3
    3  117  141  142    3
    3  117  142  118    3
    3  118  142  143    3
    3  118  143  119    3
    3  119  143  144    3
    3  119  144  120    3
    3  120  144  121    3
    3  120  121   97    3
    3  121  145  146    3
    3  121  146  122    3
    3  122  146  147    3
    3  122  147  123    3
    3  123  147  148    3
    3  123  148  124    3
    3  124  148  149    3
    3  124  149  125    3
    3  125  149  150    3
    3  125  150  126    3
    3  126  150  151    3
    3  126  151  127    3
    3  127  151  152    3
    3  127  152  128    3
    3  128  152  153    3
    3  128  153  129    3
    3  129  153  154    3
    3  129  154  130    3
    3  130  154  155    3
    3  130  155  131    3
    3  131  155  156    3
    3  131  156  132    3
    3  132  156  157    3
    3  132  157  133    3
    3  133  157  158    3
    3  133  158  134    3
    3  134  158  159    3
    3  134  159  135    3
    3  135  159  160    3
    3  135  160  136    3
    3  136  160  161    3
    3  136  161  137    3
    3  137  161  162    3
    3  137  162  138    3
    3  138  162  163    3
    3  138  163  139    3
    3  139  163  164    3
    3  139  164  140    3
    3  140  164  165    3
    3  140  165  141    3
    3  141  165  166    3
    3  141  166  142    3
    3  142  166  167    3
    3  142  167  143    3
    3  143  167  168    3
    3  143  168  144    3
    3  144  168  145    3
    3  144  145  121    3
    3  145  169  170    3
    3  145  170  146    3
    3  146  170  171    3
    3  146  171  147    3
    3  147  171  172    3
    3  147  172  148    3
    3  148  172  173    3
    3  148  173  149    3
    3  149  173  174    3
    3  149  174  150    3
    3  150  174  175    3
    3  150  175  151    3
    3  151  175  176    3
    3  151  176  152    3
    3  152  176  177    3
    3  152  177  153    3
    3  153  177  178    3
    3  153  178  154    3
    3  154  178  179    3
    3  154  179  155    3
    3  155  179  180    3
    3  155  180  156    3
    3  156  180  181    3
    3  156  181  157    3
    3  157  181  182    3
    3  157  182  158    3
    3  158  182  183    3
    3  158  183  159    3
    3  159  183  184    3
    3  159  184  160    3
    3  160  184  185    3
    3  160  185  161    3
    3  161  185  186    3
    3  161  186  162    3
    3  162  186  187    3
    3  162  187  163    3
    3  163  187  188    3
    3  163  188  164    3
    3  164  188  189    3
    3  164  189  165    3
    3  165  189  190    3
    3  165  190  166    3
    3  166  190  191    3
    3  166  191  167    3
    3  167  191  192    3
    3  167  192  168    3
    3  168  192  169    3
    3  168  169  145    3
    3  169  193  194    3
    3  169  194  170    3
    3  170  194  195    3
    3  170  195  171    3
    3  171  195  196    3
    3  171  196  172    3
    3  172  196  197    3
    3  172  197  173    3
    3  173  197  198    3
    3  173  198  174    3
    3  174  198  199    3
    3  174  199  175    3
    3  175  199  200    3
    3  175  200  176    3
    3  176  200  201    3
    3  176  201  177    3
    3  177  201  202    3
    3  177  202  178    3
    3  178  202  203    3
    3  178  203  179    3
    3  179  203  204    3
    3  179  204  180    3
    3  180  204  205    3
    3  180  205  181    3
    3  181  205  206    3
    3  181  206  182    3
    3  182  206  207    3
    3  182  207  183    3
    3  183  207  208    3
    3  183  208  184    3
    3  184  208  209    3
    3  184  209  185    3
    3  185  209  210    3
    3  185  210  186    3
    3  186  210  211    3
    3  186  211  187    3
    3  187  211  212    3
    3  187  212  188    3
    3  188  212  213    3
    3  188  213  189    3
    3  189  213  214    3
    3  189  214  190    3
    3  190  214  215    3
    3  190  215  191    3
    3  191  215  216    3
    3  191  216  192    3
    3  192  216  193    3
    3  192  193  169    3
    3  193  217  218    3
    3  193  218  194    3
    3  194  218  219    3
    3  194  219  195    3
    3  195  219  220    3
    3  195  220  196    3
    3  196  220  221    3
    3  196  221  197    3
    3  197  221  222    3
    3  197  222  198    3
    3  198  222  223    3
    3  198  223  199    3
    3  199  223  224    3
    3  199  224  200    3
    3  200  224  225    3
    3  200  225  201    3
    3  201  225  226    3
    3  201  226  202    3
    3  202  226  227    3
    3  202  227  203    3
    3  203  227  228    3
    3  203  228  204    3
    3  204  228  229    3
    3  204  229  205    3
    3  205  229  230    3
    3  205  230  206    3
    3  206  230  231    3
    3  206  231  207    3
    3  207  231  232    3
    3  207  232  208    3
    3  208  232  233    3
    3  208  233  209    3
    3  209  233  234    3
    3  209  234  210    3
    3  210  234  235    3
    3  210  235  211    3
    3  211  235  236    3
    3  211  236  212    3
    3  212  236  237    3
    3  212  237  213    3
    3  213  237  238    3
    3  213  238  214    3
    3  214  238  239    3
    3  214  239  215    3
    3  215  239  240    3
    3  215  240  216    3
    3  216  240  217    3
    3  216  217  193    3
    3  217  241  242    3
    3  217  242  218    3
    3  218  242  243    3
    3  218  243  219    3
    3  219  243  244    3
    3  219  244  220    3
    3  220  244  245    3
    3  220  245  221    3
    3  221  245  246    3
    3  221  246  222    3
    3  222  246  247    3
    3  222  247  223    3
    3  223  247  248    3
    3  223  248  224    3
    3  224  248  249    3
    3  224  249  225    3
    3  225  249  250    3
    3  225  250  226    3
    3  226  250  251    3
    3  226  251  227    3
    3  227  251  252    3
    3  227  252  228    3
    3  228  252  253    3
    3  228  253  229    3
    3  229  253  254    3
    3  229  254  230    3
    3  230  254  255    3
    3  230  255  231    3
    3  231  255  256    3
    3  231  256  232    3
    3  232  256  257    3
    3  232  257  233    3
    3  233  257  258    3
    3  233  258  234    3
    3  234  258  259    3
    3  234  259  235    3
    3  235  259  260    3
    3  235  260  236    3
    3  236  260  261    3
    3  236  261  237    3
    3  237  261  262    3
    3  237  262  238    3
    3  238  262  263    3
    3  238  263  239    3
    3  239  263  264    3
    3  239  264  240    3
    3  240  264  241    3
    3  240  241  217    3
    3  264  265  241    3
    3  264  266  265    3
    3  263  266  264    3
    3  263  267  266    3
    3  262  267  263    3
    3  262  268  267    3
    3  261  268  262    3
    3  261  269  268    3
    3  260  269  261    3
    3  260  270  269    3
    3  259  270  260    3
    3  259  271  270    3
    3  258  271  259    3
    3  258  272  271    3
    3  257  272  258    3
    3  257  273  272    3
    3  256  273  257    3
    3  256  274  273    3
    3  255  274  256    3
    3  255  275  274    3
    3  254  275  255    3
    3  254  276  275    3
    3  253  276  254    3
    3  253  277  276    3
    3  252  277  253    3
    3  252  278  277    3
    3  251  278  252    3
    3  251  279  278    3
    3  250  279  251    3
    3  250  280  279    3
    3  249  280  250    3
    3  249  281  280    3
    3  248  281  249    3
    3  248  282  281    3
    3  247  282  248    3
    3  247  283  282    3
    3  246  283  247    3
    3  246  284  283    3
    3  245  284  246    3
    3  245  285  284    3
    3  244  285  245    3
    3  244  286  285    3
    3  243  286  244    3
    3  243  287  286    3
    3  242  287  243    3
    3  242  288  287    3
    3  241  288  242    3
    3  241  265  288    3
    3  289  279  290    1
    3  291  288  292    1
    3  293  294  295    3
    3  296  275  276    1
    3  297  298  299    1
    3  300  301  302    1
    3  303  304  305    3
    3  292  306  307    1
    3  308  309  310    4
    3  300  293  301    1
    3  311  312  313    3
    3  290  314  315    1
    3  316  317  318    1
    3  319  320  321    3
    3  317  322  308    1
    3  286  323  285    1
    3  286  287  320    1
    3  298  297  293    1
    3  324  325  273    1
    3  326  271  272    1
    3  327  328  301    1
    3  329  326  330    1
    3  300  331  304    1
    3  332  282  302    1
    3  272  325  326    1
    3  296  276  316    1
    3  296  333  275    1
    3  324  334  325    1
    3  335  329  336    1
    3  315  328  337    1
    3  338  339  303    3
    3  334  340  341    4
    3  279  289  278    1
    3  274  275  333    1
    3  322  278  289    1
    3  342  343  344    3
    3  332  301  328    1
    3  314  290  280    1
    3  345  338  346    3
    3  324  333  334    1
    3  277  316  276    1
    3  266  267  335    1
    3  288  291  287    1
    3  347  348  349    3
    3  316  322  317    1
    3  297  350  351    4
    3  327  301  293    1
    3  283  331  302    1
    3  352  353  354    4
    3  326  269  270    1
    3  332  302  301    1
    3  355  299  298    1
    3  312  356  357    3
    3  330  355  329    1
    3  336  306  335    1
    3  271  326  270    1
    3  358  359  360    4
    3  298  361  362    3
    3  283  302  282    1
    3  336  329  355    1
    3  326  363  330    1
    3  265  292  288    1
    3  300  364  365    3
    3  366  367  368    4
    3  333  318  334    1
    3  369  361  370    3
    3  327  293  297    1
    3  278  322  277    1
    3  320  291  356    3
    3  371  285  323    1
    3  363  325  334    1
    3  371  331  284    1
    3  364  339  349    3
    3  268  335  267    1
    3  372  363  373    4
    3  280  290  279    1
    3  266  306  265    1
    3  316  277  322    1
    3  328  315  314    1
    3  308  315  367    1
    3  355  330  372    1
    3  327  297  337    1
    3  280  281  314    1
    3  374  340  375    4
    3  296  316  318    1
    3  352  376  377    4
    3  355  307  336    1
    3  292  343  378    3
    3  326  325  363    1
    3  320  287  291    1
    3  345  319  379    3
    3  380  372  381    4
    3  358  366  382    4
    3  268  329  335    1
    3  273  274  324    1
    3  336  307  306    1
    3  265  306  292    1
    3  296  318  333    1
    3  383  374  384    4
    3  329  268  269    1
    3  385  373  386    4
    3  333  324  274    1
    3  283  284  331    1
    3  298  307  355    1
    3  299  353  387    4
    3  308  289  315    1
    3  273  325  272    1
    3  327  337  328    1
    3  388  376  389    4
    3  314  332  328    1
    3  281  282  332    1
    3  315  289  290    1
    3  363  372  330    1
    3  355  372  299    1
    3  285  371  284    1
    3  314  281  332    1
    3  269  326  329    1
    3  369  347  311    3
    3  266  335  306    1
    3  286  320  323    1
    3  308  322  289    1
    3  300  302  331    1
    3  343  390  313    3
    3  292  307  344    3
    3  298  348  370    3
    3  361  390  342    3
    3  343  342  390    3
    3  342  307  362    3
    3  347  369  348    3
    3  361  369  390    3
    3  369  311  390    3
    3  312  311  347    3
    3  311  313  390    3
    3  313  312  378    3
    3  298  362  307    3
    3  342  362  361    3
    3  342  344  307    3
    3  292  344  343    3
    3  369  370  348    3
    3  298  370  361    3
    3  292  378  312    3
    3  313  378  343    3
    3  334  318  375    4
    3  340  391  388    4
    3  318  317  384    4
    3  340  374  391    4
    3  352  385  389    4
    3  376  391  359    4
    3  376  388  391    4
    3  388  385  341    4
    3  359  391  383    4
    3  359  358  377    4
    3  374  383  391    4
    3  383  317  360    4
    3  374  375  318    4
    3  334  375  340    4
    3  334  341  385    4
    3  388  341  340    4
    3  388  389  385    4
    3  352  389  376    4
    3  352  377  358    4
    3  359  377  376    4
    3  358  360  317    4
    3  383  360  359    4
    3  383  384  317    4
    3  318  384  374    4
    3  367  358  309    4
    3  315  337  368    1
    3  353  352  350    4
    3  353  299  380    4
    3  372  380  299    4
    3  380  385  354    4
    3  350  352  392    4
    3  350  297  387    4
    3  366  337  392    4
    3  367  366  358    4
    3  363  334  386    4
    3  373  385  381    4
    3  392  337  351    4
    3  392  352  382    4
    3  380  381  385    4
    3  373  381  372    4
    3  358  317  310    4
    3  367  309  308    4
    3  385  386  334    4
    3  363  386  373    4
    3  366  368  337    4
    3  315  368  367    1
    3  299  387  297    4
    3  350  387  353    4
    3  352  354  385    4
    3  380  354  353    4
    3  358  382  352    4
    3  392  382  366    4
    3  297  351  337    4
    3  392  351  350    4
    3  308  310  317    4
    3  358  310  309    4
    3  312  347  379    3
    3  320  319  323    3
    3  371  323  346    3
    3  338  347  393    3
    3  364  300  394    3
    3  364  348  294    3
    3  319  345  323    3
    3  338  345  347    3
    3  348  298  295    3
    3  294  293  365    3
    3  304  339  394    3
    3  331  371  305    1
    3  364  349  348    3
    3  349  339  393    3
    3  338  393  339    3
    3  349  393  347    3
    3  338  303  371    3
    3  304  303  339    3
    3  356  312  321    3
    3  291  292  357    3
    3  364  394  339    3
    3  304  394  300    3
    3  319  321  312    3
    3  356  321  320    3
    3  293  295  298    3
    3  348  295  294    3
    3  312  357  292    3
    3  291  357  356    3
    3  345  346  323    3
    3  371  346  338    3
    3  303  305  371    3
    3  331  305  304    1
    3  345  379  347    3
    3  312  379  319    3
    3  300  365  293    3
    3  294  365  364    3
C Prescribed Values(Inlet, Outlet), InteractionSurface(Inlet, Outlet)
       1        0        0        2        2        2
C Inlet Pressure, FunID (E18.9,I5)
   1.000000000e+00    3
C Outlet Velocity
C     Vx,           Vy,            Vz,    indVx,indVy,indVz, FunID(3E18.9, 4I5)
   0.000000000e+00   1.000000000e+00   0.000000000e+00    1    0    0    4
C Inlet Velocity
C nNodeID,    Vx,           Vy,            Vz (I5, 3E18.9)
  265
    1  -5.000000000e-02  -1.050000000e+00  -2.000000000e-01
    2   1.500000000e-01  -9.500000000e-01   9.500000000e-01
    3  -1.500000000e-01  -9.500000000e-01   1.200000000e+00
    4  -3.500000000e-01  -9.500000000e-01   7.000000000e-01
    5  -2.500000000e-01  -9.500000000e-01   1.500000000e-01
    6   0.000000000e+00  -9.500000000e-01  -1.500000000e-01
    7   1.000000000e-01  -9.500000000e-01  -2.000000000e-01
    8   1.000000000e-01  -9.500000000e-01  -1.500000000e-01
    9  -5.000000000e-02  -9.500000000e-01  -1.500000000e-01
   10  -3.000000000e-01  -9.500000000e-01  -1.500000000e-01
   11  -4.000000000e-01  -9.500000000e-01  -3.000000000e-01
   12  -2.500000000e-01  -9.500000000e-01  -3.000000000e-01
   13  -1.500000000e-01  -9.500000000e-01  -2.500000000e-01
   14  -1.000000000e-01  -9.500000000e-01  -1.500000000e-01
   15  -1.000000000e-01  -9.500000000e-01  -1.500000000e-01
   16   0.000000000e+00  -9.500000000e-01  -4.000000000e-01
   17   3.500000000e-01  -9.500000000e-01  -8.000000000e-01
   18   7.500000000e-01  -9.500000000e-01  -8.500000000e-01
   19   9.500000000e-01  -9.500000000e-01  -6.500000000e-01
   20   6.500000000e-01  -9.500000000e-01  -2.500000000e-01
   21  -2.500000000e-01  -9.500000000e-01  -1.000000000e-01
   22  -1.150000000e+00  -9.500000000e-01  -4.000000000e-01
   23  -1.150000000e+00  -9.500000000e-01  -7.500000000e-01
   24  -6.500000000e-01  -9.500000000e-01  -7.000000000e-01
   25  -5.000000000e-02  -9.500000000e-01   0.000000000e+00
   26   2.000000000e-01  -9.000000000e-01   1.450000000e+00
   27  -3.000000000e-01  -9.000000000e-01   1.650000000e+00
   28  -4.500000000e-01  -9.000000000e-01   5.000000000e-01
   29  -5.000000000e-02  -9.000000000e-01  -5.500000000e-01
   30   6.000000000e-01  -9.000000000e-01  -1.050000000e+00
   31   9.500000000e-01  -9.000000000e-01  -9.000000000e-01
   32   7.500000000e-01  -9.000000000e-01  -5.000000000e-01
   33   5.000000000e-02  -9.000000000e-01  -2.500000000e-01
   34  -9.500000000e-01  -9.000000000e-01  -5.000000000e-01
   35  -1.350000000e+00  -9.000000000e-01  -9.500000000e-01
   36  -8.500000000e-01  -9.000000000e-01  -9.500000000e-01
   37  -3.000000000e-01  -9.000000000e-01  -3.500000000e-01
   38  -1.000000000e-01  -9.000000000e-01   2.500000000e-01
   39  -2.500000000e-01  -9.000000000e-01   5.500000000e-01
   40  -3.500000000e-01  -9.000000000e-01   1.000000000e-01
   41   2.500000000e-01  -9.000000000e-01  -9.500000000e-01
   42   9.500000000e-01  -9.000000000e-01  -1.350000000e+00
   43   1.350000000e+00  -9.000000000e-01  -1.050000000e+00
   44   9.000000000e-01  -9.000000000e-01  -5.000000000e-01
   45  -6.500000000e-01  -9.000000000e-01  -2.500000000e-01
   46  -2.300000000e+00  -9.000000000e-01  -8.500000000e-01
   47  -2.350000000e+00  -9.000000000e-01  -1.600000000e+00
   48  -1.350000000e+00  -9.000000000e-01  -1.400000000e+00
   49  -2.000000000e-01  -9.000000000e-01  -2.000000000e-01
   50   3.500000000e-01  -8.500000000e-01   1.650000000e+00
   51  -1.500000000e-01  -8.500000000e-01   1.750000000e+00
   52  -3.000000000e-01  -8.500000000e-01   7.500000000e-01
   53   5.000000000e-02  -8.500000000e-01  -2.500000000e-01
   54   6.500000000e-01  -8.500000000e-01  -7.000000000e-01
   55   9.000000000e-01  -8.500000000e-01  -5.500000000e-01
   56   7.000000000e-01  -8.500000000e-01  -2.000000000e-01
   57   1.000000000e-01  -8.500000000e-01  -5.000000000e-02
   58  -7.000000000e-01  -8.500000000e-01  -2.500000000e-01
   59  -1.050000000e+00  -8.500000000e-01  -6.500000000e-01
   60  -5.500000000e-01  -8.500000000e-01  -6.000000000e-01
   61   1.000000000e-01  -8.500000000e-01   1.500000000e-01
   62   2.000000000e-01  -8.500000000e-01   9.500000000e-01
   63  -5.000000000e-02  -8.500000000e-01   1.350000000e+00
   64  -3.000000000e-01  -8.500000000e-01   8.500000000e-01
   65   3.500000000e-01  -8.500000000e-01  -7.000000000e-01
   66   1.350000000e+00  -8.500000000e-01  -1.300000000e+00
   67   2.000000000e+00  -8.500000000e-01  -1.100000000e+00
   68   1.650000000e+00  -8.500000000e-01  -4.500000000e-01
   69   0.000000000e+00  -8.500000000e-01  -5.000000000e-02
   70  -1.900000000e+00  -8.500000000e-01  -6.000000000e-01
   71  -2.000000000e+00  -8.500000000e-01  -1.250000000e+00
   72  -1.100000000e+00  -8.500000000e-01  -1.200000000e+00
   73   0.000000000e+00  -8.500000000e-01   5.000000000e-02
   74   3.000000000e-01  -8.000000000e-01   1.750000000e+00
   75  -1.000000000e-01  -8.000000000e-01   1.850000000e+00
   76  -3.500000000e-01  -8.000000000e-01   1.200000000e+00
   77  -2.500000000e-01  -8.000000000e-01   5.000000000e-01
   78   5.000000000e-02  -8.000000000e-01   1.000000000e-01
   79   1.500000000e-01  -8.000000000e-01   5.000000000e-02
   80   5.000000000e-02  -8.000000000e-01   2.000000000e-01
   81  -2.500000000e-01  -8.000000000e-01   2.000000000e-01
   82  -6.000000000e-01  -8.000000000e-01   5.000000000e-02
   83  -7.000000000e-01  -8.000000000e-01  -2.000000000e-01
   84  -3.000000000e-01  -8.000000000e-01  -1.000000000e-01
   85   2.000000000e-01  -8.000000000e-01   7.000000000e-01
   86   3.000000000e-01  -8.000000000e-01   1.550000000e+00
   87  -1.000000000e-01  -8.000000000e-01   1.900000000e+00
   88  -4.500000000e-01  -8.000000000e-01   1.400000000e+00
   89   3.500000000e-01  -8.000000000e-01  -3.500000000e-01
   90   1.450000000e+00  -8.000000000e-01  -1.150000000e+00
   91   2.150000000e+00  -8.000000000e-01  -9.500000000e-01
   92   2.000000000e+00  -8.000000000e-01  -2.500000000e-01
   93   4.500000000e-01  -8.000000000e-01   2.500000000e-01
   94  -1.550000000e+00  -8.000000000e-01  -2.500000000e-01
   95  -1.700000000e+00  -8.000000000e-01  -9.000000000e-01
   96  -9.500000000e-01  -8.000000000e-01  -7.500000000e-01
   97   5.000000000e-02  -8.000000000e-01   4.000000000e-01
   98   5.000000000e-02  -7.500000000e-01   1.600000000e+00
   99  -3.000000000e-01  -7.500000000e-01   1.850000000e+00
  100  -7.000000000e-01  -7.500000000e-01   1.700000000e+00
  101  -9.000000000e-01  -7.500000000e-01   1.350000000e+00
  102  -1.050000000e+00  -7.500000000e-01   1.050000000e+00
  103  -1.100000000e+00  -7.500000000e-01   7.500000000e-01
  104  -1.050000000e+00  -7.500000000e-01   4.500000000e-01
  105  -8.000000000e-01  -7.500000000e-01   2.500000000e-01
  106  -5.000000000e-01  -7.500000000e-01   2.000000000e-01
  107  -3.000000000e-01  -7.500000000e-01   2.500000000e-01
  108  -1.500000000e-01  -7.500000000e-01   4.500000000e-01
  109   1.000000000e-01  -7.500000000e-01   1.000000000e+00
  110   5.000000000e-02  -7.500000000e-01   1.650000000e+00
  111  -3.500000000e-01  -7.500000000e-01   1.900000000e+00
  112  -6.000000000e-01  -7.500000000e-01   1.350000000e+00
  113   2.000000000e-01  -7.500000000e-01  -4.000000000e-01
  114   1.350000000e+00  -7.500000000e-01  -1.200000000e+00
  115   2.000000000e+00  -7.500000000e-01  -9.000000000e-01
  116   1.950000000e+00  -7.500000000e-01  -2.000000000e-01
  117   2.000000000e-01  -7.500000000e-01   3.500000000e-01
  118  -2.150000000e+00  -7.500000000e-01  -3.000000000e-01
  119  -2.250000000e+00  -7.500000000e-01  -9.500000000e-01
  120  -1.300000000e+00  -7.500000000e-01  -8.000000000e-01
  121  -2.000000000e-01  -7.500000000e-01   3.500000000e-01
  122   2.000000000e-01  -6.500000000e-01   1.950000000e+00
  123  -2.000000000e-01  -6.500000000e-01   2.250000000e+00
  124  -6.500000000e-01  -6.500000000e-01   2.200000000e+00
  125  -1.100000000e+00  -6.500000000e-01   1.950000000e+00
  126  -1.450000000e+00  -6.500000000e-01   1.650000000e+00
  127  -1.550000000e+00  -6.500000000e-01   1.200000000e+00
  128  -1.200000000e+00  -6.500000000e-01   6.500000000e-01
  129  -5.000000000e-01  -6.500000000e-01   4.000000000e-01
  130   3.500000000e-01  -6.500000000e-01   5.500000000e-01
  131   7.500000000e-01  -6.500000000e-01   1.000000000e+00
  132   5.500000000e-01  -6.500000000e-01   1.200000000e+00
  133   3.500000000e-01  -6.500000000e-01   1.350000000e+00
  134   1.000000000e-01  -6.500000000e-01   1.400000000e+00
  135  -1.500000000e-01  -6.500000000e-01   1.300000000e+00
  136  -2.500000000e-01  -6.500000000e-01   9.000000000e-01
  137   4.000000000e-01  -6.500000000e-01  -4.000000000e-01
  138   1.400000000e+00  -6.500000000e-01  -1.000000000e+00
  139   2.050000000e+00  -6.500000000e-01  -7.000000000e-01
  140   2.000000000e+00  -6.500000000e-01   0.000000000e+00
  141   2.500000000e-01  -6.500000000e-01   4.500000000e-01
  142  -1.950000000e+00  -6.500000000e-01  -1.000000000e-01
  143  -1.950000000e+00  -6.500000000e-01  -7.000000000e-01
  144  -1.050000000e+00  -6.500000000e-01  -5.000000000e-01
  145   0.000000000e+00  -6.500000000e-01   6.500000000e-01
  146   3.500000000e-01  -3.500000000e-01   2.250000000e+00
  147   0.000000000e+00  -3.500000000e-01   2.800000000e+00
  148  -7.000000000e-01  -3.500000000e-01   3.050000000e+00
  149  -1.600000000e+00  -3.500000000e-01   3.500000000e+00
  150  -2.600000000e+00  -3.500000000e-01   3.150000000e+00
  151  -3.050000000e+00  -3.500000000e-01   2.450000000e+00
  152  -2.450000000e+00  -3.500000000e-01   1.350000000e+00
  153  -9.500000000e-01  -3.500000000e-01   7.000000000e-01
  154   7.000000000e-01  -3.500000000e-01   1.000000000e+00
  155   1.600000000e+00  -3.500000000e-01   1.800000000e+00
  156   1.250000000e+00  -3.500000000e-01   2.050000000e+00
  157   6.500000000e-01  -3.500000000e-01   1.900000000e+00
  158   2.500000000e-01  -3.500000000e-01   1.600000000e+00
  159   5.000000000e-02  -3.500000000e-01   1.300000000e+00
  160   0.000000000e+00  -3.500000000e-01   9.500000000e-01
  161   7.000000000e-01  -3.500000000e-01  -2.500000000e-01
  162   1.950000000e+00  -3.500000000e-01  -9.500000000e-01
  163   2.750000000e+00  -3.500000000e-01  -6.500000000e-01
  164   2.750000000e+00  -3.500000000e-01   1.500000000e-01
  165   1.100000000e+00  -3.500000000e-01   8.500000000e-01
  166  -1.000000000e+00  -3.500000000e-01   4.500000000e-01
  167  -1.000000000e+00  -3.500000000e-01   1.500000000e-01
  168  -4.000000000e-01  -3.500000000e-01   3.500000000e-01
  169   2.500000000e-01  -3.500000000e-01   1.250000000e+00
  170   6.000000000e-01   0.000000000e+00   3.400000000e+00
  171  -5.000000000e-02   0.000000000e+00   3.500000000e+00
  172  -8.500000000e-01   0.000000000e+00   4.000000000e+00
  173  -1.850000000e+00   0.000000000e+00   4.000000000e+00
  174  -2.800000000e+00   0.000000000e+00   3.500000000e+00
  175  -3.350000000e+00   0.000000000e+00   2.650000000e+00
  176  -2.500000000e+00   0.000000000e+00   1.600000000e+00
  177  -7.000000000e-01   0.000000000e+00   9.500000000e-01
  178   1.150000000e+00   0.000000000e+00   1.350000000e+00
  179   2.150000000e+00   0.000000000e+00   2.350000000e+00
  180   1.550000000e+00   0.000000000e+00   2.600000000e+00
  181   5.500000000e-01   0.000000000e+00   1.950000000e+00
  182   1.000000000e-01   0.000000000e+00   1.100000000e+00
  183   1.000000000e-01   0.000000000e+00   5.000000000e-01
  184   3.500000000e-01   0.000000000e+00   2.000000000e-01
  185   7.500000000e-01   0.000000000e+00  -1.500000000e-01
  186   1.550000000e+00   0.000000000e+00  -4.000000000e-01
  187   2.100000000e+00   0.000000000e+00  -1.000000000e-01
  188   2.100000000e+00   0.000000000e+00   5.500000000e-01
  189   7.500000000e-01   0.000000000e+00   1.000000000e+00
  190  -6.000000000e-01   0.000000000e+00   8.000000000e-01
  191  -4.500000000e-01   0.000000000e+00   7.000000000e-01
  192   5.000000000e-02   0.000000000e+00   1.000000000e+00
  193   6.500000000e-01   0.000000000e+00   2.000000000e+00
  194   4.000000000e-01   3.500000000e-01   3.500000000e+00
  195  -4.000000000e-01   3.500000000e-01   4.000000000e+00
  196  -1.450000000e+00   3.500000000e-01   4.500000000e+00
  197  -2.550000000e+00   3.500000000e-01   4.500000000e+00
  198  -3.700000000e+00   3.500000000e-01   3.500000000e+00
  199  -4.300000000e+00   3.500000000e-01   3.000000000e+00
  200  -3.600000000e+00   3.500000000e-01   1.450000000e+00
  201  -1.850000000e+00   3.500000000e-01   6.500000000e-01
  202  -1.000000000e-01   3.500000000e-01   7.500000000e-01
  203   8.500000000e-01   3.500000000e-01   1.400000000e+00
  204   5.500000000e-01   3.500000000e-01   1.550000000e+00
  205  -2.500000000e-01   3.500000000e-01   8.000000000e-01
  206  -5.000000000e-01   3.500000000e-01  -1.000000000e-01
  207  -2.500000000e-01   3.500000000e-01  -8.000000000e-01
  208   2.500000000e-01   3.500000000e-01  -1.100000000e+00
  209   9.500000000e-01   3.500000000e-01  -1.300000000e+00
  210   1.850000000e+00   3.500000000e-01  -1.250000000e+00
  211   2.400000000e+00   3.500000000e-01  -7.000000000e-01
  212   2.050000000e+00   3.500000000e-01   1.500000000e-01
  213   2.000000000e-01   3.500000000e-01   7.000000000e-01
  214  -1.100000000e+00   3.500000000e-01   4.500000000e-01
  215  -8.500000000e-01   3.500000000e-01   3.500000000e-01
  216  -2.000000000e-01   3.500000000e-01   8.500000000e-01
  217   5.500000000e-01   3.500000000e-01   2.250000000e+00
  218  -1.000000000e-01   7.000000000e-01   4.000000000e+00
  219  -9.500000000e-01   7.000000000e-01   4.000000000e+00
  220  -2.050000000e+00   7.000000000e-01   4.500000000e+00
  221  -3.100000000e+00   7.000000000e-01   4.500000000e+00
  222  -4.150000000e+00   7.000000000e-01   3.500000000e+00
  223  -4.750000000e+00   7.000000000e-01   2.500000000e+00
  224  -4.400000000e+00   7.000000000e-01   1.500000000e+00
  225  -3.250000000e+00   7.000000000e-01   5.000000000e-01
  226  -2.050000000e+00   7.000000000e-01   2.000000000e-01
  227  -1.350000000e+00   7.000000000e-01   2.500000000e-01
  228  -1.350000000e+00   7.000000000e-01   5.000000000e-02
  229  -1.450000000e+00   7.000000000e-01  -5.500000000e-01
  230  -1.200000000e+00   7.000000000e-01  -1.100000000e+00
  231  -8.000000000e-01   7.000000000e-01  -1.450000000e+00
  232  -2.000000000e-01   7.000000000e-01  -1.550000000e+00
  233   5.000000000e-01   7.000000000e-01  -1.550000000e+00
  234   1.050000000e+00   7.000000000e-01  -1.250000000e+00
  235   1.400000000e+00   7.000000000e-01  -6.000000000e-01
  236   9.500000000e-01   7.000000000e-01   1.500000000e-01
  237  -4.000000000e-01   7.000000000e-01   6.000000000e-01
  238  -1.150000000e+00   7.000000000e-01   5.000000000e-01
  239  -8.500000000e-01   7.000000000e-01   6.000000000e-01
  240  -3.000000000e-01   7.000000000e-01   1.200000000e+00
  241   3.000000000e-01   7.000000000e-01   2.750000000e+00
  242  -3.000000000e-01   1.050000000e+00   4.500000000e+00
  243  -1.350000000e+00   1.050000000e+00   4.500000000e+00
  244  -2.300000000e+00   1.050000000e+00   4.000000000e+00
  245  -3.050000000e+00   1.050000000e+00   3.500000000e+00
  246  -3.550000000e+00   1.050000000e+00   3.000000000e+00
  247  -3.950000000e+00   1.050000000e+00   2.000000000e+00
  248  -4.100000000e+00   1.050000000e+00   1.000000000e+00
  249  -4.050000000e+00   1.050000000e+00   5.500000000e-01
  250  -3.850000000e+00   1.050000000e+00  -2.000000000e-01
  251  -3.550000000e+00   1.050000000e+00  -8.000000000e-01
  252  -3.100000000e+00   1.050000000e+00  -1.450000000e+00
  253  -2.350000000e+00   1.050000000e+00  -1.600000000e+00
  254  -1.650000000e+00   1.050000000e+00  -1.350000000e+00
  255  -1.100000000e+00   1.050000000e+00  -1.000000000e+00
  256  -7.500000000e-01   1.050000000e+00  -7.500000000e-01
  257  -2.500000000e-01   1.050000000e+00  -8.500000000e-01
  258   2.000000000e-01   1.050000000e+00  -6.500000000e-01
  259   4.000000000e-01   1.050000000e+00  -2.000000000e-01
  260   5.000000000e-02   1.050000000e+00   4.000000000e-01
  261  -7.500000000e-01   1.050000000e+00   7.000000000e-01
  262  -8.500000000e-01   1.050000000e+00   7.500000000e-01
  263  -5.500000000e-01   1.050000000e+00   1.100000000e+00
  264  -5.000000000e-02   1.050000000e+00   1.850000000e+00
  265   3.500000000e-01   1.050000000e+00   3.500000000e+00
C Region List
