C PointsNum,MaxElemVol,TetGenParams,nAtrib,IndMov,MDMaxVolume,MDomDiv,MDOnly,MDDivF,MDPrescP
  395    1.000000e+00 YYpznno2q1.414a     0     0    1.000000e+00     1     0     0     0     0     0 YYpznno2q1.414a
  -1.882148000e-01  -8.513570000e+00  -4.418100000e-02
   7.287710000e-02  -8.042820000e+00   7.469840000e-01
  -1.364590000e-01  -8.042820000e+00   8.090480000e-01
  -3.668280000e-01  -8.042820000e+00   8.262330000e-01
  -6.182570000e-01  -8.042820000e+00   7.992300000e-01
  -8.664580000e-01  -8.042820000e+00   6.928930000e-01
  -1.031834000e+00  -8.042820000e+00   4.794290000e-01
  -1.064789000e+00  -8.042820000e+00   2.110960000e-01
  -1.014068000e+00  -8.042820000e+00  -3.878800000e-02
  -9.305570000e-01  -8.042820000e+00  -2.517610000e-01
  -8.280870000e-01  -8.042820000e+00  -4.408680000e-01
  -7.025420000e-01  -8.042820000e+00  -6.107370000e-01
  -5.447010000e-01  -8.042820000e+00  -7.575250000e-01
  -3.521229000e-01  -8.042820000e+00  -8.763890000e-01
  -1.264480000e-01  -8.042820000e+00  -9.458340000e-01
   1.133440000e-01  -8.042820000e+00  -9.263610000e-01
   3.214660000e-01  -8.042820000e+00  -8.074930000e-01
   4.785370000e-01  -8.042820000e+00  -6.368660000e-01
   5.907250000e-01  -8.042820000e+00  -4.454650000e-01
   6.271810000e-01  -8.042820000e+00  -2.319040000e-01
   5.384040000e-01  -8.042820000e+00  -2.990200000e-02
   4.449050000e-01  -8.042820000e+00   1.242130000e-01
   3.681650000e-01  -8.042820000e+00   2.583840000e-01
   3.007470000e-01  -8.042820000e+00   4.040700000e-01
   2.176420000e-01  -8.042820000e+00   5.779680000e-01
   9.691660000e-02  -7.570070000e+00   1.049310000e+00
  -1.904520000e-01  -7.570070000e+00   1.122125000e+00
  -4.966990000e-01  -7.570070000e+00   1.119763000e+00
  -8.124050000e-01  -7.570070000e+00   1.051935000e+00
  -1.109928000e+00  -7.570070000e+00   8.926800000e-01
  -1.316520000e+00  -7.570070000e+00   6.223960000e-01
  -1.385600000e+00  -7.570070000e+00   2.916132000e-01
  -1.356030000e+00  -7.570070000e+00  -3.001500000e-02
  -1.271650000e+00  -7.570070000e+00  -3.208790000e-01
  -1.144598000e+00  -7.570070000e+00  -5.849010000e-01
  -9.671290000e-01  -7.570070000e+00  -8.153400000e-01
  -7.387920000e-01  -7.570070000e+00  -9.958400000e-01
  -4.720834000e-01  -7.570070000e+00  -1.123650000e+00
  -1.778710000e-01  -7.570070000e+00  -1.187470000e+00
   1.265210000e-01  -7.570070000e+00  -1.155909000e+00
   3.849010000e-01  -7.570070000e+00  -9.963710000e-01
   5.757500000e-01  -7.570070000e+00  -7.749380000e-01
   7.111340000e-01  -7.570070000e+00  -5.332580000e-01
   7.639860000e-01  -7.570070000e+00  -2.713868000e-01
   6.822410000e-01  -7.570070000e+00  -1.779700000e-02
   5.781710000e-01  -7.570070000e+00   1.853610000e-01
   4.866970000e-01  -7.570070000e+00   3.693930000e-01
   4.065450000e-01  -7.570070000e+00   5.737270000e-01
   2.969450000e-01  -7.570070000e+00   8.200340000e-01
   9.972900000e-02  -7.096310000e+00   1.242160000e+00
  -2.389520000e-01  -7.096310000e+00   1.308930000e+00
  -5.937170000e-01  -7.096310000e+00   1.302374000e+00
  -9.594310000e-01  -7.096310000e+00   1.222688000e+00
  -1.305160000e+00  -7.096310000e+00   1.039894000e+00
  -1.548030000e+00  -7.096310000e+00   7.280600000e-01
  -1.648430000e+00  -7.096310000e+00   3.495288000e-01
  -1.643910000e+00  -7.096310000e+00  -2.931900000e-02
  -1.565080000e+00  -7.096310000e+00  -3.865190000e-01
  -1.421860000e+00  -7.096310000e+00  -7.170640000e-01
  -1.202643000e+00  -7.096310000e+00  -1.003050000e+00
  -9.124120000e-01  -7.096310000e+00  -1.217200000e+00
  -5.812710000e-01  -7.096310000e+00  -1.356670000e+00
  -2.240850000e-01  -7.096310000e+00  -1.417310000e+00
   1.363810000e-01  -7.096310000e+00  -1.364105000e+00
   4.229140000e-01  -7.096310000e+00  -1.141656000e+00
   6.112660000e-01  -7.096310000e+00  -8.552660000e-01
   7.418670000e-01  -7.096310000e+00  -5.761500000e-01
   8.271260000e-01  -7.096310000e+00  -2.984712000e-01
   8.140710000e-01  -7.096310000e+00  -1.538300000e-02
   7.421910000e-01  -7.096310000e+00   2.451430000e-01
   6.380120000e-01  -7.096310000e+00   4.868120000e-01
   5.224670000e-01  -7.096310000e+00   7.403000000e-01
   3.613980000e-01  -7.096310000e+00   1.017800000e+00
   9.809400000e-02  -6.623560000e+00   1.389210000e+00
  -2.797960000e-01  -6.623560000e+00   1.450460000e+00
  -6.720470000e-01  -6.623560000e+00   1.436660000e+00
  -1.072810000e+00  -6.623560000e+00   1.346637000e+00
  -1.454090000e+00  -6.623560000e+00   1.146342000e+00
  -1.725580000e+00  -6.623560000e+00   8.055060000e-01
  -1.859380000e+00  -6.623560000e+00   3.937276000e-01
  -1.886640000e+00  -6.623560000e+00  -3.084700000e-02
  -1.827630000e+00  -6.623560000e+00  -4.482860000e-01
  -1.677090000e+00  -6.623560000e+00  -8.434600000e-01
  -1.414030000e+00  -6.623560000e+00  -1.175750000e+00
  -1.059791000e+00  -6.623560000e+00  -1.402720000e+00
  -6.679060000e-01  -6.623560000e+00  -1.532640000e+00
  -2.634300000e-01  -6.623560000e+00  -1.573400000e+00
   1.331550000e-01  -6.623560000e+00  -1.503250000e+00
   4.438320000e-01  -6.623560000e+00  -1.247010000e+00
   6.394680000e-01  -6.623560000e+00  -9.235840000e-01
   7.740970000e-01  -6.623560000e+00  -6.186180000e-01
   8.779920000e-01  -6.623560000e+00  -3.232724000e-01
   9.095360000e-01  -6.623560000e+00  -1.534300000e-02
   8.658740000e-01  -6.623560000e+00   2.898790000e-01
   7.546160000e-01  -6.623560000e+00   5.782490000e-01
   6.096960000e-01  -6.623560000e+00   8.697100000e-01
   4.049540000e-01  -6.623560000e+00   1.165800000e+00
   9.179500000e-02  -6.150800000e+00   1.515060000e+00
  -3.185600000e-01  -6.150800000e+00   1.577910000e+00
  -7.434370000e-01  -6.150800000e+00   1.566890000e+00
  -1.184770000e+00  -6.150800000e+00   1.480361000e+00
  -1.613770000e+00  -6.150800000e+00   1.273382000e+00
  -1.918940000e+00  -6.150800000e+00   9.018580000e-01
  -2.070730000e+00  -6.150800000e+00   4.458001000e-01
  -2.105890000e+00  -6.150800000e+00  -2.554700000e-02
  -2.042990000e+00  -6.150800000e+00  -4.902160000e-01
  -1.877810000e+00  -6.150800000e+00  -9.318100000e-01
  -1.578990000e+00  -6.150800000e+00  -1.298390000e+00
  -1.175682000e+00  -6.150800000e+00  -1.534810000e+00
  -7.402050000e-01  -6.150800000e+00  -1.657370000e+00
  -3.009680000e-01  -6.150800000e+00  -1.687200000e+00
   1.275170000e-01  -6.150800000e+00  -1.611170000e+00
   4.635360000e-01  -6.150800000e+00  -1.337940000e+00
   6.750970000e-01  -6.150800000e+00  -9.898540000e-01
   8.225120000e-01  -6.150800000e+00  -6.608530000e-01
   9.410680000e-01  -6.150800000e+00  -3.431999000e-01
   9.919090000e-01  -6.150800000e+00  -7.994000000e-03
   9.596970000e-01  -6.150800000e+00   3.323950000e-01
   8.384360000e-01  -6.150800000e+00   6.554410000e-01
   6.693280000e-01  -6.150800000e+00   9.742800000e-01
   4.328210000e-01  -6.150800000e+00   1.286470000e+00
   7.816100000e-02  -5.677050000e+00   1.631360000e+00
  -3.592700000e-01  -5.677050000e+00   1.703020000e+00
  -8.191100000e-01  -5.677050000e+00   1.706090000e+00
  -1.306750000e+00  -5.677050000e+00   1.630486000e+00
  -1.790280000e+00  -5.677050000e+00   1.419312000e+00
  -2.137130000e+00  -5.677050000e+00   1.013111000e+00
  -2.305210000e+00  -5.677050000e+00   5.075741000e-01
  -2.334890000e+00  -5.677050000e+00  -1.522000000e-02
  -2.255590000e+00  -5.677050000e+00  -5.263500000e-01
  -2.064430000e+00  -5.677050000e+00  -1.006020000e+00
  -1.732250000e+00  -5.677050000e+00  -1.401450000e+00
  -1.284796000e+00  -5.677050000e+00  -1.642080000e+00
  -8.098390000e-01  -5.677050000e+00  -1.754270000e+00
  -3.405400000e-01  -5.677050000e+00  -1.770720000e+00
   1.116600000e-01  -5.677050000e+00  -1.691900000e+00
   4.767640000e-01  -5.677050000e+00  -1.420030000e+00
   7.125960000e-01  -5.677050000e+00  -1.055870000e+00
   8.786100000e-01  -5.677050000e+00  -7.051370000e-01
   1.010743000e+00  -5.677050000e+00  -3.604259000e-01
   1.068371000e+00  -5.677050000e+00   3.327000000e-03
   1.033744000e+00  -5.677050000e+00   3.746150000e-01
   8.984040000e-01  -5.677050000e+00   7.258170000e-01
   7.094280000e-01  -5.677050000e+00   1.067310000e+00
   4.487446000e-01  -5.677050000e+00   1.397250000e+00
   6.539600000e-02  -4.742630000e+00   1.975170000e+00
  -4.444260000e-01  -4.742630000e+00   2.058810000e+00
  -9.770000000e-01  -4.742630000e+00   2.055470000e+00
  -1.536710000e+00  -4.742630000e+00   1.956270000e+00
  -2.087240000e+00  -4.742630000e+00   1.705446000e+00
  -2.489890000e+00  -4.742630000e+00   1.242322000e+00
  -2.668560000e+00  -4.742630000e+00   6.561583000e-01
  -2.673340000e+00  -4.742630000e+00   5.914500000e-02
  -2.556450000e+00  -4.742630000e+00  -5.097300000e-01
  -2.328690000e+00  -4.742630000e+00  -1.035930000e+00
  -1.966530000e+00  -4.742630000e+00  -1.478320000e+00
  -1.466278000e+00  -4.742630000e+00  -1.739530000e+00
  -9.376040000e-01  -4.742630000e+00  -1.847040000e+00
  -4.235888000e-01  -4.742630000e+00  -1.849430000e+00
   6.754000000e-02  -4.742630000e+00  -1.761680000e+00
   4.588500000e-01  -4.742630000e+00  -1.455296000e+00
   6.926460000e-01  -4.742630000e+00  -1.043510000e+00
   8.577600000e-01  -4.742630000e+00  -6.646590000e-01
   1.004281000e+00  -4.742630000e+00  -3.058417000e-01
   1.105008000e+00  -4.742630000e+00   8.004400000e-02
   1.101447000e+00  -4.742630000e+00   4.916880000e-01
   9.632810000e-01  -4.742630000e+00   8.890430000e-01
   7.709780000e-01  -4.742630000e+00   1.290170000e+00
   4.896162900e-01  -4.742630000e+00   1.692440000e+00
   7.684700000e-02  -3.807210000e+00   2.290100000e+00
  -4.969590000e-01  -3.807210000e+00   2.391100000e+00
  -1.094980000e+00  -3.807210000e+00   2.376090000e+00
  -1.710220000e+00  -3.807210000e+00   2.243630000e+00
  -2.304990000e+00  -3.807210000e+00   1.946959000e+00
  -2.740310000e+00  -3.807210000e+00   1.433271000e+00
  -2.892540000e+00  -3.807210000e+00   7.785661000e-01
  -2.826270000e+00  -3.807210000e+00   1.357740000e-01
  -2.640900000e+00  -3.807210000e+00  -4.414400000e-01
  -2.374050000e+00  -3.807210000e+00  -9.563300000e-01
  -2.022520000e+00  -3.807210000e+00  -1.405850000e+00
  -1.544200000e+00  -3.807210000e+00  -1.707790000e+00
  -1.012153000e+00  -3.807210000e+00  -1.860030000e+00
  -4.736358000e-01  -3.807210000e+00  -1.893100000e+00
   5.136200000e-02  -3.807210000e+00  -1.811070000e+00
   4.593120000e-01  -3.807210000e+00  -1.465900000e+00
   6.807290000e-01  -3.807210000e+00  -1.004666000e+00
   8.363270000e-01  -3.807210000e+00  -6.049530000e-01
   9.829830000e-01  -3.807210000e+00  -2.364339000e-01
   1.088012000e+00  -3.807210000e+00   1.576240000e-01
   1.072208000e+00  -3.807210000e+00   5.746060000e-01
   9.489370000e-01  -3.807210000e+00   9.866600000e-01
   7.891460000e-01  -3.807210000e+00   1.437350000e+00
   5.297498000e-01  -3.807210000e+00   1.928890000e+00
   7.040300000e-02  -2.872800000e+00   2.515380000e+00
  -5.550400000e-01  -2.872800000e+00   2.622140000e+00
  -1.201120000e+00  -2.872800000e+00   2.588500000e+00
  -1.850750000e+00  -2.872800000e+00   2.418610000e+00
  -2.460220000e+00  -2.872800000e+00   2.072050000e+00
  -2.908390000e+00  -2.872800000e+00   1.527489000e+00
  -3.074530000e+00  -2.872800000e+00   8.434598000e-01
  -3.017860000e+00  -2.872800000e+00   1.658740000e-01
  -2.829750000e+00  -2.872800000e+00  -4.476500000e-01
  -2.553310000e+00  -2.872800000e+00  -9.972500000e-01
  -2.182030000e+00  -2.872800000e+00  -1.479020000e+00
  -1.667910000e+00  -2.872800000e+00  -1.797590000e+00
  -1.098597000e+00  -2.872800000e+00  -1.946180000e+00
  -5.299577000e-01  -2.872800000e+00  -1.968940000e+00
   2.197200000e-02  -2.872800000e+00  -1.875580000e+00
   4.514200000e-01  -2.872800000e+00  -1.518560000e+00
   6.710360000e-01  -2.872800000e+00  -1.019692000e+00
   8.209280000e-01  -2.872800000e+00  -5.970050000e-01
   9.688160000e-01  -2.872800000e+00  -2.165402000e-01
   1.077447000e+00  -2.872800000e+00   1.881120000e-01
   1.054271000e+00  -2.872800000e+00   6.170300000e-01
   9.433320000e-01  -2.872800000e+00   1.047390000e+00
   8.037340000e-01  -2.872800000e+00   1.539720000e+00
   5.535627000e-01  -2.872800000e+00   2.100660000e+00
   2.367400000e-02  -1.937380000e+00   2.610200000e+00
  -6.292400000e-01  -1.937380000e+00   2.726590000e+00
  -1.309650000e+00  -1.937380000e+00   2.706840000e+00
  -2.001030000e+00  -1.937380000e+00   2.542580000e+00
  -2.654820000e+00  -1.937380000e+00   2.189100000e+00
  -3.128740000e+00  -1.937380000e+00   1.604914000e+00
  -3.306190000e+00  -1.937380000e+00   8.738790000e-01
  -3.250510000e+00  -1.937380000e+00   1.575710000e-01
  -3.056080000e+00  -1.937380000e+00  -4.968800000e-01
  -2.761990000e+00  -1.937380000e+00  -1.083780000e+00
  -2.363350000e+00  -1.937380000e+00  -1.595770000e+00
  -1.809730000e+00  -1.937380000e+00  -1.922960000e+00
  -1.200326000e+00  -1.937380000e+00  -2.061930000e+00
  -6.024214000e-01  -1.937380000e+00  -2.071160000e+00
  -2.818200000e-02  -1.937380000e+00  -1.972220000e+00
   4.359560000e-01  -1.937380000e+00  -1.625400000e+00
   6.738180000e-01  -1.937380000e+00  -1.102149000e+00
   8.247020000e-01  -1.937380000e+00  -6.485870000e-01
   9.610850000e-01  -1.937380000e+00  -2.411210000e-01
   1.032493000e+00  -1.937380000e+00   1.814430000e-01
   9.795080000e-01  -1.937380000e+00   6.090710000e-01
   8.787980000e-01  -1.937380000e+00   1.045003000e+00
   7.591820000e-01  -1.937380000e+00   1.561410000e+00
   5.255200000e-01  -1.937380000e+00   2.171870000e+00
  -9.579000000e-02  -1.002960000e+00   2.581430000e+00
  -7.435300000e-01  -1.002960000e+00   2.707250000e+00
  -1.424820000e+00  -1.002960000e+00   2.705690000e+00
  -2.130170000e+00  -1.002960000e+00   2.562630000e+00
  -2.803020000e+00  -1.002960000e+00   2.216420000e+00
  -3.289340000e+00  -1.002960000e+00   1.622011000e+00
  -3.500630000e+00  -1.002960000e+00   8.932550000e-01
  -3.499860000e+00  -1.002960000e+00   1.505820000e-01
  -3.344810000e+00  -1.002960000e+00  -5.495900000e-01
  -3.056140000e+00  -1.002960000e+00  -1.194100000e+00
  -2.618750000e+00  -1.002960000e+00  -1.744330000e+00
  -1.985720000e+00  -1.002960000e+00  -2.036720000e+00
  -1.321790000e+00  -1.002960000e+00  -2.091320000e+00
  -7.171575000e-01  -1.002960000e+00  -2.024430000e+00
  -1.664030000e-01  -1.002960000e+00  -1.891230000e+00
   3.077660000e-01  -1.002960000e+00  -1.609300000e+00
   5.489660000e-01  -1.002960000e+00  -1.098344000e+00
   6.782030000e-01  -1.002960000e+00  -6.369380000e-01
   7.998350000e-01  -1.002960000e+00  -2.347450000e-01
   8.535370000e-01  -1.002960000e+00   1.750410000e-01
   8.013420000e-01  -1.002960000e+00   5.857110000e-01
   7.274740000e-01  -1.002960000e+00   1.018519000e+00
   6.404980000e-01  -1.002960000e+00   1.551540000e+00
   4.252020000e-01  -1.002960000e+00   2.191830000e+00
  -2.316040000e-01  -3.545410000e-01   2.542920000e+00
   3.151790000e-01  -3.545410000e-01   2.215500000e+00
   5.271060000e-01  -3.545410000e-01   1.558330000e+00
   5.757300000e-01  -3.545410000e-01   9.970400000e-01
   6.153140000e-01  -3.545410000e-01   5.618270000e-01
   6.536230000e-01  -3.545410000e-01   1.675790000e-01
   6.099060000e-01  -3.545410000e-01  -2.262940000e-01
   5.112870000e-01  -3.545410000e-01  -6.222310000e-01
   4.071980000e-01  -3.545410000e-01  -1.092210000e+00
   1.452500000e-01  -3.545410000e-01  -1.556150000e+00
  -3.258090000e-01  -3.545410000e-01  -1.781640000e+00
  -8.458674000e-01  -3.545410000e-01  -1.961830000e+00
  -1.454604000e+00  -3.545410000e-01  -2.117930000e+00
  -2.189150000e+00  -3.545410000e-01  -2.176170000e+00
  -2.925530000e+00  -3.545410000e-01  -1.933460000e+00
  -3.412070000e+00  -3.545410000e-01  -1.335760000e+00
  -3.680710000e+00  -3.545410000e-01  -6.143500000e-01
  -3.769550000e+00  -3.545410000e-01   1.438050000e-01
  -3.694280000e+00  -3.545410000e-01   9.007060000e-01
  -3.434580000e+00  -3.545410000e-01   1.631634000e+00
  -2.943310000e+00  -3.545410000e-01   2.218010000e+00
  -2.261820000e+00  -3.545410000e-01   2.557920000e+00
  -1.550320000e+00  -3.545410000e-01   2.688490000e+00
  -8.714100000e-01  -3.545410000e-01   2.673470000e+00
  -2.432010000e+00  -3.992410000e-01  -1.594560000e+00
  -2.914700000e+00  -3.942410000e-01  -1.335080000e+00
  -1.361620000e+00  -3.910410000e-01   2.356280000e+00
  -9.518800000e-01  -4.105410000e-01   2.067420000e+00
  -2.190380000e+00  -4.585410000e-01   5.676180000e-01
  -2.135130000e+00  -4.545410000e-01   8.581075000e-01
  -1.805400000e+00  -4.595410000e-01   8.363108000e-01
  -7.874957000e-01  -3.924410000e-01  -1.595020000e+00
  -1.823390000e+00  -4.665410000e-01   1.504400000e-01
  -1.473660000e+00  -4.635410000e-01   8.135140000e-01
  -1.197120000e+00  -4.645410000e-01   1.635310000e-01
  -2.640880000e+00  -4.370410000e-01   8.703400000e-01
  -2.728460000e+00  -4.396410000e-01   2.925950000e-01
  -3.204710000e+00  -4.069410000e-01   5.790870000e-01
  -2.625280000e+00  -4.162410000e-01   1.518005000e+00
  -2.792140000e+00  -4.175410000e-01   1.260366000e+00
  -2.756800000e+00  -4.103410000e-01   1.490249000e+00
  -2.694840000e-01  -4.025410000e-01   1.855377000e+00
  -8.418630000e-01  -4.412410000e-01   1.375407000e+00
  -2.042850000e+00  -4.256410000e-01  -1.291060000e+00
  -1.950510000e+00  -4.373410000e-01  -1.072610000e+00
  -1.749948000e+00  -4.336410000e-01  -1.178360000e+00
  -1.821000000e+00  -4.382410000e-01   1.587501000e+00
  -1.659220000e+00  -4.180410000e-01   2.004297000e+00
  -1.586530000e+00  -4.310410000e-01   1.773365000e+00
  -3.108570000e+00  -4.041410000e-01  -7.701400000e-01
  -2.484030000e+00  -4.304410000e-01  -9.463800000e-01
  -1.251793000e+00  -3.993410000e-01  -1.648390000e+00
  -1.548384000e+00  -4.295410000e-01  -1.281120000e+00
  -9.918300000e-01  -4.229410000e-01  -1.271060000e+00
  -1.951160000e+00  -4.103410000e-01   2.041328000e+00
  -1.801430000e+00  -3.897410000e-01   2.327950000e+00
  -1.730330000e+00  -4.040410000e-01   2.171120000e+00
  -1.831533000e+00  -4.000410000e-01  -1.701810000e+00
  -2.240700000e+00  -3.996410000e-01   2.088359000e+00
  -8.959100000e-02  -3.921410000e-01  -1.148070000e+00
   1.590000000e-02  -3.998410000e-01  -6.981960000e-01
   2.288690000e-01  -3.958410000e-01  -4.548800000e-02
  -2.326640000e+00  -4.555410000e-01   7.052400000e-02
  -2.689940000e+00  -4.383410000e-01  -3.003200000e-01
   7.773410000e-02  -4.078410000e-01   7.129250000e-01
  -2.818170000e-01  -4.335410000e-01   2.168570000e-01
  -3.050190000e+00  -4.042410000e-01   1.194854900e+00
  -3.223480000e+00  -4.074410000e-01  -9.501100000e-02
  -4.459150000e-01  -3.975410000e-01  -1.392360000e+00
  -5.903240000e-01  -4.290410000e-01  -8.802900000e-01
   1.809210000e-01  -3.906410000e-01   1.414704000e+00
  -2.852530000e-01  -4.244410000e-01   1.217561000e+00
  -2.136730000e+00  -4.555410000e-01  -3.754780000e-01
  -2.423810000e+00  -4.179410000e-01   1.679350000e+00
  -2.529090000e+00  -4.286410000e-01   1.325877000e+00
  -9.208150000e-01  -4.401410000e-01  -8.514400000e-01
  -9.372650000e-01  -4.478410000e-01  -6.110790000e-01
  -1.182350000e+00  -4.434410000e-01   1.454920000e+00
  -1.224460000e+00  -4.295410000e-01   1.785426000e+00
  -1.034660000e+00  -4.359410000e-01   1.586916000e+00
  -2.183030000e+00  -4.151410000e-01   1.873463000e+00
  -2.331860000e+00  -4.090410000e-01   1.883855000e+00
  -2.122950000e+00  -4.298410000e-01   1.648567000e+00
  -2.082890000e+00  -4.497410000e-01   1.143597000e+00
  -2.306490000e+00  -4.404410000e-01   1.235737000e+00
  -1.686850000e+00  -4.655410000e-01  -1.073470000e-01
  -1.912290000e+00  -4.615410000e-01  -2.404130000e-01
  -1.547300000e+00  -4.625410000e-01  -3.581340000e-01
  -1.375210000e+00  -4.645410000e-01  -9.930200000e-02
  -1.162463000e+00  -4.605410000e-01  -2.320090000e-01
  -6.598780000e-01  -4.498410000e-01   6.657197000e-01
  -1.502420000e+00  -4.055410000e-01   2.175290000e+00
  -1.228650000e+00  -4.083410000e-01   2.127850000e+00
  -1.852180000e+00  -4.474410000e-01  -8.611600000e-01
  -1.552241000e+00  -4.487410000e-01  -8.463800000e-01
  -1.553813000e+00  -4.396410000e-01  -1.064750000e+00
  -1.490550000e+00  -4.545410000e-01   1.178974000e+00
  -1.167110000e+00  -4.489410000e-01   1.277191000e+00
  -3.778590000e-01  -4.338410000e-01  -2.936780000e-01
  -2.364380000e+00  -4.449410000e-01   1.004968780e+00
  -2.276380000e+00  -4.519410000e-01   7.882930000e-01
  -1.996450000e+00  -4.524410000e-01  -6.238200000e-01
  -2.169600000e+00  -4.404410000e-01  -9.012700000e-01
  -2.155160000e+00  -4.486410000e-01  -6.413700000e-01
  -1.798470000e+00  -4.485410000e-01   1.330015000e+00
  -1.786620000e+00  -4.533410000e-01   1.158286000e+00
  -2.724470000e+00  -4.026410000e-01   1.710132000e+00
  -6.966610000e-01  -4.519410000e-01   7.579000000e-02
  -6.612870000e-01  -4.458410000e-01  -3.251970000e-01
  -1.124567000e+00  -4.355410000e-01  -1.070330000e+00
  -9.583220000e-01  -4.318410000e-01  -1.068750000e+00
  -1.403302000e+00  -4.555410000e-01  -6.088600000e-01
  -1.627740000e+00  -4.523410000e-01  -7.305100000e-01
  -1.442340000e+00  -4.240410000e-01   1.900361000e+00
  -2.036175200e+00  -4.205410000e-01   1.849948000e+00
  -1.075418000e+00  -4.605410000e-01  -1.040930000e-01
  -8.246880000e-01  -4.539410000e-01  -1.454630000e-01
  -1.772880000e+00  -4.585410000e-01  -4.894800000e-01
  -1.408845000e+00  -4.394410000e-01  -1.058860000e+00
  -1.338976000e+00  -4.334410000e-01  -1.170720000e+00
  -9.497160000e-01  -4.545410000e-01  -3.617170000e-01
  -6.268060000e-01  -4.376410000e-01  -6.047420000e-01
  -1.599800000e+00  -4.665410000e-01   2.556900000e-02
  -1.105510000e+00  -4.518410000e-01  -6.056560000e-01
  -1.178009000e+00  -4.555410000e-01  -4.837910000e-01
  -1.516640000e+00  -4.429410000e-01   1.523434000e+00
  -1.255305000e+00  -4.468410000e-01  -8.425900000e-01
  -1.842510000e+00  -4.605410000e-01  -3.663060000e-01
  -2.326620000e+00  -4.301410000e-01   1.487222000e+00
  -2.585980000e+00  -4.332410000e-01   1.098108900e+00
C Number of facets
  786
C  Size  Node 1  ......Node N Marker
    3    0    1    2    3
    3    0    2    3    3
    3    0    3    4    3
    3    0    4    5    3
    3    0    5    6    3
    3    0    6    7    3
    3    0    7    8    3
    3    0    8    9    3
    3    0    9   10    3
    3    0   10   11    3
    3    0   11   12    3
    3    0   12   13    3
    3    0   13   14    3
    3    0   14   15    3
    3    0   15   16    3
    3    0   16   17    3
    3    0   17   18    3
    3    0   18   19    3
    3    0   19   20    3
    3    0   20   21    3
    3    0   21   22    3
    3    0   22   23    3
    3    0   23   24    3
    3    0   24    1    3
    3    1   25   26    3
    3    1   26    2    3
    3    2   26   27    3
    3    2   27    3    3
    3    3   27   28    3
    3    3   28    4    3
    3    4   28   29    3
    3    4   29    5    3
    3    5   29   30    3
    3    5   30    6    3
    3    6   30   31    3
    3    6   31    7    3
    3    7   31   32    3
    3    7   32    8    3
    3    8   32   33    3
    3    8   33    9    3
    3    9   33   34    3
    3    9   34   10    3
    3   10   34   35    3
    3   10   35   11    3
    3   11   35   36    3
    3   11   36   12    3
    3   12   36   37    3
    3   12   37   13    3
    3   13   37   38    3
    3   13   38   14    3
    3   14   38   39    3
    3   14   39   15    3
    3   15   39   40    3
    3   15   40   16    3
    3   16   40   41    3
    3   16   41   17    3
    3   17   41   42    3
    3   17   42   18    3
    3   18   42   43    3
    3   18   43   19    3
    3   19   43   44    3
    3   19   44   20    3
    3   20   44   45    3
    3   20   45   21    3
    3   21   45   46    3
    3   21   46   22    3
    3   22   46   47    3
    3   22   47   23    3
    3   23   47   48    3
    3   23   48   24    3
    3   24   48   25    3
    3   24   25    1    3
    3   25   49   50    3
    3   25   50   26    3
    3   26   50   51    3
    3   26   51   27    3
    3   27   51   52    3
    3   27   52   28    3
    3   28   52   53    3
    3   28   53   29    3
    3   29   53   54    3
    3   29   54   30    3
    3   30   54   55    3
    3   30   55   31    3
    3   31   55   56    3
    3   31   56   32    3
    3   32   56   57    3
    3   32   57   33    3
    3   33   57   58    3
    3   33   58   34    3
    3   34   58   59    3
    3   34   59   35    3
    3   35   59   60    3
    3   35   60   36    3
    3   36   60   61    3
    3   36   61   37    3
    3   37   61   62    3
    3   37   62   38    3
    3   38   62   63    3
    3   38   63   39    3
    3   39   63   64    3
    3   39   64   40    3
    3   40   64   65    3
    3   40   65   41    3
    3   41   65   66    3
    3   41   66   42    3
    3   42   66   67    3
    3   42   67   43    3
    3   43   67   68    3
    3   43   68   44    3
    3   44   68   69    3
    3   44   69   45    3
    3   45   69   70    3
    3   45   70   46    3
    3   46   70   71    3
    3   46   71   47    3
    3   47   71   72    3
    3   47   72   48    3
    3   48   72   49    3
    3   48   49   25    3
    3   49   73   74    3
    3   49   74   50    3
    3   50   74   75    3
    3   50   75   51    3
    3   51   75   76    3
    3   51   76   52    3
    3   52   76   77    3
    3   52   77   53    3
    3   53   77   78    3
    3   53   78   54    3
    3   54   78   79    3
    3   54   79   55    3
    3   55   79   80    3
    3   55   80   56    3
    3   56   80   81    3
    3   56   81   57    3
    3   57   81   82    3
    3   57   82   58    3
    3   58   82   83    3
    3   58   83   59    3
    3   59   83   84    3
    3   59   84   60    3
    3   60   84   85    3
    3   60   85   61    3
    3   61   85   86    3
    3   61   86   62    3
    3   62   86   87    3
    3   62   87   63    3
    3   63   87   88    3
    3   63   88   64    3
    3   64   88   89    3
    3   64   89   65    3
    3   65   89   90    3
    3   65   90   66    3
    3   66   90   91    3
    3   66   91   67    3
    3   67   91   92    3
    3   67   92   68    3
    3   68   92   93    3
    3   68   93   69    3
    3   69   93   94    3
    3   69   94   70    3
    3   70   94   95    3
    3   70   95   71    3
    3   71   95   96    3
    3   71   96   72    3
    3   72   96   73    3
    3   72   73   49    3
    3   73   97   98    3
    3   73   98   74    3
    3   74   98   99    3
    3   74   99   75    3
    3   75   99  100    3
    3   75  100   76    3
    3   76  100  101    3
    3   76  101   77    3
    3   77  101  102    3
    3   77  102   78    3
    3   78  102  103    3
    3   78  103   79    3
    3   79  103  104    3
    3   79  104   80    3
    3   80  104  105    3
    3   80  105   81    3
    3   81  105  106    3
    3   81  106   82    3
    3   82  106  107    3
    3   82  107   83    3
    3   83  107  108    3
    3   83  108   84    3
    3   84  108  109    3
    3   84  109   85    3
    3   85  109  110    3
    3   85  110   86    3
    3   86  110  111    3
    3   86  111   87    3
    3   87  111  112    3
    3   87  112   88    3
    3   88  112  113    3
    3   88  113   89    3
    3   89  113  114    3
    3   89  114   90    3
    3   90  114  115    3
    3   90  115   91    3
    3   91  115  116    3
    3   91  116   92    3
    3   92  116  117    3
    3   92  117   93    3
    3   93  117  118    3
    3   93  118   94    3
    3   94  118  119    3
    3   94  119   95    3
    3   95  119  120    3
    3   95  120   96    3
    3   96  120   97    3
    3   96   97   73    3
    3   97  121  122    3
    3   97  122   98    3
    3   98  122  123    3
    3   98  123   99    3
    3   99  123  124    3
    3   99  124  100    3
    3  100  124  125    3
    3  100  125  101    3
    3  101  125  126    3
    3  101  126  102    3
    3  102  126  127    3
    3  102  127  103    3
    3  103  127  128    3
    3  103  128  104    3
    3  104  128  129    3
    3  104  129  105    3
    3  105  129  130    3
    3  105  130  106    3
    3  106  130  131    3
    3  106  131  107    3
    3  107  131  132    3
    3  107  132  108    3
    3  108  132  133    3
    3  108  133  109    3
    3  109  133  134    3
    3  109  134  110    3
    3  110  134  135    3
    3  110  135  111    3
    3  111  135  136    3
    3  111  136  112    3
    3  112  136  137    3
    3  112  137  113    3
    3  113  137  138    3
    3  113  138  114    3
    3  114  138  139    3
    3  114  139  115    3
    3  115  139  140    3
    3  115  140  116    3
    3  116  140  141    3
    3  116  141  117    3
    3  117  141  142    3
    3  117  142  118    3
    3  118  142  143    3
    3  118  143  119    3
    3  119  143  144    3
    3  119  144  120    3
    3  120  144  121    3
    3  120  121   97    3
    3  121  145  146    3
    3  121  146  122    3
    3  122  146  147    3
    3  122  147  123    3
    3  123  147  148    3
    3  123  148  124    3
    3  124  148  149    3
    3  124  149  125    3
    3  125  149  150    3
    3  125  150  126    3
    3  126  150  151    3
    3  126  151  127    3
    3  127  151  152    3
    3  127  152  128    3
    3  128  152  153    3
    3  128  153  129    3
    3  129  153  154    3
    3  129  154  130    3
    3  130  154  155    3
    3  130  155  131    3
    3  131  155  156    3
    3  131  156  132    3
    3  132  156  157    3
    3  132  157  133    3
    3  133  157  158    3
    3  133  158  134    3
    3  134  158  159    3
    3  134  159  135    3
    3  135  159  160    3
    3  135  160  136    3
    3  136  160  161    3
    3  136  161  137    3
    3  137  161  162    3
    3  137  162  138    3
    3  138  162  163    3
    3  138  163  139    3
    3  139  163  164    3
    3  139  164  140    3
    3  140  164  165    3
    3  140  165  141    3
    3  141  165  166    3
    3  141  166  142    3
    3  142  166  167    3
    3  142  167  143    3
    3  143  167  168    3
    3  143  168  144    3
    3  144  168  145    3
    3  144  145  121    3
    3  145  169  170    3
    3  145  170  146    3
    3  146  170  171    3
    3  146  171  147    3
    3  147  171  172    3
    3  147  172  148    3
    3  148  172  173    3
    3  148  173  149    3
    3  149  173  174    3
    3  149  174  150    3
    3  150  174  175    3
    3  150  175  151    3
    3  151  175  176    3
    3  151  176  152    3
    3  152  176  177    3
    3  152  177  153    3
    3  153  177  178    3
    3  153  178  154    3
    3  154  178  179    3
    3  154  179  155    3
    3  155  179  180    3
    3  155  180  156    3
    3  156  180  181    3
    3  156  181  157    3
    3  157  181  182    3
    3  157  182  158    3
    3  158  182  183    3
    3  158  183  159    3
    3  159  183  184    3
    3  159  184  160    3
    3  160  184  185    3
    3  160  185  161    3
    3  161  185  186    3
    3  161  186  162    3
    3  162  186  187    3
    3  162  187  163    3
    3  163  187  188    3
    3  163  188  164    3
    3  164  188  189    3
    3  164  189  165    3
    3  165  189  190    3
    3  165  190  166    3
    3  166  190  191    3
    3  166  191  167    3
    3  167  191  192    3
    3  167  192  168    3
    3  168  192  169    3
    3  168  169  145    3
    3  169  193  194    3
    3  169  194  170    3
    3  170  194  195    3
    3  170  195  171    3
    3  171  195  196    3
    3  171  196  172    3
    3  172  196  197    3
    3  172  197  173    3
    3  173  197  198    3
    3  173  198  174    3
    3  174  198  199    3
    3  174  199  175    3
    3  175  199  200    3
    3  175  200  176    3
    3  176  200  201    3
    3  176  201  177    3
    3  177  201  202    3
    3  177  202  178    3
    3  178  202  203    3
    3  178  203  179    3
    3  179  203  204    3
    3  179  204  180    3
    3  180  204  205    3
    3  180  205  181    3
    3  181  205  206    3
    3  181  206  182    3
    3  182  206  207    3
    3  182  207  183    3
    3  183  207  208    3
    3  183  208  184    3
    3  184  208  209    3
    3  184  209  185    3
    3  185  209  210    3
    3  185  210  186    3
    3  186  210  211    3
    3  186  211  187    3
    3  187  211  212    3
    3  187  212  188    3
    3  188  212  213    3
    3  188  213  189    3
    3  189  213  214    3
    3  189  214  190    3
    3  190  214  215    3
    3  190  215  191    3
    3  191  215  216    3
    3  191  216  192    3
    3  192  216  193    3
    3  192  193  169    3
    3  193  217  218    3
    3  193  218  194    3
    3  194  218  219    3
    3  194  219  195    3
    3  195  219  220    3
    3  195  220  196    3
    3  196  220  221    3
    3  196  221  197    3
    3  197  221  222    3
    3  197  222  198    3
    3  198  222  223    3
    3  198  223  199    3
    3  199  223  224    3
    3  199  224  200    3
    3  200  224  225    3
    3  200  225  201    3
    3  201  225  226    3
    3  201  226  202    3
    3  202  226  227    3
    3  202  227  203    3
    3  203  227  228    3
    3  203  228  204    3
    3  204  228  229    3
    3  204  229  205    3
    3  205  229  230    3
    3  205  230  206    3
    3  206  230  231    3
    3  206  231  207    3
    3  207  231  232    3
    3  207  232  208    3
    3  208  232  233    3
    3  208  233  209    3
    3  209  233  234    3
    3  209  234  210    3
    3  210  234  235    3
    3  210  235  211    3
    3  211  235  236    3
    3  211  236  212    3
    3  212  236  237    3
    3  212  237  213    3
    3  213  237  238    3
    3  213  238  214    3
    3  214  238  239    3
    3  214  239  215    3
    3  215  239  240    3
    3  215  240  216    3
    3  216  240  217    3
    3  216  217  193    3
    3  217  241  242    3
    3  217  242  218    3
    3  218  242  243    3
    3  218  243  219    3
    3  219  243  244    3
    3  219  244  220    3
    3  220  244  245    3
    3  220  245  221    3
    3  221  245  246    3
    3  221  246  222    3
    3  222  246  247    3
    3  222  247  223    3
    3  223  247  248    3
    3  223  248  224    3
    3  224  248  249    3
    3  224  249  225    3
    3  225  249  250    3
    3  225  250  226    3
    3  226  250  251    3
    3  226  251  227    3
    3  227  251  252    3
    3  227  252  228    3
    3  228  252  253    3
    3  228  253  229    3
    3  229  253  254    3
    3  229  254  230    3
    3  230  254  255    3
    3  230  255  231    3
    3  231  255  256    3
    3  231  256  232    3
    3  232  256  257    3
    3  232  257  233    3
    3  233  257  258    3
    3  233  258  234    3
    3  234  258  259    3
    3  234  259  235    3
    3  235  259  260    3
    3  235  260  236    3
    3  236  260  261    3
    3  236  261  237    3
    3  237  261  262    3
    3  237  262  238    3
    3  238  262  263    3
    3  238  263  239    3
    3  239  263  264    3
    3  239  264  240    3
    3  240  264  241    3
    3  240  241  217    3
    3  264  265  241    3
    3  264  266  265    3
    3  263  266  264    3
    3  263  267  266    3
    3  262  267  263    3
    3  262  268  267    3
    3  261  268  262    3
    3  261  269  268    3
    3  260  269  261    3
    3  260  270  269    3
    3  259  270  260    3
    3  259  271  270    3
    3  258  271  259    3
    3  258  272  271    3
    3  257  272  258    3
    3  257  273  272    3
    3  256  273  257    3
    3  256  274  273    3
    3  255  274  256    3
    3  255  275  274    3
    3  254  275  255    3
    3  254  276  275    3
    3  253  276  254    3
    3  253  277  276    3
    3  252  277  253    3
    3  252  278  277    3
    3  251  278  252    3
    3  251  279  278    3
    3  250  279  251    3
    3  250  280  279    3
    3  249  280  250    3
    3  249  281  280    3
    3  248  281  249    3
    3  248  282  281    3
    3  247  282  248    3
    3  247  283  282    3
    3  246  283  247    3
    3  246  284  283    3
    3  245  284  246    3
    3  245  285  284    3
    3  244  285  245    3
    3  244  286  285    3
    3  243  286  244    3
    3  243  287  286    3
    3  242  287  243    3
    3  242  288  287    3
    3  241  288  242    3
    3  241  265  288    3
    3  289  279  290    1
    3  291  288  292    1
    3  293  294  295    3
    3  296  275  276    1
    3  297  298  299    1
    3  300  301  302    1
    3  303  304  305    3
    3  292  306  307    1
    3  308  309  310    4
    3  300  293  301    1
    3  311  312  313    3
    3  290  314  315    1
    3  316  317  318    1
    3  319  320  321    3
    3  317  322  308    1
    3  286  323  285    1
    3  286  287  320    1
    3  298  297  293    1
    3  324  325  273    1
    3  326  271  272    1
    3  327  328  301    1
    3  329  326  330    1
    3  300  331  304    1
    3  332  282  302    1
    3  272  325  326    1
    3  296  276  316    1
    3  296  333  275    1
    3  324  334  325    1
    3  335  329  336    1
    3  315  328  337    1
    3  338  339  303    3
    3  334  340  341    4
    3  279  289  278    1
    3  274  275  333    1
    3  322  278  289    1
    3  342  343  344    3
    3  332  301  328    1
    3  314  290  280    1
    3  345  338  346    3
    3  324  333  334    1
    3  277  316  276    1
    3  266  267  335    1
    3  288  291  287    1
    3  347  348  349    3
    3  316  322  317    1
    3  297  350  351    4
    3  327  301  293    1
    3  283  331  302    1
    3  352  353  354    4
    3  326  269  270    1
    3  332  302  301    1
    3  355  299  298    1
    3  312  356  357    3
    3  330  355  329    1
    3  336  306  335    1
    3  271  326  270    1
    3  358  359  360    4
    3  298  361  362    3
    3  283  302  282    1
    3  336  329  355    1
    3  326  363  330    1
    3  265  292  288    1
    3  300  364  365    3
    3  366  367  368    4
    3  333  318  334    1
    3  369  361  370    3
    3  327  293  297    1
    3  278  322  277    1
    3  320  291  356    3
    3  371  285  323    1
    3  363  325  334    1
    3  371  331  284    1
    3  364  339  349    3
    3  268  335  267    1
    3  372  363  373    4
    3  280  290  279    1
    3  266  306  265    1
    3  316  277  322    1
    3  328  315  314    1
    3  308  315  367    1
    3  355  330  372    1
    3  327  297  337    1
    3  280  281  314    1
    3  374  340  375    4
    3  296  316  318    1
    3  352  376  377    4
    3  355  307  336    1
    3  292  343  378    3
    3  326  325  363    1
    3  320  287  291    1
    3  345  319  379    3
    3  380  372  381    4
    3  358  366  382    4
    3  268  329  335    1
    3  273  274  324    1
    3  336  307  306    1
    3  265  306  292    1
    3  296  318  333    1
    3  383  374  384    4
    3  329  268  269    1
    3  385  373  386    4
    3  333  324  274    1
    3  283  284  331    1
    3  298  307  355    1
    3  299  353  387    4
    3  308  289  315    1
    3  273  325  272    1
    3  327  337  328    1
    3  388  376  389    4
    3  314  332  328    1
    3  281  282  332    1
    3  315  289  290    1
    3  363  372  330    1
    3  355  372  299    1
    3  285  371  284    1
    3  314  281  332    1
    3  269  326  329    1
    3  369  347  311    3
    3  266  335  306    1
    3  286  320  323    1
    3  308  322  289    1
    3  300  302  331    1
    3  343  390  313    3
    3  292  307  344    3
    3  298  348  370    3
    3  361  390  342    3
    3  343  342  390    3
    3  342  307  362    3
    3  347  369  348    3
    3  361  369  390    3
    3  369  311  390    3
    3  312  311  347    3
    3  311  313  390    3
    3  313  312  378    3
    3  298  362  307    3
    3  342  362  361    3
    3  342  344  307    3
    3  292  344  343    3
    3  369  370  348    3
    3  298  370  361    3
    3  292  378  312    3
    3  313  378  343    3
    3  334  318  375    4
    3  340  391  388    4
    3  318  317  384    4
    3  340  374  391    4
    3  352  385  389    4
    3  376  391  359    4
    3  376  388  391    4
    3  388  385  341    4
    3  359  391  383    4
    3  359  358  377    4
    3  374  383  391    4
    3  383  317  360    4
    3  374  375  318    4
    3  334  375  340    4
    3  334  341  385    4
    3  388  341  340    4
    3  388  389  385    4
    3  352  389  376    4
    3  352  377  358    4
    3  359  377  376    4
    3  358  360  317    4
    3  383  360  359    4
    3  383  384  317    4
    3  318  384  374    4
    3  367  358  309    4
    3  315  337  368    1
    3  353  352  350    4
    3  353  299  380    4
    3  372  380  299    4
    3  380  385  354    4
    3  350  352  392    4
    3  350  297  387    4
    3  366  337  392    4
    3  367  366  358    4
    3  363  334  386    4
    3  373  385  381    4
    3  392  337  351    4
    3  392  352  382    4
    3  380  381  385    4
    3  373  381  372    4
    3  358  317  310    4
    3  367  309  308    4
    3  385  386  334    4
    3  363  386  373    4
    3  366  368  337    4
    3  315  368  367    1
    3  299  387  297    4
    3  350  387  353    4
    3  352  354  385    4
    3  380  354  353    4
    3  358  382  352    4
    3  392  382  366    4
    3  297  351  337    4
    3  392  351  350    4
    3  308  310  317    4
    3  358  310  309    4
    3  312  347  379    3
    3  320  319  323    3
    3  371  323  346    3
    3  338  347  393    3
    3  364  300  394    3
    3  364  348  294    3
    3  319  345  323    3
    3  338  345  347    3
    3  348  298  295    3
    3  294  293  365    3
    3  304  339  394    3
    3  331  371  305    1
    3  364  349  348    3
    3  349  339  393    3
    3  338  393  339    3
    3  349  393  347    3
    3  338  303  371    3
    3  304  303  339    3
    3  356  312  321    3
    3  291  292  357    3
    3  364  394  339    3
    3  304  394  300    3
    3  319  321  312    3
    3  356  321  320    3
    3  293  295  298    3
    3  348  295  294    3
    3  312  357  292    3
    3  291  357  356    3
    3  345  346  323    3
    3  371  346  338    3
    3  303  305  371    3
    3  331  305  304    1
    3  345  379  347    3
    3  312  379  319    3
    3  300  365  293    3
    3  294  365  364    3
C Prescribed Values(Inlet, Outlet), InteractionSurface(Inlet, Outlet)
       3        1        0        2        2        2
C Inlet Velocity
C     Vx,           Vy,            Vz,    indVx,indVy,indVz, FunID (3E18.9, 4I5)
   0.000000000e+00   1.000000000e+00   0.000000000e+00    1    0    1    4
C Inlet Pressure, FunID (E18.9,I5)
   1.000000000e+00    3
C Outlet Pressure (E18.9,I5)
   1.000000000e+00    2
C Inlet Velocity
C nNodeID,    Vx,           Vy,            Vz (I5, 3E18.9)
  265
    1   1.200000000e+00   3.500000000e+00  -4.000000000e-01
    2   4.000000000e-01   3.500000000e+00  -1.600000000e+00
    3   8.000000000e-01   3.500000000e+00  -1.400000000e+00
    4   1.000000000e+00   3.500000000e+00  -1.300000000e+00
    5   1.300000000e+00   3.500000000e+00  -1.200000000e+00
    6   1.500000000e+00   3.500000000e+00  -1.000000000e+00
    7   1.800000000e+00   3.500000000e+00  -9.000000000e-01
    8   2.400000000e+00   3.500000000e+00  -7.000000000e-01
    9   2.800000000e+00   3.500000000e+00  -3.000000000e-01
   10   3.100000000e+00   3.500000000e+00   3.000000000e-01
   11   2.900000000e+00   3.500000000e+00   1.000000000e+00
   12   2.500000000e+00   3.500000000e+00   1.400000000e+00
   13   1.900000000e+00   3.500000000e+00   1.500000000e+00
   14   1.200000000e+00   3.500000000e+00   1.300000000e+00
   15   8.000000000e-01   3.500000000e+00   1.000000000e+00
   16   6.000000000e-01   3.500000000e+00   7.000000000e-01
   17   7.000000000e-01   3.500000000e+00   0.000000000e+00
   18   1.300000000e+00   3.500000000e+00  -7.000000000e-01
   19   1.800000000e+00   3.500000000e+00  -7.000000000e-01
   20   1.400000000e+00   3.500000000e+00  -4.000000000e-01
   21   0.000000000e+00   3.500000000e+00  -2.000000000e-01
   22  -8.000000000e-01   3.500000000e+00  -7.000000000e-01
   23  -9.000000000e-01   3.500000000e+00  -1.200000000e+00
   24  -6.000000000e-01   3.500000000e+00  -1.700000000e+00
   25  -2.000000000e-01   3.500000000e+00  -1.900000000e+00
   26   2.000000000e-01   3.300000000e+00  -2.900000000e+00
   27   9.000000000e-01   3.300000000e+00  -2.800000000e+00
   28   1.400000000e+00   3.300000000e+00  -2.400000000e+00
   29   1.700000000e+00   3.300000000e+00  -1.900000000e+00
   30   1.800000000e+00   3.300000000e+00  -1.300000000e+00
   31   2.000000000e+00   3.300000000e+00  -1.000000000e+00
   32   2.700000000e+00   3.300000000e+00  -8.000000000e-01
   33   3.300000000e+00   3.300000000e+00  -3.000000000e-01
   34   3.800000000e+00   3.300000000e+00   4.000000000e-01
   35   3.700000000e+00   3.300000000e+00   1.300000000e+00
   36   3.300000000e+00   3.300000000e+00   2.000000000e+00
   37   2.500000000e+00   3.300000000e+00   2.300000000e+00
   38   1.600000000e+00   3.300000000e+00   2.300000000e+00
   39   1.000000000e+00   3.300000000e+00   2.000000000e+00
   40   4.000000000e-01   3.300000000e+00   1.700000000e+00
   41   5.000000000e-01   3.300000000e+00   7.000000000e-01
   42   1.000000000e+00   3.300000000e+00  -2.000000000e-01
   43   1.500000000e+00   3.300000000e+00  -5.000000000e-01
   44   1.200000000e+00   3.300000000e+00  -3.000000000e-01
   45  -1.000000000e-01   3.300000000e+00  -3.000000000e-01
   46  -9.000000000e-01   3.300000000e+00  -7.000000000e-01
   47  -1.000000000e+00   3.300000000e+00  -1.400000000e+00
   48  -9.000000000e-01   3.300000000e+00  -2.100000000e+00
   49  -5.000000000e-01   3.300000000e+00  -2.600000000e+00
   50   2.000000000e-01   3.100000000e+00  -4.700000000e+00
   51   1.300000000e+00   3.100000000e+00  -4.700000000e+00
   52   2.100000000e+00   3.100000000e+00  -4.200000000e+00
   53   2.600000000e+00   3.100000000e+00  -3.200000000e+00
   54   2.800000000e+00   3.100000000e+00  -2.400000000e+00
   55   3.100000000e+00   3.100000000e+00  -1.900000000e+00
   56   3.600000000e+00   3.100000000e+00  -1.600000000e+00
   57   4.300000000e+00   3.100000000e+00  -9.000000000e-01
   58   4.700000000e+00   3.100000000e+00   0.000000000e+00
   59   4.700000000e+00   3.100000000e+00   1.000000000e+00
   60   4.100000000e+00   3.100000000e+00   1.800000000e+00
   61   2.900000000e+00   3.100000000e+00   2.000000000e+00
   62   2.000000000e+00   3.100000000e+00   1.500000000e+00
   63   1.400000000e+00   3.100000000e+00   1.100000000e+00
   64   9.000000000e-01   3.100000000e+00   9.000000000e-01
   65   9.000000000e-01   3.100000000e+00   1.000000000e-01
   66   1.300000000e+00   3.100000000e+00  -8.000000000e-01
   67   1.800000000e+00   3.100000000e+00  -1.000000000e+00
   68   1.500000000e+00   3.100000000e+00  -9.000000000e-01
   69   5.000000000e-01   3.100000000e+00  -8.000000000e-01
   70  -4.000000000e-01   3.100000000e+00  -1.300000000e+00
   71  -7.000000000e-01   3.100000000e+00  -2.000000000e+00
   72  -7.000000000e-01   3.100000000e+00  -2.800000000e+00
   73  -6.000000000e-01   3.100000000e+00  -3.900000000e+00
   74   0.000000000e+00   2.900000000e+00  -6.300000000e+00
   75   1.400000000e+00   2.900000000e+00  -6.200000000e+00
   76   2.600000000e+00   2.900000000e+00  -5.300000000e+00
   77   3.100000000e+00   2.900000000e+00  -3.900000000e+00
   78   3.100000000e+00   2.900000000e+00  -2.700000000e+00
   79   3.400000000e+00   2.900000000e+00  -2.100000000e+00
   80   4.100000000e+00   2.900000000e+00  -1.800000000e+00
   81   5.000000000e+00   2.900000000e+00  -1.100000000e+00
   82   5.800000000e+00   2.900000000e+00   1.000000000e-01
   83   5.900000000e+00   2.900000000e+00   1.500000000e+00
   84   5.200000000e+00   2.900000000e+00   2.500000000e+00
   85   3.700000000e+00   2.900000000e+00   2.600000000e+00
   86   2.400000000e+00   2.900000000e+00   2.000000000e+00
   87   1.600000000e+00   2.900000000e+00   1.200000000e+00
   88   1.100000000e+00   2.900000000e+00   9.000000000e-01
   89   9.000000000e-01   2.900000000e+00   2.000000000e-01
   90   1.200000000e+00   2.900000000e+00  -6.000000000e-01
   91   1.500000000e+00   2.900000000e+00  -9.000000000e-01
   92   1.400000000e+00   2.900000000e+00  -9.000000000e-01
   93   6.000000000e-01   2.900000000e+00  -1.000000000e+00
   94  -3.000000000e-01   2.900000000e+00  -1.500000000e+00
   95  -6.000000000e-01   2.900000000e+00  -2.100000000e+00
   96  -8.000000000e-01   2.900000000e+00  -3.300000000e+00
   97  -8.000000000e-01   2.900000000e+00  -4.900000000e+00
   98  -1.000000000e-01   2.700000000e+00  -7.100000000e+00
   99   1.600000000e+00   2.700000000e+00  -7.000000000e+00
  100   2.900000000e+00   2.700000000e+00  -5.800000000e+00
  101   3.300000000e+00   2.700000000e+00  -4.000000000e+00
  102   3.000000000e+00   2.700000000e+00  -2.400000000e+00
  103   3.000000000e+00   2.700000000e+00  -1.900000000e+00
  104   3.900000000e+00   2.700000000e+00  -1.600000000e+00
  105   5.300000000e+00   2.700000000e+00  -1.000000000e+00
  106   6.300000000e+00   2.700000000e+00   3.000000000e-01
  107   6.700000000e+00   2.700000000e+00   1.900000000e+00
  108   5.800000000e+00   2.700000000e+00   3.200000000e+00
  109   4.100000000e+00   2.700000000e+00   3.300000000e+00
  110   2.600000000e+00   2.700000000e+00   2.600000000e+00
  111   1.700000000e+00   2.700000000e+00   1.800000000e+00
  112   1.000000000e+00   2.700000000e+00   1.400000000e+00
  113   7.000000000e-01   2.700000000e+00   7.000000000e-01
  114   1.000000000e+00   2.700000000e+00  -1.000000000e-01
  115   1.200000000e+00   2.700000000e+00  -6.000000000e-01
  116   1.100000000e+00   2.700000000e+00  -7.000000000e-01
  117   6.000000000e-01   2.700000000e+00  -9.000000000e-01
  118   0.000000000e+00   2.700000000e+00  -1.300000000e+00
  119  -3.000000000e-01   2.700000000e+00  -1.900000000e+00
  120  -8.000000000e-01   2.700000000e+00  -3.200000000e+00
  121  -1.000000000e+00   2.700000000e+00  -5.300000000e+00
  122  -1.000000000e-01   2.400000000e+00  -7.400000000e+00
  123   1.600000000e+00   2.400000000e+00  -7.400000000e+00
  124   3.100000000e+00   2.400000000e+00  -6.300000000e+00
  125   3.600000000e+00   2.400000000e+00  -4.400000000e+00
  126   3.400000000e+00   2.400000000e+00  -2.700000000e+00
  127   3.400000000e+00   2.400000000e+00  -1.900000000e+00
  128   4.200000000e+00   2.400000000e+00  -1.600000000e+00
  129   5.100000000e+00   2.400000000e+00  -1.000000000e+00
  130   6.000000000e+00   2.400000000e+00   3.000000000e-01
  131   6.300000000e+00   2.400000000e+00   1.700000000e+00
  132   5.600000000e+00   2.400000000e+00   3.000000000e+00
  133   4.300000000e+00   2.400000000e+00   3.400000000e+00
  134   2.900000000e+00   2.400000000e+00   3.200000000e+00
  135   1.700000000e+00   2.400000000e+00   2.700000000e+00
  136   9.000000000e-01   2.400000000e+00   2.300000000e+00
  137   6.000000000e-01   2.400000000e+00   1.300000000e+00
  138   1.000000000e+00   2.400000000e+00   0.000000000e+00
  139   1.400000000e+00   2.400000000e+00  -6.000000000e-01
  140   1.400000000e+00   2.400000000e+00  -7.000000000e-01
  141   9.000000000e-01   2.400000000e+00  -7.000000000e-01
  142   4.000000000e-01   2.400000000e+00  -1.100000000e+00
  143   1.000000000e-01   2.400000000e+00  -1.700000000e+00
  144  -6.000000000e-01   2.400000000e+00  -3.000000000e+00
  145  -1.000000000e+00   2.400000000e+00  -5.400000000e+00
  146  -3.000000000e-01   2.300000000e+00  -7.100000000e+00
  147   1.400000000e+00   2.300000000e+00  -7.100000000e+00
  148   2.900000000e+00   2.300000000e+00  -6.000000000e+00
  149   3.400000000e+00   2.300000000e+00  -4.000000000e+00
  150   3.100000000e+00   2.300000000e+00  -2.200000000e+00
  151   2.900000000e+00   2.300000000e+00  -1.400000000e+00
  152   3.700000000e+00   2.300000000e+00  -1.200000000e+00
  153   4.800000000e+00   2.300000000e+00  -7.000000000e-01
  154   5.800000000e+00   2.300000000e+00   5.000000000e-01
  155   6.200000000e+00   2.300000000e+00   2.000000000e+00
  156   5.600000000e+00   2.300000000e+00   3.400000000e+00
  157   4.300000000e+00   2.300000000e+00   4.100000000e+00
  158   2.900000000e+00   2.300000000e+00   4.200000000e+00
  159   1.600000000e+00   2.300000000e+00   3.900000000e+00
  160   6.000000000e-01   2.300000000e+00   3.500000000e+00
  161   1.000000000e-01   2.300000000e+00   2.100000000e+00
  162   6.000000000e-01   2.300000000e+00   6.000000000e-01
  163   1.100000000e+00   2.300000000e+00  -2.000000000e-01
  164   1.100000000e+00   2.300000000e+00  -3.000000000e-01
  165   6.000000000e-01   2.300000000e+00  -4.000000000e-01
  166   1.000000000e-01   2.300000000e+00  -8.000000000e-01
  167  -3.000000000e-01   2.300000000e+00  -1.500000000e+00
  168  -9.000000000e-01   2.300000000e+00  -2.900000000e+00
  169  -1.200000000e+00   2.300000000e+00  -5.200000000e+00
  170  -1.000000000e-01   2.000000000e+00  -7.100000000e+00
  171   1.600000000e+00   2.000000000e+00  -7.100000000e+00
  172   3.100000000e+00   2.000000000e+00  -6.000000000e+00
  173   3.700000000e+00   2.000000000e+00  -4.200000000e+00
  174   3.600000000e+00   2.000000000e+00  -2.600000000e+00
  175   3.500000000e+00   2.000000000e+00  -1.800000000e+00
  176   4.200000000e+00   2.000000000e+00  -1.500000000e+00
  177   5.400000000e+00   2.000000000e+00  -8.000000000e-01
  178   6.200000000e+00   2.000000000e+00   3.000000000e-01
  179   6.300000000e+00   2.000000000e+00   1.800000000e+00
  180   5.700000000e+00   2.000000000e+00   3.100000000e+00
  181   4.500000000e+00   2.000000000e+00   3.800000000e+00
  182   3.100000000e+00   2.000000000e+00   3.800000000e+00
  183   1.800000000e+00   2.000000000e+00   3.600000000e+00
  184   8.000000000e-01   2.000000000e+00   3.100000000e+00
  185   5.000000000e-01   2.000000000e+00   1.700000000e+00
  186   1.300000000e+00   2.000000000e+00   0.000000000e+00
  187   1.800000000e+00   2.000000000e+00  -6.000000000e-01
  188   1.700000000e+00   2.000000000e+00  -6.000000000e-01
  189   7.000000000e-01   2.000000000e+00  -6.000000000e-01
  190   1.000000000e-01   2.000000000e+00  -1.000000000e+00
  191  -4.000000000e-01   2.000000000e+00  -1.800000000e+00
  192  -8.000000000e-01   2.000000000e+00  -3.200000000e+00
  193  -1.000000000e+00   2.000000000e+00  -5.400000000e+00
  194   6.000000000e-01   1.800000000e+00  -6.700000000e+00
  195   2.200000000e+00   1.800000000e+00  -6.700000000e+00
  196   3.500000000e+00   1.800000000e+00  -6.000000000e+00
  197   4.500000000e+00   1.800000000e+00  -4.900000000e+00
  198   5.000000000e+00   1.800000000e+00  -3.000000000e+00
  199   5.400000000e+00   1.800000000e+00  -3.000000000e+00
  200   6.300000000e+00   1.800000000e+00  -2.100000000e+00
  201   7.200000000e+00   1.800000000e+00  -1.000000000e+00
  202   7.700000000e+00   1.800000000e+00   6.000000000e-01
  203   7.600000000e+00   1.800000000e+00   2.200000000e+00
  204   6.800000000e+00   1.800000000e+00   3.600000000e+00
  205   5.200000000e+00   1.800000000e+00   4.200000000e+00
  206   3.600000000e+00   1.800000000e+00   3.700000000e+00
  207   2.400000000e+00   1.800000000e+00   3.100000000e+00
  208   1.400000000e+00   1.800000000e+00   2.500000000e+00
  209   9.000000000e-01   1.800000000e+00   1.700000000e+00
  210   1.500000000e+00   1.800000000e+00   0.000000000e+00
  211   2.100000000e+00   1.800000000e+00  -6.000000000e-01
  212   1.800000000e+00   1.800000000e+00  -6.000000000e-01
  213   5.000000000e-01   1.800000000e+00  -7.000000000e-01
  214  -2.000000000e-01   1.800000000e+00  -1.500000000e+00
  215  -5.000000000e-01   1.800000000e+00  -2.300000000e+00
  216  -7.000000000e-01   1.800000000e+00  -3.700000000e+00
  217  -6.000000000e-01   1.800000000e+00  -5.600000000e+00
  218   7.000000000e-01   1.600000000e+00  -6.800000000e+00
  219   2.300000000e+00   1.600000000e+00  -6.900000000e+00
  220   3.800000000e+00   1.600000000e+00  -6.300000000e+00
  221   4.800000000e+00   1.600000000e+00  -5.400000000e+00
  222   5.500000000e+00   1.600000000e+00  -4.000000000e+00
  223   6.000000000e+00   1.600000000e+00  -3.000000000e+00
  224   6.800000000e+00   1.600000000e+00  -1.900000000e+00
  225   7.400000000e+00   1.600000000e+00  -1.100000000e+00
  226   7.700000000e+00   1.600000000e+00   4.000000000e-01
  227   7.500000000e+00   1.600000000e+00   2.000000000e+00
  228   6.700000000e+00   1.600000000e+00   3.300000000e+00
  229   5.300000000e+00   1.600000000e+00   3.900000000e+00
  230   3.700000000e+00   1.600000000e+00   3.700000000e+00
  231   2.500000000e+00   1.600000000e+00   3.200000000e+00
  232   1.600000000e+00   1.600000000e+00   2.700000000e+00
  233   9.000000000e-01   1.600000000e+00   1.900000000e+00
  234   1.500000000e+00   1.600000000e+00   0.000000000e+00
  235   2.200000000e+00   1.600000000e+00  -7.000000000e-01
  236   2.000000000e+00   1.600000000e+00  -7.000000000e-01
  237   7.000000000e-01   1.600000000e+00  -9.000000000e-01
  238   2.000000000e-01   1.600000000e+00  -1.400000000e+00
  239  -2.000000000e-01   1.600000000e+00  -2.300000000e+00
  240  -5.000000000e-01   1.600000000e+00  -3.700000000e+00
  241  -6.000000000e-01   1.600000000e+00  -5.700000000e+00
  242   9.000000000e-01   1.400000000e+00  -7.000000000e+00
  243   2.600000000e+00   1.400000000e+00  -8.000000000e+00
  244   4.300000000e+00   1.400000000e+00  -7.300000000e+00
  245   5.800000000e+00   1.400000000e+00  -6.500000000e+00
  246   6.800000000e+00   1.400000000e+00  -5.000000000e+00
  247   7.700000000e+00   1.400000000e+00  -4.000000000e+00
  248   8.300000000e+00   1.400000000e+00  -3.000000000e+00
  249   8.800000000e+00   1.400000000e+00  -1.000000000e+00
  250   8.900000000e+00   1.400000000e+00   6.000000000e-01
  251   8.500000000e+00   1.400000000e+00   2.300000000e+00
  252   7.600000000e+00   1.400000000e+00   3.800000000e+00
  253   5.900000000e+00   1.400000000e+00   4.300000000e+00
  254   4.100000000e+00   1.400000000e+00   3.700000000e+00
  255   2.800000000e+00   1.400000000e+00   3.000000000e+00
  256   2.000000000e+00   1.400000000e+00   2.400000000e+00
  257   9.000000000e-01   1.400000000e+00   2.600000000e+00
  258   5.000000000e-01   1.400000000e+00   1.400000000e+00
  259   7.000000000e-01   1.400000000e+00   5.000000000e-01
  260   8.000000000e-01   1.400000000e+00  -3.000000000e-01
  261   1.300000000e+00   1.400000000e+00  -8.000000000e-01
  262   1.400000000e+00   1.400000000e+00  -1.200000000e+00
  263   9.000000000e-01   1.400000000e+00  -1.900000000e+00
  264   1.000000000e-01   1.400000000e+00  -3.400000000e+00
  265  -4.000000000e-01   1.400000000e+00  -6.100000000e+00
C Region List
