C PointsNum,MaxElemVol,TetGenParams,nAtrib,IndMov,MDMaxVolume,MDomDiv,MDOnly,MDDivF,MDPrescP
  395    1.000000e+00 YYpznno2q1.414a     0     0    1.000000e+00     1     0     0     0     0     0 YYpznno2q1.414a
  -1.972148000e-01  -8.653570000e+00  -8.618100000e-02
   1.028771000e-01  -8.177820000e+00   8.299840000e-01
  -1.354590000e-01  -8.177820000e+00   8.970480000e-01
  -3.878280000e-01  -8.177820000e+00   8.842330000e-01
  -6.382570000e-01  -8.177820000e+00   8.122300000e-01
  -8.684580000e-01  -8.177820000e+00   6.738930000e-01
  -1.031834000e+00  -8.177820000e+00   4.594290000e-01
  -1.117789000e+00  -8.177820000e+00   2.050960000e-01
  -1.140068000e+00  -8.177820000e+00  -5.678800000e-02
  -1.108557000e+00  -8.177820000e+00  -3.167610000e-01
  -1.012087000e+00  -8.177820000e+00  -5.608680000e-01
  -8.525420000e-01  -8.177820000e+00  -7.697370000e-01
  -6.447010000e-01  -8.177820000e+00  -9.315250000e-01
  -4.051229000e-01  -8.177820000e+00  -1.044389000e+00
  -1.404480000e-01  -8.177820000e+00  -1.097834000e+00
   1.283440000e-01  -8.177820000e+00  -1.064361000e+00
   3.534660000e-01  -8.177820000e+00  -9.174930000e-01
   5.175370000e-01  -8.177820000e+00  -7.188660000e-01
   6.347250000e-01  -8.177820000e+00  -5.084650000e-01
   6.981810000e-01  -8.177820000e+00  -2.869040000e-01
   6.474040000e-01  -8.177820000e+00  -6.190200000e-02
   5.539050000e-01  -8.177820000e+00   1.242130000e-01
   4.621650000e-01  -8.177820000e+00   2.853840000e-01
   3.777470000e-01  -8.177820000e+00   4.530700000e-01
   2.726420000e-01  -8.177820000e+00   6.469680000e-01
   1.399166000e-01  -7.692070000e+00   1.185310000e+00
  -1.934520000e-01  -7.692070000e+00   1.265125000e+00
  -5.346990000e-01  -7.692070000e+00   1.213763000e+00
  -8.504050000e-01  -7.692070000e+00   1.078935000e+00
  -1.123928000e+00  -7.692070000e+00   8.726800000e-01
  -1.324520000e+00  -7.692070000e+00   5.963960000e-01
  -1.448600000e+00  -7.692070000e+00   2.806132000e-01
  -1.506030000e+00  -7.692070000e+00  -5.401500000e-02
  -1.491650000e+00  -7.692070000e+00  -4.008790000e-01
  -1.381598000e+00  -7.692070000e+00  -7.369010000e-01
  -1.166129000e+00  -7.692070000e+00  -1.021340000e+00
  -8.797920000e-01  -7.692070000e+00  -1.232840000e+00
  -5.530834000e-01  -7.692070000e+00  -1.370650000e+00
  -2.008710000e-01  -7.692070000e+00  -1.428470000e+00
   1.515210000e-01  -7.692070000e+00  -1.373909000e+00
   4.349010000e-01  -7.692070000e+00  -1.159371000e+00
   6.247500000e-01  -7.692070000e+00  -8.849380000e-01
   7.561340000e-01  -7.692070000e+00  -6.122580000e-01
   8.359860000e-01  -7.692070000e+00  -3.383868000e-01
   7.972410000e-01  -7.692070000e+00  -6.079700000e-02
   7.011710000e-01  -7.692070000e+00   1.803610000e-01
   5.966970000e-01  -7.692070000e+00   3.973930000e-01
   4.975450000e-01  -7.692070000e+00   6.337270000e-01
   3.689450000e-01  -7.692070000e+00   9.160340000e-01
   1.407290000e-01  -7.213310000e+00   1.486160000e+00
  -2.669520000e-01  -7.213310000e+00   1.572930000e+00
  -6.787170000e-01  -7.213310000e+00   1.497374000e+00
  -1.054431000e+00  -7.213310000e+00   1.323688000e+00
  -1.375160000e+00  -7.213310000e+00   1.069894000e+00
  -1.616030000e+00  -7.213310000e+00   7.410600000e-01
  -1.768430000e+00  -7.213310000e+00   3.655288000e-01
  -1.843910000e+00  -7.213310000e+00  -3.431900000e-02
  -1.836080000e+00  -7.213310000e+00  -4.535190000e-01
  -1.710860000e+00  -7.213310000e+00  -8.640640000e-01
  -1.449643000e+00  -7.213310000e+00  -1.210050000e+00
  -1.094412000e+00  -7.213310000e+00  -1.453200000e+00
  -6.942710000e-01  -7.213310000e+00  -1.597670000e+00
  -2.770850000e-01  -7.213310000e+00  -1.648310000e+00
   1.363810000e-01  -7.213310000e+00  -1.581105000e+00
   4.589140000e-01  -7.213310000e+00  -1.312656000e+00
   6.582660000e-01  -7.213310000e+00  -9.752660000e-01
   7.918670000e-01  -7.213310000e+00  -6.581500000e-01
   8.851260000e-01  -7.213310000e+00  -3.524712000e-01
   8.670710000e-01  -7.213310000e+00  -4.238300000e-02
   7.811910000e-01  -7.213310000e+00   2.401430000e-01
   6.710120000e-01  -7.213310000e+00   5.028120000e-01
   5.654670000e-01  -7.213310000e+00   7.943000000e-01
   4.183980000e-01  -7.213310000e+00   1.149800000e+00
   1.440940000e-01  -6.731560000e+00   1.745210000e+00
  -3.327960000e-01  -6.731560000e+00   1.830460000e+00
  -8.040470000e-01  -6.731560000e+00   1.723660000e+00
  -1.221810000e+00  -6.731560000e+00   1.505637000e+00
  -1.573090000e+00  -6.731560000e+00   1.208342000e+00
  -1.841580000e+00  -6.731560000e+00   8.395060000e-01
  -2.031380000e+00  -6.731560000e+00   4.247276000e-01
  -2.150640000e+00  -6.731560000e+00  -2.884700000e-02
  -2.176630000e+00  -6.731560000e+00  -5.202860000e-01
  -2.052090000e+00  -6.731560000e+00  -1.016460000e+00
  -1.739030000e+00  -6.731560000e+00  -1.425750000e+00
  -1.298791000e+00  -6.731560000e+00  -1.686720000e+00
  -8.219060000e-01  -6.731560000e+00  -1.817640000e+00
  -3.434300000e-01  -6.731560000e+00  -1.846400000e+00
   1.191550000e-01  -6.731560000e+00  -1.763250000e+00
   4.788320000e-01  -6.731560000e+00  -1.458010000e+00
   6.934680000e-01  -6.731560000e+00  -1.071584000e+00
   8.330970000e-01  -6.731560000e+00  -7.146180000e-01
   9.399920000e-01  -6.731560000e+00  -3.802724000e-01
   9.375360000e-01  -6.731560000e+00  -3.734300000e-02
   8.598740000e-01  -6.731560000e+00   2.848790000e-01
   7.436160000e-01  -6.731560000e+00   5.882490000e-01
   6.296960000e-01  -6.731560000e+00   9.297100000e-01
   4.659540000e-01  -6.731560000e+00   1.351800000e+00
   1.437950000e-01  -6.250800000e+00   1.922060000e+00
  -3.805600000e-01  -6.250800000e+00   2.003910000e+00
  -8.954370000e-01  -6.250800000e+00   1.888890000e+00
  -1.353770000e+00  -6.250800000e+00   1.653361000e+00
  -1.741770000e+00  -6.250800000e+00   1.329382000e+00
  -2.037940000e+00  -6.250800000e+00   9.258580000e-01
  -2.254730000e+00  -6.250800000e+00   4.728001000e-01
  -2.399890000e+00  -6.250800000e+00  -2.854700000e-02
  -2.443990000e+00  -6.250800000e+00  -5.792160000e-01
  -2.313810000e+00  -6.250800000e+00  -1.139810000e+00
  -1.957990000e+00  -6.250800000e+00  -1.596390000e+00
  -1.453682000e+00  -6.250800000e+00  -1.870810000e+00
  -9.172050000e-01  -6.250800000e+00  -1.994370000e+00
  -3.919680000e-01  -6.250800000e+00  -2.009200000e+00
   1.115170000e-01  -6.250800000e+00  -1.914170000e+00
   5.035360000e-01  -6.250800000e+00  -1.584940000e+00
   7.350970000e-01  -6.250800000e+00  -1.160854000e+00
   8.855120000e-01  -6.250800000e+00  -7.728530000e-01
   1.005068000e+00  -6.250800000e+00  -4.101999000e-01
   1.019909000e+00  -6.250800000e+00  -3.699400000e-02
   9.476970000e-01  -6.250800000e+00   3.203950000e-01
   8.244360000e-01  -6.250800000e+00   6.614410000e-01
   6.973280000e-01  -6.250800000e+00   1.044280000e+00
   5.098210000e-01  -6.250800000e+00   1.508470000e+00
   1.471610000e-01  -5.770050000e+00   2.109360000e+00
  -4.222700000e-01  -5.770050000e+00   2.203020000e+00
  -9.841100000e-01  -5.770050000e+00   2.085090000e+00
  -1.489750000e+00  -5.770050000e+00   1.836486000e+00
  -1.921280000e+00  -5.770050000e+00   1.487312000e+00
  -2.248130000e+00  -5.770050000e+00   1.043111000e+00
  -2.474210000e+00  -5.770050000e+00   5.405741000e-01
  -2.610890000e+00  -5.770050000e+00  -8.220000000e-03
  -2.636590000e+00  -5.770050000e+00  -5.983500000e-01
  -2.486430000e+00  -5.770050000e+00  -1.194020000e+00
  -2.108250000e+00  -5.770050000e+00  -1.683450000e+00
  -1.570796000e+00  -5.770050000e+00  -1.979080000e+00
  -9.978390000e-01  -5.770050000e+00  -2.112270000e+00
  -4.345400000e-01  -5.770050000e+00  -2.127720000e+00
   1.046600000e-01  -5.770050000e+00  -2.027900000e+00
   5.257640000e-01  -5.770050000e+00  -1.678030000e+00
   7.715960000e-01  -5.770050000e+00  -1.220870000e+00
   9.306100000e-01  -5.770050000e+00  -8.041370000e-01
   1.055743000e+00  -5.770050000e+00  -4.164259000e-01
   1.073371000e+00  -5.770050000e+00  -1.767300000e-02
   1.000744000e+00  -5.770050000e+00   3.656150000e-01
   8.734040000e-01  -5.770050000e+00   7.338170000e-01
   7.414280000e-01  -5.770050000e+00   1.151310000e+00
   5.437446000e-01  -5.770050000e+00   1.660250000e+00
   1.493960000e-01  -4.827630000e+00   2.416170000e+00
  -4.844260000e-01  -4.827630000e+00   2.521810000e+00
  -1.119000000e+00  -4.827630000e+00   2.422470000e+00
  -1.705710000e+00  -4.827630000e+00   2.168270000e+00
  -2.217240000e+00  -4.827630000e+00   1.786446000e+00
  -2.598890000e+00  -4.827630000e+00   1.275322000e+00
  -2.828560000e+00  -4.827630000e+00   6.841583000e-01
  -2.926340000e+00  -4.827630000e+00   5.814500000e-02
  -2.891450000e+00  -4.827630000e+00  -5.847300000e-01
  -2.695690000e+00  -4.827630000e+00  -1.212930000e+00
  -2.295530000e+00  -4.827630000e+00  -1.742320000e+00
  -1.721278000e+00  -4.827630000e+00  -2.065530000e+00
  -1.104604000e+00  -4.827630000e+00  -2.209040000e+00
  -4.975888000e-01  -4.827630000e+00  -2.224430000e+00
   8.354000000e-02  -4.827630000e+00  -2.121680000e+00
   5.378500000e-01  -4.827630000e+00  -1.743296000e+00
   7.966460000e-01  -4.827630000e+00  -1.244510000e+00
   9.677600000e-01  -4.827630000e+00  -7.966590000e-01
   1.106281000e+00  -4.827630000e+00  -3.818417000e-01
   1.152008000e+00  -4.827630000e+00   4.704400000e-02
   1.100447000e+00  -4.827630000e+00   4.736880000e-01
   9.712810000e-01  -4.827630000e+00   8.920430000e-01
   8.289780000e-01  -4.827630000e+00   1.366170000e+00
   6.016162900e-01  -4.827630000e+00   1.933440000e+00
   1.398470000e-01  -3.884210000e+00   2.660100000e+00
  -5.379590000e-01  -3.884210000e+00   2.779100000e+00
  -1.222980000e+00  -3.884210000e+00   2.686090000e+00
  -1.867220000e+00  -3.884210000e+00   2.436630000e+00
  -2.436990000e+00  -3.884210000e+00   2.026959000e+00
  -2.860310000e+00  -3.884210000e+00   1.473271000e+00
  -3.071540000e+00  -3.884210000e+00   8.145661000e-01
  -3.103270000e+00  -3.884210000e+00   1.377740000e-01
  -2.994900000e+00  -3.884210000e+00  -5.184400000e-01
  -2.754050000e+00  -3.884210000e+00  -1.136330000e+00
  -2.359520000e+00  -3.884210000e+00  -1.672850000e+00
  -1.797200000e+00  -3.884210000e+00  -2.023790000e+00
  -1.174153000e+00  -3.884210000e+00  -2.192030000e+00
  -5.516358000e-01  -3.884210000e+00  -2.221100000e+00
   5.136200000e-02  -3.884210000e+00  -2.121070000e+00
   5.133120000e-01  -3.884210000e+00  -1.715900000e+00
   7.537290000e-01  -3.884210000e+00  -1.176666000e+00
   9.133270000e-01  -3.884210000e+00  -7.179530000e-01
   1.059983000e+00  -3.884210000e+00  -3.044339000e-01
   1.142012000e+00  -3.884210000e+00   1.256240000e-01
   1.106208000e+00  -3.884210000e+00   5.686060000e-01
   9.889370000e-01  -3.884210000e+00   1.011660000e+00
   8.571460000e-01  -3.884210000e+00   1.526350000e+00
   6.267498000e-01  -3.884210000e+00   2.148890000e+00
   1.164030000e-01  -2.940800000e+00   2.855380000e+00
  -6.040400000e-01  -2.940800000e+00   2.984140000e+00
  -1.338120000e+00  -2.940800000e+00   2.913500000e+00
  -2.044750000e+00  -2.940800000e+00   2.665610000e+00
  -2.681220000e+00  -2.940800000e+00   2.252050000e+00
  -3.154390000e+00  -2.940800000e+00   1.647489000e+00
  -3.373530000e+00  -2.940800000e+00   9.164598000e-01
  -3.383860000e+00  -2.940800000e+00   1.758740000e-01
  -3.238750000e+00  -2.940800000e+00  -5.276500000e-01
  -2.963310000e+00  -2.940800000e+00  -1.180250000e+00
  -2.539030000e+00  -2.940800000e+00  -1.748020000e+00
  -1.935910000e+00  -2.940800000e+00  -2.109590000e+00
  -1.271597000e+00  -2.940800000e+00  -2.268180000e+00
  -6.189577000e-01  -2.940800000e+00  -2.281940000e+00
   8.972000000e-03  -2.940800000e+00  -2.173580000e+00
   5.074200000e-01  -2.940800000e+00  -1.783560000e+00
   7.680360000e-01  -2.940800000e+00  -1.219692000e+00
   9.409280000e-01  -2.940800000e+00  -7.340050000e-01
   1.095816000e+00  -2.940800000e+00  -2.945402000e-01
   1.179447000e+00  -2.940800000e+00   1.641120000e-01
   1.130271000e+00  -2.940800000e+00   6.310300000e-01
   1.013332000e+00  -2.940800000e+00   1.101390000e+00
   8.817340000e-01  -2.940800000e+00   1.654720000e+00
   6.395627000e-01  -2.940800000e+00   2.323660000e+00
   6.067400000e-02  -1.998380000e+00   2.971200000e+00
  -6.932400000e-01  -1.998380000e+00   3.109590000e+00
  -1.469650000e+00  -1.998380000e+00   3.055840000e+00
  -2.232030000e+00  -1.998380000e+00   2.828580000e+00
  -2.927820000e+00  -1.998380000e+00   2.399100000e+00
  -3.437740000e+00  -1.998380000e+00   1.744914000e+00
  -3.659190000e+00  -1.998380000e+00   9.638790000e-01
  -3.651510000e+00  -1.998380000e+00   1.675710000e-01
  -3.482080000e+00  -1.998380000e+00  -5.768800000e-01
  -3.179990000e+00  -1.998380000e+00  -1.261780000e+00
  -2.727350000e+00  -1.998380000e+00  -1.859770000e+00
  -2.099730000e+00  -1.998380000e+00  -2.246960000e+00
  -1.400326000e+00  -1.998380000e+00  -2.418930000e+00
  -7.094214000e-01  -1.998380000e+00  -2.438160000e+00
  -4.318200000e-02  -1.998380000e+00  -2.327220000e+00
   4.959560000e-01  -1.998380000e+00  -1.927400000e+00
   7.658180000e-01  -1.998380000e+00  -1.316149000e+00
   9.297020000e-01  -1.998380000e+00  -7.885870000e-01
   1.071085000e+00  -1.998380000e+00  -3.211210000e-01
   1.114493000e+00  -1.998380000e+00   1.544430000e-01
   1.035508000e+00  -1.998380000e+00   6.200710000e-01
   9.307980000e-01  -1.998380000e+00   1.097003000e+00
   8.231820000e-01  -1.998380000e+00   1.677410000e+00
   6.035200000e-01  -1.998380000e+00   2.407870000e+00
  -6.079000000e-02  -1.054960000e+00   2.971430000e+00
  -8.185300000e-01  -1.054960000e+00   3.117250000e+00
  -1.604820000e+00  -1.054960000e+00   3.080690000e+00
  -2.389170000e+00  -1.054960000e+00   2.862630000e+00
  -3.113020000e+00  -1.054960000e+00   2.446420000e+00
  -3.640340000e+00  -1.054960000e+00   1.782011000e+00
  -3.897630000e+00  -1.054960000e+00   9.732550000e-01
  -3.936860000e+00  -1.054960000e+00   1.525820000e-01
  -3.814810000e+00  -1.054960000e+00  -6.465900000e-01
  -3.514140000e+00  -1.054960000e+00  -1.396100000e+00
  -3.014750000e+00  -1.054960000e+00  -2.035330000e+00
  -2.292720000e+00  -1.054960000e+00  -2.376720000e+00
  -1.528790000e+00  -1.054960000e+00  -2.447320000e+00
  -8.331575000e-01  -1.054960000e+00  -2.379430000e+00
  -1.964030000e-01  -1.054960000e+00  -2.236230000e+00
   3.677660000e-01  -1.054960000e+00  -1.938300000e+00
   6.869660000e-01  -1.054960000e+00  -1.378344000e+00
   8.602030000e-01  -1.054960000e+00  -8.369380000e-01
   9.788350000e-01  -1.054960000e+00  -3.457450000e-01
   9.095370000e-01  -1.054960000e+00   1.390410000e-01
   7.833420000e-01  -1.054960000e+00   5.717110000e-01
   7.134740000e-01  -1.054960000e+00   1.028519000e+00
   6.594980000e-01  -1.054960000e+00   1.622540000e+00
   4.952020000e-01  -1.054960000e+00   2.420830000e+00
  -1.966040000e-01  -3.545410000e-01   2.982920000e+00
   3.891790000e-01  -3.545410000e-01   2.477500000e+00
   5.161060000e-01  -3.545410000e-01   1.617330000e+00
   5.167300000e-01  -3.545410000e-01   9.930400000e-01
   5.443140000e-01  -3.545410000e-01   5.418270000e-01
   6.616230000e-01  -3.545410000e-01   1.365790000e-01
   8.179060000e-01  -3.545410000e-01  -3.422940000e-01
   7.212870000e-01  -3.545410000e-01  -8.402310000e-01
   5.561980000e-01  -3.545410000e-01  -1.391210000e+00
   1.962500000e-01  -3.545410000e-01  -1.886150000e+00
  -3.638090000e-01  -3.545410000e-01  -2.133640000e+00
  -9.738674000e-01  -3.545410000e-01  -2.321830000e+00
  -1.675604000e+00  -3.545410000e-01  -2.474930000e+00
  -2.508150000e+00  -3.545410000e-01  -2.511170000e+00
  -3.335530000e+00  -3.545410000e-01  -2.212460000e+00
  -3.872070000e+00  -3.545410000e-01  -1.526760000e+00
  -4.159710000e+00  -3.545410000e-01  -7.053500000e-01
  -4.240550000e+00  -3.545410000e-01   1.538050000e-01
  -4.135280000e+00  -3.545410000e-01   1.000706000e+00
  -3.837580000e+00  -3.545410000e-01   1.811634000e+00
  -3.298310000e+00  -3.545410000e-01   2.488010000e+00
  -2.554820000e+00  -3.545410000e-01   2.907920000e+00
  -1.753320000e+00  -3.545410000e-01   3.106490000e+00
  -9.584100000e-01  -3.545410000e-01   3.133470000e+00
  -2.774010000e+00  -3.805410000e-01  -1.867560000e+00
  -3.318700000e+00  -3.775410000e-01  -1.555080000e+00
  -1.533120000e+00  -3.757410000e-01   2.766280000e+00
  -1.053880000e+00  -3.870410000e-01   2.440420000e+00
  -2.493380000e+00  -4.148410000e-01   6.396180000e-01
  -2.430130000e+00  -4.126410000e-01   9.831075000e-01
  -2.051400000e+00  -4.156410000e-01   9.603108000e-01
  -8.754957000e-01  -3.765410000e-01  -1.932470000e+00
  -2.069390000e+00  -4.195410000e-01   1.404400000e-01
  -1.670660000e+00  -4.179410000e-01   9.355140000e-01
  -1.346120000e+00  -4.186410000e-01   1.455310000e-01
  -3.002880000e+00  -4.024410000e-01   9.803400000e-01
  -3.105460000e+00  -4.039410000e-01   3.125950000e-01
  -3.631710000e+00  -3.849410000e-01   6.390870000e-01
  -2.976280000e+00  -3.903410000e-01   1.738005000e+00
  -3.164140000e+00  -3.911410000e-01   1.430366000e+00
  -3.121800000e+00  -3.869410000e-01   1.690249000e+00
  -2.774840000e-01  -3.824410000e-01   2.139377000e+00
  -9.456630000e-01  -4.049410000e-01   1.595407000e+00
  -2.324850000e+00  -3.958410000e-01  -1.544060000e+00
  -2.210510000e+00  -4.025410000e-01  -1.296610000e+00
  -1.980948000e+00  -4.004410000e-01  -1.427360000e+00
  -2.067600000e+00  -4.031410000e-01   1.857501000e+00
  -1.881220000e+00  -3.914410000e-01   2.344297000e+00
  -1.797130000e+00  -3.989410000e-01   2.085365000e+00
  -3.541570000e+00  -3.833410000e-01  -9.071400000e-01
  -2.829030000e+00  -3.986410000e-01  -1.132380000e+00
  -1.417793000e+00  -3.805410000e-01  -1.980290000e+00
  -1.748384000e+00  -3.980410000e-01  -1.553120000e+00
  -1.094830000e+00  -3.942410000e-01  -1.562860000e+00
  -2.215260000e+00  -3.869410000e-01   2.381328000e+00
  -2.043330000e+00  -3.750410000e-01   2.717950000e+00
  -1.961530000e+00  -3.833410000e-01   2.541120000e+00
  -2.087533000e+00  -3.809410000e-01  -2.014610000e+00
  -2.541300000e+00  -3.807410000e-01   2.408359000e+00
  -2.659100000e-02  -3.763410000e-01  -1.439070000e+00
   1.139000000e-01  -3.808410000e-01  -9.175960000e-01
   2.854690000e-01  -3.785410000e-01  -1.177880000e-01
  -2.648640000e+00  -4.133410000e-01   5.152400000e-02
  -3.066940000e+00  -4.031410000e-01  -3.783200000e-01
   2.873410000e-02  -3.855410000e-01   7.409250000e-01
  -3.134170000e-01  -4.004410000e-01   1.858570000e-01
  -3.448190000e+00  -3.833410000e-01   1.344854900e+00
  -3.665480000e+00  -3.852410000e-01  -1.310110000e-01
  -4.609150000e-01  -3.795410000e-01  -1.710360000e+00
  -6.093240000e-01  -3.978410000e-01  -1.117790000e+00
   1.659210000e-01  -3.755410000e-01   1.530704000e+00
  -3.342530000e-01  -3.951410000e-01   1.366561000e+00
  -2.428730000e+00  -4.134410000e-01  -4.784780000e-01
  -2.749810000e+00  -3.913410000e-01   1.929350000e+00
  -2.872090000e+00  -3.975410000e-01   1.525877000e+00
  -1.001815000e+00  -4.042410000e-01  -1.073840000e+00
  -1.024265000e+00  -4.087410000e-01  -7.880790000e-01
  -1.333150000e+00  -4.061410000e-01   1.705920000e+00
  -1.376840000e+00  -3.981410000e-01   2.108426000e+00
  -1.161960000e+00  -4.018410000e-01   1.861916000e+00
  -2.478730000e+00  -3.897410000e-01   2.173463000e+00
  -2.645060000e+00  -3.862410000e-01   2.173855000e+00
  -2.413150000e+00  -3.982410000e-01   1.908567000e+00
  -2.368890000e+00  -4.098410000e-01   1.325597000e+00
  -2.623490000e+00  -4.044410000e-01   1.425737000e+00
  -1.908850000e+00  -4.187410000e-01  -1.693470000e-01
  -2.169290000e+00  -4.165410000e-01  -3.224130000e-01
  -1.743300000e+00  -4.171410000e-01  -4.711340000e-01
  -1.546210000e+00  -4.185410000e-01  -1.663020000e-01
  -1.296463000e+00  -4.160410000e-01  -3.300090000e-01
  -7.456880000e-01  -4.098410000e-01   7.337197000e-01
  -1.698020000e+00  -3.841410000e-01   2.565290000e+00
  -1.377750000e+00  -3.857410000e-01   2.497850000e+00
  -2.097180000e+00  -4.084410000e-01  -1.055160000e+00
  -1.746241000e+00  -4.092410000e-01  -1.048380000e+00
  -1.750813000e+00  -4.039410000e-01  -1.303750000e+00
  -1.689350000e+00  -4.126410000e-01   1.372974000e+00
  -1.317610000e+00  -4.093410000e-01   1.489191000e+00
  -3.798590000e-01  -4.006410000e-01  -4.196780000e-01
  -2.690380000e+00  -4.070410000e-01   1.147968780e+00
  -2.591380000e+00  -4.111410000e-01   8.942930000e-01
  -2.265450000e+00  -4.113410000e-01  -7.728200000e-01
  -2.467600000e+00  -4.044410000e-01  -1.090270000e+00
  -2.446160000e+00  -4.091410000e-01  -7.883700000e-01
  -2.042470000e+00  -4.091410000e-01   1.556015000e+00
  -2.030620000e+00  -4.119410000e-01   1.349286000e+00
  -3.081470000e+00  -3.825410000e-01   1.950132000e+00
  -7.696610000e-01  -4.111410000e-01   2.779000000e-02
  -7.082870000e-01  -4.075410000e-01  -4.531970000e-01
  -1.244567000e+00  -4.015410000e-01  -1.325030000e+00
  -1.049322000e+00  -3.994410000e-01  -1.328550000e+00
  -1.572302000e+00  -4.132410000e-01  -7.728600000e-01
  -1.834740000e+00  -4.113410000e-01  -9.095100000e-01
  -1.629140000e+00  -3.949410000e-01   2.241361000e+00
  -2.312210000e+00  -3.928410000e-01   2.149948000e+00
  -1.198418000e+00  -4.162410000e-01  -1.780930000e-01
  -9.066880000e-01  -4.122410000e-01  -2.344630000e-01
  -2.004880000e+00  -4.146410000e-01  -6.204800000e-01
  -1.579845000e+00  -4.038410000e-01  -1.301860000e+00
  -1.499976000e+00  -4.003410000e-01  -1.434620000e+00
  -1.044716000e+00  -4.127410000e-01  -4.907170000e-01
  -6.588060000e-01  -4.028410000e-01  -7.881420000e-01
  -1.808800000e+00  -4.193410000e-01  -1.343100000e-02
  -1.222510000e+00  -4.110410000e-01  -7.766560000e-01
  -1.309009000e+00  -4.133410000e-01  -6.307910000e-01
  -1.718040000e+00  -4.058410000e-01   1.786434000e+00
  -1.397305000e+00  -4.081410000e-01  -1.053590000e+00
  -2.087510000e+00  -4.158410000e-01  -4.733060000e-01
  -2.643620000e+00  -3.984410000e-01   1.717222000e+00
  -2.937980000e+00  -4.002410000e-01   1.258108900e+00
C Number of facets
  786
C  Size  Node 1  ......Node N Marker
    3    0    1    2    3
    3    0    2    3    3
    3    0    3    4    3
    3    0    4    5    3
    3    0    5    6    3
    3    0    6    7    3
    3    0    7    8    3
    3    0    8    9    3
    3    0    9   10    3
    3    0   10   11    3
    3    0   11   12    3
    3    0   12   13    3
    3    0   13   14    3
    3    0   14   15    3
    3    0   15   16    3
    3    0   16   17    3
    3    0   17   18    3
    3    0   18   19    3
    3    0   19   20    3
    3    0   20   21    3
    3    0   21   22    3
    3    0   22   23    3
    3    0   23   24    3
    3    0   24    1    3
    3    1   25   26    3
    3    1   26    2    3
    3    2   26   27    3
    3    2   27    3    3
    3    3   27   28    3
    3    3   28    4    3
    3    4   28   29    3
    3    4   29    5    3
    3    5   29   30    3
    3    5   30    6    3
    3    6   30   31    3
    3    6   31    7    3
    3    7   31   32    3
    3    7   32    8    3
    3    8   32   33    3
    3    8   33    9    3
    3    9   33   34    3
    3    9   34   10    3
    3   10   34   35    3
    3   10   35   11    3
    3   11   35   36    3
    3   11   36   12    3
    3   12   36   37    3
    3   12   37   13    3
    3   13   37   38    3
    3   13   38   14    3
    3   14   38   39    3
    3   14   39   15    3
    3   15   39   40    3
    3   15   40   16    3
    3   16   40   41    3
    3   16   41   17    3
    3   17   41   42    3
    3   17   42   18    3
    3   18   42   43    3
    3   18   43   19    3
    3   19   43   44    3
    3   19   44   20    3
    3   20   44   45    3
    3   20   45   21    3
    3   21   45   46    3
    3   21   46   22    3
    3   22   46   47    3
    3   22   47   23    3
    3   23   47   48    3
    3   23   48   24    3
    3   24   48   25    3
    3   24   25    1    3
    3   25   49   50    3
    3   25   50   26    3
    3   26   50   51    3
    3   26   51   27    3
    3   27   51   52    3
    3   27   52   28    3
    3   28   52   53    3
    3   28   53   29    3
    3   29   53   54    3
    3   29   54   30    3
    3   30   54   55    3
    3   30   55   31    3
    3   31   55   56    3
    3   31   56   32    3
    3   32   56   57    3
    3   32   57   33    3
    3   33   57   58    3
    3   33   58   34    3
    3   34   58   59    3
    3   34   59   35    3
    3   35   59   60    3
    3   35   60   36    3
    3   36   60   61    3
    3   36   61   37    3
    3   37   61   62    3
    3   37   62   38    3
    3   38   62   63    3
    3   38   63   39    3
    3   39   63   64    3
    3   39   64   40    3
    3   40   64   65    3
    3   40   65   41    3
    3   41   65   66    3
    3   41   66   42    3
    3   42   66   67    3
    3   42   67   43    3
    3   43   67   68    3
    3   43   68   44    3
    3   44   68   69    3
    3   44   69   45    3
    3   45   69   70    3
    3   45   70   46    3
    3   46   70   71    3
    3   46   71   47    3
    3   47   71   72    3
    3   47   72   48    3
    3   48   72   49    3
    3   48   49   25    3
    3   49   73   74    3
    3   49   74   50    3
    3   50   74   75    3
    3   50   75   51    3
    3   51   75   76    3
    3   51   76   52    3
    3   52   76   77    3
    3   52   77   53    3
    3   53   77   78    3
    3   53   78   54    3
    3   54   78   79    3
    3   54   79   55    3
    3   55   79   80    3
    3   55   80   56    3
    3   56   80   81    3
    3   56   81   57    3
    3   57   81   82    3
    3   57   82   58    3
    3   58   82   83    3
    3   58   83   59    3
    3   59   83   84    3
    3   59   84   60    3
    3   60   84   85    3
    3   60   85   61    3
    3   61   85   86    3
    3   61   86   62    3
    3   62   86   87    3
    3   62   87   63    3
    3   63   87   88    3
    3   63   88   64    3
    3   64   88   89    3
    3   64   89   65    3
    3   65   89   90    3
    3   65   90   66    3
    3   66   90   91    3
    3   66   91   67    3
    3   67   91   92    3
    3   67   92   68    3
    3   68   92   93    3
    3   68   93   69    3
    3   69   93   94    3
    3   69   94   70    3
    3   70   94   95    3
    3   70   95   71    3
    3   71   95   96    3
    3   71   96   72    3
    3   72   96   73    3
    3   72   73   49    3
    3   73   97   98    3
    3   73   98   74    3
    3   74   98   99    3
    3   74   99   75    3
    3   75   99  100    3
    3   75  100   76    3
    3   76  100  101    3
    3   76  101   77    3
    3   77  101  102    3
    3   77  102   78    3
    3   78  102  103    3
    3   78  103   79    3
    3   79  103  104    3
    3   79  104   80    3
    3   80  104  105    3
    3   80  105   81    3
    3   81  105  106    3
    3   81  106   82    3
    3   82  106  107    3
    3   82  107   83    3
    3   83  107  108    3
    3   83  108   84    3
    3   84  108  109    3
    3   84  109   85    3
    3   85  109  110    3
    3   85  110   86    3
    3   86  110  111    3
    3   86  111   87    3
    3   87  111  112    3
    3   87  112   88    3
    3   88  112  113    3
    3   88  113   89    3
    3   89  113  114    3
    3   89  114   90    3
    3   90  114  115    3
    3   90  115   91    3
    3   91  115  116    3
    3   91  116   92    3
    3   92  116  117    3
    3   92  117   93    3
    3   93  117  118    3
    3   93  118   94    3
    3   94  118  119    3
    3   94  119   95    3
    3   95  119  120    3
    3   95  120   96    3
    3   96  120   97    3
    3   96   97   73    3
    3   97  121  122    3
    3   97  122   98    3
    3   98  122  123    3
    3   98  123   99    3
    3   99  123  124    3
    3   99  124  100    3
    3  100  124  125    3
    3  100  125  101    3
    3  101  125  126    3
    3  101  126  102    3
    3  102  126  127    3
    3  102  127  103    3
    3  103  127  128    3
    3  103  128  104    3
    3  104  128  129    3
    3  104  129  105    3
    3  105  129  130    3
    3  105  130  106    3
    3  106  130  131    3
    3  106  131  107    3
    3  107  131  132    3
    3  107  132  108    3
    3  108  132  133    3
    3  108  133  109    3
    3  109  133  134    3
    3  109  134  110    3
    3  110  134  135    3
    3  110  135  111    3
    3  111  135  136    3
    3  111  136  112    3
    3  112  136  137    3
    3  112  137  113    3
    3  113  137  138    3
    3  113  138  114    3
    3  114  138  139    3
    3  114  139  115    3
    3  115  139  140    3
    3  115  140  116    3
    3  116  140  141    3
    3  116  141  117    3
    3  117  141  142    3
    3  117  142  118    3
    3  118  142  143    3
    3  118  143  119    3
    3  119  143  144    3
    3  119  144  120    3
    3  120  144  121    3
    3  120  121   97    3
    3  121  145  146    3
    3  121  146  122    3
    3  122  146  147    3
    3  122  147  123    3
    3  123  147  148    3
    3  123  148  124    3
    3  124  148  149    3
    3  124  149  125    3
    3  125  149  150    3
    3  125  150  126    3
    3  126  150  151    3
    3  126  151  127    3
    3  127  151  152    3
    3  127  152  128    3
    3  128  152  153    3
    3  128  153  129    3
    3  129  153  154    3
    3  129  154  130    3
    3  130  154  155    3
    3  130  155  131    3
    3  131  155  156    3
    3  131  156  132    3
    3  132  156  157    3
    3  132  157  133    3
    3  133  157  158    3
    3  133  158  134    3
    3  134  158  159    3
    3  134  159  135    3
    3  135  159  160    3
    3  135  160  136    3
    3  136  160  161    3
    3  136  161  137    3
    3  137  161  162    3
    3  137  162  138    3
    3  138  162  163    3
    3  138  163  139    3
    3  139  163  164    3
    3  139  164  140    3
    3  140  164  165    3
    3  140  165  141    3
    3  141  165  166    3
    3  141  166  142    3
    3  142  166  167    3
    3  142  167  143    3
    3  143  167  168    3
    3  143  168  144    3
    3  144  168  145    3
    3  144  145  121    3
    3  145  169  170    3
    3  145  170  146    3
    3  146  170  171    3
    3  146  171  147    3
    3  147  171  172    3
    3  147  172  148    3
    3  148  172  173    3
    3  148  173  149    3
    3  149  173  174    3
    3  149  174  150    3
    3  150  174  175    3
    3  150  175  151    3
    3  151  175  176    3
    3  151  176  152    3
    3  152  176  177    3
    3  152  177  153    3
    3  153  177  178    3
    3  153  178  154    3
    3  154  178  179    3
    3  154  179  155    3
    3  155  179  180    3
    3  155  180  156    3
    3  156  180  181    3
    3  156  181  157    3
    3  157  181  182    3
    3  157  182  158    3
    3  158  182  183    3
    3  158  183  159    3
    3  159  183  184    3
    3  159  184  160    3
    3  160  184  185    3
    3  160  185  161    3
    3  161  185  186    3
    3  161  186  162    3
    3  162  186  187    3
    3  162  187  163    3
    3  163  187  188    3
    3  163  188  164    3
    3  164  188  189    3
    3  164  189  165    3
    3  165  189  190    3
    3  165  190  166    3
    3  166  190  191    3
    3  166  191  167    3
    3  167  191  192    3
    3  167  192  168    3
    3  168  192  169    3
    3  168  169  145    3
    3  169  193  194    3
    3  169  194  170    3
    3  170  194  195    3
    3  170  195  171    3
    3  171  195  196    3
    3  171  196  172    3
    3  172  196  197    3
    3  172  197  173    3
    3  173  197  198    3
    3  173  198  174    3
    3  174  198  199    3
    3  174  199  175    3
    3  175  199  200    3
    3  175  200  176    3
    3  176  200  201    3
    3  176  201  177    3
    3  177  201  202    3
    3  177  202  178    3
    3  178  202  203    3
    3  178  203  179    3
    3  179  203  204    3
    3  179  204  180    3
    3  180  204  205    3
    3  180  205  181    3
    3  181  205  206    3
    3  181  206  182    3
    3  182  206  207    3
    3  182  207  183    3
    3  183  207  208    3
    3  183  208  184    3
    3  184  208  209    3
    3  184  209  185    3
    3  185  209  210    3
    3  185  210  186    3
    3  186  210  211    3
    3  186  211  187    3
    3  187  211  212    3
    3  187  212  188    3
    3  188  212  213    3
    3  188  213  189    3
    3  189  213  214    3
    3  189  214  190    3
    3  190  214  215    3
    3  190  215  191    3
    3  191  215  216    3
    3  191  216  192    3
    3  192  216  193    3
    3  192  193  169    3
    3  193  217  218    3
    3  193  218  194    3
    3  194  218  219    3
    3  194  219  195    3
    3  195  219  220    3
    3  195  220  196    3
    3  196  220  221    3
    3  196  221  197    3
    3  197  221  222    3
    3  197  222  198    3
    3  198  222  223    3
    3  198  223  199    3
    3  199  223  224    3
    3  199  224  200    3
    3  200  224  225    3
    3  200  225  201    3
    3  201  225  226    3
    3  201  226  202    3
    3  202  226  227    3
    3  202  227  203    3
    3  203  227  228    3
    3  203  228  204    3
    3  204  228  229    3
    3  204  229  205    3
    3  205  229  230    3
    3  205  230  206    3
    3  206  230  231    3
    3  206  231  207    3
    3  207  231  232    3
    3  207  232  208    3
    3  208  232  233    3
    3  208  233  209    3
    3  209  233  234    3
    3  209  234  210    3
    3  210  234  235    3
    3  210  235  211    3
    3  211  235  236    3
    3  211  236  212    3
    3  212  236  237    3
    3  212  237  213    3
    3  213  237  238    3
    3  213  238  214    3
    3  214  238  239    3
    3  214  239  215    3
    3  215  239  240    3
    3  215  240  216    3
    3  216  240  217    3
    3  216  217  193    3
    3  217  241  242    3
    3  217  242  218    3
    3  218  242  243    3
    3  218  243  219    3
    3  219  243  244    3
    3  219  244  220    3
    3  220  244  245    3
    3  220  245  221    3
    3  221  245  246    3
    3  221  246  222    3
    3  222  246  247    3
    3  222  247  223    3
    3  223  247  248    3
    3  223  248  224    3
    3  224  248  249    3
    3  224  249  225    3
    3  225  249  250    3
    3  225  250  226    3
    3  226  250  251    3
    3  226  251  227    3
    3  227  251  252    3
    3  227  252  228    3
    3  228  252  253    3
    3  228  253  229    3
    3  229  253  254    3
    3  229  254  230    3
    3  230  254  255    3
    3  230  255  231    3
    3  231  255  256    3
    3  231  256  232    3
    3  232  256  257    3
    3  232  257  233    3
    3  233  257  258    3
    3  233  258  234    3
    3  234  258  259    3
    3  234  259  235    3
    3  235  259  260    3
    3  235  260  236    3
    3  236  260  261    3
    3  236  261  237    3
    3  237  261  262    3
    3  237  262  238    3
    3  238  262  263    3
    3  238  263  239    3
    3  239  263  264    3
    3  239  264  240    3
    3  240  264  241    3
    3  240  241  217    3
    3  264  265  241    3
    3  264  266  265    3
    3  263  266  264    3
    3  263  267  266    3
    3  262  267  263    3
    3  262  268  267    3
    3  261  268  262    3
    3  261  269  268    3
    3  260  269  261    3
    3  260  270  269    3
    3  259  270  260    3
    3  259  271  270    3
    3  258  271  259    3
    3  258  272  271    3
    3  257  272  258    3
    3  257  273  272    3
    3  256  273  257    3
    3  256  274  273    3
    3  255  274  256    3
    3  255  275  274    3
    3  254  275  255    3
    3  254  276  275    3
    3  253  276  254    3
    3  253  277  276    3
    3  252  277  253    3
    3  252  278  277    3
    3  251  278  252    3
    3  251  279  278    3
    3  250  279  251    3
    3  250  280  279    3
    3  249  280  250    3
    3  249  281  280    3
    3  248  281  249    3
    3  248  282  281    3
    3  247  282  248    3
    3  247  283  282    3
    3  246  283  247    3
    3  246  284  283    3
    3  245  284  246    3
    3  245  285  284    3
    3  244  285  245    3
    3  244  286  285    3
    3  243  286  244    3
    3  243  287  286    3
    3  242  287  243    3
    3  242  288  287    3
    3  241  288  242    3
    3  241  265  288    3
    3  289  279  290    1
    3  291  288  292    1
    3  293  294  295    3
    3  296  275  276    1
    3  297  298  299    1
    3  300  301  302    1
    3  303  304  305    3
    3  292  306  307    1
    3  308  309  310    4
    3  300  293  301    1
    3  311  312  313    3
    3  290  314  315    1
    3  316  317  318    1
    3  319  320  321    3
    3  317  322  308    1
    3  286  323  285    1
    3  286  287  320    1
    3  298  297  293    1
    3  324  325  273    1
    3  326  271  272    1
    3  327  328  301    1
    3  329  326  330    1
    3  300  331  304    1
    3  332  282  302    1
    3  272  325  326    1
    3  296  276  316    1
    3  296  333  275    1
    3  324  334  325    1
    3  335  329  336    1
    3  315  328  337    1
    3  338  339  303    3
    3  334  340  341    4
    3  279  289  278    1
    3  274  275  333    1
    3  322  278  289    1
    3  342  343  344    3
    3  332  301  328    1
    3  314  290  280    1
    3  345  338  346    3
    3  324  333  334    1
    3  277  316  276    1
    3  266  267  335    1
    3  288  291  287    1
    3  347  348  349    3
    3  316  322  317    1
    3  297  350  351    4
    3  327  301  293    1
    3  283  331  302    1
    3  352  353  354    4
    3  326  269  270    1
    3  332  302  301    1
    3  355  299  298    1
    3  312  356  357    3
    3  330  355  329    1
    3  336  306  335    1
    3  271  326  270    1
    3  358  359  360    4
    3  298  361  362    3
    3  283  302  282    1
    3  336  329  355    1
    3  326  363  330    1
    3  265  292  288    1
    3  300  364  365    3
    3  366  367  368    4
    3  333  318  334    1
    3  369  361  370    3
    3  327  293  297    1
    3  278  322  277    1
    3  320  291  356    3
    3  371  285  323    1
    3  363  325  334    1
    3  371  331  284    1
    3  364  339  349    3
    3  268  335  267    1
    3  372  363  373    4
    3  280  290  279    1
    3  266  306  265    1
    3  316  277  322    1
    3  328  315  314    1
    3  308  315  367    1
    3  355  330  372    1
    3  327  297  337    1
    3  280  281  314    1
    3  374  340  375    4
    3  296  316  318    1
    3  352  376  377    4
    3  355  307  336    1
    3  292  343  378    3
    3  326  325  363    1
    3  320  287  291    1
    3  345  319  379    3
    3  380  372  381    4
    3  358  366  382    4
    3  268  329  335    1
    3  273  274  324    1
    3  336  307  306    1
    3  265  306  292    1
    3  296  318  333    1
    3  383  374  384    4
    3  329  268  269    1
    3  385  373  386    4
    3  333  324  274    1
    3  283  284  331    1
    3  298  307  355    1
    3  299  353  387    4
    3  308  289  315    1
    3  273  325  272    1
    3  327  337  328    1
    3  388  376  389    4
    3  314  332  328    1
    3  281  282  332    1
    3  315  289  290    1
    3  363  372  330    1
    3  355  372  299    1
    3  285  371  284    1
    3  314  281  332    1
    3  269  326  329    1
    3  369  347  311    3
    3  266  335  306    1
    3  286  320  323    1
    3  308  322  289    1
    3  300  302  331    1
    3  343  390  313    3
    3  292  307  344    3
    3  298  348  370    3
    3  361  390  342    3
    3  343  342  390    3
    3  342  307  362    3
    3  347  369  348    3
    3  361  369  390    3
    3  369  311  390    3
    3  312  311  347    3
    3  311  313  390    3
    3  313  312  378    3
    3  298  362  307    3
    3  342  362  361    3
    3  342  344  307    3
    3  292  344  343    3
    3  369  370  348    3
    3  298  370  361    3
    3  292  378  312    3
    3  313  378  343    3
    3  334  318  375    4
    3  340  391  388    4
    3  318  317  384    4
    3  340  374  391    4
    3  352  385  389    4
    3  376  391  359    4
    3  376  388  391    4
    3  388  385  341    4
    3  359  391  383    4
    3  359  358  377    4
    3  374  383  391    4
    3  383  317  360    4
    3  374  375  318    4
    3  334  375  340    4
    3  334  341  385    4
    3  388  341  340    4
    3  388  389  385    4
    3  352  389  376    4
    3  352  377  358    4
    3  359  377  376    4
    3  358  360  317    4
    3  383  360  359    4
    3  383  384  317    4
    3  318  384  374    4
    3  367  358  309    4
    3  315  337  368    1
    3  353  352  350    4
    3  353  299  380    4
    3  372  380  299    4
    3  380  385  354    4
    3  350  352  392    4
    3  350  297  387    4
    3  366  337  392    4
    3  367  366  358    4
    3  363  334  386    4
    3  373  385  381    4
    3  392  337  351    4
    3  392  352  382    4
    3  380  381  385    4
    3  373  381  372    4
    3  358  317  310    4
    3  367  309  308    4
    3  385  386  334    4
    3  363  386  373    4
    3  366  368  337    4
    3  315  368  367    1
    3  299  387  297    4
    3  350  387  353    4
    3  352  354  385    4
    3  380  354  353    4
    3  358  382  352    4
    3  392  382  366    4
    3  297  351  337    4
    3  392  351  350    4
    3  308  310  317    4
    3  358  310  309    4
    3  312  347  379    3
    3  320  319  323    3
    3  371  323  346    3
    3  338  347  393    3
    3  364  300  394    3
    3  364  348  294    3
    3  319  345  323    3
    3  338  345  347    3
    3  348  298  295    3
    3  294  293  365    3
    3  304  339  394    3
    3  331  371  305    1
    3  364  349  348    3
    3  349  339  393    3
    3  338  393  339    3
    3  349  393  347    3
    3  338  303  371    3
    3  304  303  339    3
    3  356  312  321    3
    3  291  292  357    3
    3  364  394  339    3
    3  304  394  300    3
    3  319  321  312    3
    3  356  321  320    3
    3  293  295  298    3
    3  348  295  294    3
    3  312  357  292    3
    3  291  357  356    3
    3  345  346  323    3
    3  371  346  338    3
    3  303  305  371    3
    3  331  305  304    1
    3  345  379  347    3
    3  312  379  319    3
    3  300  365  293    3
    3  294  365  364    3
C Prescribed Values(Inlet, Outlet), InteractionSurface(Inlet, Outlet)
       3        1        0        2        2        2
C Inlet Velocity
C     Vx,           Vy,            Vz,    indVx,indVy,indVz, FunID (3E18.9, 4I5)
   0.000000000e+00   1.000000000e+00   0.000000000e+00    1    0    1    4
C Inlet Pressure, FunID (E18.9,I5)
   1.000000000e+00    3
C Outlet Pressure (E18.9,I5)
   1.000000000e+00    2
C Inlet Velocity
C nNodeID,    Vx,           Vy,            Vz (I5, 3E18.9)
  265
    1  -1.200000000e+00  -2.000000000e+00   1.300000000e+00
    2  -1.100000000e+00  -1.000000000e+00   3.000000000e-01
    3  -9.000000000e-01  -1.000000000e+00  -1.000000000e-01
    4  -8.000000000e-01  -1.000000000e+00   4.000000000e-01
    5  -1.200000000e+00  -1.000000000e+00   1.200000000e+00
    6  -1.800000000e+00  -1.000000000e+00   1.700000000e+00
    7  -2.200000000e+00  -1.000000000e+00   1.500000000e+00
    8  -1.700000000e+00  -1.000000000e+00   1.000000000e+00
    9  -1.000000000e+00  -1.000000000e+00   7.000000000e-01
   10  -2.000000000e-01  -1.000000000e+00   9.000000000e-01
   11   1.000000000e-01  -1.000000000e+00   1.200000000e+00
   12   0.000000000e+00  -1.000000000e+00   1.500000000e+00
   13  -3.000000000e-01  -1.000000000e+00   1.600000000e+00
   14  -5.000000000e-01  -1.000000000e+00   1.800000000e+00
   15  -8.000000000e-01  -1.000000000e+00   1.900000000e+00
   16  -1.000000000e+00  -1.000000000e+00   1.900000000e+00
   17  -1.500000000e+00  -1.000000000e+00   2.200000000e+00
   18  -2.300000000e+00  -1.000000000e+00   2.400000000e+00
   19  -3.100000000e+00  -1.000000000e+00   2.200000000e+00
   20  -3.100000000e+00  -1.000000000e+00   1.600000000e+00
   21  -2.200000000e+00  -1.000000000e+00   9.000000000e-01
   22  -1.200000000e+00  -1.000000000e+00   8.000000000e-01
   23  -8.000000000e-01  -1.000000000e+00   9.000000000e-01
   24  -7.000000000e-01  -1.000000000e+00   1.100000000e+00
   25  -9.000000000e-01  -1.000000000e+00   1.000000000e+00
   26  -1.100000000e+00  -2.000000000e+00   7.000000000e-01
   27  -1.000000000e+00  -2.000000000e+00   4.000000000e-01
   28  -9.000000000e-01  -2.000000000e+00   1.000000000e+00
   29  -1.300000000e+00  -2.000000000e+00   1.700000000e+00
   30  -1.900000000e+00  -2.000000000e+00   2.000000000e+00
   31  -2.300000000e+00  -2.000000000e+00   1.700000000e+00
   32  -1.900000000e+00  -2.000000000e+00   1.200000000e+00
   33  -1.000000000e+00  -2.000000000e+00   8.000000000e-01
   34  -2.000000000e-01  -2.000000000e+00   1.100000000e+00
   35   2.000000000e-01  -2.000000000e+00   1.500000000e+00
   36   0.000000000e+00  -2.000000000e+00   1.700000000e+00
   37  -2.000000000e-01  -2.000000000e+00   2.000000000e+00
   38  -4.000000000e-01  -2.000000000e+00   2.200000000e+00
   39  -7.000000000e-01  -2.000000000e+00   2.400000000e+00
   40  -1.100000000e+00  -2.000000000e+00   2.300000000e+00
   41  -1.600000000e+00  -2.000000000e+00   2.400000000e+00
   42  -2.200000000e+00  -2.000000000e+00   2.500000000e+00
   43  -2.800000000e+00  -2.000000000e+00   2.300000000e+00
   44  -2.800000000e+00  -2.000000000e+00   1.700000000e+00
   45  -2.200000000e+00  -2.000000000e+00   1.100000000e+00
   46  -1.400000000e+00  -2.000000000e+00   9.000000000e-01
   47  -1.000000000e+00  -2.000000000e+00   1.100000000e+00
   48  -7.000000000e-01  -2.000000000e+00   1.200000000e+00
   49  -8.000000000e-01  -2.000000000e+00   1.400000000e+00
   50  -1.000000000e+00  -1.300000000e+00   8.000000000e-01
   51  -1.000000000e+00  -1.300000000e+00   3.000000000e-01
   52  -9.000000000e-01  -1.300000000e+00   1.100000000e+00
   53  -1.200000000e+00  -1.300000000e+00   1.900000000e+00
   54  -2.000000000e+00  -1.300000000e+00   2.300000000e+00
   55  -2.300000000e+00  -1.300000000e+00   2.100000000e+00
   56  -2.000000000e+00  -1.300000000e+00   1.600000000e+00
   57  -1.100000000e+00  -1.300000000e+00   1.200000000e+00
   58  -2.000000000e-01  -1.300000000e+00   1.300000000e+00
   59   2.000000000e-01  -1.300000000e+00   1.700000000e+00
   60   1.000000000e-01  -1.300000000e+00   1.900000000e+00
   61   1.000000000e-01  -1.300000000e+00   2.400000000e+00
   62  -2.000000000e-01  -1.300000000e+00   2.900000000e+00
   63  -5.000000000e-01  -1.300000000e+00   3.300000000e+00
   64  -1.100000000e+00  -1.300000000e+00   3.300000000e+00
   65  -1.800000000e+00  -1.300000000e+00   3.400000000e+00
   66  -2.500000000e+00  -1.300000000e+00   3.300000000e+00
   67  -3.000000000e+00  -1.300000000e+00   2.900000000e+00
   68  -3.000000000e+00  -1.300000000e+00   2.100000000e+00
   69  -1.700000000e+00  -1.300000000e+00   1.500000000e+00
   70  -3.000000000e-01  -1.300000000e+00   1.600000000e+00
   71   2.000000000e-01  -1.300000000e+00   2.000000000e+00
   72   0.000000000e+00  -1.300000000e+00   2.300000000e+00
   73  -5.000000000e-01  -1.300000000e+00   2.100000000e+00
   74  -1.000000000e+00  -1.300000000e+00   4.000000000e-01
   75  -7.000000000e-01  -1.300000000e+00  -2.000000000e-01
   76  -5.000000000e-01  -1.300000000e+00   6.000000000e-01
   77  -7.000000000e-01  -1.300000000e+00   1.500000000e+00
   78  -1.400000000e+00  -1.300000000e+00   2.000000000e+00
   79  -1.600000000e+00  -1.300000000e+00   1.900000000e+00
   80  -1.400000000e+00  -1.300000000e+00   1.500000000e+00
   81  -7.000000000e-01  -1.300000000e+00   1.300000000e+00
   82   0.000000000e+00  -1.300000000e+00   1.400000000e+00
   83   4.000000000e-01  -1.300000000e+00   1.700000000e+00
   84   3.000000000e-01  -1.300000000e+00   1.900000000e+00
   85   3.000000000e-01  -1.300000000e+00   2.600000000e+00
   86   2.000000000e-01  -1.300000000e+00   3.400000000e+00
   87  -4.000000000e-01  -1.300000000e+00   4.000000000e+00
   88  -1.000000000e+00  -1.300000000e+00   4.100000000e+00
   89  -1.800000000e+00  -1.300000000e+00   3.900000000e+00
   90  -2.600000000e+00  -1.300000000e+00   3.700000000e+00
   91  -3.000000000e+00  -1.300000000e+00   3.000000000e+00
   92  -2.900000000e+00  -1.300000000e+00   2.200000000e+00
   93  -1.200000000e+00  -1.300000000e+00   1.600000000e+00
   94   4.000000000e-01  -1.300000000e+00   1.800000000e+00
   95   9.000000000e-01  -1.300000000e+00   2.400000000e+00
   96   5.000000000e-01  -1.300000000e+00   2.700000000e+00
   97  -3.000000000e-01  -1.300000000e+00   2.100000000e+00
   98  -9.000000000e-01  -1.200000000e+00   3.000000000e-01
   99  -5.000000000e-01  -1.200000000e+00  -1.000000000e-01
  100  -3.000000000e-01  -1.200000000e+00   5.000000000e-01
  101  -5.000000000e-01  -1.200000000e+00   1.300000000e+00
  102  -9.000000000e-01  -1.200000000e+00   1.700000000e+00
  103  -1.200000000e+00  -1.200000000e+00   1.700000000e+00
  104  -1.000000000e+00  -1.200000000e+00   1.300000000e+00
  105  -4.000000000e-01  -1.200000000e+00   1.300000000e+00
  106   4.000000000e-01  -1.200000000e+00   1.400000000e+00
  107   7.000000000e-01  -1.200000000e+00   1.800000000e+00
  108   7.000000000e-01  -1.200000000e+00   2.100000000e+00
  109   7.000000000e-01  -1.200000000e+00   2.800000000e+00
  110   4.000000000e-01  -1.200000000e+00   3.600000000e+00
  111  -2.000000000e-01  -1.200000000e+00   4.300000000e+00
  112  -9.000000000e-01  -1.200000000e+00   4.400000000e+00
  113  -1.700000000e+00  -1.200000000e+00   4.000000000e+00
  114  -2.400000000e+00  -1.200000000e+00   3.600000000e+00
  115  -2.700000000e+00  -1.200000000e+00   3.000000000e+00
  116  -2.700000000e+00  -1.200000000e+00   2.100000000e+00
  117  -1.200000000e+00  -1.200000000e+00   1.500000000e+00
  118   3.000000000e-01  -1.200000000e+00   1.700000000e+00
  119   6.000000000e-01  -1.200000000e+00   2.100000000e+00
  120   3.000000000e-01  -1.200000000e+00   2.400000000e+00
  121  -3.000000000e-01  -1.200000000e+00   1.900000000e+00
  122  -1.200000000e+00  -1.100000000e+00  -6.000000000e-01
  123  -7.000000000e-01  -1.100000000e+00  -1.100000000e+00
  124  -4.000000000e-01  -1.100000000e+00  -1.000000000e-01
  125  -7.000000000e-01  -1.100000000e+00   1.100000000e+00
  126  -1.400000000e+00  -1.100000000e+00   1.800000000e+00
  127  -1.800000000e+00  -1.100000000e+00   1.700000000e+00
  128  -1.500000000e+00  -1.100000000e+00   1.200000000e+00
  129  -7.000000000e-01  -1.100000000e+00   1.000000000e+00
  130   3.000000000e-01  -1.100000000e+00   1.100000000e+00
  131   8.000000000e-01  -1.100000000e+00   1.700000000e+00
  132   7.000000000e-01  -1.100000000e+00   2.000000000e+00
  133   6.000000000e-01  -1.100000000e+00   2.600000000e+00
  134   4.000000000e-01  -1.100000000e+00   3.300000000e+00
  135  -3.000000000e-01  -1.100000000e+00   3.900000000e+00
  136  -1.000000000e+00  -1.100000000e+00   3.900000000e+00
  137  -1.600000000e+00  -1.100000000e+00   3.600000000e+00
  138  -2.300000000e+00  -1.100000000e+00   3.300000000e+00
  139  -2.700000000e+00  -1.100000000e+00   2.700000000e+00
  140  -2.600000000e+00  -1.100000000e+00   2.000000000e+00
  141  -1.200000000e+00  -1.100000000e+00   1.400000000e+00
  142   1.000000000e-01  -1.100000000e+00   1.500000000e+00
  143   4.000000000e-01  -1.100000000e+00   1.900000000e+00
  144   2.000000000e-01  -1.100000000e+00   2.000000000e+00
  145  -7.000000000e-01  -1.100000000e+00   1.300000000e+00
  146  -1.300000000e+00  -1.000000000e+00  -2.000000000e-01
  147  -1.000000000e+00  -1.000000000e+00  -7.000000000e-01
  148  -6.000000000e-01  -1.000000000e+00  -1.000000000e+00
  149  -7.000000000e-01  -1.000000000e+00   5.000000000e-01
  150  -1.100000000e+00  -1.000000000e+00   1.000000000e+00
  151  -1.400000000e+00  -1.000000000e+00   1.100000000e+00
  152  -1.200000000e+00  -1.000000000e+00   9.000000000e-01
  153  -7.000000000e-01  -1.000000000e+00   8.000000000e-01
  154  -3.000000000e-01  -1.000000000e+00   9.000000000e-01
  155   0.000000000e+00  -1.000000000e+00   1.100000000e+00
  156  -1.000000000e-01  -1.000000000e+00   1.300000000e+00
  157  -1.000000000e-01  -1.000000000e+00   1.700000000e+00
  158  -1.000000000e-01  -1.000000000e+00   2.200000000e+00
  159  -5.000000000e-01  -1.000000000e+00   2.800000000e+00
  160  -9.000000000e-01  -1.000000000e+00   3.000000000e+00
  161  -1.700000000e+00  -1.000000000e+00   3.200000000e+00
  162  -2.800000000e+00  -1.000000000e+00   3.400000000e+00
  163  -3.600000000e+00  -1.000000000e+00   2.800000000e+00
  164  -3.400000000e+00  -1.000000000e+00   1.900000000e+00
  165  -1.600000000e+00  -1.000000000e+00   1.200000000e+00
  166  -1.000000000e-01  -1.000000000e+00   1.400000000e+00
  167   2.000000000e-01  -1.000000000e+00   1.700000000e+00
  168   0.000000000e+00  -1.000000000e+00   2.000000000e+00
  169  -7.000000000e-01  -1.000000000e+00   1.500000000e+00
  170  -1.200000000e+00  -9.000000000e-01   1.100000000e+00
  171  -1.200000000e+00  -9.000000000e-01   1.000000000e+00
  172  -1.100000000e+00  -9.000000000e-01   1.000000000e+00
  173  -1.300000000e+00  -9.000000000e-01   1.000000000e+00
  174  -1.600000000e+00  -9.000000000e-01   2.000000000e+00
  175  -1.800000000e+00  -9.000000000e-01   2.000000000e+00
  176  -1.500000000e+00  -9.000000000e-01   1.100000000e+00
  177  -1.000000000e+00  -9.000000000e-01   9.000000000e-01
  178  -4.000000000e-01  -9.000000000e-01   1.000000000e+00
  179   0.000000000e+00  -9.000000000e-01   1.400000000e+00
  180  -1.000000000e-01  -9.000000000e-01   1.500000000e+00
  181  -3.000000000e-01  -9.000000000e-01   1.800000000e+00
  182  -5.000000000e-01  -9.000000000e-01   2.000000000e+00
  183  -7.000000000e-01  -9.000000000e-01   2.300000000e+00
  184  -1.000000000e+00  -9.000000000e-01   2.400000000e+00
  185  -1.600000000e+00  -9.000000000e-01   3.000000000e+00
  186  -2.900000000e+00  -9.000000000e-01   3.500000000e+00
  187  -3.700000000e+00  -9.000000000e-01   3.000000000e+00
  188  -3.500000000e+00  -9.000000000e-01   2.000000000e+00
  189  -1.900000000e+00  -9.000000000e-01   1.400000000e+00
  190  -8.000000000e-01  -9.000000000e-01   1.400000000e+00
  191  -4.000000000e-01  -9.000000000e-01   1.600000000e+00
  192  -3.000000000e-01  -9.000000000e-01   2.000000000e+00
  193  -7.000000000e-01  -9.000000000e-01   2.000000000e+00
  194  -1.500000000e+00  -9.000000000e-01   2.000000000e+00
  195  -1.600000000e+00  -9.000000000e-01   1.000000000e+00
  196  -1.500000000e+00  -9.000000000e-01   1.000000000e+00
  197  -1.500000000e+00  -9.000000000e-01   1.000000000e+00
  198  -1.600000000e+00  -9.000000000e-01   1.000000000e+00
  199  -1.600000000e+00  -9.000000000e-01   1.000000000e+00
  200  -1.600000000e+00  -9.000000000e-01   1.000000000e+00
  201  -1.300000000e+00  -9.000000000e-01   1.000000000e+00
  202  -1.100000000e+00  -9.000000000e-01   1.000000000e+00
  203  -9.000000000e-01  -9.000000000e-01   1.100000000e+00
  204  -1.000000000e+00  -9.000000000e-01   1.100000000e+00
  205  -9.000000000e-01  -9.000000000e-01   1.300000000e+00
  206  -8.000000000e-01  -9.000000000e-01   1.900000000e+00
  207  -1.000000000e+00  -9.000000000e-01   2.600000000e+00
  208  -1.500000000e+00  -9.000000000e-01   2.900000000e+00
  209  -2.100000000e+00  -9.000000000e-01   3.300000000e+00
  210  -3.800000000e+00  -9.000000000e-01   4.000000000e+00
  211  -4.900000000e+00  -9.000000000e-01   3.500000000e+00
  212  -4.700000000e+00  -9.000000000e-01   2.300000000e+00
  213  -2.600000000e+00  -9.000000000e-01   1.400000000e+00
  214  -1.300000000e+00  -9.000000000e-01   1.400000000e+00
  215  -8.000000000e-01  -9.000000000e-01   1.800000000e+00
  216  -7.000000000e-01  -9.000000000e-01   2.200000000e+00
  217  -1.000000000e+00  -9.000000000e-01   2.200000000e+00
  218  -1.600000000e+00  -7.000000000e-01   1.000000000e+00
  219  -1.500000000e+00  -7.000000000e-01   1.000000000e+00
  220  -1.300000000e+00  -7.000000000e-01   1.000000000e+00
  221  -1.100000000e+00  -7.000000000e-01   0.000000000e+00
  222  -1.200000000e+00  -7.000000000e-01   1.000000000e+00
  223  -1.100000000e+00  -7.000000000e-01   1.000000000e+00
  224  -1.100000000e+00  -7.000000000e-01   1.000000000e+00
  225  -9.000000000e-01  -7.000000000e-01   1.100000000e+00
  226  -7.000000000e-01  -7.000000000e-01   1.100000000e+00
  227  -6.000000000e-01  -7.000000000e-01   1.200000000e+00
  228  -1.000000000e+00  -7.000000000e-01   1.300000000e+00
  229  -6.000000000e-01  -7.000000000e-01   1.800000000e+00
  230  -5.000000000e-01  -7.000000000e-01   2.700000000e+00
  231  -8.000000000e-01  -7.000000000e-01   3.600000000e+00
  232  -1.500000000e+00  -7.000000000e-01   4.000000000e+00
  233  -2.300000000e+00  -7.000000000e-01   3.800000000e+00
  234  -3.700000000e+00  -7.000000000e-01   4.100000000e+00
  235  -4.700000000e+00  -7.000000000e-01   3.600000000e+00
  236  -4.500000000e+00  -7.000000000e-01   2.400000000e+00
  237  -2.600000000e+00  -7.000000000e-01   1.600000000e+00
  238  -1.400000000e+00  -7.000000000e-01   1.500000000e+00
  239  -9.000000000e-01  -7.000000000e-01   1.700000000e+00
  240  -6.000000000e-01  -7.000000000e-01   2.100000000e+00
  241  -9.000000000e-01  -7.000000000e-01   2.100000000e+00
  242  -1.700000000e+00  -6.000000000e-01   1.000000000e+00
  243  -1.600000000e+00  -6.000000000e-01   1.000000000e+00
  244  -1.600000000e+00  -6.000000000e-01   1.000000000e+00
  245  -1.700000000e+00  -6.000000000e-01   2.000000000e+00
  246  -2.000000000e+00  -6.000000000e-01   1.000000000e+00
  247  -2.200000000e+00  -6.000000000e-01   1.000000000e+00
  248  -2.100000000e+00  -6.000000000e-01   2.000000000e+00
  249  -2.000000000e+00  -6.000000000e-01   1.200000000e+00
  250  -1.000000000e+00  -6.000000000e-01   1.200000000e+00
  251  -1.000000000e+00  -6.000000000e-01   1.200000000e+00
  252  -1.000000000e+00  -6.000000000e-01   1.300000000e+00
  253  -1.000000000e+00  -6.000000000e-01   1.600000000e+00
  254  -7.000000000e-01  -6.000000000e-01   2.600000000e+00
  255  -1.100000000e+00  -6.000000000e-01   3.500000000e+00
  256  -1.700000000e+00  -6.000000000e-01   4.000000000e+00
  257  -2.200000000e+00  -6.000000000e-01   3.600000000e+00
  258  -3.400000000e+00  -6.000000000e-01   3.800000000e+00
  259  -4.400000000e+00  -6.000000000e-01   3.500000000e+00
  260  -4.600000000e+00  -6.000000000e-01   2.600000000e+00
  261  -2.600000000e+00  -6.000000000e-01   1.700000000e+00
  262  -1.300000000e+00  -6.000000000e-01   1.600000000e+00
  263  -7.000000000e-01  -6.000000000e-01   2.000000000e+00
  264  -5.000000000e-01  -6.000000000e-01   2.700000000e+00
  265  -1.000000000e+00  -6.000000000e-01   3.000000000e+00
C Region List
