C PointsNum,MaxElemVol,TetGenParams,nAtrib,IndMov,MDMaxVolume,MDomDiv,MDOnly,MDDivF,MDPrescP
  395    1.000000e+00 YYpznno2q1.414a     0     0    1.000000e+00     1     0     0     0     0     0 YYpznno2q1.414a
  -1.492148000e-01  -8.583570000e+00  -1.361810000e-01
   1.468771000e-01  -8.107820000e+00   8.189840000e-01
  -9.645900000e-02  -8.107820000e+00   9.020480000e-01
  -3.538280000e-01  -8.107820000e+00   8.672330000e-01
  -5.922570000e-01  -8.107820000e+00   7.662300000e-01
  -7.954580000e-01  -8.107820000e+00   6.088930000e-01
  -9.468340000e-01  -8.107820000e+00   4.014290000e-01
  -1.047789000e+00  -8.107820000e+00   1.670960000e-01
  -1.104068000e+00  -8.107820000e+00  -8.578800000e-02
  -1.102557000e+00  -8.107820000e+00  -3.527610000e-01
  -1.016087000e+00  -8.107820000e+00  -6.108680000e-01
  -8.495420000e-01  -8.107820000e+00  -8.287370000e-01
  -6.347010000e-01  -8.107820000e+00  -9.975250000e-01
  -3.851229000e-01  -8.107820000e+00  -1.116389000e+00
  -1.114480000e-01  -8.107820000e+00  -1.172834000e+00
   1.693440000e-01  -8.107820000e+00  -1.138361000e+00
   4.144660000e-01  -8.107820000e+00  -1.004493000e+00
   6.105370000e-01  -8.107820000e+00  -8.168660000e-01
   7.547250000e-01  -8.107820000e+00  -5.964650000e-01
   8.221810000e-01  -8.107820000e+00  -3.479040000e-01
   7.334040000e-01  -8.107820000e+00  -9.890200000e-02
   6.039050000e-01  -8.107820000e+00   9.221300000e-02
   4.951650000e-01  -8.107820000e+00   2.473840000e-01
   4.057470000e-01  -8.107820000e+00   4.100700000e-01
   3.066420000e-01  -8.107820000e+00   6.079680000e-01
   1.809166000e-01  -7.634070000e+00   1.154310000e+00
  -1.544520000e-01  -7.634070000e+00   1.248125000e+00
  -4.956990000e-01  -7.634070000e+00   1.175763000e+00
  -7.964050000e-01  -7.634070000e+00   1.014935000e+00
  -1.045928000e+00  -7.634070000e+00   7.946800000e-01
  -1.234520000e+00  -7.634070000e+00   5.283960000e-01
  -1.373600000e+00  -7.634070000e+00   2.336132000e-01
  -1.466030000e+00  -7.634070000e+00  -9.001500000e-02
  -1.487650000e+00  -7.634070000e+00  -4.438790000e-01
  -1.389598000e+00  -7.634070000e+00  -7.959010000e-01
  -1.168129000e+00  -7.634070000e+00  -1.090340000e+00
  -8.747920000e-01  -7.634070000e+00  -1.312840000e+00
  -5.380834000e-01  -7.634070000e+00  -1.461650000e+00
  -1.728710000e-01  -7.634070000e+00  -1.525470000e+00
   1.935210000e-01  -7.634070000e+00  -1.466909000e+00
   4.959010000e-01  -7.634070000e+00  -1.258371000e+00
   7.117500000e-01  -7.634070000e+00  -9.859380000e-01
   8.641340000e-01  -7.634070000e+00  -7.012580000e-01
   9.499860000e-01  -7.634070000e+00  -4.053868000e-01
   8.832410000e-01  -7.634070000e+00  -1.057970000e-01
   7.571710000e-01  -7.634070000e+00   1.413610000e-01
   6.346970000e-01  -7.634070000e+00   3.553930000e-01
   5.285450000e-01  -7.634070000e+00   5.837270000e-01
   4.009450000e-01  -7.634070000e+00   8.640340000e-01
   1.837290000e-01  -7.157310000e+00   1.454160000e+00
  -2.309520000e-01  -7.157310000e+00   1.558930000e+00
  -6.467170000e-01  -7.157310000e+00   1.457374000e+00
  -1.005431000e+00  -7.157310000e+00   1.249688000e+00
  -1.299160000e+00  -7.157310000e+00   9.778940000e-01
  -1.523030000e+00  -7.157310000e+00   6.570600000e-01
  -1.688430000e+00  -7.157310000e+00   3.045288000e-01
  -1.798910000e+00  -7.157310000e+00  -8.331900000e-02
  -1.828080000e+00  -7.157310000e+00  -5.065190000e-01
  -1.719860000e+00  -7.157310000e+00  -9.330640000e-01
  -1.453643000e+00  -7.157310000e+00  -1.289050000e+00
  -1.095412000e+00  -7.157310000e+00  -1.549200000e+00
  -6.882710000e-01  -7.157310000e+00  -1.714670000e+00
  -2.530850000e-01  -7.157310000e+00  -1.781310000e+00
   1.803810000e-01  -7.157310000e+00  -1.713105000e+00
   5.279140000e-01  -7.157310000e+00  -1.447656000e+00
   7.592660000e-01  -7.157310000e+00  -1.109266000e+00
   9.148670000e-01  -7.157310000e+00  -7.721500000e-01
   1.008126000e+00  -7.157310000e+00  -4.374712000e-01
   9.340710000e-01  -7.157310000e+00  -1.013830000e-01
   7.951910000e-01  -7.157310000e+00   1.771430000e-01
   6.670120000e-01  -7.157310000e+00   4.238120000e-01
   5.634670000e-01  -7.157310000e+00   7.013000000e-01
   4.373980000e-01  -7.157310000e+00   1.065800000e+00
   1.830940000e-01  -6.680560000e+00   1.730210000e+00
  -3.047960000e-01  -6.680560000e+00   1.834460000e+00
  -7.840470000e-01  -6.680560000e+00   1.698660000e+00
  -1.190810000e+00  -6.680560000e+00   1.443637000e+00
  -1.519090000e+00  -6.680560000e+00   1.126342000e+00
  -1.773580000e+00  -6.680560000e+00   7.615060000e-01
  -1.972380000e+00  -6.680560000e+00   3.637276000e-01
  -2.118640000e+00  -6.680560000e+00  -7.984700000e-02
  -2.176630000e+00  -6.680560000e+00  -5.762860000e-01
  -2.067090000e+00  -6.680560000e+00  -1.086460000e+00
  -1.751030000e+00  -6.680560000e+00  -1.505750000e+00
  -1.314791000e+00  -6.680560000e+00  -1.791720000e+00
  -8.309060000e-01  -6.680560000e+00  -1.954640000e+00
  -3.304300000e-01  -6.680560000e+00  -2.009400000e+00
   1.611550000e-01  -6.680560000e+00  -1.927250000e+00
   5.488320000e-01  -6.680560000e+00  -1.616010000e+00
   7.944680000e-01  -6.680560000e+00  -1.219584000e+00
   9.540970000e-01  -6.680560000e+00  -8.376180000e-01
   1.056992000e+00  -6.680560000e+00  -4.692724000e-01
   9.865360000e-01  -6.680560000e+00  -1.003430000e-01
   8.428740000e-01  -6.680560000e+00   2.118790000e-01
   7.116160000e-01  -6.680560000e+00   4.942490000e-01
   6.076960000e-01  -6.680560000e+00   8.217100000e-01
   4.769540000e-01  -6.680560000e+00   1.263800000e+00
   1.797950000e-01  -6.202800000e+00   1.909060000e+00
  -3.565600000e-01  -6.202800000e+00   2.007910000e+00
  -8.814370000e-01  -6.202800000e+00   1.868890000e+00
  -1.332770000e+00  -6.202800000e+00   1.601361000e+00
  -1.702770000e+00  -6.202800000e+00   1.259382000e+00
  -1.987940000e+00  -6.202800000e+00   8.578580000e-01
  -2.215730000e+00  -6.202800000e+00   4.168001000e-01
  -2.385890000e+00  -6.202800000e+00  -7.754700000e-02
  -2.459990000e+00  -6.202800000e+00  -6.352160000e-01
  -2.342810000e+00  -6.202800000e+00  -1.211810000e+00
  -1.981990000e+00  -6.202800000e+00  -1.681390000e+00
  -1.479682000e+00  -6.202800000e+00  -1.982810000e+00
  -9.342050000e-01  -6.202800000e+00  -2.140370000e+00
  -3.849680000e-01  -6.202800000e+00  -2.180200000e+00
   1.505170000e-01  -6.202800000e+00  -2.087170000e+00
   5.695360000e-01  -6.202800000e+00  -1.744940000e+00
   8.280970000e-01  -6.202800000e+00  -1.305854000e+00
   9.945120000e-01  -6.202800000e+00  -8.918530000e-01
   1.110068000e+00  -6.202800000e+00  -4.981999000e-01
   1.067909000e+00  -6.202800000e+00  -9.999400000e-02
   9.366970000e-01  -6.202800000e+00   2.503950000e-01
   7.994360000e-01  -6.202800000e+00   5.744410000e-01
   6.813280000e-01  -6.202800000e+00   9.472800000e-01
   5.228210000e-01  -6.202800000e+00   1.433470000e+00
   1.951610000e-01  -5.726050000e+00   2.136360000e+00
  -3.942700000e-01  -5.726050000e+00   2.245020000e+00
  -9.701100000e-01  -5.726050000e+00   2.087090000e+00
  -1.461750000e+00  -5.726050000e+00   1.790486000e+00
  -1.865280000e+00  -5.726050000e+00   1.413312000e+00
  -2.175130000e+00  -5.726050000e+00   9.731110000e-01
  -2.413210000e+00  -5.726050000e+00   4.895741000e-01
  -2.582890000e+00  -5.726050000e+00  -4.722000000e-02
  -2.648590000e+00  -5.726050000e+00  -6.453500000e-01
  -2.520430000e+00  -5.726050000e+00  -1.262020000e+00
  -2.137250000e+00  -5.726050000e+00  -1.766450000e+00
  -1.596796000e+00  -5.726050000e+00  -2.086080000e+00
  -1.010839000e+00  -5.726050000e+00  -2.247270000e+00
  -4.245400000e-01  -5.726050000e+00  -2.283720000e+00
   1.446600000e-01  -5.726050000e+00  -2.185900000e+00
   5.917640000e-01  -5.726050000e+00  -1.823030000e+00
   8.645960000e-01  -5.726050000e+00  -1.352870000e+00
   1.039610000e+00  -5.726050000e+00  -9.111370000e-01
   1.161743000e+00  -5.726050000e+00  -4.934259000e-01
   1.121371000e+00  -5.726050000e+00  -7.167300000e-02
   9.937440000e-01  -5.726050000e+00   3.046150000e-01
   8.564040000e-01  -5.726050000e+00   6.578170000e-01
   7.374280000e-01  -5.726050000e+00   1.070310000e+00
   5.707446000e-01  -5.726050000e+00   1.610250000e+00
   2.003960000e-01  -4.786630000e+00   2.425170000e+00
  -4.464260000e-01  -4.786630000e+00   2.545810000e+00
  -1.093000000e+00  -4.786630000e+00   2.422470000e+00
  -1.676710000e+00  -4.786630000e+00   2.146270000e+00
  -2.173240000e+00  -4.786630000e+00   1.744446000e+00
  -2.545890000e+00  -4.786630000e+00   1.232322000e+00
  -2.780560000e+00  -4.786630000e+00   6.491583000e-01
  -2.894340000e+00  -4.786630000e+00   2.814500000e-02
  -2.878450000e+00  -4.786630000e+00  -6.187300000e-01
  -2.692690000e+00  -4.786630000e+00  -1.255930000e+00
  -2.290530000e+00  -4.786630000e+00  -1.791320000e+00
  -1.719278000e+00  -4.786630000e+00  -2.130530000e+00
  -1.098604000e+00  -4.786630000e+00  -2.298040000e+00
  -4.795888000e-01  -4.786630000e+00  -2.333430000e+00
   1.235400000e-01  -4.786630000e+00  -2.239680000e+00
   6.068500000e-01  -4.786630000e+00  -1.870296000e+00
   9.096460000e-01  -4.786630000e+00  -1.380510000e+00
   1.109760000e+00  -4.786630000e+00  -9.106590000e-01
   1.243281000e+00  -4.786630000e+00  -4.578417000e-01
   1.217008000e+00  -4.786630000e+00   4.400000000e-05
   1.102447000e+00  -4.786630000e+00   4.196880000e-01
   9.632810000e-01  -4.786630000e+00   8.230430000e-01
   8.299780000e-01  -4.786630000e+00   1.288170000e+00
   6.306162900e-01  -4.786630000e+00   1.877440000e+00
   1.878470000e-01  -3.847210000e+00   2.616100000e+00
  -4.909590000e-01  -3.847210000e+00   2.749100000e+00
  -1.176980000e+00  -3.847210000e+00   2.646090000e+00
  -1.815220000e+00  -3.847210000e+00   2.376630000e+00
  -2.372990000e+00  -3.847210000e+00   1.966959000e+00
  -2.787310000e+00  -3.847210000e+00   1.418271000e+00
  -3.008540000e+00  -3.847210000e+00   7.705661000e-01
  -3.066270000e+00  -3.847210000e+00   9.977400000e-02
  -2.981900000e+00  -3.847210000e+00  -5.614400000e-01
  -2.754050000e+00  -3.847210000e+00  -1.193330000e+00
  -2.353520000e+00  -3.847210000e+00  -1.736850000e+00
  -1.784200000e+00  -3.847210000e+00  -2.092790000e+00
  -1.157153000e+00  -3.847210000e+00  -2.272030000e+00
  -5.246358000e-01  -3.847210000e+00  -2.313100000e+00
   9.136200000e-02  -3.847210000e+00  -2.220070000e+00
   5.813120000e-01  -3.847210000e+00  -1.834900000e+00
   8.717290000e-01  -3.847210000e+00  -1.316666000e+00
   1.063327000e+00  -3.847210000e+00  -8.389530000e-01
   1.203983000e+00  -3.847210000e+00  -3.884339000e-01
   1.220012000e+00  -3.847210000e+00   7.162400000e-02
   1.137208000e+00  -3.847210000e+00   5.126060000e-01
   1.005937000e+00  -3.847210000e+00   9.446600000e-01
   8.731460000e-01  -3.847210000e+00   1.446350000e+00
   6.547498000e-01  -3.847210000e+00   2.067890000e+00
   1.804030000e-01  -2.907800000e+00   2.815380000e+00
  -5.420400000e-01  -2.907800000e+00   2.954140000e+00
  -1.280120000e+00  -2.907800000e+00   2.873500000e+00
  -1.986750000e+00  -2.907800000e+00   2.625610000e+00
  -2.620220000e+00  -2.907800000e+00   2.212050000e+00
  -3.089390000e+00  -2.907800000e+00   1.607489000e+00
  -3.312530000e+00  -2.907800000e+00   8.774598000e-01
  -3.330860000e+00  -2.907800000e+00   1.378740000e-01
  -3.194750000e+00  -2.907800000e+00  -5.676500000e-01
  -2.924310000e+00  -2.907800000e+00  -1.224250000e+00
  -2.498030000e+00  -2.907800000e+00  -1.792020000e+00
  -1.898910000e+00  -2.907800000e+00  -2.162590000e+00
  -1.238597000e+00  -2.907800000e+00  -2.343180000e+00
  -5.779577000e-01  -2.907800000e+00  -2.381940000e+00
   6.797200000e-02  -2.907800000e+00  -2.289580000e+00
   5.954200000e-01  -2.907800000e+00  -1.914560000e+00
   9.200360000e-01  -2.907800000e+00  -1.380692000e+00
   1.136928000e+00  -2.907800000e+00  -8.760050000e-01
   1.282816000e+00  -2.907800000e+00  -3.875402000e-01
   1.284447000e+00  -2.907800000e+00   1.071120000e-01
   1.182271000e+00  -2.907800000e+00   5.740300000e-01
   1.046332000e+00  -2.907800000e+00   1.033390000e+00
   9.087340000e-01  -2.907800000e+00   1.569720000e+00
   6.785627000e-01  -2.907800000e+00   2.233660000e+00
   1.226740000e-01  -1.969380000e+00   2.941200000e+00
  -6.362400000e-01  -1.969380000e+00   3.089590000e+00
  -1.419650000e+00  -1.969380000e+00   3.035840000e+00
  -2.186030000e+00  -1.969380000e+00   2.798580000e+00
  -2.883820000e+00  -1.969380000e+00   2.359100000e+00
  -3.391740000e+00  -1.969380000e+00   1.714914000e+00
  -3.616190000e+00  -1.969380000e+00   9.238790000e-01
  -3.615510000e+00  -1.969380000e+00   1.265710000e-01
  -3.451080000e+00  -1.969380000e+00  -6.228800000e-01
  -3.153990000e+00  -1.969380000e+00  -1.312780000e+00
  -2.707350000e+00  -1.969380000e+00  -1.914770000e+00
  -2.077730000e+00  -1.969380000e+00  -2.317960000e+00
  -1.380326000e+00  -1.969380000e+00  -2.526930000e+00
  -6.744214000e-01  -1.969380000e+00  -2.579160000e+00
   1.981800000e-02  -1.969380000e+00  -2.485220000e+00
   5.869560000e-01  -1.969380000e+00  -2.079400000e+00
   9.128180000e-01  -1.969380000e+00  -1.483149000e+00
   1.115702000e+00  -1.969380000e+00  -9.325870000e-01
   1.253085000e+00  -1.969380000e+00  -4.191210000e-01
   1.217493000e+00  -1.969380000e+00   9.444300000e-02
   1.090508000e+00  -1.969380000e+00   5.620710000e-01
   9.647980000e-01  -1.969380000e+00   1.028003000e+00
   8.491820000e-01  -1.969380000e+00   1.592410000e+00
   6.425200000e-01  -1.969380000e+00   2.321870000e+00
   9.210000000e-03  -1.029960000e+00   2.921430000e+00
  -7.525300000e-01  -1.029960000e+00   3.077250000e+00
  -1.540820000e+00  -1.029960000e+00   3.030690000e+00
  -2.320170000e+00  -1.029960000e+00   2.812630000e+00
  -3.034020000e+00  -1.029960000e+00   2.376420000e+00
  -3.551340000e+00  -1.029960000e+00   1.712011000e+00
  -3.813630000e+00  -1.029960000e+00   9.232550000e-01
  -3.869860000e+00  -1.029960000e+00   1.055820000e-01
  -3.754810000e+00  -1.029960000e+00  -6.925900000e-01
  -3.464140000e+00  -1.029960000e+00  -1.447100000e+00
  -2.974750000e+00  -1.029960000e+00  -2.086330000e+00
  -2.252720000e+00  -1.029960000e+00  -2.442720000e+00
  -1.497790000e+00  -1.029960000e+00  -2.550320000e+00
  -7.901575000e-01  -1.029960000e+00  -2.518430000e+00
  -1.254030000e-01  -1.029960000e+00  -2.397230000e+00
   4.597660000e-01  -1.029960000e+00  -2.082300000e+00
   8.229660000e-01  -1.029960000e+00  -1.532344000e+00
   1.039203000e+00  -1.029960000e+00  -9.769380000e-01
   1.161835000e+00  -1.029960000e+00  -4.477450000e-01
   1.013537000e+00  -1.029960000e+00   7.304100000e-02
   8.383420000e-01  -1.029960000e+00   5.047110000e-01
   7.434740000e-01  -1.029960000e+00   9.465190000e-01
   6.774980000e-01  -1.029960000e+00   1.516540000e+00
   5.332020000e-01  -1.029960000e+00   2.310830000e+00
  -1.136040000e-01  -3.545410000e-01   2.952920000e+00
   4.361790000e-01  -3.545410000e-01   2.367500000e+00
   5.161060000e-01  -3.545410000e-01   1.479330000e+00
   5.247300000e-01  -3.545410000e-01   8.890400000e-01
   5.753140000e-01  -3.545410000e-01   4.628270000e-01
   7.506230000e-01  -3.545410000e-01   6.557900000e-02
   1.015906000e+00  -3.545410000e-01  -4.522940000e-01
   9.102870000e-01  -3.545410000e-01  -9.882310000e-01
   6.971980000e-01  -3.545410000e-01  -1.547210000e+00
   3.082500000e-01  -3.545410000e-01  -2.057150000e+00
  -2.808090000e-01  -3.545410000e-01  -2.316640000e+00
  -9.218674000e-01  -3.545410000e-01  -2.477830000e+00
  -1.637604000e+00  -3.545410000e-01  -2.585930000e+00
  -2.458150000e+00  -3.545410000e-01  -2.568170000e+00
  -3.265530000e+00  -3.545410000e-01  -2.252460000e+00
  -3.802070000e+00  -3.545410000e-01  -1.570760000e+00
  -4.079710000e+00  -3.545410000e-01  -7.503500000e-01
  -4.140550000e+00  -3.545410000e-01   9.780500000e-02
  -4.025280000e+00  -3.545410000e-01   9.307060000e-01
  -3.726580000e+00  -3.545410000e-01   1.731634000e+00
  -3.202310000e+00  -3.545410000e-01   2.408010000e+00
  -2.477820000e+00  -3.545410000e-01   2.837920000e+00
  -1.685320000e+00  -3.545410000e-01   3.066490000e+00
  -8.844100000e-01  -3.545410000e-01   3.103470000e+00
  -2.704010000e+00  -3.895410000e-01  -1.925060000e+00
  -3.238700000e+00  -3.855410000e-01  -1.602080000e+00
  -1.457620000e+00  -3.830410000e-01   2.726280000e+00
  -9.748800000e-01  -3.983410000e-01   2.400420000e+00
  -2.393380000e+00  -4.357410000e-01   5.706180000e-01
  -2.330130000e+00  -4.328410000e-01   9.151075000e-01
  -1.955400000e+00  -4.369410000e-01   8.903108000e-01
  -7.994957000e-01  -3.842410000e-01  -2.091020000e+00
  -1.973390000e+00  -4.421410000e-01   6.444000000e-02
  -1.579660000e+00  -4.400410000e-01   8.625140000e-01
  -1.253120000e+00  -4.409410000e-01   5.853100000e-02
  -2.896880000e+00  -4.190410000e-01   9.203400000e-01
  -3.002460000e+00  -4.210410000e-01   2.495950000e-01
  -3.521710000e+00  -3.955410000e-01   5.790870000e-01
  -2.872280000e+00  -4.027410000e-01   1.668005000e+00
  -3.057140000e+00  -4.038410000e-01   1.360366000e+00
  -3.016800000e+00  -3.982410000e-01   1.620249000e+00
  -2.134840000e-01  -3.921410000e-01   2.069377000e+00
  -8.698630000e-01  -4.223410000e-01   1.528407000e+00
  -2.244850000e+00  -4.101410000e-01  -1.621560000e+00
  -2.133510000e+00  -4.192410000e-01  -1.378610000e+00
  -1.902948000e+00  -4.164410000e-01  -1.520060000e+00
  -1.975600000e+00  -4.200410000e-01   1.787501000e+00
  -1.797220000e+00  -4.042410000e-01   2.294297000e+00
  -1.710530000e+00  -4.144410000e-01   2.025365000e+00
  -3.451570000e+00  -3.933410000e-01  -9.561400000e-01
  -2.749030000e+00  -4.139410000e-01  -1.194380000e+00
  -1.355793000e+00  -3.896410000e-01  -2.109090000e+00
  -1.671384000e+00  -4.131410000e-01  -1.657690000e+00
  -1.008830000e+00  -4.080410000e-01  -1.700060000e+00
  -2.128260000e+00  -3.982410000e-01   2.321328000e+00
  -1.965430000e+00  -3.821410000e-01   2.657950000e+00
  -1.880380000e+00  -3.932410000e-01   2.491120000e+00
  -2.027533000e+00  -3.901410000e-01  -2.101710000e+00
  -2.452300000e+00  -3.898410000e-01   2.338359000e+00
   9.640900000e-02  -3.839410000e-01  -1.595070000e+00
   2.555700000e-01  -3.899410000e-01  -1.056596000e+00
   4.085690000e-01  -3.868410000e-01  -2.122880000e-01
  -2.550640000e+00  -4.338410000e-01  -1.647600000e-02
  -2.966940000e+00  -4.200410000e-01  -4.383200000e-01
   7.773410000e-02  -3.962410000e-01   6.479250000e-01
  -2.231270000e-01  -4.163410000e-01   8.985700000e-02
  -3.337190000e+00  -3.933410000e-01   1.274854900e+00
  -3.565480000e+00  -3.959410000e-01  -1.850110000e-01
  -3.609150000e-01  -3.881410000e-01  -1.872360000e+00
  -4.983240000e-01  -4.128410000e-01  -1.252290000e+00
   1.939210000e-01  -3.827410000e-01   1.418704000e+00
  -2.782530000e-01  -4.092410000e-01   1.278561000e+00
  -2.335730000e+00  -4.339410000e-01  -5.514780000e-01
  -2.650810000e+00  -4.041410000e-01   1.859350000e+00
  -2.768090000e+00  -4.125410000e-01   1.455877000e+00
  -9.018150000e-01  -4.215410000e-01  -1.197240000e+00
  -9.232650000e-01  -4.275410000e-01  -9.030790000e-01
  -1.250580000e+00  -4.240410000e-01   1.645920000e+00
  -1.294760000e+00  -4.132410000e-01   2.048426000e+00
  -1.082460000e+00  -4.182410000e-01   1.801916000e+00
  -2.385730000e+00  -4.019410000e-01   2.103463000e+00
  -2.550060000e+00  -3.972410000e-01   2.103855000e+00
  -2.317150000e+00  -4.134410000e-01   1.848567000e+00
  -2.270890000e+00  -4.290410000e-01   1.255597000e+00
  -2.521490000e+00  -4.217410000e-01   1.355737000e+00
  -1.813850000e+00  -4.410410000e-01  -2.513470000e-01
  -2.075290000e+00  -4.380410000e-01  -3.994130000e-01
  -1.649300000e+00  -4.388410000e-01  -5.611340000e-01
  -1.451210000e+00  -4.407410000e-01  -2.553020000e-01
  -1.199463000e+00  -4.373410000e-01  -4.260090000e-01
  -6.666880000e-01  -4.291410000e-01   6.467197000e-01
  -1.618220000e+00  -3.944410000e-01   2.515290000e+00
  -1.298650000e+00  -3.966410000e-01   2.457850000e+00
  -2.010180000e+00  -4.272410000e-01  -1.141160000e+00
  -1.658241000e+00  -4.282410000e-01  -1.145380000e+00
  -1.667813000e+00  -4.211410000e-01  -1.404950000e+00
  -1.600350000e+00  -4.328410000e-01   1.302974000e+00
  -1.235010000e+00  -4.283410000e-01   1.419191000e+00
  -2.668590000e-01  -4.165410000e-01  -5.330780000e-01
  -2.587380000e+00  -4.252410000e-01   1.087968780e+00
  -2.489380000e+00  -4.307410000e-01   8.292930000e-01
  -2.176450000e+00  -4.311410000e-01  -8.508200000e-01
  -2.381600000e+00  -4.217410000e-01  -1.163270000e+00
  -2.361160000e+00  -4.281410000e-01  -8.603700000e-01
  -1.949470000e+00  -4.281410000e-01   1.486015000e+00
  -1.936620000e+00  -4.318410000e-01   1.279286000e+00
  -2.977470000e+00  -3.922410000e-01   1.870132000e+00
  -6.746610000e-01  -4.307410000e-01  -6.921000000e-02
  -6.022870000e-01  -4.259410000e-01  -5.632970000e-01
  -1.155567000e+00  -4.179410000e-01  -1.447530000e+00
  -9.553220000e-01  -4.150410000e-01  -1.458350000e+00
  -1.479302000e+00  -4.336410000e-01  -8.708600000e-01
  -1.745740000e+00  -4.310410000e-01  -1.001510000e+00
  -1.545740000e+00  -4.089410000e-01   2.181361000e+00
  -2.221210000e+00  -4.061410000e-01   2.089948000e+00
  -1.101418000e+00  -4.376410000e-01  -2.740930000e-01
  -8.076880000e-01  -4.323410000e-01  -3.354630000e-01
  -1.913880000e+00  -4.355410000e-01  -7.044800000e-01
  -1.494845000e+00  -4.209410000e-01  -1.410760000e+00
  -1.416976000e+00  -4.162410000e-01  -1.548820000e+00
  -9.457160000e-01  -4.329410000e-01  -5.957170000e-01
  -5.508060000e-01  -4.195410000e-01  -9.104420000e-01
  -1.713800000e+00  -4.418410000e-01  -9.543100000e-02
  -1.124510000e+00  -4.306410000e-01  -8.858560000e-01
  -1.212009000e+00  -4.338410000e-01  -7.337910000e-01
  -1.629940000e+00  -4.237410000e-01   1.726434000e+00
  -1.305305000e+00  -4.267410000e-01  -1.163790000e+00
  -1.994510000e+00  -4.371410000e-01  -5.533060000e-01
  -2.543620000e+00  -4.137410000e-01   1.647222000e+00
  -2.832980000e+00  -4.161410000e-01   1.188108900e+00
C Number of facets
  786
C  Size  Node 1  ......Node N Marker
    3    0    1    2    3
    3    0    2    3    3
    3    0    3    4    3
    3    0    4    5    3
    3    0    5    6    3
    3    0    6    7    3
    3    0    7    8    3
    3    0    8    9    3
    3    0    9   10    3
    3    0   10   11    3
    3    0   11   12    3
    3    0   12   13    3
    3    0   13   14    3
    3    0   14   15    3
    3    0   15   16    3
    3    0   16   17    3
    3    0   17   18    3
    3    0   18   19    3
    3    0   19   20    3
    3    0   20   21    3
    3    0   21   22    3
    3    0   22   23    3
    3    0   23   24    3
    3    0   24    1    3
    3    1   25   26    3
    3    1   26    2    3
    3    2   26   27    3
    3    2   27    3    3
    3    3   27   28    3
    3    3   28    4    3
    3    4   28   29    3
    3    4   29    5    3
    3    5   29   30    3
    3    5   30    6    3
    3    6   30   31    3
    3    6   31    7    3
    3    7   31   32    3
    3    7   32    8    3
    3    8   32   33    3
    3    8   33    9    3
    3    9   33   34    3
    3    9   34   10    3
    3   10   34   35    3
    3   10   35   11    3
    3   11   35   36    3
    3   11   36   12    3
    3   12   36   37    3
    3   12   37   13    3
    3   13   37   38    3
    3   13   38   14    3
    3   14   38   39    3
    3   14   39   15    3
    3   15   39   40    3
    3   15   40   16    3
    3   16   40   41    3
    3   16   41   17    3
    3   17   41   42    3
    3   17   42   18    3
    3   18   42   43    3
    3   18   43   19    3
    3   19   43   44    3
    3   19   44   20    3
    3   20   44   45    3
    3   20   45   21    3
    3   21   45   46    3
    3   21   46   22    3
    3   22   46   47    3
    3   22   47   23    3
    3   23   47   48    3
    3   23   48   24    3
    3   24   48   25    3
    3   24   25    1    3
    3   25   49   50    3
    3   25   50   26    3
    3   26   50   51    3
    3   26   51   27    3
    3   27   51   52    3
    3   27   52   28    3
    3   28   52   53    3
    3   28   53   29    3
    3   29   53   54    3
    3   29   54   30    3
    3   30   54   55    3
    3   30   55   31    3
    3   31   55   56    3
    3   31   56   32    3
    3   32   56   57    3
    3   32   57   33    3
    3   33   57   58    3
    3   33   58   34    3
    3   34   58   59    3
    3   34   59   35    3
    3   35   59   60    3
    3   35   60   36    3
    3   36   60   61    3
    3   36   61   37    3
    3   37   61   62    3
    3   37   62   38    3
    3   38   62   63    3
    3   38   63   39    3
    3   39   63   64    3
    3   39   64   40    3
    3   40   64   65    3
    3   40   65   41    3
    3   41   65   66    3
    3   41   66   42    3
    3   42   66   67    3
    3   42   67   43    3
    3   43   67   68    3
    3   43   68   44    3
    3   44   68   69    3
    3   44   69   45    3
    3   45   69   70    3
    3   45   70   46    3
    3   46   70   71    3
    3   46   71   47    3
    3   47   71   72    3
    3   47   72   48    3
    3   48   72   49    3
    3   48   49   25    3
    3   49   73   74    3
    3   49   74   50    3
    3   50   74   75    3
    3   50   75   51    3
    3   51   75   76    3
    3   51   76   52    3
    3   52   76   77    3
    3   52   77   53    3
    3   53   77   78    3
    3   53   78   54    3
    3   54   78   79    3
    3   54   79   55    3
    3   55   79   80    3
    3   55   80   56    3
    3   56   80   81    3
    3   56   81   57    3
    3   57   81   82    3
    3   57   82   58    3
    3   58   82   83    3
    3   58   83   59    3
    3   59   83   84    3
    3   59   84   60    3
    3   60   84   85    3
    3   60   85   61    3
    3   61   85   86    3
    3   61   86   62    3
    3   62   86   87    3
    3   62   87   63    3
    3   63   87   88    3
    3   63   88   64    3
    3   64   88   89    3
    3   64   89   65    3
    3   65   89   90    3
    3   65   90   66    3
    3   66   90   91    3
    3   66   91   67    3
    3   67   91   92    3
    3   67   92   68    3
    3   68   92   93    3
    3   68   93   69    3
    3   69   93   94    3
    3   69   94   70    3
    3   70   94   95    3
    3   70   95   71    3
    3   71   95   96    3
    3   71   96   72    3
    3   72   96   73    3
    3   72   73   49    3
    3   73   97   98    3
    3   73   98   74    3
    3   74   98   99    3
    3   74   99   75    3
    3   75   99  100    3
    3   75  100   76    3
    3   76  100  101    3
    3   76  101   77    3
    3   77  101  102    3
    3   77  102   78    3
    3   78  102  103    3
    3   78  103   79    3
    3   79  103  104    3
    3   79  104   80    3
    3   80  104  105    3
    3   80  105   81    3
    3   81  105  106    3
    3   81  106   82    3
    3   82  106  107    3
    3   82  107   83    3
    3   83  107  108    3
    3   83  108   84    3
    3   84  108  109    3
    3   84  109   85    3
    3   85  109  110    3
    3   85  110   86    3
    3   86  110  111    3
    3   86  111   87    3
    3   87  111  112    3
    3   87  112   88    3
    3   88  112  113    3
    3   88  113   89    3
    3   89  113  114    3
    3   89  114   90    3
    3   90  114  115    3
    3   90  115   91    3
    3   91  115  116    3
    3   91  116   92    3
    3   92  116  117    3
    3   92  117   93    3
    3   93  117  118    3
    3   93  118   94    3
    3   94  118  119    3
    3   94  119   95    3
    3   95  119  120    3
    3   95  120   96    3
    3   96  120   97    3
    3   96   97   73    3
    3   97  121  122    3
    3   97  122   98    3
    3   98  122  123    3
    3   98  123   99    3
    3   99  123  124    3
    3   99  124  100    3
    3  100  124  125    3
    3  100  125  101    3
    3  101  125  126    3
    3  101  126  102    3
    3  102  126  127    3
    3  102  127  103    3
    3  103  127  128    3
    3  103  128  104    3
    3  104  128  129    3
    3  104  129  105    3
    3  105  129  130    3
    3  105  130  106    3
    3  106  130  131    3
    3  106  131  107    3
    3  107  131  132    3
    3  107  132  108    3
    3  108  132  133    3
    3  108  133  109    3
    3  109  133  134    3
    3  109  134  110    3
    3  110  134  135    3
    3  110  135  111    3
    3  111  135  136    3
    3  111  136  112    3
    3  112  136  137    3
    3  112  137  113    3
    3  113  137  138    3
    3  113  138  114    3
    3  114  138  139    3
    3  114  139  115    3
    3  115  139  140    3
    3  115  140  116    3
    3  116  140  141    3
    3  116  141  117    3
    3  117  141  142    3
    3  117  142  118    3
    3  118  142  143    3
    3  118  143  119    3
    3  119  143  144    3
    3  119  144  120    3
    3  120  144  121    3
    3  120  121   97    3
    3  121  145  146    3
    3  121  146  122    3
    3  122  146  147    3
    3  122  147  123    3
    3  123  147  148    3
    3  123  148  124    3
    3  124  148  149    3
    3  124  149  125    3
    3  125  149  150    3
    3  125  150  126    3
    3  126  150  151    3
    3  126  151  127    3
    3  127  151  152    3
    3  127  152  128    3
    3  128  152  153    3
    3  128  153  129    3
    3  129  153  154    3
    3  129  154  130    3
    3  130  154  155    3
    3  130  155  131    3
    3  131  155  156    3
    3  131  156  132    3
    3  132  156  157    3
    3  132  157  133    3
    3  133  157  158    3
    3  133  158  134    3
    3  134  158  159    3
    3  134  159  135    3
    3  135  159  160    3
    3  135  160  136    3
    3  136  160  161    3
    3  136  161  137    3
    3  137  161  162    3
    3  137  162  138    3
    3  138  162  163    3
    3  138  163  139    3
    3  139  163  164    3
    3  139  164  140    3
    3  140  164  165    3
    3  140  165  141    3
    3  141  165  166    3
    3  141  166  142    3
    3  142  166  167    3
    3  142  167  143    3
    3  143  167  168    3
    3  143  168  144    3
    3  144  168  145    3
    3  144  145  121    3
    3  145  169  170    3
    3  145  170  146    3
    3  146  170  171    3
    3  146  171  147    3
    3  147  171  172    3
    3  147  172  148    3
    3  148  172  173    3
    3  148  173  149    3
    3  149  173  174    3
    3  149  174  150    3
    3  150  174  175    3
    3  150  175  151    3
    3  151  175  176    3
    3  151  176  152    3
    3  152  176  177    3
    3  152  177  153    3
    3  153  177  178    3
    3  153  178  154    3
    3  154  178  179    3
    3  154  179  155    3
    3  155  179  180    3
    3  155  180  156    3
    3  156  180  181    3
    3  156  181  157    3
    3  157  181  182    3
    3  157  182  158    3
    3  158  182  183    3
    3  158  183  159    3
    3  159  183  184    3
    3  159  184  160    3
    3  160  184  185    3
    3  160  185  161    3
    3  161  185  186    3
    3  161  186  162    3
    3  162  186  187    3
    3  162  187  163    3
    3  163  187  188    3
    3  163  188  164    3
    3  164  188  189    3
    3  164  189  165    3
    3  165  189  190    3
    3  165  190  166    3
    3  166  190  191    3
    3  166  191  167    3
    3  167  191  192    3
    3  167  192  168    3
    3  168  192  169    3
    3  168  169  145    3
    3  169  193  194    3
    3  169  194  170    3
    3  170  194  195    3
    3  170  195  171    3
    3  171  195  196    3
    3  171  196  172    3
    3  172  196  197    3
    3  172  197  173    3
    3  173  197  198    3
    3  173  198  174    3
    3  174  198  199    3
    3  174  199  175    3
    3  175  199  200    3
    3  175  200  176    3
    3  176  200  201    3
    3  176  201  177    3
    3  177  201  202    3
    3  177  202  178    3
    3  178  202  203    3
    3  178  203  179    3
    3  179  203  204    3
    3  179  204  180    3
    3  180  204  205    3
    3  180  205  181    3
    3  181  205  206    3
    3  181  206  182    3
    3  182  206  207    3
    3  182  207  183    3
    3  183  207  208    3
    3  183  208  184    3
    3  184  208  209    3
    3  184  209  185    3
    3  185  209  210    3
    3  185  210  186    3
    3  186  210  211    3
    3  186  211  187    3
    3  187  211  212    3
    3  187  212  188    3
    3  188  212  213    3
    3  188  213  189    3
    3  189  213  214    3
    3  189  214  190    3
    3  190  214  215    3
    3  190  215  191    3
    3  191  215  216    3
    3  191  216  192    3
    3  192  216  193    3
    3  192  193  169    3
    3  193  217  218    3
    3  193  218  194    3
    3  194  218  219    3
    3  194  219  195    3
    3  195  219  220    3
    3  195  220  196    3
    3  196  220  221    3
    3  196  221  197    3
    3  197  221  222    3
    3  197  222  198    3
    3  198  222  223    3
    3  198  223  199    3
    3  199  223  224    3
    3  199  224  200    3
    3  200  224  225    3
    3  200  225  201    3
    3  201  225  226    3
    3  201  226  202    3
    3  202  226  227    3
    3  202  227  203    3
    3  203  227  228    3
    3  203  228  204    3
    3  204  228  229    3
    3  204  229  205    3
    3  205  229  230    3
    3  205  230  206    3
    3  206  230  231    3
    3  206  231  207    3
    3  207  231  232    3
    3  207  232  208    3
    3  208  232  233    3
    3  208  233  209    3
    3  209  233  234    3
    3  209  234  210    3
    3  210  234  235    3
    3  210  235  211    3
    3  211  235  236    3
    3  211  236  212    3
    3  212  236  237    3
    3  212  237  213    3
    3  213  237  238    3
    3  213  238  214    3
    3  214  238  239    3
    3  214  239  215    3
    3  215  239  240    3
    3  215  240  216    3
    3  216  240  217    3
    3  216  217  193    3
    3  217  241  242    3
    3  217  242  218    3
    3  218  242  243    3
    3  218  243  219    3
    3  219  243  244    3
    3  219  244  220    3
    3  220  244  245    3
    3  220  245  221    3
    3  221  245  246    3
    3  221  246  222    3
    3  222  246  247    3
    3  222  247  223    3
    3  223  247  248    3
    3  223  248  224    3
    3  224  248  249    3
    3  224  249  225    3
    3  225  249  250    3
    3  225  250  226    3
    3  226  250  251    3
    3  226  251  227    3
    3  227  251  252    3
    3  227  252  228    3
    3  228  252  253    3
    3  228  253  229    3
    3  229  253  254    3
    3  229  254  230    3
    3  230  254  255    3
    3  230  255  231    3
    3  231  255  256    3
    3  231  256  232    3
    3  232  256  257    3
    3  232  257  233    3
    3  233  257  258    3
    3  233  258  234    3
    3  234  258  259    3
    3  234  259  235    3
    3  235  259  260    3
    3  235  260  236    3
    3  236  260  261    3
    3  236  261  237    3
    3  237  261  262    3
    3  237  262  238    3
    3  238  262  263    3
    3  238  263  239    3
    3  239  263  264    3
    3  239  264  240    3
    3  240  264  241    3
    3  240  241  217    3
    3  264  265  241    3
    3  264  266  265    3
    3  263  266  264    3
    3  263  267  266    3
    3  262  267  263    3
    3  262  268  267    3
    3  261  268  262    3
    3  261  269  268    3
    3  260  269  261    3
    3  260  270  269    3
    3  259  270  260    3
    3  259  271  270    3
    3  258  271  259    3
    3  258  272  271    3
    3  257  272  258    3
    3  257  273  272    3
    3  256  273  257    3
    3  256  274  273    3
    3  255  274  256    3
    3  255  275  274    3
    3  254  275  255    3
    3  254  276  275    3
    3  253  276  254    3
    3  253  277  276    3
    3  252  277  253    3
    3  252  278  277    3
    3  251  278  252    3
    3  251  279  278    3
    3  250  279  251    3
    3  250  280  279    3
    3  249  280  250    3
    3  249  281  280    3
    3  248  281  249    3
    3  248  282  281    3
    3  247  282  248    3
    3  247  283  282    3
    3  246  283  247    3
    3  246  284  283    3
    3  245  284  246    3
    3  245  285  284    3
    3  244  285  245    3
    3  244  286  285    3
    3  243  286  244    3
    3  243  287  286    3
    3  242  287  243    3
    3  242  288  287    3
    3  241  288  242    3
    3  241  265  288    3
    3  289  279  290    1
    3  291  288  292    1
    3  293  294  295    3
    3  296  275  276    1
    3  297  298  299    1
    3  300  301  302    1
    3  303  304  305    3
    3  292  306  307    1
    3  308  309  310    4
    3  300  293  301    1
    3  311  312  313    3
    3  290  314  315    1
    3  316  317  318    1
    3  319  320  321    3
    3  317  322  308    1
    3  286  323  285    1
    3  286  287  320    1
    3  298  297  293    1
    3  324  325  273    1
    3  326  271  272    1
    3  327  328  301    1
    3  329  326  330    1
    3  300  331  304    1
    3  332  282  302    1
    3  272  325  326    1
    3  296  276  316    1
    3  296  333  275    1
    3  324  334  325    1
    3  335  329  336    1
    3  315  328  337    1
    3  338  339  303    3
    3  334  340  341    4
    3  279  289  278    1
    3  274  275  333    1
    3  322  278  289    1
    3  342  343  344    3
    3  332  301  328    1
    3  314  290  280    1
    3  345  338  346    3
    3  324  333  334    1
    3  277  316  276    1
    3  266  267  335    1
    3  288  291  287    1
    3  347  348  349    3
    3  316  322  317    1
    3  297  350  351    4
    3  327  301  293    1
    3  283  331  302    1
    3  352  353  354    4
    3  326  269  270    1
    3  332  302  301    1
    3  355  299  298    1
    3  312  356  357    3
    3  330  355  329    1
    3  336  306  335    1
    3  271  326  270    1
    3  358  359  360    4
    3  298  361  362    3
    3  283  302  282    1
    3  336  329  355    1
    3  326  363  330    1
    3  265  292  288    1
    3  300  364  365    3
    3  366  367  368    4
    3  333  318  334    1
    3  369  361  370    3
    3  327  293  297    1
    3  278  322  277    1
    3  320  291  356    3
    3  371  285  323    1
    3  363  325  334    1
    3  371  331  284    1
    3  364  339  349    3
    3  268  335  267    1
    3  372  363  373    4
    3  280  290  279    1
    3  266  306  265    1
    3  316  277  322    1
    3  328  315  314    1
    3  308  315  367    1
    3  355  330  372    1
    3  327  297  337    1
    3  280  281  314    1
    3  374  340  375    4
    3  296  316  318    1
    3  352  376  377    4
    3  355  307  336    1
    3  292  343  378    3
    3  326  325  363    1
    3  320  287  291    1
    3  345  319  379    3
    3  380  372  381    4
    3  358  366  382    4
    3  268  329  335    1
    3  273  274  324    1
    3  336  307  306    1
    3  265  306  292    1
    3  296  318  333    1
    3  383  374  384    4
    3  329  268  269    1
    3  385  373  386    4
    3  333  324  274    1
    3  283  284  331    1
    3  298  307  355    1
    3  299  353  387    4
    3  308  289  315    1
    3  273  325  272    1
    3  327  337  328    1
    3  388  376  389    4
    3  314  332  328    1
    3  281  282  332    1
    3  315  289  290    1
    3  363  372  330    1
    3  355  372  299    1
    3  285  371  284    1
    3  314  281  332    1
    3  269  326  329    1
    3  369  347  311    3
    3  266  335  306    1
    3  286  320  323    1
    3  308  322  289    1
    3  300  302  331    1
    3  343  390  313    3
    3  292  307  344    3
    3  298  348  370    3
    3  361  390  342    3
    3  343  342  390    3
    3  342  307  362    3
    3  347  369  348    3
    3  361  369  390    3
    3  369  311  390    3
    3  312  311  347    3
    3  311  313  390    3
    3  313  312  378    3
    3  298  362  307    3
    3  342  362  361    3
    3  342  344  307    3
    3  292  344  343    3
    3  369  370  348    3
    3  298  370  361    3
    3  292  378  312    3
    3  313  378  343    3
    3  334  318  375    4
    3  340  391  388    4
    3  318  317  384    4
    3  340  374  391    4
    3  352  385  389    4
    3  376  391  359    4
    3  376  388  391    4
    3  388  385  341    4
    3  359  391  383    4
    3  359  358  377    4
    3  374  383  391    4
    3  383  317  360    4
    3  374  375  318    4
    3  334  375  340    4
    3  334  341  385    4
    3  388  341  340    4
    3  388  389  385    4
    3  352  389  376    4
    3  352  377  358    4
    3  359  377  376    4
    3  358  360  317    4
    3  383  360  359    4
    3  383  384  317    4
    3  318  384  374    4
    3  367  358  309    4
    3  315  337  368    1
    3  353  352  350    4
    3  353  299  380    4
    3  372  380  299    4
    3  380  385  354    4
    3  350  352  392    4
    3  350  297  387    4
    3  366  337  392    4
    3  367  366  358    4
    3  363  334  386    4
    3  373  385  381    4
    3  392  337  351    4
    3  392  352  382    4
    3  380  381  385    4
    3  373  381  372    4
    3  358  317  310    4
    3  367  309  308    4
    3  385  386  334    4
    3  363  386  373    4
    3  366  368  337    4
    3  315  368  367    1
    3  299  387  297    4
    3  350  387  353    4
    3  352  354  385    4
    3  380  354  353    4
    3  358  382  352    4
    3  392  382  366    4
    3  297  351  337    4
    3  392  351  350    4
    3  308  310  317    4
    3  358  310  309    4
    3  312  347  379    3
    3  320  319  323    3
    3  371  323  346    3
    3  338  347  393    3
    3  364  300  394    3
    3  364  348  294    3
    3  319  345  323    3
    3  338  345  347    3
    3  348  298  295    3
    3  294  293  365    3
    3  304  339  394    3
    3  331  371  305    1
    3  364  349  348    3
    3  349  339  393    3
    3  338  393  339    3
    3  349  393  347    3
    3  338  303  371    3
    3  304  303  339    3
    3  356  312  321    3
    3  291  292  357    3
    3  364  394  339    3
    3  304  394  300    3
    3  319  321  312    3
    3  356  321  320    3
    3  293  295  298    3
    3  348  295  294    3
    3  312  357  292    3
    3  291  357  356    3
    3  345  346  323    3
    3  371  346  338    3
    3  303  305  371    3
    3  331  305  304    1
    3  345  379  347    3
    3  312  379  319    3
    3  300  365  293    3
    3  294  365  364    3
C Prescribed Values(Inlet, Outlet), InteractionSurface(Inlet, Outlet)
       3        1        0        2        2        2
C Inlet Velocity
C     Vx,           Vy,            Vz,    indVx,indVy,indVz, FunID (3E18.9, 4I5)
   0.000000000e+00   1.000000000e+00   0.000000000e+00    1    0    1    4
C Inlet Pressure, FunID (E18.9,I5)
   1.000000000e+00    3
C Outlet Pressure (E18.9,I5)
   1.000000000e+00    2
C Inlet Velocity
C nNodeID,    Vx,           Vy,            Vz (I5, 3E18.9)
  265
    1  -1.200000000e+00  -2.000000000e+00   1.200000000e+00
    2  -1.100000000e+00  -2.000000000e+00   3.000000000e-01
    3  -1.000000000e+00  -2.000000000e+00  -1.000000000e-01
    4  -9.000000000e-01  -2.000000000e+00   5.000000000e-01
    5  -1.100000000e+00  -2.000000000e+00   1.100000000e+00
    6  -1.900000000e+00  -2.000000000e+00   1.600000000e+00
    7  -2.100000000e+00  -2.000000000e+00   1.400000000e+00
    8  -1.700000000e+00  -2.000000000e+00   9.000000000e-01
    9  -9.000000000e-01  -2.000000000e+00   7.000000000e-01
   10  -2.000000000e-01  -2.000000000e+00   9.000000000e-01
   11   1.000000000e-01  -2.000000000e+00   1.200000000e+00
   12  -1.000000000e-01  -2.000000000e+00   1.500000000e+00
   13  -2.000000000e-01  -2.000000000e+00   1.600000000e+00
   14  -5.000000000e-01  -2.000000000e+00   1.800000000e+00
   15  -7.000000000e-01  -2.000000000e+00   1.900000000e+00
   16  -1.100000000e+00  -2.000000000e+00   1.900000000e+00
   17  -1.500000000e+00  -2.000000000e+00   2.100000000e+00
   18  -2.300000000e+00  -2.000000000e+00   2.500000000e+00
   19  -3.000000000e+00  -2.000000000e+00   2.200000000e+00
   20  -3.100000000e+00  -2.000000000e+00   1.500000000e+00
   21  -2.200000000e+00  -2.000000000e+00   1.000000000e+00
   22  -1.200000000e+00  -2.000000000e+00   8.000000000e-01
   23  -8.000000000e-01  -2.000000000e+00   1.000000000e+00
   24  -7.000000000e-01  -2.000000000e+00   1.100000000e+00
   25  -8.000000000e-01  -2.000000000e+00   9.000000000e-01
   26  -1.000000000e+00  -1.500000000e+00   8.000000000e-01
   27  -1.000000000e+00  -1.500000000e+00   4.000000000e-01
   28  -1.000000000e+00  -1.500000000e+00   1.000000000e+00
   29  -1.300000000e+00  -1.500000000e+00   1.600000000e+00
   30  -1.900000000e+00  -1.500000000e+00   2.000000000e+00
   31  -2.200000000e+00  -1.500000000e+00   1.700000000e+00
   32  -1.900000000e+00  -1.500000000e+00   1.200000000e+00
   33  -1.000000000e+00  -1.500000000e+00   9.000000000e-01
   34  -1.000000000e-01  -1.500000000e+00   1.100000000e+00
   35   2.000000000e-01  -1.500000000e+00   1.500000000e+00
   36   0.000000000e+00  -1.500000000e+00   1.700000000e+00
   37  -2.000000000e-01  -1.500000000e+00   2.000000000e+00
   38  -4.000000000e-01  -1.500000000e+00   2.300000000e+00
   39  -7.000000000e-01  -1.500000000e+00   2.400000000e+00
   40  -1.100000000e+00  -1.500000000e+00   2.300000000e+00
   41  -1.600000000e+00  -1.500000000e+00   2.500000000e+00
   42  -2.100000000e+00  -1.500000000e+00   2.500000000e+00
   43  -2.700000000e+00  -1.500000000e+00   2.200000000e+00
   44  -2.800000000e+00  -1.500000000e+00   1.700000000e+00
   45  -2.100000000e+00  -1.500000000e+00   1.100000000e+00
   46  -1.400000000e+00  -1.500000000e+00   1.000000000e+00
   47  -9.000000000e-01  -1.500000000e+00   1.000000000e+00
   48  -8.000000000e-01  -1.500000000e+00   1.300000000e+00
   49  -8.000000000e-01  -1.500000000e+00   1.300000000e+00
   50  -1.100000000e+00  -1.400000000e+00   8.000000000e-01
   51  -9.000000000e-01  -1.400000000e+00   3.000000000e-01
   52  -8.000000000e-01  -1.400000000e+00   1.000000000e+00
   53  -1.200000000e+00  -1.400000000e+00   1.800000000e+00
   54  -1.900000000e+00  -1.400000000e+00   2.300000000e+00
   55  -2.300000000e+00  -1.400000000e+00   2.100000000e+00
   56  -2.000000000e+00  -1.400000000e+00   1.500000000e+00
   57  -1.100000000e+00  -1.400000000e+00   1.200000000e+00
   58  -2.000000000e-01  -1.400000000e+00   1.300000000e+00
   59   2.000000000e-01  -1.400000000e+00   1.700000000e+00
   60   1.000000000e-01  -1.400000000e+00   2.000000000e+00
   61   0.000000000e+00  -1.400000000e+00   2.400000000e+00
   62  -2.000000000e-01  -1.400000000e+00   2.900000000e+00
   63  -6.000000000e-01  -1.400000000e+00   3.300000000e+00
   64  -1.100000000e+00  -1.400000000e+00   3.300000000e+00
   65  -1.700000000e+00  -1.400000000e+00   3.400000000e+00
   66  -2.500000000e+00  -1.400000000e+00   3.400000000e+00
   67  -3.100000000e+00  -1.400000000e+00   2.900000000e+00
   68  -3.100000000e+00  -1.400000000e+00   2.100000000e+00
   69  -1.700000000e+00  -1.400000000e+00   1.500000000e+00
   70  -4.000000000e-01  -1.400000000e+00   1.600000000e+00
   71   1.000000000e-01  -1.400000000e+00   2.000000000e+00
   72   0.000000000e+00  -1.400000000e+00   2.300000000e+00
   73  -5.000000000e-01  -1.400000000e+00   2.100000000e+00
   74  -1.000000000e+00  -1.300000000e+00   4.000000000e-01
   75  -7.000000000e-01  -1.300000000e+00  -1.000000000e-01
   76  -5.000000000e-01  -1.300000000e+00   6.000000000e-01
   77  -7.000000000e-01  -1.300000000e+00   1.600000000e+00
   78  -1.400000000e+00  -1.300000000e+00   2.100000000e+00
   79  -1.700000000e+00  -1.300000000e+00   2.000000000e+00
   80  -1.500000000e+00  -1.300000000e+00   1.500000000e+00
   81  -8.000000000e-01  -1.300000000e+00   1.300000000e+00
   82   0.000000000e+00  -1.300000000e+00   1.400000000e+00
   83   3.000000000e-01  -1.300000000e+00   1.800000000e+00
   84   3.000000000e-01  -1.300000000e+00   2.000000000e+00
   85   4.000000000e-01  -1.300000000e+00   2.600000000e+00
   86   2.000000000e-01  -1.300000000e+00   3.400000000e+00
   87  -4.000000000e-01  -1.300000000e+00   4.100000000e+00
   88  -1.100000000e+00  -1.300000000e+00   4.100000000e+00
   89  -1.700000000e+00  -1.300000000e+00   3.900000000e+00
   90  -2.500000000e+00  -1.300000000e+00   3.700000000e+00
   91  -3.000000000e+00  -1.300000000e+00   3.100000000e+00
   92  -2.900000000e+00  -1.300000000e+00   2.200000000e+00
   93  -1.200000000e+00  -1.300000000e+00   1.600000000e+00
   94   4.000000000e-01  -1.300000000e+00   1.800000000e+00
   95   8.000000000e-01  -1.300000000e+00   2.300000000e+00
   96   5.000000000e-01  -1.300000000e+00   2.700000000e+00
   97  -3.000000000e-01  -1.300000000e+00   2.200000000e+00
   98  -9.000000000e-01  -1.200000000e+00   3.000000000e-01
   99  -6.000000000e-01  -1.200000000e+00  -1.000000000e-01
  100  -3.000000000e-01  -1.200000000e+00   5.000000000e-01
  101  -5.000000000e-01  -1.200000000e+00   1.300000000e+00
  102  -1.000000000e+00  -1.200000000e+00   1.700000000e+00
  103  -1.300000000e+00  -1.200000000e+00   1.700000000e+00
  104  -1.000000000e+00  -1.200000000e+00   1.400000000e+00
  105  -4.000000000e-01  -1.200000000e+00   1.300000000e+00
  106   4.000000000e-01  -1.200000000e+00   1.400000000e+00
  107   7.000000000e-01  -1.200000000e+00   1.800000000e+00
  108   6.000000000e-01  -1.200000000e+00   2.100000000e+00
  109   7.000000000e-01  -1.200000000e+00   2.800000000e+00
  110   4.000000000e-01  -1.200000000e+00   3.700000000e+00
  111  -1.000000000e-01  -1.200000000e+00   4.300000000e+00
  112  -1.000000000e+00  -1.200000000e+00   4.300000000e+00
  113  -1.600000000e+00  -1.200000000e+00   4.000000000e+00
  114  -2.300000000e+00  -1.200000000e+00   3.600000000e+00
  115  -2.700000000e+00  -1.200000000e+00   3.000000000e+00
  116  -2.600000000e+00  -1.200000000e+00   2.200000000e+00
  117  -1.200000000e+00  -1.200000000e+00   1.500000000e+00
  118   3.000000000e-01  -1.200000000e+00   1.700000000e+00
  119   6.000000000e-01  -1.200000000e+00   2.200000000e+00
  120   4.000000000e-01  -1.200000000e+00   2.400000000e+00
  121  -3.000000000e-01  -1.200000000e+00   1.900000000e+00
  122  -1.200000000e+00  -1.100000000e+00  -6.000000000e-01
  123  -7.000000000e-01  -1.100000000e+00  -1.100000000e+00
  124  -3.000000000e-01  -1.100000000e+00   0.000000000e+00
  125  -7.000000000e-01  -1.100000000e+00   1.100000000e+00
  126  -1.400000000e+00  -1.100000000e+00   1.900000000e+00
  127  -1.800000000e+00  -1.100000000e+00   1.800000000e+00
  128  -1.500000000e+00  -1.100000000e+00   1.300000000e+00
  129  -7.000000000e-01  -1.100000000e+00   1.000000000e+00
  130   3.000000000e-01  -1.100000000e+00   1.200000000e+00
  131   8.000000000e-01  -1.100000000e+00   1.700000000e+00
  132   7.000000000e-01  -1.100000000e+00   2.100000000e+00
  133   7.000000000e-01  -1.100000000e+00   2.700000000e+00
  134   3.000000000e-01  -1.100000000e+00   3.300000000e+00
  135  -3.000000000e-01  -1.100000000e+00   3.900000000e+00
  136  -1.000000000e+00  -1.100000000e+00   4.000000000e+00
  137  -1.700000000e+00  -1.100000000e+00   3.600000000e+00
  138  -2.300000000e+00  -1.100000000e+00   3.300000000e+00
  139  -2.700000000e+00  -1.100000000e+00   2.700000000e+00
  140  -2.700000000e+00  -1.100000000e+00   1.900000000e+00
  141  -1.200000000e+00  -1.100000000e+00   1.300000000e+00
  142   2.000000000e-01  -1.100000000e+00   1.500000000e+00
  143   4.000000000e-01  -1.100000000e+00   1.900000000e+00
  144   1.000000000e-01  -1.100000000e+00   2.000000000e+00
  145  -7.000000000e-01  -1.100000000e+00   1.200000000e+00
  146  -1.300000000e+00  -1.000000000e+00  -2.000000000e-01
  147  -9.000000000e-01  -1.000000000e+00   0.000000000e+00
  148  -6.000000000e-01  -1.000000000e+00   0.000000000e+00
  149  -7.000000000e-01  -1.000000000e+00   5.000000000e-01
  150  -1.100000000e+00  -1.000000000e+00   1.100000000e+00
  151  -1.300000000e+00  -1.000000000e+00   1.100000000e+00
  152  -1.200000000e+00  -1.000000000e+00   9.000000000e-01
  153  -8.000000000e-01  -1.000000000e+00   7.000000000e-01
  154  -4.000000000e-01  -1.000000000e+00   9.000000000e-01
  155  -1.000000000e-01  -1.000000000e+00   1.100000000e+00
  156  -1.000000000e-01  -1.000000000e+00   1.300000000e+00
  157  -1.000000000e-01  -1.000000000e+00   1.600000000e+00
  158  -2.000000000e-01  -1.000000000e+00   2.300000000e+00
  159  -4.000000000e-01  -1.000000000e+00   2.700000000e+00
  160  -1.000000000e+00  -1.000000000e+00   3.000000000e+00
  161  -1.700000000e+00  -1.000000000e+00   3.100000000e+00
  162  -2.800000000e+00  -1.000000000e+00   3.400000000e+00
  163  -3.500000000e+00  -1.000000000e+00   2.800000000e+00
  164  -3.400000000e+00  -1.000000000e+00   1.900000000e+00
  165  -1.600000000e+00  -1.000000000e+00   1.200000000e+00
  166  -1.000000000e-01  -1.000000000e+00   1.400000000e+00
  167   2.000000000e-01  -1.000000000e+00   1.700000000e+00
  168   0.000000000e+00  -1.000000000e+00   2.000000000e+00
  169  -7.000000000e-01  -1.000000000e+00   1.400000000e+00
  170  -1.200000000e+00  -9.000000000e-01   1.100000000e+00
  171  -1.200000000e+00  -9.000000000e-01   0.000000000e+00
  172  -1.200000000e+00  -9.000000000e-01   1.000000000e+00
  173  -1.300000000e+00  -9.000000000e-01   2.000000000e+00
  174  -1.600000000e+00  -9.000000000e-01   2.000000000e+00
  175  -1.800000000e+00  -9.000000000e-01   1.500000000e+00
  176  -1.500000000e+00  -9.000000000e-01   1.100000000e+00
  177  -9.000000000e-01  -9.000000000e-01   1.000000000e+00
  178  -3.000000000e-01  -9.000000000e-01   1.000000000e+00
  179   0.000000000e+00  -9.000000000e-01   1.400000000e+00
  180  -1.000000000e-01  -9.000000000e-01   1.600000000e+00
  181  -3.000000000e-01  -9.000000000e-01   1.700000000e+00
  182  -4.000000000e-01  -9.000000000e-01   2.000000000e+00
  183  -7.000000000e-01  -9.000000000e-01   2.300000000e+00
  184  -1.000000000e+00  -9.000000000e-01   2.500000000e+00
  185  -1.700000000e+00  -9.000000000e-01   3.000000000e+00
  186  -2.900000000e+00  -9.000000000e-01   3.500000000e+00
  187  -3.700000000e+00  -9.000000000e-01   3.000000000e+00
  188  -3.600000000e+00  -9.000000000e-01   2.100000000e+00
  189  -1.900000000e+00  -9.000000000e-01   1.300000000e+00
  190  -8.000000000e-01  -9.000000000e-01   1.400000000e+00
  191  -4.000000000e-01  -9.000000000e-01   1.700000000e+00
  192  -4.000000000e-01  -9.000000000e-01   2.000000000e+00
  193  -7.000000000e-01  -9.000000000e-01   2.000000000e+00
  194  -1.600000000e+00  -9.000000000e-01   1.000000000e+00
  195  -1.500000000e+00  -9.000000000e-01   1.000000000e+00
  196  -1.400000000e+00  -9.000000000e-01   1.000000000e+00
  197  -1.500000000e+00  -9.000000000e-01   1.000000000e+00
  198  -1.500000000e+00  -9.000000000e-01   1.000000000e+00
  199  -1.600000000e+00  -9.000000000e-01   1.000000000e+00
  200  -1.600000000e+00  -9.000000000e-01   9.000000000e-01
  201  -1.300000000e+00  -9.000000000e-01   1.000000000e+00
  202  -1.100000000e+00  -9.000000000e-01   1.000000000e+00
  203  -1.000000000e+00  -9.000000000e-01   1.100000000e+00
  204  -1.000000000e+00  -9.000000000e-01   1.100000000e+00
  205  -9.000000000e-01  -9.000000000e-01   1.300000000e+00
  206  -8.000000000e-01  -9.000000000e-01   1.900000000e+00
  207  -1.000000000e+00  -9.000000000e-01   2.500000000e+00
  208  -1.500000000e+00  -9.000000000e-01   2.900000000e+00
  209  -2.200000000e+00  -9.000000000e-01   3.300000000e+00
  210  -3.800000000e+00  -9.000000000e-01   4.000000000e+00
  211  -4.900000000e+00  -9.000000000e-01   3.600000000e+00
  212  -4.600000000e+00  -9.000000000e-01   2.300000000e+00
  213  -2.600000000e+00  -9.000000000e-01   1.400000000e+00
  214  -1.300000000e+00  -9.000000000e-01   1.500000000e+00
  215  -8.000000000e-01  -9.000000000e-01   1.700000000e+00
  216  -7.000000000e-01  -9.000000000e-01   2.100000000e+00
  217  -1.000000000e+00  -9.000000000e-01   2.300000000e+00
  218  -1.500000000e+00  -7.000000000e-01   1.000000000e+00
  219  -1.400000000e+00  -7.000000000e-01   1.000000000e+00
  220  -1.300000000e+00  -7.000000000e-01   1.000000000e+00
  221  -1.200000000e+00  -7.000000000e-01   1.000000000e+00
  222  -1.100000000e+00  -7.000000000e-01   1.000000000e+00
  223  -1.100000000e+00  -7.000000000e-01   1.000000000e+00
  224  -1.100000000e+00  -7.000000000e-01   1.000000000e+00
  225  -9.000000000e-01  -7.000000000e-01   1.000000000e+00
  226  -8.000000000e-01  -7.000000000e-01   1.200000000e+00
  227  -6.000000000e-01  -7.000000000e-01   1.200000000e+00
  228   0.000000000e+00  -7.000000000e-01   1.400000000e+00
  229  -6.000000000e-01  -7.000000000e-01   1.700000000e+00
  230  -5.000000000e-01  -7.000000000e-01   2.700000000e+00
  231  -9.000000000e-01  -7.000000000e-01   3.500000000e+00
  232  -1.600000000e+00  -7.000000000e-01   3.900000000e+00
  233  -2.300000000e+00  -7.000000000e-01   3.800000000e+00
  234  -3.700000000e+00  -7.000000000e-01   4.100000000e+00
  235  -4.700000000e+00  -7.000000000e-01   3.600000000e+00
  236  -4.600000000e+00  -7.000000000e-01   2.500000000e+00
  237  -2.600000000e+00  -7.000000000e-01   1.500000000e+00
  238  -1.400000000e+00  -7.000000000e-01   1.500000000e+00
  239  -8.000000000e-01  -7.000000000e-01   1.700000000e+00
  240  -6.000000000e-01  -7.000000000e-01   2.100000000e+00
  241  -9.000000000e-01  -7.000000000e-01   2.200000000e+00
  242  -1.800000000e+00  -6.000000000e-01   2.000000000e+00
  243  -1.600000000e+00  -6.000000000e-01   1.000000000e+00
  244  -1.600000000e+00  -6.000000000e-01   1.000000000e+00
  245  -1.800000000e+00  -6.000000000e-01   1.000000000e+00
  246  -2.000000000e+00  -6.000000000e-01   2.000000000e+00
  247  -2.200000000e+00  -6.000000000e-01   2.000000000e+00
  248  -2.100000000e+00  -6.000000000e-01   1.000000000e+00
  249  -1.700000000e+00  -6.000000000e-01   1.200000000e+00
  250  -1.000000000e+00  -6.000000000e-01   1.100000000e+00
  251  -1.000000000e+00  -6.000000000e-01   1.300000000e+00
  252  -1.000000000e+00  -6.000000000e-01   1.300000000e+00
  253  -1.000000000e+00  -6.000000000e-01   1.700000000e+00
  254  -7.000000000e-01  -6.000000000e-01   2.500000000e+00
  255  -1.100000000e+00  -6.000000000e-01   3.500000000e+00
  256  -1.700000000e+00  -6.000000000e-01   4.000000000e+00
  257  -2.300000000e+00  -6.000000000e-01   3.600000000e+00
  258  -3.400000000e+00  -6.000000000e-01   3.800000000e+00
  259  -4.500000000e+00  -6.000000000e-01   3.500000000e+00
  260  -4.600000000e+00  -6.000000000e-01   2.600000000e+00
  261  -2.600000000e+00  -6.000000000e-01   1.700000000e+00
  262  -1.400000000e+00  -6.000000000e-01   1.700000000e+00
  263  -7.000000000e-01  -6.000000000e-01   2.100000000e+00
  264  -4.000000000e-01  -6.000000000e-01   2.600000000e+00
  265  -1.000000000e+00  -6.000000000e-01   2.700000000e+00
C Region List
