C PointsNum,MaxElemVol,TetGenParams,nAtrib,IndMov,MDMaxVolume,MDomDiv,MDOnly,MDDivF,MDPrescP
  395    1.000000e+00 YYpznno2q1.414a     0     0    1.000000e+00     1     0     0     0     0     0 YYpznno2q1.414a
  -2.342148000e-01  -8.663570000e+00  -3.018100000e-02
   5.587710000e-02  -8.177820000e+00   8.109840000e-01
  -1.674590000e-01  -8.177820000e+00   8.640480000e-01
  -4.088280000e-01  -8.177820000e+00   8.782330000e-01
  -6.702570000e-01  -8.177820000e+00   8.462300000e-01
  -9.274580000e-01  -8.177820000e+00   7.348930000e-01
  -1.103834000e+00  -8.177820000e+00   5.144290000e-01
  -1.157789000e+00  -8.177820000e+00   2.390960000e-01
  -1.129068000e+00  -8.177820000e+00  -2.678800000e-02
  -1.054557000e+00  -8.177820000e+00  -2.647610000e-01
  -9.480870000e-01  -8.177820000e+00  -4.788680000e-01
  -8.045420000e-01  -8.177820000e+00  -6.677370000e-01
  -6.197010000e-01  -8.177820000e+00  -8.185250000e-01
  -4.031229000e-01  -8.177820000e+00  -9.283890000e-01
  -1.614480000e-01  -8.177820000e+00  -9.848340000e-01
   8.934400000e-02  -8.177820000e+00  -9.563610000e-01
   2.924660000e-01  -8.177820000e+00  -8.074930000e-01
   4.275370000e-01  -8.177820000e+00  -6.108660000e-01
   5.197250000e-01  -8.177820000e+00  -4.144650000e-01
   5.701810000e-01  -8.177820000e+00  -2.169040000e-01
   5.384040000e-01  -8.177820000e+00  -2.090200000e-02
   4.759050000e-01  -8.177820000e+00   1.502130000e-01
   4.041650000e-01  -8.177820000e+00   3.073840000e-01
   3.287470000e-01  -8.177820000e+00   4.730700000e-01
   2.256420000e-01  -8.177820000e+00   6.569680000e-01
   8.991660000e-02  -7.702070000e+00   1.165310000e+00
  -2.254520000e-01  -7.702070000e+00   1.231125000e+00
  -5.536990000e-01  -7.702070000e+00   1.214763000e+00
  -8.824050000e-01  -7.702070000e+00   1.123935000e+00
  -1.183928000e+00  -7.702070000e+00   9.446800000e-01
  -1.397520000e+00  -7.702070000e+00   6.623960000e-01
  -1.490600000e+00  -7.702070000e+00   3.236132000e-01
  -1.489030000e+00  -7.702070000e+00  -1.601500000e-02
  -1.422650000e+00  -7.702070000e+00  -3.378790000e-01
  -1.295598000e+00  -7.702070000e+00  -6.369010000e-01
  -1.098129000e+00  -7.702070000e+00  -8.953400000e-01
  -8.367920000e-01  -7.702070000e+00  -1.087840000e+00
  -5.380834000e-01  -7.702070000e+00  -1.212650000e+00
  -2.168710000e-01  -7.702070000e+00  -1.267470000e+00
   1.075210000e-01  -7.702070000e+00  -1.222909000e+00
   3.669010000e-01  -7.702070000e+00  -1.023371000e+00
   5.357500000e-01  -7.702070000e+00  -7.639380000e-01
   6.501340000e-01  -7.702070000e+00  -5.112580000e-01
   7.169860000e-01  -7.702070000e+00  -2.603868000e-01
   6.862410000e-01  -7.702070000e+00  -8.797000000e-03
   6.131710000e-01  -7.702070000e+00   2.143610000e-01
   5.276970000e-01  -7.702070000e+00   4.233930000e-01
   4.415450000e-01  -7.702070000e+00   6.547270000e-01
   3.179450000e-01  -7.702070000e+00   9.280340000e-01
   9.172900000e-02  -7.220310000e+00   1.431160000e+00
  -2.879520000e-01  -7.220310000e+00   1.496930000e+00
  -6.777170000e-01  -7.220310000e+00   1.466374000e+00
  -1.063431000e+00  -7.220310000e+00   1.352688000e+00
  -1.416160000e+00  -7.220310000e+00   1.136894000e+00
  -1.670030000e+00  -7.220310000e+00   8.070600000e-01
  -1.794430000e+00  -7.220310000e+00   4.115288000e-01
  -1.814910000e+00  -7.220310000e+00   6.681000000e-03
  -1.752080000e+00  -7.220310000e+00  -3.865190000e-01
  -1.606860000e+00  -7.220310000e+00  -7.580640000e-01
  -1.363643000e+00  -7.220310000e+00  -1.075050000e+00
  -1.032412000e+00  -7.220310000e+00  -1.295200000e+00
  -6.622710000e-01  -7.220310000e+00  -1.420670000e+00
  -2.780850000e-01  -7.220310000e+00  -1.460310000e+00
   1.003810000e-01  -7.220310000e+00  -1.399105000e+00
   3.889140000e-01  -7.220310000e+00  -1.143656000e+00
   5.582660000e-01  -7.220310000e+00  -8.242660000e-01
   6.728670000e-01  -7.220310000e+00  -5.351500000e-01
   7.641260000e-01  -7.220310000e+00  -2.644712000e-01
   7.930710000e-01  -7.220310000e+00   1.561700000e-02
   7.571910000e-01  -7.220310000e+00   2.951430000e-01
   6.640120000e-01  -7.220310000e+00   5.628120000e-01
   5.524670000e-01  -7.220310000e+00   8.533000000e-01
   3.833980000e-01  -7.220310000e+00   1.175800000e+00
   9.509400000e-02  -6.739560000e+00   1.639210000e+00
  -3.387960000e-01  -6.739560000e+00   1.699460000e+00
  -7.760470000e-01  -6.739560000e+00   1.648660000e+00
  -1.197810000e+00  -6.739560000e+00   1.503637000e+00
  -1.579090000e+00  -6.739560000e+00   1.255342000e+00
  -1.858580000e+00  -6.739560000e+00   8.925060000e-01
  -2.022380000e+00  -6.739560000e+00   4.647276000e-01
  -2.088640000e+00  -6.739560000e+00   1.315300000e-02
  -2.059630000e+00  -6.739560000e+00  -4.502860000e-01
  -1.914090000e+00  -6.739560000e+00  -9.004600000e-01
  -1.620030000e+00  -6.739560000e+00  -1.276750000e+00
  -1.206791000e+00  -6.739560000e+00  -1.504720000e+00
  -7.639060000e-01  -6.739560000e+00  -1.608640000e+00
  -3.284300000e-01  -6.739560000e+00  -1.620400000e+00
   8.915500000e-02  -6.739560000e+00  -1.539250000e+00
   4.078320000e-01  -6.739560000e+00  -1.256010000e+00
   5.904680000e-01  -6.739560000e+00  -8.985840000e-01
   7.130970000e-01  -6.739560000e+00  -5.806180000e-01
   8.219920000e-01  -6.739560000e+00  -2.862724000e-01
   8.875360000e-01  -6.739560000e+00   2.265700000e-02
   8.758740000e-01  -6.739560000e+00   3.468790000e-01
   7.746160000e-01  -6.739560000e+00   6.632490000e-01
   6.406960000e-01  -6.739560000e+00   9.997100000e-01
   4.359540000e-01  -6.739560000e+00   1.361800000e+00
   9.679500000e-02  -6.257800000e+00   1.797060000e+00
  -3.795600000e-01  -6.257800000e+00   1.858910000e+00
  -8.564370000e-01  -6.257800000e+00   1.798890000e+00
  -1.314770000e+00  -6.257800000e+00   1.638361000e+00
  -1.730770000e+00  -6.257800000e+00   1.368382000e+00
  -2.038940000e+00  -6.257800000e+00   9.738580000e-01
  -2.225730000e+00  -6.257800000e+00   5.098001000e-01
  -2.313890000e+00  -6.257800000e+00   1.345300000e-02
  -2.296990000e+00  -6.257800000e+00  -5.022160000e-01
  -2.143810000e+00  -6.257800000e+00  -1.009810000e+00
  -1.810990000e+00  -6.257800000e+00  -1.426390000e+00
  -1.338682000e+00  -6.257800000e+00  -1.665810000e+00
  -8.442050000e-01  -6.257800000e+00  -1.760370000e+00
  -3.669680000e-01  -6.257800000e+00  -1.759200000e+00
   8.551700000e-02  -6.257800000e+00  -1.668170000e+00
   4.345360000e-01  -6.257800000e+00  -1.368940000e+00
   6.370970000e-01  -6.257800000e+00  -9.828540000e-01
   7.735120000e-01  -6.257800000e+00  -6.368530000e-01
   8.950680000e-01  -6.257800000e+00  -3.151999000e-01
   9.699090000e-01  -6.257800000e+00   2.500600000e-02
   9.606970000e-01  -6.257800000e+00   3.823950000e-01
   8.494360000e-01  -6.257800000e+00   7.314410000e-01
   7.003280000e-01  -6.257800000e+00   1.101280000e+00
   4.728210000e-01  -6.257800000e+00   1.497470000e+00
   8.316100000e-02  -5.776050000e+00   1.928360000e+00
  -4.252700000e-01  -5.776050000e+00   2.001020000e+00
  -9.411100000e-01  -5.776050000e+00   1.956090000e+00
  -1.451750000e+00  -5.776050000e+00   1.806486000e+00
  -1.924280000e+00  -5.776050000e+00   1.525312000e+00
  -2.272130000e+00  -5.776050000e+00   1.091111000e+00
  -2.469210000e+00  -5.776050000e+00   5.715741000e-01
  -2.542890000e+00  -5.776050000e+00   2.278000000e-02
  -2.499590000e+00  -5.776050000e+00  -5.353500000e-01
  -2.317430000e+00  -5.776050000e+00  -1.075020000e+00
  -1.959250000e+00  -5.776050000e+00  -1.521450000e+00
  -1.454796000e+00  -5.776050000e+00  -1.778080000e+00
  -9.238390000e-01  -5.776050000e+00  -1.880270000e+00
  -4.125400000e-01  -5.776050000e+00  -1.878720000e+00
   7.466000000e-02  -5.776050000e+00  -1.784900000e+00
   4.547640000e-01  -5.776050000e+00  -1.471030000e+00
   6.745960000e-01  -5.776050000e+00  -1.055870000e+00
   8.226100000e-01  -5.776050000e+00  -6.811370000e-01
   9.537430000e-01  -5.776050000e+00  -3.324259000e-01
   1.031371000e+00  -5.776050000e+00   3.432700000e-02
   1.016744000e+00  -5.776050000e+00   4.196150000e-01
   8.954040000e-01  -5.776050000e+00   7.938170000e-01
   7.354280000e-01  -5.776050000e+00   1.191310000e+00
   4.897446000e-01  -5.776050000e+00   1.614250000e+00
   7.839600000e-02  -4.832630000e+00   2.262170000e+00
  -5.034260000e-01  -4.832630000e+00   2.345810000e+00
  -1.093000000e+00  -4.832630000e+00   2.291470000e+00
  -1.673710000e+00  -4.832630000e+00   2.116270000e+00
  -2.210240000e+00  -4.832630000e+00   1.793446000e+00
  -2.606890000e+00  -4.832630000e+00   1.301322000e+00
  -2.814560000e+00  -4.832630000e+00   7.041583000e-01
  -2.868340000e+00  -4.832630000e+00   8.414500000e-02
  -2.790450000e+00  -4.832630000e+00  -5.317300000e-01
  -2.575690000e+00  -4.832630000e+00  -1.117930000e+00
  -2.189530000e+00  -4.832630000e+00  -1.613320000e+00
  -1.638278000e+00  -4.832630000e+00  -1.902530000e+00
  -1.052604000e+00  -4.832630000e+00  -2.015040000e+00
  -4.885888000e-01  -4.832630000e+00  -2.007430000e+00
   4.554000000e-02  -4.832630000e+00  -1.902680000e+00
   4.538500000e-01  -4.832630000e+00  -1.541296000e+00
   6.686460000e-01  -4.832630000e+00  -1.064510000e+00
   8.127600000e-01  -4.832630000e+00  -6.576590000e-01
   9.582810000e-01  -4.832630000e+00  -2.928417000e-01
   1.082008000e+00  -4.832630000e+00   9.704400000e-02
   1.099447000e+00  -4.832630000e+00   5.246880000e-01
   9.762810000e-01  -4.832630000e+00   9.480430000e-01
   8.089780000e-01  -4.832630000e+00   1.406170000e+00
   5.406162900e-01  -4.832630000e+00   1.900440000e+00
   7.784700000e-02  -3.889210000e+00   2.573100000e+00
  -5.639590000e-01  -3.889210000e+00   2.674100000e+00
  -1.217980000e+00  -3.889210000e+00   2.616090000e+00
  -1.858220000e+00  -3.889210000e+00   2.416630000e+00
  -2.446990000e+00  -3.889210000e+00   2.056959000e+00
  -2.881310000e+00  -3.889210000e+00   1.503271000e+00
  -3.064540000e+00  -3.889210000e+00   8.385661000e-01
  -3.042270000e+00  -3.889210000e+00   1.677740000e-01
  -2.887900000e+00  -3.889210000e+00  -4.574400000e-01
  -2.627050000e+00  -3.889210000e+00  -1.029330000e+00
  -2.251520000e+00  -3.889210000e+00  -1.530850000e+00
  -1.722200000e+00  -3.889210000e+00  -1.860790000e+00
  -1.135153000e+00  -3.889210000e+00  -2.015030000e+00
  -5.486358000e-01  -3.889210000e+00  -2.035100000e+00
   1.736200000e-02  -3.889210000e+00  -1.935070000e+00
   4.393120000e-01  -3.889210000e+00  -1.533900000e+00
   6.317290000e-01  -3.889210000e+00  -1.003666000e+00
   7.633270000e-01  -3.889210000e+00  -5.789530000e-01
   9.149830000e-01  -3.889210000e+00  -2.124339000e-01
   1.059012000e+00  -3.889210000e+00   1.816240000e-01
   1.069208000e+00  -3.889210000e+00   6.176060000e-01
   9.609370000e-01  -3.889210000e+00   1.058660000e+00
   8.221460000e-01  -3.889210000e+00   1.563350000e+00
   5.707498000e-01  -3.889210000e+00   2.141890000e+00
   4.840300000e-02  -2.945800000e+00   2.785380000e+00
  -6.400400000e-01  -2.945800000e+00   2.894140000e+00
  -1.341120000e+00  -2.945800000e+00   2.833500000e+00
  -2.028750000e+00  -2.945800000e+00   2.615610000e+00
  -2.659220000e+00  -2.945800000e+00   2.232050000e+00
  -3.126390000e+00  -2.945800000e+00   1.647489000e+00
  -3.324530000e+00  -2.945800000e+00   9.264598000e-01
  -3.305860000e+00  -2.945800000e+00   2.038740000e-01
  -3.138750000e+00  -2.945800000e+00  -4.676500000e-01
  -2.858310000e+00  -2.945800000e+00  -1.082250000e+00
  -2.454030000e+00  -2.945800000e+00  -1.621020000e+00
  -1.876910000e+00  -2.945800000e+00  -1.961590000e+00
  -1.241597000e+00  -2.945800000e+00  -2.097180000e+00
  -6.229577000e-01  -2.945800000e+00  -2.092940000e+00
  -3.602800000e-02  -2.945800000e+00  -1.978580000e+00
   4.164200000e-01  -2.945800000e+00  -1.585560000e+00
   6.090360000e-01  -2.945800000e+00  -1.018692000e+00
   7.379280000e-01  -2.945800000e+00  -5.710050000e-01
   8.978160000e-01  -2.945800000e+00  -1.905402000e-01
   1.058447000e+00  -2.945800000e+00   2.191120000e-01
   1.062271000e+00  -2.945800000e+00   6.730300000e-01
   9.623320000e-01  -2.945800000e+00   1.140390000e+00
   8.337340000e-01  -2.945800000e+00   1.687720000e+00
   5.785627000e-01  -2.945800000e+00   2.323660000e+00
  -3.326000000e-03  -2.002380000e+00   2.881200000e+00
  -7.202400000e-01  -2.002380000e+00   2.999590000e+00
  -1.457650000e+00  -2.002380000e+00   2.955840000e+00
  -2.193030000e+00  -2.002380000e+00   2.758580000e+00
  -2.874820000e+00  -2.002380000e+00   2.359100000e+00
  -3.372740000e+00  -2.002380000e+00   1.734914000e+00
  -3.577190000e+00  -2.002380000e+00   9.638790000e-01
  -3.548510000e+00  -2.002380000e+00   1.985710000e-01
  -3.365080000e+00  -2.002380000e+00  -5.128800000e-01
  -3.061990000e+00  -2.002380000e+00  -1.159780000e+00
  -2.632350000e+00  -2.002380000e+00  -1.725770000e+00
  -2.021730000e+00  -2.002380000e+00  -2.078960000e+00
  -1.350326000e+00  -2.002380000e+00  -2.210930000e+00
  -7.024214000e-01  -2.002380000e+00  -2.197160000e+00
  -9.018200000e-02  -2.002380000e+00  -2.077220000e+00
   3.999560000e-01  -2.002380000e+00  -1.700400000e+00
   6.128180000e-01  -2.002380000e+00  -1.106149000e+00
   7.397020000e-01  -2.002380000e+00  -6.225870000e-01
   8.840850000e-01  -2.002380000e+00  -2.131210000e-01
   1.000493000e+00  -2.002380000e+00   2.144430000e-01
   9.705080000e-01  -2.002380000e+00   6.650710000e-01
   8.847980000e-01  -2.002380000e+00   1.137003000e+00
   7.801820000e-01  -2.002380000e+00   1.709410000e+00
   5.455200000e-01  -2.002380000e+00   2.399870000e+00
  -1.297900000e-01  -1.058960000e+00   2.881430000e+00
  -8.485300000e-01  -1.058960000e+00   3.017250000e+00
  -1.597820000e+00  -1.058960000e+00   3.000690000e+00
  -2.360170000e+00  -1.058960000e+00   2.812630000e+00
  -3.077020000e+00  -1.058960000e+00   2.426420000e+00
  -3.596340000e+00  -1.058960000e+00   1.782011000e+00
  -3.835630000e+00  -1.058960000e+00   9.932550000e-01
  -3.851860000e+00  -1.058960000e+00   1.915820000e-01
  -3.694810000e+00  -1.058960000e+00  -5.755900000e-01
  -3.394140000e+00  -1.058960000e+00  -1.287100000e+00
  -2.924750000e+00  -1.058960000e+00  -1.895330000e+00
  -2.222720000e+00  -1.058960000e+00  -2.209720000e+00
  -1.485790000e+00  -1.058960000e+00  -2.242320000e+00
  -8.311575000e-01  -1.058960000e+00  -2.144430000e+00
  -2.454030000e-01  -1.058960000e+00  -1.987230000e+00
   2.717660000e-01  -1.058960000e+00  -1.709300000e+00
   5.279660000e-01  -1.058960000e+00  -1.157344000e+00
   6.512030000e-01  -1.058960000e+00  -6.529380000e-01
   7.668350000e-01  -1.058960000e+00  -2.237450000e-01
   8.045370000e-01  -1.058960000e+00   2.070410000e-01
   7.443420000e-01  -1.058960000e+00   6.317110000e-01
   6.934740000e-01  -1.058960000e+00   1.092519000e+00
   6.374980000e-01  -1.058960000e+00   1.687540000e+00
   4.402020000e-01  -1.058960000e+00   2.430830000e+00
  -2.786040000e-01  -3.545410000e-01   2.862920000e+00
   3.251790000e-01  -3.545410000e-01   2.487500000e+00
   5.191060000e-01  -3.545410000e-01   1.712330000e+00
   5.297300000e-01  -3.545410000e-01   1.080040000e+00
   5.423140000e-01  -3.545410000e-01   6.148270000e-01
   5.856230000e-01  -3.545410000e-01   2.065790000e-01
   5.829060000e-01  -3.545410000e-01  -2.122940000e-01
   4.942870000e-01  -3.545410000e-01  -6.442310000e-01
   3.891980000e-01  -3.545410000e-01  -1.160210000e+00
   8.625000000e-02  -3.545410000e-01  -1.634150000e+00
  -4.208090000e-01  -3.545410000e-01  -1.863640000e+00
  -9.738674000e-01  -3.545410000e-01  -2.070830000e+00
  -1.632604000e+00  -3.545410000e-01  -2.263930000e+00
  -2.448150000e+00  -3.545410000e-01  -2.351170000e+00
  -3.255530000e+00  -3.545410000e-01  -2.086460000e+00
  -3.782070000e+00  -3.545410000e-01  -1.426760000e+00
  -4.069710000e+00  -3.545410000e-01  -6.373500000e-01
  -4.160550000e+00  -3.545410000e-01   1.938050000e-01
  -4.080280000e+00  -3.545410000e-01   1.020706000e+00
  -3.796580000e+00  -3.545410000e-01   1.811634000e+00
  -3.261310000e+00  -3.545410000e-01   2.468010000e+00
  -2.520820000e+00  -3.545410000e-01   2.847920000e+00
  -1.742320000e+00  -3.545410000e-01   3.006490000e+00
  -9.904100000e-01  -3.545410000e-01   3.003470000e+00
  -2.714010000e+00  -3.790410000e-01  -1.727560000e+00
  -3.248700000e+00  -3.763410000e-01  -1.442080000e+00
  -1.538920000e+00  -3.745410000e-01   2.666280000e+00
  -1.084880000e+00  -3.852410000e-01   2.350420000e+00
  -2.476380000e+00  -4.114410000e-01   6.736180000e-01
  -2.415130000e+00  -4.094410000e-01   1.003107500e+00
  -2.049400000e+00  -4.122410000e-01   9.763108000e-01
  -9.084957000e-01  -3.753410000e-01  -1.687020000e+00
  -2.068390000e+00  -4.159410000e-01   2.084400000e-01
  -1.681660000e+00  -4.144410000e-01   9.555140000e-01
  -1.374120000e+00  -4.151410000e-01   2.255310000e-01
  -2.970880000e+00  -3.997410000e-01   1.000340000e+00
  -3.065460000e+00  -4.012410000e-01   3.585950000e-01
  -3.577710000e+00  -3.832410000e-01   6.690870000e-01
  -2.947280000e+00  -3.883410000e-01   1.728005000e+00
  -3.131140000e+00  -3.891410000e-01   1.440366000e+00
  -3.089800000e+00  -3.851410000e-01   1.690249000e+00
  -3.294840000e-01  -3.808410000e-01   2.109377000e+00
  -9.742230000e-01  -4.021410000e-01   1.585407000e+00
  -2.294850000e+00  -3.935410000e-01  -1.395060000e+00
  -2.190510000e+00  -3.999410000e-01  -1.152610000e+00
  -1.968948000e+00  -3.979410000e-01  -1.266360000e+00
  -2.062600000e+00  -4.004410000e-01   1.817501000e+00
  -1.876920000e+00  -3.893410000e-01   2.274297000e+00
  -1.799130000e+00  -3.965410000e-01   2.025365000e+00
  -3.461570000e+00  -3.817410000e-01  -8.201400000e-01
  -2.779030000e+00  -3.961410000e-01  -1.018380000e+00
  -1.413793000e+00  -3.791410000e-01  -1.762390000e+00
  -1.745384000e+00  -3.956410000e-01  -1.375120000e+00
  -1.131830000e+00  -3.920410000e-01  -1.351060000e+00
  -2.199260000e+00  -3.851410000e-01   2.321328000e+00
  -2.027430000e+00  -3.738410000e-01   2.627950000e+00
  -1.952030000e+00  -3.817410000e-01   2.461120000e+00
  -2.057533000e+00  -3.795410000e-01  -1.837810000e+00
  -2.516300000e+00  -3.792410000e-01   2.358359000e+00
  -1.485910000e-01  -3.751410000e-01  -1.211570000e+00
  -3.610000000e-02  -3.793410000e-01  -7.275960000e-01
   1.645690000e-01  -3.772410000e-01  -1.448800000e-02
  -2.622640000e+00  -4.101410000e-01   1.145240000e-01
  -3.016940000e+00  -4.004410000e-01  -3.013200000e-01
   4.034100000e-03  -3.837410000e-01   8.099250000e-01
  -3.780170000e-01  -3.978410000e-01   2.768570000e-01
  -3.408190000e+00  -3.817410000e-01   1.354854900e+00
  -3.595480000e+00  -3.835410000e-01  -7.401100000e-02
  -5.379150000e-01  -3.781410000e-01  -1.469360000e+00
  -6.943240000e-01  -3.953410000e-01  -9.262900000e-01
   1.469210000e-01  -3.743410000e-01   1.585704000e+00
  -3.662530000e-01  -3.928410000e-01   1.390561000e+00
  -2.408730000e+00  -4.101410000e-01  -3.824780000e-01
  -2.724810000e+00  -3.893410000e-01   1.899350000e+00
  -2.845090000e+00  -3.952410000e-01   1.515877000e+00
  -1.057815000e+00  -4.015410000e-01  -8.964400000e-01
  -1.079265000e+00  -4.057410000e-01  -6.330790000e-01
  -1.352050000e+00  -4.033410000e-01   1.675920000e+00
  -1.394860000e+00  -3.956410000e-01   2.038426000e+00
  -1.186260000e+00  -3.991410000e-01   1.821916000e+00
  -2.457730000e+00  -3.877410000e-01   2.123463000e+00
  -2.620060000e+00  -3.844410000e-01   2.133855000e+00
  -2.396150000e+00  -3.958410000e-01   1.878567000e+00
  -2.355890000e+00  -4.067410000e-01   1.315597000e+00
  -2.602490000e+00  -4.016410000e-01   1.415737000e+00
  -1.913850000e+00  -4.151410000e-01  -7.934700000e-02
  -2.162290000e+00  -4.130410000e-01  -2.294130000e-01
  -1.756300000e+00  -4.136410000e-01  -3.581340000e-01
  -1.568210000e+00  -4.150410000e-01  -6.930200000e-02
  -1.332463000e+00  -4.125410000e-01  -2.160090000e-01
  -7.832880000e-01  -4.068410000e-01   7.837197000e-01
  -1.699320000e+00  -3.825410000e-01   2.475290000e+00
  -1.394250000e+00  -3.840410000e-01   2.417850000e+00
  -2.087180000e+00  -4.054410000e-01  -9.191600000e-01
  -1.754241000e+00  -4.061410000e-01  -8.983800000e-01
  -1.753813000e+00  -4.012410000e-01  -1.138750000e+00
  -1.698350000e+00  -4.094410000e-01   1.362974000e+00
  -1.336610000e+00  -4.062410000e-01   1.479191000e+00
  -4.728590000e-01  -3.980410000e-01  -2.826780000e-01
  -2.667380000e+00  -4.041410000e-01   1.157968780e+00
  -2.571380000e+00  -4.079410000e-01   9.142930000e-01
  -2.250450000e+00  -4.082410000e-01  -6.578200000e-01
  -2.437600000e+00  -4.016410000e-01  -9.662700000e-01
  -2.425160000e+00  -4.061410000e-01  -6.783700000e-01
  -2.039470000e+00  -4.061410000e-01   1.536015000e+00
  -2.028620000e+00  -4.087410000e-01   1.339286000e+00
  -3.049470000e+00  -3.809410000e-01   1.930132000e+00
  -8.236610000e-01  -4.079410000e-01   1.257900000e-01
  -7.802870000e-01  -4.046410000e-01  -3.181970000e-01
  -1.279567000e+00  -3.989410000e-01  -1.137330000e+00
  -1.096322000e+00  -3.969410000e-01  -1.133750000e+00
  -1.594302000e+00  -4.099410000e-01  -6.348600000e-01
  -1.839740000e+00  -4.082410000e-01  -7.725100000e-01
  -1.636740000e+00  -3.926410000e-01   2.171361000e+00
  -2.297210000e+00  -3.907410000e-01   2.099948000e+00
  -1.238418000e+00  -4.127410000e-01  -7.309300000e-02
  -9.616880000e-01  -4.090410000e-01  -1.194630000e-01
  -2.003880000e+00  -4.113410000e-01  -5.064800000e-01
  -1.592845000e+00  -4.011410000e-01  -1.130860000e+00
  -1.514976000e+00  -3.978410000e-01  -1.250720000e+00
  -1.096716000e+00  -4.095410000e-01  -3.587170000e-01
  -7.388060000e-01  -4.001410000e-01  -6.247420000e-01
  -1.818800000e+00  -4.157410000e-01   6.856900000e-02
  -1.264510000e+00  -4.078410000e-01  -6.286560000e-01
  -1.346009000e+00  -4.101410000e-01  -4.957910000e-01
  -1.724040000e+00  -4.030410000e-01   1.746434000e+00
  -1.426305000e+00  -4.051410000e-01  -8.905900000e-01
  -2.082510000e+00  -4.124410000e-01  -3.693060000e-01
  -2.621620000e+00  -3.960410000e-01   1.697222000e+00
  -2.908980000e+00  -3.977410000e-01   1.258108900e+00
C Number of facets
  786
C  Size  Node 1  ......Node N Marker
    3    0    1    2    3
    3    0    2    3    3
    3    0    3    4    3
    3    0    4    5    3
    3    0    5    6    3
    3    0    6    7    3
    3    0    7    8    3
    3    0    8    9    3
    3    0    9   10    3
    3    0   10   11    3
    3    0   11   12    3
    3    0   12   13    3
    3    0   13   14    3
    3    0   14   15    3
    3    0   15   16    3
    3    0   16   17    3
    3    0   17   18    3
    3    0   18   19    3
    3    0   19   20    3
    3    0   20   21    3
    3    0   21   22    3
    3    0   22   23    3
    3    0   23   24    3
    3    0   24    1    3
    3    1   25   26    3
    3    1   26    2    3
    3    2   26   27    3
    3    2   27    3    3
    3    3   27   28    3
    3    3   28    4    3
    3    4   28   29    3
    3    4   29    5    3
    3    5   29   30    3
    3    5   30    6    3
    3    6   30   31    3
    3    6   31    7    3
    3    7   31   32    3
    3    7   32    8    3
    3    8   32   33    3
    3    8   33    9    3
    3    9   33   34    3
    3    9   34   10    3
    3   10   34   35    3
    3   10   35   11    3
    3   11   35   36    3
    3   11   36   12    3
    3   12   36   37    3
    3   12   37   13    3
    3   13   37   38    3
    3   13   38   14    3
    3   14   38   39    3
    3   14   39   15    3
    3   15   39   40    3
    3   15   40   16    3
    3   16   40   41    3
    3   16   41   17    3
    3   17   41   42    3
    3   17   42   18    3
    3   18   42   43    3
    3   18   43   19    3
    3   19   43   44    3
    3   19   44   20    3
    3   20   44   45    3
    3   20   45   21    3
    3   21   45   46    3
    3   21   46   22    3
    3   22   46   47    3
    3   22   47   23    3
    3   23   47   48    3
    3   23   48   24    3
    3   24   48   25    3
    3   24   25    1    3
    3   25   49   50    3
    3   25   50   26    3
    3   26   50   51    3
    3   26   51   27    3
    3   27   51   52    3
    3   27   52   28    3
    3   28   52   53    3
    3   28   53   29    3
    3   29   53   54    3
    3   29   54   30    3
    3   30   54   55    3
    3   30   55   31    3
    3   31   55   56    3
    3   31   56   32    3
    3   32   56   57    3
    3   32   57   33    3
    3   33   57   58    3
    3   33   58   34    3
    3   34   58   59    3
    3   34   59   35    3
    3   35   59   60    3
    3   35   60   36    3
    3   36   60   61    3
    3   36   61   37    3
    3   37   61   62    3
    3   37   62   38    3
    3   38   62   63    3
    3   38   63   39    3
    3   39   63   64    3
    3   39   64   40    3
    3   40   64   65    3
    3   40   65   41    3
    3   41   65   66    3
    3   41   66   42    3
    3   42   66   67    3
    3   42   67   43    3
    3   43   67   68    3
    3   43   68   44    3
    3   44   68   69    3
    3   44   69   45    3
    3   45   69   70    3
    3   45   70   46    3
    3   46   70   71    3
    3   46   71   47    3
    3   47   71   72    3
    3   47   72   48    3
    3   48   72   49    3
    3   48   49   25    3
    3   49   73   74    3
    3   49   74   50    3
    3   50   74   75    3
    3   50   75   51    3
    3   51   75   76    3
    3   51   76   52    3
    3   52   76   77    3
    3   52   77   53    3
    3   53   77   78    3
    3   53   78   54    3
    3   54   78   79    3
    3   54   79   55    3
    3   55   79   80    3
    3   55   80   56    3
    3   56   80   81    3
    3   56   81   57    3
    3   57   81   82    3
    3   57   82   58    3
    3   58   82   83    3
    3   58   83   59    3
    3   59   83   84    3
    3   59   84   60    3
    3   60   84   85    3
    3   60   85   61    3
    3   61   85   86    3
    3   61   86   62    3
    3   62   86   87    3
    3   62   87   63    3
    3   63   87   88    3
    3   63   88   64    3
    3   64   88   89    3
    3   64   89   65    3
    3   65   89   90    3
    3   65   90   66    3
    3   66   90   91    3
    3   66   91   67    3
    3   67   91   92    3
    3   67   92   68    3
    3   68   92   93    3
    3   68   93   69    3
    3   69   93   94    3
    3   69   94   70    3
    3   70   94   95    3
    3   70   95   71    3
    3   71   95   96    3
    3   71   96   72    3
    3   72   96   73    3
    3   72   73   49    3
    3   73   97   98    3
    3   73   98   74    3
    3   74   98   99    3
    3   74   99   75    3
    3   75   99  100    3
    3   75  100   76    3
    3   76  100  101    3
    3   76  101   77    3
    3   77  101  102    3
    3   77  102   78    3
    3   78  102  103    3
    3   78  103   79    3
    3   79  103  104    3
    3   79  104   80    3
    3   80  104  105    3
    3   80  105   81    3
    3   81  105  106    3
    3   81  106   82    3
    3   82  106  107    3
    3   82  107   83    3
    3   83  107  108    3
    3   83  108   84    3
    3   84  108  109    3
    3   84  109   85    3
    3   85  109  110    3
    3   85  110   86    3
    3   86  110  111    3
    3   86  111   87    3
    3   87  111  112    3
    3   87  112   88    3
    3   88  112  113    3
    3   88  113   89    3
    3   89  113  114    3
    3   89  114   90    3
    3   90  114  115    3
    3   90  115   91    3
    3   91  115  116    3
    3   91  116   92    3
    3   92  116  117    3
    3   92  117   93    3
    3   93  117  118    3
    3   93  118   94    3
    3   94  118  119    3
    3   94  119   95    3
    3   95  119  120    3
    3   95  120   96    3
    3   96  120   97    3
    3   96   97   73    3
    3   97  121  122    3
    3   97  122   98    3
    3   98  122  123    3
    3   98  123   99    3
    3   99  123  124    3
    3   99  124  100    3
    3  100  124  125    3
    3  100  125  101    3
    3  101  125  126    3
    3  101  126  102    3
    3  102  126  127    3
    3  102  127  103    3
    3  103  127  128    3
    3  103  128  104    3
    3  104  128  129    3
    3  104  129  105    3
    3  105  129  130    3
    3  105  130  106    3
    3  106  130  131    3
    3  106  131  107    3
    3  107  131  132    3
    3  107  132  108    3
    3  108  132  133    3
    3  108  133  109    3
    3  109  133  134    3
    3  109  134  110    3
    3  110  134  135    3
    3  110  135  111    3
    3  111  135  136    3
    3  111  136  112    3
    3  112  136  137    3
    3  112  137  113    3
    3  113  137  138    3
    3  113  138  114    3
    3  114  138  139    3
    3  114  139  115    3
    3  115  139  140    3
    3  115  140  116    3
    3  116  140  141    3
    3  116  141  117    3
    3  117  141  142    3
    3  117  142  118    3
    3  118  142  143    3
    3  118  143  119    3
    3  119  143  144    3
    3  119  144  120    3
    3  120  144  121    3
    3  120  121   97    3
    3  121  145  146    3
    3  121  146  122    3
    3  122  146  147    3
    3  122  147  123    3
    3  123  147  148    3
    3  123  148  124    3
    3  124  148  149    3
    3  124  149  125    3
    3  125  149  150    3
    3  125  150  126    3
    3  126  150  151    3
    3  126  151  127    3
    3  127  151  152    3
    3  127  152  128    3
    3  128  152  153    3
    3  128  153  129    3
    3  129  153  154    3
    3  129  154  130    3
    3  130  154  155    3
    3  130  155  131    3
    3  131  155  156    3
    3  131  156  132    3
    3  132  156  157    3
    3  132  157  133    3
    3  133  157  158    3
    3  133  158  134    3
    3  134  158  159    3
    3  134  159  135    3
    3  135  159  160    3
    3  135  160  136    3
    3  136  160  161    3
    3  136  161  137    3
    3  137  161  162    3
    3  137  162  138    3
    3  138  162  163    3
    3  138  163  139    3
    3  139  163  164    3
    3  139  164  140    3
    3  140  164  165    3
    3  140  165  141    3
    3  141  165  166    3
    3  141  166  142    3
    3  142  166  167    3
    3  142  167  143    3
    3  143  167  168    3
    3  143  168  144    3
    3  144  168  145    3
    3  144  145  121    3
    3  145  169  170    3
    3  145  170  146    3
    3  146  170  171    3
    3  146  171  147    3
    3  147  171  172    3
    3  147  172  148    3
    3  148  172  173    3
    3  148  173  149    3
    3  149  173  174    3
    3  149  174  150    3
    3  150  174  175    3
    3  150  175  151    3
    3  151  175  176    3
    3  151  176  152    3
    3  152  176  177    3
    3  152  177  153    3
    3  153  177  178    3
    3  153  178  154    3
    3  154  178  179    3
    3  154  179  155    3
    3  155  179  180    3
    3  155  180  156    3
    3  156  180  181    3
    3  156  181  157    3
    3  157  181  182    3
    3  157  182  158    3
    3  158  182  183    3
    3  158  183  159    3
    3  159  183  184    3
    3  159  184  160    3
    3  160  184  185    3
    3  160  185  161    3
    3  161  185  186    3
    3  161  186  162    3
    3  162  186  187    3
    3  162  187  163    3
    3  163  187  188    3
    3  163  188  164    3
    3  164  188  189    3
    3  164  189  165    3
    3  165  189  190    3
    3  165  190  166    3
    3  166  190  191    3
    3  166  191  167    3
    3  167  191  192    3
    3  167  192  168    3
    3  168  192  169    3
    3  168  169  145    3
    3  169  193  194    3
    3  169  194  170    3
    3  170  194  195    3
    3  170  195  171    3
    3  171  195  196    3
    3  171  196  172    3
    3  172  196  197    3
    3  172  197  173    3
    3  173  197  198    3
    3  173  198  174    3
    3  174  198  199    3
    3  174  199  175    3
    3  175  199  200    3
    3  175  200  176    3
    3  176  200  201    3
    3  176  201  177    3
    3  177  201  202    3
    3  177  202  178    3
    3  178  202  203    3
    3  178  203  179    3
    3  179  203  204    3
    3  179  204  180    3
    3  180  204  205    3
    3  180  205  181    3
    3  181  205  206    3
    3  181  206  182    3
    3  182  206  207    3
    3  182  207  183    3
    3  183  207  208    3
    3  183  208  184    3
    3  184  208  209    3
    3  184  209  185    3
    3  185  209  210    3
    3  185  210  186    3
    3  186  210  211    3
    3  186  211  187    3
    3  187  211  212    3
    3  187  212  188    3
    3  188  212  213    3
    3  188  213  189    3
    3  189  213  214    3
    3  189  214  190    3
    3  190  214  215    3
    3  190  215  191    3
    3  191  215  216    3
    3  191  216  192    3
    3  192  216  193    3
    3  192  193  169    3
    3  193  217  218    3
    3  193  218  194    3
    3  194  218  219    3
    3  194  219  195    3
    3  195  219  220    3
    3  195  220  196    3
    3  196  220  221    3
    3  196  221  197    3
    3  197  221  222    3
    3  197  222  198    3
    3  198  222  223    3
    3  198  223  199    3
    3  199  223  224    3
    3  199  224  200    3
    3  200  224  225    3
    3  200  225  201    3
    3  201  225  226    3
    3  201  226  202    3
    3  202  226  227    3
    3  202  227  203    3
    3  203  227  228    3
    3  203  228  204    3
    3  204  228  229    3
    3  204  229  205    3
    3  205  229  230    3
    3  205  230  206    3
    3  206  230  231    3
    3  206  231  207    3
    3  207  231  232    3
    3  207  232  208    3
    3  208  232  233    3
    3  208  233  209    3
    3  209  233  234    3
    3  209  234  210    3
    3  210  234  235    3
    3  210  235  211    3
    3  211  235  236    3
    3  211  236  212    3
    3  212  236  237    3
    3  212  237  213    3
    3  213  237  238    3
    3  213  238  214    3
    3  214  238  239    3
    3  214  239  215    3
    3  215  239  240    3
    3  215  240  216    3
    3  216  240  217    3
    3  216  217  193    3
    3  217  241  242    3
    3  217  242  218    3
    3  218  242  243    3
    3  218  243  219    3
    3  219  243  244    3
    3  219  244  220    3
    3  220  244  245    3
    3  220  245  221    3
    3  221  245  246    3
    3  221  246  222    3
    3  222  246  247    3
    3  222  247  223    3
    3  223  247  248    3
    3  223  248  224    3
    3  224  248  249    3
    3  224  249  225    3
    3  225  249  250    3
    3  225  250  226    3
    3  226  250  251    3
    3  226  251  227    3
    3  227  251  252    3
    3  227  252  228    3
    3  228  252  253    3
    3  228  253  229    3
    3  229  253  254    3
    3  229  254  230    3
    3  230  254  255    3
    3  230  255  231    3
    3  231  255  256    3
    3  231  256  232    3
    3  232  256  257    3
    3  232  257  233    3
    3  233  257  258    3
    3  233  258  234    3
    3  234  258  259    3
    3  234  259  235    3
    3  235  259  260    3
    3  235  260  236    3
    3  236  260  261    3
    3  236  261  237    3
    3  237  261  262    3
    3  237  262  238    3
    3  238  262  263    3
    3  238  263  239    3
    3  239  263  264    3
    3  239  264  240    3
    3  240  264  241    3
    3  240  241  217    3
    3  264  265  241    3
    3  264  266  265    3
    3  263  266  264    3
    3  263  267  266    3
    3  262  267  263    3
    3  262  268  267    3
    3  261  268  262    3
    3  261  269  268    3
    3  260  269  261    3
    3  260  270  269    3
    3  259  270  260    3
    3  259  271  270    3
    3  258  271  259    3
    3  258  272  271    3
    3  257  272  258    3
    3  257  273  272    3
    3  256  273  257    3
    3  256  274  273    3
    3  255  274  256    3
    3  255  275  274    3
    3  254  275  255    3
    3  254  276  275    3
    3  253  276  254    3
    3  253  277  276    3
    3  252  277  253    3
    3  252  278  277    3
    3  251  278  252    3
    3  251  279  278    3
    3  250  279  251    3
    3  250  280  279    3
    3  249  280  250    3
    3  249  281  280    3
    3  248  281  249    3
    3  248  282  281    3
    3  247  282  248    3
    3  247  283  282    3
    3  246  283  247    3
    3  246  284  283    3
    3  245  284  246    3
    3  245  285  284    3
    3  244  285  245    3
    3  244  286  285    3
    3  243  286  244    3
    3  243  287  286    3
    3  242  287  243    3
    3  242  288  287    3
    3  241  288  242    3
    3  241  265  288    3
    3  289  279  290    1
    3  291  288  292    1
    3  293  294  295    3
    3  296  275  276    1
    3  297  298  299    1
    3  300  301  302    1
    3  303  304  305    3
    3  292  306  307    1
    3  308  309  310    4
    3  300  293  301    1
    3  311  312  313    3
    3  290  314  315    1
    3  316  317  318    1
    3  319  320  321    3
    3  317  322  308    1
    3  286  323  285    1
    3  286  287  320    1
    3  298  297  293    1
    3  324  325  273    1
    3  326  271  272    1
    3  327  328  301    1
    3  329  326  330    1
    3  300  331  304    1
    3  332  282  302    1
    3  272  325  326    1
    3  296  276  316    1
    3  296  333  275    1
    3  324  334  325    1
    3  335  329  336    1
    3  315  328  337    1
    3  338  339  303    3
    3  334  340  341    4
    3  279  289  278    1
    3  274  275  333    1
    3  322  278  289    1
    3  342  343  344    3
    3  332  301  328    1
    3  314  290  280    1
    3  345  338  346    3
    3  324  333  334    1
    3  277  316  276    1
    3  266  267  335    1
    3  288  291  287    1
    3  347  348  349    3
    3  316  322  317    1
    3  297  350  351    4
    3  327  301  293    1
    3  283  331  302    1
    3  352  353  354    4
    3  326  269  270    1
    3  332  302  301    1
    3  355  299  298    1
    3  312  356  357    3
    3  330  355  329    1
    3  336  306  335    1
    3  271  326  270    1
    3  358  359  360    4
    3  298  361  362    3
    3  283  302  282    1
    3  336  329  355    1
    3  326  363  330    1
    3  265  292  288    1
    3  300  364  365    3
    3  366  367  368    4
    3  333  318  334    1
    3  369  361  370    3
    3  327  293  297    1
    3  278  322  277    1
    3  320  291  356    3
    3  371  285  323    1
    3  363  325  334    1
    3  371  331  284    1
    3  364  339  349    3
    3  268  335  267    1
    3  372  363  373    4
    3  280  290  279    1
    3  266  306  265    1
    3  316  277  322    1
    3  328  315  314    1
    3  308  315  367    1
    3  355  330  372    1
    3  327  297  337    1
    3  280  281  314    1
    3  374  340  375    4
    3  296  316  318    1
    3  352  376  377    4
    3  355  307  336    1
    3  292  343  378    3
    3  326  325  363    1
    3  320  287  291    1
    3  345  319  379    3
    3  380  372  381    4
    3  358  366  382    4
    3  268  329  335    1
    3  273  274  324    1
    3  336  307  306    1
    3  265  306  292    1
    3  296  318  333    1
    3  383  374  384    4
    3  329  268  269    1
    3  385  373  386    4
    3  333  324  274    1
    3  283  284  331    1
    3  298  307  355    1
    3  299  353  387    4
    3  308  289  315    1
    3  273  325  272    1
    3  327  337  328    1
    3  388  376  389    4
    3  314  332  328    1
    3  281  282  332    1
    3  315  289  290    1
    3  363  372  330    1
    3  355  372  299    1
    3  285  371  284    1
    3  314  281  332    1
    3  269  326  329    1
    3  369  347  311    3
    3  266  335  306    1
    3  286  320  323    1
    3  308  322  289    1
    3  300  302  331    1
    3  343  390  313    3
    3  292  307  344    3
    3  298  348  370    3
    3  361  390  342    3
    3  343  342  390    3
    3  342  307  362    3
    3  347  369  348    3
    3  361  369  390    3
    3  369  311  390    3
    3  312  311  347    3
    3  311  313  390    3
    3  313  312  378    3
    3  298  362  307    3
    3  342  362  361    3
    3  342  344  307    3
    3  292  344  343    3
    3  369  370  348    3
    3  298  370  361    3
    3  292  378  312    3
    3  313  378  343    3
    3  334  318  375    4
    3  340  391  388    4
    3  318  317  384    4
    3  340  374  391    4
    3  352  385  389    4
    3  376  391  359    4
    3  376  388  391    4
    3  388  385  341    4
    3  359  391  383    4
    3  359  358  377    4
    3  374  383  391    4
    3  383  317  360    4
    3  374  375  318    4
    3  334  375  340    4
    3  334  341  385    4
    3  388  341  340    4
    3  388  389  385    4
    3  352  389  376    4
    3  352  377  358    4
    3  359  377  376    4
    3  358  360  317    4
    3  383  360  359    4
    3  383  384  317    4
    3  318  384  374    4
    3  367  358  309    4
    3  315  337  368    1
    3  353  352  350    4
    3  353  299  380    4
    3  372  380  299    4
    3  380  385  354    4
    3  350  352  392    4
    3  350  297  387    4
    3  366  337  392    4
    3  367  366  358    4
    3  363  334  386    4
    3  373  385  381    4
    3  392  337  351    4
    3  392  352  382    4
    3  380  381  385    4
    3  373  381  372    4
    3  358  317  310    4
    3  367  309  308    4
    3  385  386  334    4
    3  363  386  373    4
    3  366  368  337    4
    3  315  368  367    1
    3  299  387  297    4
    3  350  387  353    4
    3  352  354  385    4
    3  380  354  353    4
    3  358  382  352    4
    3  392  382  366    4
    3  297  351  337    4
    3  392  351  350    4
    3  308  310  317    4
    3  358  310  309    4
    3  312  347  379    3
    3  320  319  323    3
    3  371  323  346    3
    3  338  347  393    3
    3  364  300  394    3
    3  364  348  294    3
    3  319  345  323    3
    3  338  345  347    3
    3  348  298  295    3
    3  294  293  365    3
    3  304  339  394    3
    3  331  371  305    1
    3  364  349  348    3
    3  349  339  393    3
    3  338  393  339    3
    3  349  393  347    3
    3  338  303  371    3
    3  304  303  339    3
    3  356  312  321    3
    3  291  292  357    3
    3  364  394  339    3
    3  304  394  300    3
    3  319  321  312    3
    3  356  321  320    3
    3  293  295  298    3
    3  348  295  294    3
    3  312  357  292    3
    3  291  357  356    3
    3  345  346  323    3
    3  371  346  338    3
    3  303  305  371    3
    3  331  305  304    1
    3  345  379  347    3
    3  312  379  319    3
    3  300  365  293    3
    3  294  365  364    3
C Prescribed Values(Inlet, Outlet), InteractionSurface(Inlet, Outlet)
       3        1        0        2        2        2
C Inlet Velocity
C     Vx,           Vy,            Vz,    indVx,indVy,indVz, FunID (3E18.9, 4I5)
   0.000000000e+00   1.000000000e+00   0.000000000e+00    1    0    1    4
C Inlet Pressure, FunID (E18.9,I5)
   1.000000000e+00    3
C Outlet Pressure (E18.9,I5)
   1.000000000e+00    2
C Inlet Velocity
C nNodeID,    Vx,           Vy,            Vz (I5, 3E18.9)
  265
    1   1.100000000e+00   4.000000000e+00  -3.000000000e-01
    2   5.000000000e-01   3.000000000e+00  -1.600000000e+00
    3   8.000000000e-01   3.000000000e+00  -1.400000000e+00
    4   1.000000000e+00   3.000000000e+00  -1.300000000e+00
    5   1.300000000e+00   3.000000000e+00  -1.100000000e+00
    6   1.500000000e+00   3.000000000e+00  -1.000000000e+00
    7   1.800000000e+00   3.000000000e+00  -8.000000000e-01
    8   2.300000000e+00   3.000000000e+00  -7.000000000e-01
    9   2.900000000e+00   3.000000000e+00  -3.000000000e-01
   10   3.100000000e+00   3.000000000e+00   3.000000000e-01
   11   3.000000000e+00   3.000000000e+00   9.000000000e-01
   12   2.500000000e+00   3.000000000e+00   1.400000000e+00
   13   1.900000000e+00   3.000000000e+00   1.500000000e+00
   14   1.200000000e+00   3.000000000e+00   1.300000000e+00
   15   9.000000000e-01   3.000000000e+00   1.000000000e+00
   16   6.000000000e-01   3.000000000e+00   7.000000000e-01
   17   7.000000000e-01   3.000000000e+00   0.000000000e+00
   18   1.300000000e+00   3.000000000e+00  -6.000000000e-01
   19   1.800000000e+00   3.000000000e+00  -8.000000000e-01
   20   1.500000000e+00   3.000000000e+00  -4.000000000e-01
   21   0.000000000e+00   3.000000000e+00  -2.000000000e-01
   22  -8.000000000e-01   3.000000000e+00  -6.000000000e-01
   23  -9.000000000e-01   3.000000000e+00  -1.200000000e+00
   24  -7.000000000e-01   3.000000000e+00  -1.700000000e+00
   25  -2.000000000e-01   3.000000000e+00  -2.000000000e+00
   26   2.000000000e-01   3.000000000e+00  -2.900000000e+00
   27   9.000000000e-01   3.000000000e+00  -2.700000000e+00
   28   1.400000000e+00   3.000000000e+00  -2.400000000e+00
   29   1.800000000e+00   3.000000000e+00  -1.800000000e+00
   30   1.800000000e+00   3.000000000e+00  -1.300000000e+00
   31   2.000000000e+00   3.000000000e+00  -1.000000000e+00
   32   2.700000000e+00   3.000000000e+00  -8.000000000e-01
   33   3.300000000e+00   3.000000000e+00  -4.000000000e-01
   34   3.800000000e+00   3.000000000e+00   4.000000000e-01
   35   3.800000000e+00   3.000000000e+00   1.300000000e+00
   36   3.300000000e+00   3.000000000e+00   2.000000000e+00
   37   2.400000000e+00   3.000000000e+00   2.300000000e+00
   38   1.600000000e+00   3.000000000e+00   2.200000000e+00
   39   1.000000000e+00   3.000000000e+00   2.000000000e+00
   40   5.000000000e-01   3.000000000e+00   1.700000000e+00
   41   5.000000000e-01   3.000000000e+00   7.000000000e-01
   42   1.000000000e+00   3.000000000e+00  -3.000000000e-01
   43   1.600000000e+00   3.000000000e+00  -5.000000000e-01
   44   1.200000000e+00   3.000000000e+00  -2.000000000e-01
   45  -1.000000000e-01   3.000000000e+00  -3.000000000e-01
   46  -9.000000000e-01   3.000000000e+00  -7.000000000e-01
   47  -1.000000000e+00   3.000000000e+00  -1.400000000e+00
   48  -9.000000000e-01   3.000000000e+00  -2.000000000e+00
   49  -5.000000000e-01   3.000000000e+00  -2.700000000e+00
   50   2.000000000e-01   3.100000000e+00  -4.700000000e+00
   51   1.200000000e+00   3.100000000e+00  -4.700000000e+00
   52   2.100000000e+00   3.100000000e+00  -4.100000000e+00
   53   2.600000000e+00   3.100000000e+00  -3.300000000e+00
   54   2.800000000e+00   3.100000000e+00  -2.400000000e+00
   55   3.000000000e+00   3.100000000e+00  -2.000000000e+00
   56   3.600000000e+00   3.100000000e+00  -1.500000000e+00
   57   4.300000000e+00   3.100000000e+00  -9.000000000e-01
   58   4.700000000e+00   3.100000000e+00   0.000000000e+00
   59   4.600000000e+00   3.100000000e+00   1.000000000e+00
   60   4.000000000e+00   3.100000000e+00   1.800000000e+00
   61   3.000000000e+00   3.100000000e+00   2.000000000e+00
   62   2.000000000e+00   3.100000000e+00   1.600000000e+00
   63   1.300000000e+00   3.100000000e+00   1.100000000e+00
   64   9.000000000e-01   3.100000000e+00   9.000000000e-01
   65   9.000000000e-01   3.100000000e+00   1.000000000e-01
   66   1.400000000e+00   3.100000000e+00  -7.000000000e-01
   67   1.700000000e+00   3.100000000e+00  -1.100000000e+00
   68   1.600000000e+00   3.100000000e+00  -9.000000000e-01
   69   5.000000000e-01   3.100000000e+00  -8.000000000e-01
   70  -4.000000000e-01   3.100000000e+00  -1.300000000e+00
   71  -7.000000000e-01   3.100000000e+00  -1.900000000e+00
   72  -8.000000000e-01   3.100000000e+00  -2.800000000e+00
   73  -6.000000000e-01   3.100000000e+00  -4.000000000e+00
   74   1.000000000e-01   2.900000000e+00  -6.200000000e+00
   75   1.400000000e+00   2.900000000e+00  -6.200000000e+00
   76   2.600000000e+00   2.900000000e+00  -5.300000000e+00
   77   3.200000000e+00   2.900000000e+00  -3.900000000e+00
   78   3.100000000e+00   2.900000000e+00  -2.700000000e+00
   79   3.300000000e+00   2.900000000e+00  -2.200000000e+00
   80   4.100000000e+00   2.900000000e+00  -1.700000000e+00
   81   5.100000000e+00   2.900000000e+00  -1.100000000e+00
   82   5.800000000e+00   2.900000000e+00   1.000000000e-01
   83   5.900000000e+00   2.900000000e+00   1.400000000e+00
   84   5.100000000e+00   2.900000000e+00   2.600000000e+00
   85   3.700000000e+00   2.900000000e+00   2.600000000e+00
   86   2.400000000e+00   2.900000000e+00   1.900000000e+00
   87   1.600000000e+00   2.900000000e+00   1.200000000e+00
   88   1.100000000e+00   2.900000000e+00   9.000000000e-01
   89   9.000000000e-01   2.900000000e+00   2.000000000e-01
   90   1.200000000e+00   2.900000000e+00  -6.000000000e-01
   91   1.500000000e+00   2.900000000e+00  -9.000000000e-01
   92   1.400000000e+00   2.900000000e+00  -1.000000000e+00
   93   5.000000000e-01   2.900000000e+00  -9.000000000e-01
   94  -2.000000000e-01   2.900000000e+00  -1.400000000e+00
   95  -5.000000000e-01   2.900000000e+00  -2.100000000e+00
   96  -7.000000000e-01   2.900000000e+00  -3.200000000e+00
   97  -8.000000000e-01   2.900000000e+00  -4.900000000e+00
   98  -1.000000000e-01   2.700000000e+00  -7.100000000e+00
   99   1.600000000e+00   2.700000000e+00  -7.100000000e+00
  100   2.800000000e+00   2.700000000e+00  -5.800000000e+00
  101   3.200000000e+00   2.700000000e+00  -3.900000000e+00
  102   2.900000000e+00   2.700000000e+00  -2.400000000e+00
  103   3.000000000e+00   2.700000000e+00  -1.800000000e+00
  104   3.900000000e+00   2.700000000e+00  -1.600000000e+00
  105   5.200000000e+00   2.700000000e+00  -1.000000000e+00
  106   6.400000000e+00   2.700000000e+00   3.000000000e-01
  107   6.700000000e+00   2.700000000e+00   1.900000000e+00
  108   5.800000000e+00   2.700000000e+00   3.200000000e+00
  109   4.000000000e+00   2.700000000e+00   3.300000000e+00
  110   2.600000000e+00   2.700000000e+00   2.600000000e+00
  111   1.600000000e+00   2.700000000e+00   1.800000000e+00
  112   1.000000000e+00   2.700000000e+00   1.400000000e+00
  113   8.000000000e-01   2.700000000e+00   8.000000000e-01
  114   9.000000000e-01   2.700000000e+00  -2.000000000e-01
  115   1.200000000e+00   2.700000000e+00  -6.000000000e-01
  116   1.200000000e+00   2.700000000e+00  -7.000000000e-01
  117   6.000000000e-01   2.700000000e+00  -9.000000000e-01
  118   0.000000000e+00   2.700000000e+00  -1.300000000e+00
  119  -3.000000000e-01   2.700000000e+00  -1.900000000e+00
  120  -8.000000000e-01   2.700000000e+00  -3.200000000e+00
  121  -1.000000000e+00   2.700000000e+00  -5.300000000e+00
  122  -1.000000000e-01   2.400000000e+00  -7.400000000e+00
  123   1.700000000e+00   2.400000000e+00  -7.400000000e+00
  124   3.000000000e+00   2.400000000e+00  -6.200000000e+00
  125   3.600000000e+00   2.400000000e+00  -4.400000000e+00
  126   3.300000000e+00   2.400000000e+00  -2.700000000e+00
  127   3.400000000e+00   2.400000000e+00  -1.900000000e+00
  128   4.100000000e+00   2.400000000e+00  -1.600000000e+00
  129   5.200000000e+00   2.400000000e+00  -1.000000000e+00
  130   6.100000000e+00   2.400000000e+00   2.000000000e-01
  131   6.300000000e+00   2.400000000e+00   1.700000000e+00
  132   5.700000000e+00   2.400000000e+00   3.000000000e+00
  133   4.300000000e+00   2.400000000e+00   3.400000000e+00
  134   2.900000000e+00   2.400000000e+00   3.100000000e+00
  135   1.800000000e+00   2.400000000e+00   2.700000000e+00
  136   9.000000000e-01   2.400000000e+00   2.300000000e+00
  137   6.000000000e-01   2.400000000e+00   1.300000000e+00
  138   9.000000000e-01   2.400000000e+00   0.000000000e+00
  139   1.400000000e+00   2.400000000e+00  -6.000000000e-01
  140   1.400000000e+00   2.400000000e+00  -7.000000000e-01
  141   9.000000000e-01   2.400000000e+00  -7.000000000e-01
  142   4.000000000e-01   2.400000000e+00  -1.100000000e+00
  143   1.000000000e-01   2.400000000e+00  -1.700000000e+00
  144  -7.000000000e-01   2.400000000e+00  -3.100000000e+00
  145  -1.000000000e+00   2.400000000e+00  -5.400000000e+00
  146  -4.000000000e-01   2.200000000e+00  -7.200000000e+00
  147   1.500000000e+00   2.200000000e+00  -7.200000000e+00
  148   2.900000000e+00   2.200000000e+00  -5.900000000e+00
  149   3.400000000e+00   2.200000000e+00  -4.000000000e+00
  150   3.100000000e+00   2.200000000e+00  -2.200000000e+00
  151   2.900000000e+00   2.200000000e+00  -1.500000000e+00
  152   3.600000000e+00   2.200000000e+00  -1.200000000e+00
  153   4.900000000e+00   2.200000000e+00  -7.000000000e-01
  154   5.800000000e+00   2.200000000e+00   6.000000000e-01
  155   6.200000000e+00   2.200000000e+00   2.000000000e+00
  156   5.600000000e+00   2.200000000e+00   3.400000000e+00
  157   4.300000000e+00   2.200000000e+00   4.100000000e+00
  158   2.900000000e+00   2.200000000e+00   4.200000000e+00
  159   1.600000000e+00   2.200000000e+00   3.900000000e+00
  160   6.000000000e-01   2.200000000e+00   3.500000000e+00
  161   2.000000000e-01   2.200000000e+00   2.100000000e+00
  162   6.000000000e-01   2.200000000e+00   5.000000000e-01
  163   1.100000000e+00   2.200000000e+00  -2.000000000e-01
  164   1.200000000e+00   2.200000000e+00  -3.000000000e-01
  165   6.000000000e-01   2.200000000e+00  -4.000000000e-01
  166   0.000000000e+00   2.200000000e+00  -8.000000000e-01
  167  -4.000000000e-01   2.200000000e+00  -1.500000000e+00
  168  -9.000000000e-01   2.200000000e+00  -2.900000000e+00
  169  -1.300000000e+00   2.200000000e+00  -5.200000000e+00
  170   0.000000000e+00   2.000000000e+00  -7.100000000e+00
  171   1.700000000e+00   2.000000000e+00  -7.100000000e+00
  172   3.100000000e+00   2.000000000e+00  -6.200000000e+00
  173   3.700000000e+00   2.000000000e+00  -5.000000000e+00
  174   3.600000000e+00   2.000000000e+00  -3.000000000e+00
  175   3.500000000e+00   2.000000000e+00  -1.000000000e+00
  176   4.300000000e+00   2.000000000e+00  -1.500000000e+00
  177   5.400000000e+00   2.000000000e+00  -8.000000000e-01
  178   6.200000000e+00   2.000000000e+00   4.000000000e-01
  179   6.300000000e+00   2.000000000e+00   1.900000000e+00
  180   5.700000000e+00   2.000000000e+00   3.100000000e+00
  181   4.400000000e+00   2.000000000e+00   3.800000000e+00
  182   3.100000000e+00   2.000000000e+00   3.900000000e+00
  183   1.900000000e+00   2.000000000e+00   3.600000000e+00
  184   9.000000000e-01   2.000000000e+00   3.100000000e+00
  185   5.000000000e-01   2.000000000e+00   1.700000000e+00
  186   1.200000000e+00   2.000000000e+00   0.000000000e+00
  187   1.800000000e+00   2.000000000e+00  -7.000000000e-01
  188   1.700000000e+00   2.000000000e+00  -6.000000000e-01
  189   8.000000000e-01   2.000000000e+00  -6.000000000e-01
  190   1.000000000e-01   2.000000000e+00  -1.100000000e+00
  191  -3.000000000e-01   2.000000000e+00  -1.800000000e+00
  192  -8.000000000e-01   2.000000000e+00  -3.100000000e+00
  193  -1.000000000e+00   2.000000000e+00  -5.300000000e+00
  194   6.000000000e-01   1.800000000e+00  -6.900000000e+00
  195   2.200000000e+00   1.800000000e+00  -7.000000000e+00
  196   3.500000000e+00   1.800000000e+00  -6.000000000e+00
  197   4.500000000e+00   1.800000000e+00  -5.000000000e+00
  198   5.000000000e+00   1.800000000e+00  -4.000000000e+00
  199   5.500000000e+00   1.800000000e+00  -3.000000000e+00
  200   6.200000000e+00   1.800000000e+00  -2.200000000e+00
  201   7.200000000e+00   1.800000000e+00  -9.000000000e-01
  202   7.700000000e+00   1.800000000e+00   5.000000000e-01
  203   7.600000000e+00   1.800000000e+00   2.100000000e+00
  204   6.800000000e+00   1.800000000e+00   3.500000000e+00
  205   5.200000000e+00   1.800000000e+00   4.100000000e+00
  206   3.600000000e+00   1.800000000e+00   3.700000000e+00
  207   2.300000000e+00   1.800000000e+00   3.100000000e+00
  208   1.500000000e+00   1.800000000e+00   2.600000000e+00
  209   9.000000000e-01   1.800000000e+00   1.700000000e+00
  210   1.600000000e+00   1.800000000e+00   0.000000000e+00
  211   2.100000000e+00   1.800000000e+00  -6.000000000e-01
  212   1.800000000e+00   1.800000000e+00  -6.000000000e-01
  213   5.000000000e-01   1.800000000e+00  -8.000000000e-01
  214  -2.000000000e-01   1.800000000e+00  -1.400000000e+00
  215  -4.000000000e-01   1.800000000e+00  -2.300000000e+00
  216  -8.000000000e-01   1.800000000e+00  -3.700000000e+00
  217  -6.000000000e-01   1.800000000e+00  -5.600000000e+00
  218   7.000000000e-01   1.600000000e+00  -7.000000000e+00
  219   2.300000000e+00   1.600000000e+00  -6.000000000e+00
  220   3.700000000e+00   1.600000000e+00  -6.000000000e+00
  221   4.800000000e+00   1.600000000e+00  -6.000000000e+00
  222   5.500000000e+00   1.600000000e+00  -4.000000000e+00
  223   6.100000000e+00   1.600000000e+00  -3.000000000e+00
  224   6.800000000e+00   1.600000000e+00  -2.000000000e+00
  225   7.500000000e+00   1.600000000e+00  -1.000000000e+00
  226   7.700000000e+00   1.600000000e+00   4.000000000e-01
  227   7.500000000e+00   1.600000000e+00   1.900000000e+00
  228   6.700000000e+00   1.600000000e+00   3.200000000e+00
  229   5.300000000e+00   1.600000000e+00   3.900000000e+00
  230   3.800000000e+00   1.600000000e+00   3.700000000e+00
  231   2.500000000e+00   1.600000000e+00   3.100000000e+00
  232   1.600000000e+00   1.600000000e+00   2.700000000e+00
  233   9.000000000e-01   1.600000000e+00   1.900000000e+00
  234   1.500000000e+00   1.600000000e+00   1.000000000e-01
  235   2.100000000e+00   1.600000000e+00  -6.000000000e-01
  236   1.900000000e+00   1.600000000e+00  -7.000000000e-01
  237   8.000000000e-01   1.600000000e+00  -8.000000000e-01
  238   2.000000000e-01   1.600000000e+00  -1.400000000e+00
  239  -2.000000000e-01   1.600000000e+00  -2.300000000e+00
  240  -5.000000000e-01   1.600000000e+00  -3.700000000e+00
  241  -5.000000000e-01   1.600000000e+00  -5.700000000e+00
  242   8.000000000e-01   1.400000000e+00  -7.000000000e+00
  243   2.600000000e+00   1.400000000e+00  -8.000000000e+00
  244   4.300000000e+00   1.400000000e+00  -8.000000000e+00
  245   5.800000000e+00   1.400000000e+00  -6.000000000e+00
  246   6.900000000e+00   1.400000000e+00  -6.000000000e+00
  247   7.600000000e+00   1.400000000e+00  -4.000000000e+00
  248   8.400000000e+00   1.400000000e+00  -2.000000000e+00
  249   8.800000000e+00   1.400000000e+00  -1.100000000e+00
  250   8.400000000e+00   1.400000000e+00   6.000000000e-01
  251   8.000000000e+00   1.400000000e+00   2.300000000e+00
  252   8.000000000e+00   1.400000000e+00   3.800000000e+00
  253   6.100000000e+00   1.400000000e+00   4.300000000e+00
  254   4.100000000e+00   1.400000000e+00   3.800000000e+00
  255   2.800000000e+00   1.400000000e+00   3.000000000e+00
  256   2.000000000e+00   1.400000000e+00   2.400000000e+00
  257   9.000000000e-01   1.400000000e+00   2.500000000e+00
  258   5.000000000e-01   1.400000000e+00   1.500000000e+00
  259   7.000000000e-01   1.400000000e+00   4.000000000e-01
  260   8.000000000e-01   1.400000000e+00  -2.000000000e-01
  261   1.200000000e+00   1.400000000e+00  -8.000000000e-01
  262   1.400000000e+00   1.400000000e+00  -1.200000000e+00
  263   8.000000000e-01   1.400000000e+00  -1.800000000e+00
  264   1.000000000e-01   1.400000000e+00  -3.400000000e+00
  265  -4.000000000e-01   1.400000000e+00  -6.000000000e+00
C Region List
