C PointsNum,MaxElemVol,TetGenParams,nAtrib,IndMov,MDMaxVolume,MDomDiv,MDOnly,MDDivF,MDPrescP
  395    1.000000e+00 YYpznno2q1.414a     0     0    1.000000e+00     1     0     0     0     0     0 YYpznno2q1.414a
  -6.321480000e-02  -7.773570000e+00  -1.011810000e-01
  -7.122900000e-03  -7.341820000e+00   6.159840000e-01
  -1.904590000e-01  -7.341820000e+00   6.280480000e-01
  -3.818280000e-01  -7.341820000e+00   5.982330000e-01
  -5.662570000e-01  -7.341820000e+00   5.162300000e-01
  -7.084580000e-01  -7.341820000e+00   3.698930000e-01
  -7.778340000e-01  -7.341820000e+00   1.774290000e-01
  -7.787890000e-01  -7.341820000e+00  -2.490400000e-02
  -7.320680000e-01  -7.341820000e+00  -2.127880000e-01
  -6.555570000e-01  -7.341820000e+00  -3.797610000e-01
  -5.570870000e-01  -7.341820000e+00  -5.318680000e-01
  -4.345420000e-01  -7.341820000e+00  -6.727370000e-01
  -2.777010000e-01  -7.341820000e+00  -7.945250000e-01
  -8.512290000e-02  -7.341820000e+00  -8.703890000e-01
   1.245520000e-01  -7.341820000e+00  -8.698340000e-01
   3.253440000e-01  -7.341820000e+00  -8.013610000e-01
   5.014660000e-01  -7.341820000e+00  -6.794930000e-01
   6.385370000e-01  -7.341820000e+00  -5.168660000e-01
   7.017250000e-01  -7.341820000e+00  -3.164650000e-01
   6.391810000e-01  -7.341820000e+00  -1.109040000e-01
   5.234040000e-01  -7.341820000e+00   4.909800000e-02
   4.239050000e-01  -7.341820000e+00   1.702130000e-01
   3.441650000e-01  -7.341820000e+00   2.833840000e-01
   2.607470000e-01  -7.341820000e+00   4.050700000e-01
   1.486420000e-01  -7.341820000e+00   5.329680000e-01
  -3.108340000e-02  -6.910070000e+00   9.173100000e-01
  -2.844520000e-01  -6.910070000e+00   9.171250000e-01
  -5.376990000e-01  -6.910070000e+00   8.567630000e-01
  -7.764050000e-01  -6.910070000e+00   7.339350000e-01
  -9.669280000e-01  -6.910070000e+00   5.386800000e-01
  -1.075520000e+00  -6.910070000e+00   2.863960000e-01
  -1.099600000e+00  -6.910070000e+00   1.361320000e-02
  -1.058030000e+00  -6.910070000e+00  -2.510150000e-01
  -9.596500000e-01  -6.910070000e+00  -4.938790000e-01
  -8.075980000e-01  -6.910070000e+00  -7.019010000e-01
  -6.141290000e-01  -6.910070000e+00  -8.693400000e-01
  -3.867920000e-01  -6.910070000e+00  -9.938400000e-01
  -1.330834000e-01  -6.910070000e+00  -1.061650000e+00
   1.321290000e-01  -6.910070000e+00  -1.048470000e+00
   3.805210000e-01  -6.910070000e+00  -9.539090000e-01
   5.939010000e-01  -6.910070000e+00  -7.973710000e-01
   7.597500000e-01  -6.910070000e+00  -5.929380000e-01
   8.461340000e-01  -6.910070000e+00  -3.482580000e-01
   8.189860000e-01  -6.910070000e+00  -9.438680000e-02
   7.192410000e-01  -6.910070000e+00   1.262030000e-01
   6.091710000e-01  -6.910070000e+00   3.123610000e-01
   4.986970000e-01  -6.910070000e+00   4.853930000e-01
   3.695450000e-01  -6.910070000e+00   6.607270000e-01
   1.969450000e-01  -6.910070000e+00   8.240340000e-01
  -4.727100000e-02  -6.478310000e+00   1.171160000e+00
  -3.619520000e-01  -6.478310000e+00   1.154930000e+00
  -6.667170000e-01  -6.478310000e+00   1.064374000e+00
  -9.484310000e-01  -6.478310000e+00   9.046880000e-01
  -1.175160000e+00  -6.478310000e+00   6.668940000e-01
  -1.305030000e+00  -6.478310000e+00   3.630600000e-01
  -1.339430000e+00  -6.478310000e+00   3.552880000e-02
  -1.296910000e+00  -6.478310000e+00  -2.853190000e-01
  -1.183080000e+00  -6.478310000e+00  -5.835190000e-01
  -9.968600000e-01  -6.478310000e+00  -8.380640000e-01
  -7.546430000e-01  -6.478310000e+00  -1.037050000e+00
  -4.754120000e-01  -6.478310000e+00  -1.177200000e+00
  -1.692710000e-01  -6.478310000e+00  -1.251670000e+00
   1.489150000e-01  -6.478310000e+00  -1.237310000e+00
   4.493810000e-01  -6.478310000e+00  -1.125105000e+00
   7.039140000e-01  -6.478310000e+00  -9.306560000e-01
   8.952660000e-01  -6.478310000e+00  -6.792660000e-01
   9.878670000e-01  -6.478310000e+00  -3.851500000e-01
   9.611260000e-01  -6.478310000e+00  -8.847120000e-02
   8.660710000e-01  -6.478310000e+00   1.736170000e-01
   7.481910000e-01  -6.478310000e+00   4.041430000e-01
   6.200120000e-01  -6.478310000e+00   6.268120000e-01
   4.634670000e-01  -6.478310000e+00   8.543000000e-01
   2.443980000e-01  -6.478310000e+00   1.065800000e+00
  -7.090600000e-02  -6.046560000e+00   1.351210000e+00
  -4.277960000e-01  -6.046560000e+00   1.330460000e+00
  -7.760470000e-01  -6.046560000e+00   1.231660000e+00
  -1.100810000e+00  -6.046560000e+00   1.054637000e+00
  -1.364090000e+00  -6.046560000e+00   7.853420000e-01
  -1.509580000e+00  -6.046560000e+00   4.345060000e-01
  -1.542380000e+00  -6.046560000e+00   6.072760000e-02
  -1.489640000e+00  -6.046560000e+00  -3.028470000e-01
  -1.360630000e+00  -6.046560000e+00  -6.422860000e-01
  -1.154090000e+00  -6.046560000e+00  -9.354600000e-01
  -8.790300000e-01  -6.046560000e+00  -1.165750000e+00
  -5.577910000e-01  -6.046560000e+00  -1.325720000e+00
  -2.059060000e-01  -6.046560000e+00  -1.407640000e+00
   1.555700000e-01  -6.046560000e+00  -1.379400000e+00
   4.821550000e-01  -6.046560000e+00  -1.229250000e+00
   7.448320000e-01  -6.046560000e+00  -9.910100000e-01
   9.384680000e-01  -6.046560000e+00  -7.085840000e-01
   1.047097000e+00  -6.046560000e+00  -3.956180000e-01
   1.056992000e+00  -6.046560000e+00  -7.527240000e-02
   9.925360000e-01  -6.046560000e+00   2.256570000e-01
   8.778740000e-01  -6.046560000e+00   5.028790000e-01
   7.286160000e-01  -6.046560000e+00   7.682490000e-01
   5.346960000e-01  -6.046560000e+00   1.026710000e+00
   2.679540000e-01  -6.046560000e+00   1.250800000e+00
  -1.092050000e-01  -5.613800000e+00   1.481060000e+00
  -4.975600000e-01  -5.613800000e+00   1.463910000e+00
  -8.834370000e-01  -5.613800000e+00   1.369890000e+00
  -1.251770000e+00  -5.613800000e+00   1.188361000e+00
  -1.551770000e+00  -5.613800000e+00   8.953820000e-01
  -1.709940000e+00  -5.613800000e+00   5.028580000e-01
  -1.735730000e+00  -5.613800000e+00   8.580010000e-02
  -1.665890000e+00  -5.613800000e+00  -3.135470000e-01
  -1.518990000e+00  -5.613800000e+00  -6.832160000e-01
  -1.292810000e+00  -5.613800000e+00  -1.005810000e+00
  -9.919900000e-01  -5.613800000e+00  -1.257390000e+00
  -6.396820000e-01  -5.613800000e+00  -1.431810000e+00
  -2.532050000e-01  -5.613800000e+00  -1.516370000e+00
   1.390320000e-01  -5.613800000e+00  -1.478200000e+00
   4.815170000e-01  -5.613800000e+00  -1.295170000e+00
   7.435360000e-01  -5.613800000e+00  -1.022940000e+00
   9.340970000e-01  -5.613800000e+00  -7.198540000e-01
   1.055512000e+00  -5.613800000e+00  -3.968530000e-01
   1.090068000e+00  -5.613800000e+00  -6.419990000e-02
   1.046909000e+00  -5.613800000e+00   2.620060000e-01
   9.356970000e-01  -5.613800000e+00   5.683950000e-01
   7.764360000e-01  -5.613800000e+00   8.634410000e-01
   5.603280000e-01  -5.613800000e+00   1.147280000e+00
   2.628210000e-01  -5.613800000e+00   1.383470000e+00
  -1.528390000e-01  -5.182050000e+00   1.601360000e+00
  -5.692700000e-01  -5.182050000e+00   1.586020000e+00
  -9.851100000e-01  -5.182050000e+00   1.491090000e+00
  -1.386750000e+00  -5.182050000e+00   1.302486000e+00
  -1.716280000e+00  -5.182050000e+00   9.893120000e-01
  -1.892130000e+00  -5.182050000e+00   5.661110000e-01
  -1.923210000e+00  -5.182050000e+00   1.125741000e-01
  -1.848890000e+00  -5.182050000e+00  -3.232200000e-01
  -1.690590000e+00  -5.182050000e+00  -7.263500000e-01
  -1.443430000e+00  -5.182050000e+00  -1.077020000e+00
  -1.107250000e+00  -5.182050000e+00  -1.338450000e+00
  -7.187960000e-01  -5.182050000e+00  -1.503080000e+00
  -3.058390000e-01  -5.182050000e+00  -1.574270000e+00
   1.054600000e-01  -5.182050000e+00  -1.529720000e+00
   4.596600000e-01  -5.182050000e+00  -1.329900000e+00
   7.257640000e-01  -5.182050000e+00  -1.043030000e+00
   9.205960000e-01  -5.182050000e+00  -7.288700000e-01
   1.051610000e+00  -5.182050000e+00  -3.981370000e-01
   1.099743000e+00  -5.182050000e+00  -5.342590000e-02
   1.065371000e+00  -5.182050000e+00   2.893270000e-01
   9.537440000e-01  -5.182050000e+00   6.156150000e-01
   7.914040000e-01  -5.182050000e+00   9.338170000e-01
   5.664280000e-01  -5.182050000e+00   1.246310000e+00
   2.477446000e-01  -5.182050000e+00   1.503250000e+00
  -2.196040000e-01  -4.344630000e+00   1.859170000e+00
  -6.924260000e-01  -4.344630000e+00   1.839810000e+00
  -1.161000000e+00  -4.344630000e+00   1.727470000e+00
  -1.609710000e+00  -4.344630000e+00   1.509270000e+00
  -1.977240000e+00  -4.344630000e+00   1.155446000e+00
  -2.178890000e+00  -4.344630000e+00   6.823220000e-01
  -2.216560000e+00  -4.344630000e+00   1.721583000e-01
  -2.131340000e+00  -4.344630000e+00  -3.198550000e-01
  -1.951450000e+00  -4.344630000e+00  -7.727300000e-01
  -1.669690000e+00  -4.344630000e+00  -1.163930000e+00
  -1.285530000e+00  -4.344630000e+00  -1.441320000e+00
  -8.462780000e-01  -4.344630000e+00  -1.596530000e+00
  -3.946040000e-01  -4.344630000e+00  -1.650040000e+00
   4.841120000e-02  -4.344630000e+00  -1.596430000e+00
   4.235400000e-01  -4.344630000e+00  -1.375680000e+00
   6.948500000e-01  -4.344630000e+00  -1.056296000e+00
   8.876460000e-01  -4.344630000e+00  -7.165100000e-01
   1.023760000e+00  -4.344630000e+00  -3.716590000e-01
   1.083281000e+00  -4.344630000e+00  -1.284170000e-02
   1.060008000e+00  -4.344630000e+00   3.480440000e-01
   9.564470000e-01  -4.344630000e+00   6.996880000e-01
   8.022810000e-01  -4.344630000e+00   1.058043000e+00
   5.789780000e-01  -4.344630000e+00   1.432170000e+00
   2.326162900e-01  -4.344630000e+00   1.746440000e+00
  -2.521530000e-01  -3.506210000e+00   1.984100000e+00
  -7.609590000e-01  -3.506210000e+00   1.992100000e+00
  -1.284980000e+00  -3.506210000e+00   1.902090000e+00
  -1.797220000e+00  -3.506210000e+00   1.679630000e+00
  -2.204990000e+00  -3.506210000e+00   1.285959000e+00
  -2.400310000e+00  -3.506210000e+00   7.522710000e-01
  -2.389540000e+00  -3.506210000e+00   1.915661000e-01
  -2.250270000e+00  -3.506210000e+00  -3.232260000e-01
  -2.032900000e+00  -3.506210000e+00  -7.814400000e-01
  -1.743050000e+00  -3.506210000e+00  -1.180330000e+00
  -1.365520000e+00  -3.506210000e+00  -1.489850000e+00
  -9.232000000e-01  -3.506210000e+00  -1.692790000e+00
  -4.441530000e-01  -3.506210000e+00  -1.785030000e+00
   3.836420000e-02  -3.506210000e+00  -1.740100000e+00
   4.393620000e-01  -3.506210000e+00  -1.482070000e+00
   7.103120000e-01  -3.506210000e+00  -1.112900000e+00
   8.947290000e-01  -3.506210000e+00  -7.396660000e-01
   1.031327000e+00  -3.506210000e+00  -3.769530000e-01
   1.089983000e+00  -3.506210000e+00  -4.433900000e-03
   1.064012000e+00  -3.506210000e+00   3.706240000e-01
   9.522080000e-01  -3.506210000e+00   7.346060000e-01
   7.979370000e-01  -3.506210000e+00   1.108660000e+00
   5.761460000e-01  -3.506210000e+00   1.507350000e+00
   2.217498000e-01  -3.506210000e+00   1.847890000e+00
  -2.895970000e-01  -2.667800000e+00   2.024380000e+00
  -8.240400000e-01  -2.667800000e+00   2.064140000e+00
  -1.394120000e+00  -2.667800000e+00   2.003500000e+00
  -1.964750000e+00  -2.667800000e+00   1.787610000e+00
  -2.401220000e+00  -2.667800000e+00   1.354050000e+00
  -2.586390000e+00  -2.667800000e+00   7.704890000e-01
  -2.553530000e+00  -2.667800000e+00   1.734598000e-01
  -2.393860000e+00  -2.667800000e+00  -3.651260000e-01
  -2.160750000e+00  -2.667800000e+00  -8.416500000e-01
  -1.859310000e+00  -2.667800000e+00  -1.261250000e+00
  -1.471030000e+00  -2.667800000e+00  -1.597020000e+00
  -1.008910000e+00  -2.667800000e+00  -1.828590000e+00
  -4.995970000e-01  -2.667800000e+00  -1.942180000e+00
   2.104230000e-02  -2.667800000e+00  -1.902940000e+00
   4.479720000e-01  -2.667800000e+00  -1.615580000e+00
   7.234200000e-01  -2.667800000e+00  -1.203560000e+00
   9.030360000e-01  -2.667800000e+00  -7.976920000e-01
   1.036928000e+00  -2.667800000e+00  -4.150050000e-01
   1.088816000e+00  -2.667800000e+00  -2.654020000e-02
   1.050447000e+00  -2.667800000e+00   3.591120000e-01
   9.322710000e-01  -2.667800000e+00   7.290300000e-01
   7.753320000e-01  -2.667800000e+00   1.111390000e+00
   5.507340000e-01  -2.667800000e+00   1.520720000e+00
   1.915627000e-01  -2.667800000e+00   1.866660000e+00
  -3.443260000e-01  -1.829380000e+00   2.015200000e+00
  -8.902400000e-01  -1.829380000e+00   2.062590000e+00
  -1.475650000e+00  -1.829380000e+00   2.007840000e+00
  -2.059030000e+00  -1.829380000e+00   1.785580000e+00
  -2.498820000e+00  -1.829380000e+00   1.338100000e+00
  -2.714740000e+00  -1.829380000e+00   7.499140000e-01
  -2.731190000e+00  -1.829380000e+00   1.348790000e-01
  -2.606510000e+00  -1.829380000e+00  -4.444290000e-01
  -2.380080000e+00  -1.829380000e+00  -9.708800000e-01
  -2.046990000e+00  -1.829380000e+00  -1.423780000e+00
  -1.607350000e+00  -1.829380000e+00  -1.759770000e+00
  -1.100730000e+00  -1.829380000e+00  -1.965960000e+00
  -5.653260000e-01  -1.829380000e+00  -2.049930000e+00
  -2.842140000e-02  -1.829380000e+00  -2.004160000e+00
   4.228180000e-01  -1.829380000e+00  -1.731220000e+00
   7.209560000e-01  -1.829380000e+00  -1.314400000e+00
   9.098180000e-01  -1.829380000e+00  -8.881490000e-01
   1.040702000e+00  -1.829380000e+00  -4.825870000e-01
   1.049085000e+00  -1.829380000e+00  -7.712100000e-02
   9.654930000e-01  -1.829380000e+00   3.034430000e-01
   8.395080000e-01  -1.829380000e+00   6.630710000e-01
   6.997980000e-01  -1.829380000e+00   1.049003000e+00
   4.991820000e-01  -1.829380000e+00   1.483410000e+00
   1.435200000e-01  -1.829380000e+00   1.850870000e+00
  -4.117900000e-01  -9.909600000e-01   1.962430000e+00
  -9.545300000e-01  -9.909600000e-01   2.011250000e+00
  -1.535820000e+00  -9.909600000e-01   1.955690000e+00
  -2.110170000e+00  -9.909600000e-01   1.729630000e+00
  -2.545020000e+00  -9.909600000e-01   1.286420000e+00
  -2.801340000e+00  -9.909600000e-01   7.160110000e-01
  -2.889630000e+00  -9.909600000e-01   9.625500000e-02
  -2.830860000e+00  -9.909600000e-01  -5.224180000e-01
  -2.627810000e+00  -9.909600000e-01  -1.107590000e+00
  -2.258140000e+00  -9.909600000e-01  -1.597100000e+00
  -1.752750000e+00  -9.909600000e-01  -1.921330000e+00
  -1.191720000e+00  -9.909600000e-01  -2.081720000e+00
  -6.307900000e-01  -9.909600000e-01  -2.112320000e+00
  -9.215750000e-02  -9.909600000e-01  -2.039430000e+00
   3.635970000e-01  -9.909600000e-01  -1.774230000e+00
   6.657660000e-01  -9.909600000e-01  -1.360300000e+00
   8.449660000e-01  -9.909600000e-01  -9.223440000e-01
   9.682030000e-01  -9.909600000e-01  -5.149380000e-01
   9.748350000e-01  -9.909600000e-01  -1.107450000e-01
   8.875370000e-01  -9.909600000e-01   2.640410000e-01
   7.653420000e-01  -9.909600000e-01   6.197110000e-01
   6.354740000e-01  -9.909600000e-01   1.010519000e+00
   4.424980000e-01  -9.909600000e-01   1.456540000e+00
   8.020200000e-02  -9.909600000e-01   1.811830000e+00
  -5.206040000e-01  -3.545410000e-01   1.841920000e+00
  -4.382100000e-02  -3.545410000e-01   1.688500000e+00
   3.091060000e-01  -3.545410000e-01   1.354330000e+00
   4.347300000e-01  -3.545410000e-01   8.620400000e-01
   5.073140000e-01  -3.545410000e-01   4.798270000e-01
   6.126230000e-01  -3.545410000e-01   1.665790000e-01
   7.669060000e-01  -3.545410000e-01  -1.622940000e-01
   8.172870000e-01  -3.545410000e-01  -5.542310000e-01
   7.161980000e-01  -3.545410000e-01  -9.622100000e-01
   5.472500000e-01  -3.545410000e-01  -1.400150000e+00
   2.401910000e-01  -3.545410000e-01  -1.786640000e+00
  -2.168674000e-01  -3.545410000e-01  -2.016830000e+00
  -7.386040000e-01  -3.545410000e-01  -2.118930000e+00
  -1.308150000e+00  -3.545410000e-01  -2.148170000e+00
  -1.914530000e+00  -3.545410000e-01  -2.048460000e+00
  -2.477070000e+00  -3.545410000e-01  -1.747760000e+00
  -2.874710000e+00  -3.545410000e-01  -1.232350000e+00
  -3.046550000e+00  -3.545410000e-01  -6.011950000e-01
  -3.041280000e+00  -3.545410000e-01   4.270600000e-02
  -2.893580000e+00  -3.545410000e-01   6.556340000e-01
  -2.610310000e+00  -3.545410000e-01   1.206010000e+00
  -2.187820000e+00  -3.545410000e-01   1.643920000e+00
  -1.626320000e+00  -3.545410000e-01   1.869490000e+00
  -1.049410000e+00  -3.545410000e-01   1.908470000e+00
  -1.532710000e+00  -4.035410000e-01  -1.698560000e+00
  -1.975600000e+00  -3.980410000e-01  -1.597080000e+00
  -1.421620000e+00  -3.945410000e-01   1.540280000e+00
  -1.049880000e+00  -4.159410000e-01   1.327420000e+00
  -1.713780000e+00  -4.685410000e-01  -6.738200000e-02
  -1.726130000e+00  -4.645410000e-01   1.611075000e-01
  -1.472000000e+00  -4.695410000e-01   1.993108000e-01
  -2.034957000e-01  -3.961410000e-01  -1.617020000e+00
  -1.351190000e+00  -4.775410000e-01  -3.145600000e-01
  -1.217660000e+00  -4.745410000e-01   2.375140000e-01
  -8.767200000e-01  -4.755410000e-01  -1.954690000e-01
  -2.122080000e+00  -4.449410000e-01   9.234000000e-02
  -2.097760000e+00  -4.478410000e-01  -3.594050000e-01
  -2.552010000e+00  -4.119410000e-01  -2.029130000e-01
  -2.222280000e+00  -4.221410000e-01   6.190050000e-01
  -2.308140000e+00  -4.236410000e-01   3.903660000e-01
  -2.319800000e+00  -4.157410000e-01   5.782490000e-01
  -4.774840000e-01  -4.072410000e-01   1.270377000e+00
  -8.478630000e-01  -4.496410000e-01   7.834070000e-01
  -1.261750000e+00  -4.325410000e-01  -1.418060000e+00
  -1.222410000e+00  -4.453410000e-01  -1.241610000e+00
  -1.047348000e+00  -4.413410000e-01  -1.302360000e+00
  -1.628600000e+00  -4.463410000e-01   7.835010000e-01
  -1.592220000e+00  -4.242410000e-01   1.167297000e+00
  -1.490130000e+00  -4.384410000e-01   9.793650000e-01
  -2.250070000e+00  -4.089410000e-01  -1.229140000e+00
  -1.671330000e+00  -4.378410000e-01  -1.227380000e+00
  -5.897930000e-01  -4.037410000e-01  -1.678390000e+00
  -8.729840000e-01  -4.367410000e-01  -1.363120000e+00
  -4.281300000e-01  -4.295410000e-01  -1.313060000e+00
  -1.821260000e+00  -4.157410000e-01   1.161328000e+00
  -1.771430000e+00  -3.931410000e-01   1.462950000e+00
  -1.681330000e+00  -4.088410000e-01   1.317120000e+00
  -1.049333000e+00  -4.044410000e-01  -1.730810000e+00
  -2.050300000e+00  -4.040410000e-01   1.162359000e+00
   2.864290000e-01  -3.957410000e-01  -1.072070000e+00
   3.147000000e-01  -4.041410000e-01  -6.776960000e-01
   3.107690000e-01  -3.998410000e-01  -8.748800000e-02
  -1.729440000e+00  -4.655410000e-01  -4.584760000e-01
  -1.961040000e+00  -4.464410000e-01  -7.963200000e-01
   9.834100000e-03  -4.130410000e-01   4.809250000e-01
  -1.775170000e-01  -4.412410000e-01   1.585700000e-02
  -2.505190000e+00  -4.090410000e-01   3.098549000e-01
  -2.474000000e+00  -4.126410000e-01  -7.360110000e-01
   3.728500000e-02  -4.016410000e-01  -1.354360000e+00
  -1.758240000e-01  -4.362410000e-01  -9.162900000e-01
  -1.707900000e-02  -3.941410000e-01   1.075704000e+00
  -3.822530000e-01  -4.312410000e-01   7.835610000e-01
  -1.494300000e+00  -4.655410000e-01  -7.524780000e-01
  -2.097810000e+00  -4.240410000e-01   7.733500000e-01
  -2.113090000e+00  -4.358410000e-01   4.718770000e-01
  -4.489150000e-01  -4.484410000e-01  -9.404400000e-01
  -5.109150000e-01  -4.565410000e-01  -7.500790000e-01
  -1.122450000e+00  -4.520410000e-01   7.849200000e-01
  -1.215460000e+00  -4.368410000e-01   1.046426000e+00
  -1.033660000e+00  -4.438410000e-01   9.179160000e-01
  -1.958730000e+00  -4.210410000e-01   9.774630000e-01
  -2.074060000e+00  -4.143410000e-01   9.688550000e-01
  -1.866150000e+00  -4.371410000e-01   7.885670000e-01
  -1.738890000e+00  -4.585410000e-01   3.885970000e-01
  -1.925490000e+00  -4.487410000e-01   4.277370000e-01
  -1.195450000e+00  -4.755410000e-01  -4.813470000e-01
  -1.344650000e+00  -4.715410000e-01  -6.154130000e-01
  -1.037910000e+00  -4.725410000e-01  -6.451340000e-01
  -9.576100000e-01  -4.755410000e-01  -4.233020000e-01
  -7.664630000e-01  -4.705410000e-01  -4.880090000e-01
  -5.713880000e-01  -4.595410000e-01   2.807197000e-01
  -1.503420000e+00  -4.104410000e-01   1.352290000e+00
  -1.277650000e+00  -4.135410000e-01   1.339850000e+00
  -1.179480000e+00  -4.565410000e-01  -1.066160000e+00
  -9.477410000e-01  -4.575410000e-01  -1.017380000e+00
  -9.115130000e-01  -4.478410000e-01  -1.190750000e+00
  -1.301350000e+00  -4.645410000e-01   5.139740000e-01
  -1.076610000e+00  -4.575410000e-01   6.481910000e-01
  -1.297590000e-01  -4.415410000e-01  -4.056780000e-01
  -1.928380000e+00  -4.537410000e-01   2.389687800e-01
  -1.821680000e+00  -4.615410000e-01   8.629300000e-02
  -1.337350000e+00  -4.615410000e-01  -9.118200000e-01
  -1.424600000e+00  -4.488410000e-01  -1.143270000e+00
  -1.460160000e+00  -4.575410000e-01  -9.493700000e-01
  -1.561470000e+00  -4.575410000e-01   5.810150000e-01
  -1.519620000e+00  -4.625410000e-01   4.482860000e-01
  -2.331470000e+00  -4.073410000e-01   7.661320000e-01
  -4.725610000e-01  -4.615410000e-01  -1.732100000e-01
  -3.525870000e-01  -4.545410000e-01  -4.791970000e-01
  -5.697670000e-01  -4.433410000e-01  -1.148330000e+00
  -4.374220000e-01  -4.393410000e-01  -1.129750000e+00
  -8.768020000e-01  -4.655410000e-01  -8.128600000e-01
  -1.028540000e+00  -4.615410000e-01  -9.375100000e-01
  -1.404340000e+00  -4.307410000e-01   1.109361000e+00
  -1.843210000e+00  -4.269410000e-01   9.759480000e-01
  -7.265180000e-01  -4.705410000e-01  -3.760930000e-01
  -5.226880000e-01  -4.635410000e-01  -3.654630000e-01
  -1.187580000e+00  -4.685410000e-01  -7.774800000e-01
  -7.970450000e-01  -4.476410000e-01  -1.169860000e+00
  -7.232760000e-01  -4.410410000e-01  -1.253720000e+00
  -5.743160000e-01  -4.645410000e-01  -5.527170000e-01
  -2.642560000e-01  -4.457410000e-01  -6.977420000e-01
  -1.154800000e+00  -4.765410000e-01  -3.684310000e-01
  -6.449100000e-01  -4.615410000e-01  -7.686560000e-01
  -7.258190000e-01  -4.655410000e-01  -6.837910000e-01
  -1.388040000e+00  -4.515410000e-01   7.824340000e-01
  -7.156050000e-01  -4.555410000e-01  -9.765900000e-01
  -1.265400000e+00  -4.705410000e-01  -6.973060000e-01
  -1.988620000e+00  -4.375410000e-01   6.292220000e-01
  -2.116980000e+00  -4.409410000e-01   2.831089000e-01
C Number of facets
  786
C  Size  Node 1  ......Node N Marker
    3    0    1    2    3
    3    0    2    3    3
    3    0    3    4    3
    3    0    4    5    3
    3    0    5    6    3
    3    0    6    7    3
    3    0    7    8    3
    3    0    8    9    3
    3    0    9   10    3
    3    0   10   11    3
    3    0   11   12    3
    3    0   12   13    3
    3    0   13   14    3
    3    0   14   15    3
    3    0   15   16    3
    3    0   16   17    3
    3    0   17   18    3
    3    0   18   19    3
    3    0   19   20    3
    3    0   20   21    3
    3    0   21   22    3
    3    0   22   23    3
    3    0   23   24    3
    3    0   24    1    3
    3    1   25   26    3
    3    1   26    2    3
    3    2   26   27    3
    3    2   27    3    3
    3    3   27   28    3
    3    3   28    4    3
    3    4   28   29    3
    3    4   29    5    3
    3    5   29   30    3
    3    5   30    6    3
    3    6   30   31    3
    3    6   31    7    3
    3    7   31   32    3
    3    7   32    8    3
    3    8   32   33    3
    3    8   33    9    3
    3    9   33   34    3
    3    9   34   10    3
    3   10   34   35    3
    3   10   35   11    3
    3   11   35   36    3
    3   11   36   12    3
    3   12   36   37    3
    3   12   37   13    3
    3   13   37   38    3
    3   13   38   14    3
    3   14   38   39    3
    3   14   39   15    3
    3   15   39   40    3
    3   15   40   16    3
    3   16   40   41    3
    3   16   41   17    3
    3   17   41   42    3
    3   17   42   18    3
    3   18   42   43    3
    3   18   43   19    3
    3   19   43   44    3
    3   19   44   20    3
    3   20   44   45    3
    3   20   45   21    3
    3   21   45   46    3
    3   21   46   22    3
    3   22   46   47    3
    3   22   47   23    3
    3   23   47   48    3
    3   23   48   24    3
    3   24   48   25    3
    3   24   25    1    3
    3   25   49   50    3
    3   25   50   26    3
    3   26   50   51    3
    3   26   51   27    3
    3   27   51   52    3
    3   27   52   28    3
    3   28   52   53    3
    3   28   53   29    3
    3   29   53   54    3
    3   29   54   30    3
    3   30   54   55    3
    3   30   55   31    3
    3   31   55   56    3
    3   31   56   32    3
    3   32   56   57    3
    3   32   57   33    3
    3   33   57   58    3
    3   33   58   34    3
    3   34   58   59    3
    3   34   59   35    3
    3   35   59   60    3
    3   35   60   36    3
    3   36   60   61    3
    3   36   61   37    3
    3   37   61   62    3
    3   37   62   38    3
    3   38   62   63    3
    3   38   63   39    3
    3   39   63   64    3
    3   39   64   40    3
    3   40   64   65    3
    3   40   65   41    3
    3   41   65   66    3
    3   41   66   42    3
    3   42   66   67    3
    3   42   67   43    3
    3   43   67   68    3
    3   43   68   44    3
    3   44   68   69    3
    3   44   69   45    3
    3   45   69   70    3
    3   45   70   46    3
    3   46   70   71    3
    3   46   71   47    3
    3   47   71   72    3
    3   47   72   48    3
    3   48   72   49    3
    3   48   49   25    3
    3   49   73   74    3
    3   49   74   50    3
    3   50   74   75    3
    3   50   75   51    3
    3   51   75   76    3
    3   51   76   52    3
    3   52   76   77    3
    3   52   77   53    3
    3   53   77   78    3
    3   53   78   54    3
    3   54   78   79    3
    3   54   79   55    3
    3   55   79   80    3
    3   55   80   56    3
    3   56   80   81    3
    3   56   81   57    3
    3   57   81   82    3
    3   57   82   58    3
    3   58   82   83    3
    3   58   83   59    3
    3   59   83   84    3
    3   59   84   60    3
    3   60   84   85    3
    3   60   85   61    3
    3   61   85   86    3
    3   61   86   62    3
    3   62   86   87    3
    3   62   87   63    3
    3   63   87   88    3
    3   63   88   64    3
    3   64   88   89    3
    3   64   89   65    3
    3   65   89   90    3
    3   65   90   66    3
    3   66   90   91    3
    3   66   91   67    3
    3   67   91   92    3
    3   67   92   68    3
    3   68   92   93    3
    3   68   93   69    3
    3   69   93   94    3
    3   69   94   70    3
    3   70   94   95    3
    3   70   95   71    3
    3   71   95   96    3
    3   71   96   72    3
    3   72   96   73    3
    3   72   73   49    3
    3   73   97   98    3
    3   73   98   74    3
    3   74   98   99    3
    3   74   99   75    3
    3   75   99  100    3
    3   75  100   76    3
    3   76  100  101    3
    3   76  101   77    3
    3   77  101  102    3
    3   77  102   78    3
    3   78  102  103    3
    3   78  103   79    3
    3   79  103  104    3
    3   79  104   80    3
    3   80  104  105    3
    3   80  105   81    3
    3   81  105  106    3
    3   81  106   82    3
    3   82  106  107    3
    3   82  107   83    3
    3   83  107  108    3
    3   83  108   84    3
    3   84  108  109    3
    3   84  109   85    3
    3   85  109  110    3
    3   85  110   86    3
    3   86  110  111    3
    3   86  111   87    3
    3   87  111  112    3
    3   87  112   88    3
    3   88  112  113    3
    3   88  113   89    3
    3   89  113  114    3
    3   89  114   90    3
    3   90  114  115    3
    3   90  115   91    3
    3   91  115  116    3
    3   91  116   92    3
    3   92  116  117    3
    3   92  117   93    3
    3   93  117  118    3
    3   93  118   94    3
    3   94  118  119    3
    3   94  119   95    3
    3   95  119  120    3
    3   95  120   96    3
    3   96  120   97    3
    3   96   97   73    3
    3   97  121  122    3
    3   97  122   98    3
    3   98  122  123    3
    3   98  123   99    3
    3   99  123  124    3
    3   99  124  100    3
    3  100  124  125    3
    3  100  125  101    3
    3  101  125  126    3
    3  101  126  102    3
    3  102  126  127    3
    3  102  127  103    3
    3  103  127  128    3
    3  103  128  104    3
    3  104  128  129    3
    3  104  129  105    3
    3  105  129  130    3
    3  105  130  106    3
    3  106  130  131    3
    3  106  131  107    3
    3  107  131  132    3
    3  107  132  108    3
    3  108  132  133    3
    3  108  133  109    3
    3  109  133  134    3
    3  109  134  110    3
    3  110  134  135    3
    3  110  135  111    3
    3  111  135  136    3
    3  111  136  112    3
    3  112  136  137    3
    3  112  137  113    3
    3  113  137  138    3
    3  113  138  114    3
    3  114  138  139    3
    3  114  139  115    3
    3  115  139  140    3
    3  115  140  116    3
    3  116  140  141    3
    3  116  141  117    3
    3  117  141  142    3
    3  117  142  118    3
    3  118  142  143    3
    3  118  143  119    3
    3  119  143  144    3
    3  119  144  120    3
    3  120  144  121    3
    3  120  121   97    3
    3  121  145  146    3
    3  121  146  122    3
    3  122  146  147    3
    3  122  147  123    3
    3  123  147  148    3
    3  123  148  124    3
    3  124  148  149    3
    3  124  149  125    3
    3  125  149  150    3
    3  125  150  126    3
    3  126  150  151    3
    3  126  151  127    3
    3  127  151  152    3
    3  127  152  128    3
    3  128  152  153    3
    3  128  153  129    3
    3  129  153  154    3
    3  129  154  130    3
    3  130  154  155    3
    3  130  155  131    3
    3  131  155  156    3
    3  131  156  132    3
    3  132  156  157    3
    3  132  157  133    3
    3  133  157  158    3
    3  133  158  134    3
    3  134  158  159    3
    3  134  159  135    3
    3  135  159  160    3
    3  135  160  136    3
    3  136  160  161    3
    3  136  161  137    3
    3  137  161  162    3
    3  137  162  138    3
    3  138  162  163    3
    3  138  163  139    3
    3  139  163  164    3
    3  139  164  140    3
    3  140  164  165    3
    3  140  165  141    3
    3  141  165  166    3
    3  141  166  142    3
    3  142  166  167    3
    3  142  167  143    3
    3  143  167  168    3
    3  143  168  144    3
    3  144  168  145    3
    3  144  145  121    3
    3  145  169  170    3
    3  145  170  146    3
    3  146  170  171    3
    3  146  171  147    3
    3  147  171  172    3
    3  147  172  148    3
    3  148  172  173    3
    3  148  173  149    3
    3  149  173  174    3
    3  149  174  150    3
    3  150  174  175    3
    3  150  175  151    3
    3  151  175  176    3
    3  151  176  152    3
    3  152  176  177    3
    3  152  177  153    3
    3  153  177  178    3
    3  153  178  154    3
    3  154  178  179    3
    3  154  179  155    3
    3  155  179  180    3
    3  155  180  156    3
    3  156  180  181    3
    3  156  181  157    3
    3  157  181  182    3
    3  157  182  158    3
    3  158  182  183    3
    3  158  183  159    3
    3  159  183  184    3
    3  159  184  160    3
    3  160  184  185    3
    3  160  185  161    3
    3  161  185  186    3
    3  161  186  162    3
    3  162  186  187    3
    3  162  187  163    3
    3  163  187  188    3
    3  163  188  164    3
    3  164  188  189    3
    3  164  189  165    3
    3  165  189  190    3
    3  165  190  166    3
    3  166  190  191    3
    3  166  191  167    3
    3  167  191  192    3
    3  167  192  168    3
    3  168  192  169    3
    3  168  169  145    3
    3  169  193  194    3
    3  169  194  170    3
    3  170  194  195    3
    3  170  195  171    3
    3  171  195  196    3
    3  171  196  172    3
    3  172  196  197    3
    3  172  197  173    3
    3  173  197  198    3
    3  173  198  174    3
    3  174  198  199    3
    3  174  199  175    3
    3  175  199  200    3
    3  175  200  176    3
    3  176  200  201    3
    3  176  201  177    3
    3  177  201  202    3
    3  177  202  178    3
    3  178  202  203    3
    3  178  203  179    3
    3  179  203  204    3
    3  179  204  180    3
    3  180  204  205    3
    3  180  205  181    3
    3  181  205  206    3
    3  181  206  182    3
    3  182  206  207    3
    3  182  207  183    3
    3  183  207  208    3
    3  183  208  184    3
    3  184  208  209    3
    3  184  209  185    3
    3  185  209  210    3
    3  185  210  186    3
    3  186  210  211    3
    3  186  211  187    3
    3  187  211  212    3
    3  187  212  188    3
    3  188  212  213    3
    3  188  213  189    3
    3  189  213  214    3
    3  189  214  190    3
    3  190  214  215    3
    3  190  215  191    3
    3  191  215  216    3
    3  191  216  192    3
    3  192  216  193    3
    3  192  193  169    3
    3  193  217  218    3
    3  193  218  194    3
    3  194  218  219    3
    3  194  219  195    3
    3  195  219  220    3
    3  195  220  196    3
    3  196  220  221    3
    3  196  221  197    3
    3  197  221  222    3
    3  197  222  198    3
    3  198  222  223    3
    3  198  223  199    3
    3  199  223  224    3
    3  199  224  200    3
    3  200  224  225    3
    3  200  225  201    3
    3  201  225  226    3
    3  201  226  202    3
    3  202  226  227    3
    3  202  227  203    3
    3  203  227  228    3
    3  203  228  204    3
    3  204  228  229    3
    3  204  229  205    3
    3  205  229  230    3
    3  205  230  206    3
    3  206  230  231    3
    3  206  231  207    3
    3  207  231  232    3
    3  207  232  208    3
    3  208  232  233    3
    3  208  233  209    3
    3  209  233  234    3
    3  209  234  210    3
    3  210  234  235    3
    3  210  235  211    3
    3  211  235  236    3
    3  211  236  212    3
    3  212  236  237    3
    3  212  237  213    3
    3  213  237  238    3
    3  213  238  214    3
    3  214  238  239    3
    3  214  239  215    3
    3  215  239  240    3
    3  215  240  216    3
    3  216  240  217    3
    3  216  217  193    3
    3  217  241  242    3
    3  217  242  218    3
    3  218  242  243    3
    3  218  243  219    3
    3  219  243  244    3
    3  219  244  220    3
    3  220  244  245    3
    3  220  245  221    3
    3  221  245  246    3
    3  221  246  222    3
    3  222  246  247    3
    3  222  247  223    3
    3  223  247  248    3
    3  223  248  224    3
    3  224  248  249    3
    3  224  249  225    3
    3  225  249  250    3
    3  225  250  226    3
    3  226  250  251    3
    3  226  251  227    3
    3  227  251  252    3
    3  227  252  228    3
    3  228  252  253    3
    3  228  253  229    3
    3  229  253  254    3
    3  229  254  230    3
    3  230  254  255    3
    3  230  255  231    3
    3  231  255  256    3
    3  231  256  232    3
    3  232  256  257    3
    3  232  257  233    3
    3  233  257  258    3
    3  233  258  234    3
    3  234  258  259    3
    3  234  259  235    3
    3  235  259  260    3
    3  235  260  236    3
    3  236  260  261    3
    3  236  261  237    3
    3  237  261  262    3
    3  237  262  238    3
    3  238  262  263    3
    3  238  263  239    3
    3  239  263  264    3
    3  239  264  240    3
    3  240  264  241    3
    3  240  241  217    3
    3  264  265  241    3
    3  264  266  265    3
    3  263  266  264    3
    3  263  267  266    3
    3  262  267  263    3
    3  262  268  267    3
    3  261  268  262    3
    3  261  269  268    3
    3  260  269  261    3
    3  260  270  269    3
    3  259  270  260    3
    3  259  271  270    3
    3  258  271  259    3
    3  258  272  271    3
    3  257  272  258    3
    3  257  273  272    3
    3  256  273  257    3
    3  256  274  273    3
    3  255  274  256    3
    3  255  275  274    3
    3  254  275  255    3
    3  254  276  275    3
    3  253  276  254    3
    3  253  277  276    3
    3  252  277  253    3
    3  252  278  277    3
    3  251  278  252    3
    3  251  279  278    3
    3  250  279  251    3
    3  250  280  279    3
    3  249  280  250    3
    3  249  281  280    3
    3  248  281  249    3
    3  248  282  281    3
    3  247  282  248    3
    3  247  283  282    3
    3  246  283  247    3
    3  246  284  283    3
    3  245  284  246    3
    3  245  285  284    3
    3  244  285  245    3
    3  244  286  285    3
    3  243  286  244    3
    3  243  287  286    3
    3  242  287  243    3
    3  242  288  287    3
    3  241  288  242    3
    3  241  265  288    3
    3  289  279  290    1
    3  291  288  292    1
    3  293  294  295    3
    3  296  275  276    1
    3  297  298  299    1
    3  300  301  302    1
    3  303  304  305    3
    3  292  306  307    1
    3  308  309  310    4
    3  300  293  301    1
    3  311  312  313    3
    3  290  314  315    1
    3  316  317  318    1
    3  319  320  321    3
    3  317  322  308    1
    3  286  323  285    1
    3  286  287  320    1
    3  298  297  293    1
    3  324  325  273    1
    3  326  271  272    1
    3  327  328  301    1
    3  329  326  330    1
    3  300  331  304    1
    3  332  282  302    1
    3  272  325  326    1
    3  296  276  316    1
    3  296  333  275    1
    3  324  334  325    1
    3  335  329  336    1
    3  315  328  337    1
    3  338  339  303    3
    3  334  340  341    4
    3  279  289  278    1
    3  274  275  333    1
    3  322  278  289    1
    3  342  343  344    3
    3  332  301  328    1
    3  314  290  280    1
    3  345  338  346    3
    3  324  333  334    1
    3  277  316  276    1
    3  266  267  335    1
    3  288  291  287    1
    3  347  348  349    3
    3  316  322  317    1
    3  297  350  351    4
    3  327  301  293    1
    3  283  331  302    1
    3  352  353  354    4
    3  326  269  270    1
    3  332  302  301    1
    3  355  299  298    1
    3  312  356  357    3
    3  330  355  329    1
    3  336  306  335    1
    3  271  326  270    1
    3  358  359  360    4
    3  298  361  362    3
    3  283  302  282    1
    3  336  329  355    1
    3  326  363  330    1
    3  265  292  288    1
    3  300  364  365    3
    3  366  367  368    4
    3  333  318  334    1
    3  369  361  370    3
    3  327  293  297    1
    3  278  322  277    1
    3  320  291  356    3
    3  371  285  323    1
    3  363  325  334    1
    3  371  331  284    1
    3  364  339  349    3
    3  268  335  267    1
    3  372  363  373    4
    3  280  290  279    1
    3  266  306  265    1
    3  316  277  322    1
    3  328  315  314    1
    3  308  315  367    1
    3  355  330  372    1
    3  327  297  337    1
    3  280  281  314    1
    3  374  340  375    4
    3  296  316  318    1
    3  352  376  377    4
    3  355  307  336    1
    3  292  343  378    3
    3  326  325  363    1
    3  320  287  291    1
    3  345  319  379    3
    3  380  372  381    4
    3  358  366  382    4
    3  268  329  335    1
    3  273  274  324    1
    3  336  307  306    1
    3  265  306  292    1
    3  296  318  333    1
    3  383  374  384    4
    3  329  268  269    1
    3  385  373  386    4
    3  333  324  274    1
    3  283  284  331    1
    3  298  307  355    1
    3  299  353  387    4
    3  308  289  315    1
    3  273  325  272    1
    3  327  337  328    1
    3  388  376  389    4
    3  314  332  328    1
    3  281  282  332    1
    3  315  289  290    1
    3  363  372  330    1
    3  355  372  299    1
    3  285  371  284    1
    3  314  281  332    1
    3  269  326  329    1
    3  369  347  311    3
    3  266  335  306    1
    3  286  320  323    1
    3  308  322  289    1
    3  300  302  331    1
    3  343  390  313    3
    3  292  307  344    3
    3  298  348  370    3
    3  361  390  342    3
    3  343  342  390    3
    3  342  307  362    3
    3  347  369  348    3
    3  361  369  390    3
    3  369  311  390    3
    3  312  311  347    3
    3  311  313  390    3
    3  313  312  378    3
    3  298  362  307    3
    3  342  362  361    3
    3  342  344  307    3
    3  292  344  343    3
    3  369  370  348    3
    3  298  370  361    3
    3  292  378  312    3
    3  313  378  343    3
    3  334  318  375    4
    3  340  391  388    4
    3  318  317  384    4
    3  340  374  391    4
    3  352  385  389    4
    3  376  391  359    4
    3  376  388  391    4
    3  388  385  341    4
    3  359  391  383    4
    3  359  358  377    4
    3  374  383  391    4
    3  383  317  360    4
    3  374  375  318    4
    3  334  375  340    4
    3  334  341  385    4
    3  388  341  340    4
    3  388  389  385    4
    3  352  389  376    4
    3  352  377  358    4
    3  359  377  376    4
    3  358  360  317    4
    3  383  360  359    4
    3  383  384  317    4
    3  318  384  374    4
    3  367  358  309    4
    3  315  337  368    1
    3  353  352  350    4
    3  353  299  380    4
    3  372  380  299    4
    3  380  385  354    4
    3  350  352  392    4
    3  350  297  387    4
    3  366  337  392    4
    3  367  366  358    4
    3  363  334  386    4
    3  373  385  381    4
    3  392  337  351    4
    3  392  352  382    4
    3  380  381  385    4
    3  373  381  372    4
    3  358  317  310    4
    3  367  309  308    4
    3  385  386  334    4
    3  363  386  373    4
    3  366  368  337    4
    3  315  368  367    1
    3  299  387  297    4
    3  350  387  353    4
    3  352  354  385    4
    3  380  354  353    4
    3  358  382  352    4
    3  392  382  366    4
    3  297  351  337    4
    3  392  351  350    4
    3  308  310  317    4
    3  358  310  309    4
    3  312  347  379    3
    3  320  319  323    3
    3  371  323  346    3
    3  338  347  393    3
    3  364  300  394    3
    3  364  348  294    3
    3  319  345  323    3
    3  338  345  347    3
    3  348  298  295    3
    3  294  293  365    3
    3  304  339  394    3
    3  331  371  305    1
    3  364  349  348    3
    3  349  339  393    3
    3  338  393  339    3
    3  349  393  347    3
    3  338  303  371    3
    3  304  303  339    3
    3  356  312  321    3
    3  291  292  357    3
    3  364  394  339    3
    3  304  394  300    3
    3  319  321  312    3
    3  356  321  320    3
    3  293  295  298    3
    3  348  295  294    3
    3  312  357  292    3
    3  291  357  356    3
    3  345  346  323    3
    3  371  346  338    3
    3  303  305  371    3
    3  331  305  304    1
    3  345  379  347    3
    3  312  379  319    3
    3  300  365  293    3
    3  294  365  364    3
C Prescribed Values(Inlet, Outlet), InteractionSurface(Inlet, Outlet)
       3        1        0        2        2        2
C Inlet Velocity
C     Vx,           Vy,            Vz,    indVx,indVy,indVz, FunID (3E18.9, 4I5)
   0.000000000e+00   1.000000000e+00   0.000000000e+00    1    0    1    4
C Inlet Pressure, FunID (E18.9,I5)
   1.000000000e+00    3
C Outlet Pressure (E18.9,I5)
   1.000000000e+00    2
C Inlet Velocity
C nNodeID,    Vx,           Vy,            Vz (I5, 3E18.9)
  265
    1   1.000000000e+00   7.400000000e+00  -6.000000000e-01
    2  -1.200000000e+00   7.000000000e+00  -8.000000000e-01
    3  -1.100000000e+00   7.000000000e+00  -1.500000000e+00
    4  -7.000000000e-01   7.000000000e+00  -2.200000000e+00
    5   0.000000000e+00   7.000000000e+00  -2.900000000e+00
    6   1.300000000e+00   7.000000000e+00  -3.500000000e+00
    7   2.300000000e+00   7.000000000e+00  -3.300000000e+00
    8   2.400000000e+00   7.000000000e+00  -2.600000000e+00
    9   2.000000000e+00   7.000000000e+00  -2.100000000e+00
   10   1.900000000e+00   7.000000000e+00  -1.800000000e+00
   11   1.900000000e+00   7.000000000e+00  -1.600000000e+00
   12   2.100000000e+00   7.000000000e+00  -1.500000000e+00
   13   2.300000000e+00   7.000000000e+00  -1.200000000e+00
   14   2.700000000e+00   7.000000000e+00  -6.000000000e-01
   15   2.700000000e+00   7.000000000e+00   4.000000000e-01
   16   2.400000000e+00   7.000000000e+00   1.200000000e+00
   17   1.900000000e+00   7.000000000e+00   1.600000000e+00
   18   1.400000000e+00   7.000000000e+00   1.900000000e+00
   19   5.000000000e-01   7.000000000e+00   2.000000000e+00
   20  -6.000000000e-01   7.000000000e+00   1.700000000e+00
   21  -2.000000000e-01   7.000000000e+00   1.100000000e+00
   22   2.000000000e-01   7.000000000e+00   9.000000000e-01
   23   1.000000000e-01   7.000000000e+00   9.000000000e-01
   24  -2.000000000e-01   7.000000000e+00   9.000000000e-01
   25  -7.000000000e-01   7.000000000e+00   4.000000000e-01
   26  -1.700000000e+00   6.600000000e+00  -2.000000000e-01
   27  -1.600000000e+00   6.600000000e+00  -1.200000000e+00
   28  -1.200000000e+00   6.600000000e+00  -2.100000000e+00
   29  -5.000000000e-01   6.600000000e+00  -3.000000000e+00
   30   9.000000000e-01   6.600000000e+00  -3.800000000e+00
   31   2.000000000e+00   6.600000000e+00  -3.700000000e+00
   32   2.200000000e+00   6.600000000e+00  -3.100000000e+00
   33   2.000000000e+00   6.600000000e+00  -2.600000000e+00
   34   2.000000000e+00   6.600000000e+00  -2.400000000e+00
   35   2.400000000e+00   6.600000000e+00  -2.100000000e+00
   36   2.800000000e+00   6.600000000e+00  -1.700000000e+00
   37   3.100000000e+00   6.600000000e+00  -1.100000000e+00
   38   3.400000000e+00   6.600000000e+00  -3.000000000e-01
   39   3.400000000e+00   6.600000000e+00   7.000000000e-01
   40   3.000000000e+00   6.600000000e+00   1.600000000e+00
   41   2.400000000e+00   6.600000000e+00   2.200000000e+00
   42   1.800000000e+00   6.600000000e+00   2.400000000e+00
   43   1.000000000e+00   6.600000000e+00   2.600000000e+00
   44   1.000000000e-01   6.600000000e+00   2.300000000e+00
   45   5.000000000e-01   6.600000000e+00   2.000000000e+00
   46   8.000000000e-01   6.600000000e+00   1.900000000e+00
   47   6.000000000e-01   6.600000000e+00   2.200000000e+00
   48  -1.000000000e-01   6.600000000e+00   2.100000000e+00
   49  -1.000000000e+00   6.600000000e+00   1.400000000e+00
   50  -1.900000000e+00   6.200000000e+00   1.500000000e+00
   51  -2.100000000e+00   6.200000000e+00   4.000000000e-01
   52  -2.000000000e+00   6.200000000e+00  -9.000000000e-01
   53  -1.200000000e+00   6.200000000e+00  -2.300000000e+00
   54   3.000000000e-01   6.200000000e+00  -3.400000000e+00
   55   1.500000000e+00   6.200000000e+00  -3.600000000e+00
   56   2.000000000e+00   6.200000000e+00  -3.200000000e+00
   57   2.200000000e+00   6.200000000e+00  -2.800000000e+00
   58   2.500000000e+00   6.200000000e+00  -2.500000000e+00
   59   3.000000000e+00   6.200000000e+00  -2.000000000e+00
   60   3.500000000e+00   6.200000000e+00  -1.300000000e+00
   61   3.900000000e+00   6.200000000e+00  -5.000000000e-01
   62   4.200000000e+00   6.200000000e+00   5.000000000e-01
   63   4.000000000e+00   6.200000000e+00   1.700000000e+00
   64   3.400000000e+00   6.200000000e+00   2.600000000e+00
   65   3.000000000e+00   6.200000000e+00   2.600000000e+00
   66   2.900000000e+00   6.200000000e+00   2.500000000e+00
   67   2.200000000e+00   6.200000000e+00   2.900000000e+00
   68   9.000000000e-01   6.200000000e+00   3.000000000e+00
   69   4.000000000e-01   6.200000000e+00   2.800000000e+00
   70   3.000000000e-01   6.200000000e+00   2.700000000e+00
   71   1.000000000e-01   6.200000000e+00   2.700000000e+00
   72  -4.000000000e-01   6.200000000e+00   2.800000000e+00
   73  -1.200000000e+00   6.200000000e+00   2.600000000e+00
   74  -2.100000000e+00   5.800000000e+00   2.700000000e+00
   75  -2.600000000e+00   5.800000000e+00   1.600000000e+00
   76  -2.600000000e+00   5.800000000e+00   0.000000000e+00
   77  -1.900000000e+00   5.800000000e+00  -1.700000000e+00
   78  -4.000000000e-01   5.800000000e+00  -3.200000000e+00
   79   1.000000000e+00   5.800000000e+00  -3.500000000e+00
   80   1.900000000e+00   5.800000000e+00  -3.300000000e+00
   81   2.500000000e+00   5.800000000e+00  -2.900000000e+00
   82   2.900000000e+00   5.800000000e+00  -2.400000000e+00
   83   3.600000000e+00   5.800000000e+00  -1.900000000e+00
   84   4.100000000e+00   5.800000000e+00  -1.100000000e+00
   85   4.400000000e+00   5.800000000e+00  -4.000000000e-01
   86   4.600000000e+00   5.800000000e+00   6.000000000e-01
   87   4.500000000e+00   5.800000000e+00   1.800000000e+00
   88   3.800000000e+00   5.800000000e+00   3.000000000e+00
   89   3.300000000e+00   5.800000000e+00   3.100000000e+00
   90   3.100000000e+00   5.800000000e+00   3.000000000e+00
   91   2.700000000e+00   5.800000000e+00   3.300000000e+00
   92   1.600000000e+00   5.800000000e+00   3.500000000e+00
   93   8.000000000e-01   5.800000000e+00   3.500000000e+00
   94   3.000000000e-01   5.800000000e+00   3.400000000e+00
   95   0.000000000e+00   5.800000000e+00   3.400000000e+00
   96  -6.000000000e-01   5.800000000e+00   3.600000000e+00
   97  -1.300000000e+00   5.800000000e+00   3.600000000e+00
   98  -2.400000000e+00   5.300000000e+00   3.100000000e+00
   99  -3.100000000e+00   5.300000000e+00   2.100000000e+00
  100  -3.200000000e+00   5.300000000e+00   4.000000000e-01
  101  -2.400000000e+00   5.300000000e+00  -1.700000000e+00
  102  -7.000000000e-01   5.300000000e+00  -3.500000000e+00
  103   1.100000000e+00   5.300000000e+00  -4.000000000e+00
  104   2.300000000e+00   5.300000000e+00  -3.700000000e+00
  105   2.900000000e+00   5.300000000e+00  -3.200000000e+00
  106   3.400000000e+00   5.300000000e+00  -2.600000000e+00
  107   3.900000000e+00   5.300000000e+00  -1.900000000e+00
  108   4.400000000e+00   5.300000000e+00  -1.100000000e+00
  109   4.600000000e+00   5.300000000e+00  -3.000000000e-01
  110   4.700000000e+00   5.300000000e+00   4.000000000e-01
  111   4.700000000e+00   5.300000000e+00   1.700000000e+00
  112   3.900000000e+00   5.300000000e+00   3.200000000e+00
  113   3.100000000e+00   5.300000000e+00   3.500000000e+00
  114   2.800000000e+00   5.300000000e+00   3.500000000e+00
  115   2.300000000e+00   5.300000000e+00   3.600000000e+00
  116   1.300000000e+00   5.300000000e+00   3.800000000e+00
  117   5.000000000e-01   5.300000000e+00   3.700000000e+00
  118  -2.000000000e-01   5.300000000e+00   3.600000000e+00
  119  -6.000000000e-01   5.300000000e+00   3.500000000e+00
  120  -1.000000000e+00   5.300000000e+00   3.700000000e+00
  121  -1.700000000e+00   5.300000000e+00   3.800000000e+00
  122  -2.800000000e+00   4.900000000e+00   3.300000000e+00
  123  -3.400000000e+00   4.900000000e+00   2.200000000e+00
  124  -3.700000000e+00   4.900000000e+00   4.000000000e-01
  125  -2.900000000e+00   4.900000000e+00  -1.900000000e+00
  126  -8.000000000e-01   4.900000000e+00  -4.000000000e+00
  127   1.400000000e+00   4.900000000e+00  -4.700000000e+00
  128   2.700000000e+00   4.900000000e+00  -4.100000000e+00
  129   3.500000000e+00   4.900000000e+00  -3.400000000e+00
  130   4.000000000e+00   4.900000000e+00  -2.700000000e+00
  131   4.600000000e+00   4.900000000e+00  -1.800000000e+00
  132   5.000000000e+00   4.900000000e+00  -7.000000000e-01
  133   5.000000000e+00   4.900000000e+00   0.000000000e+00
  134   4.800000000e+00   4.900000000e+00   7.000000000e-01
  135   4.700000000e+00   4.900000000e+00   1.700000000e+00
  136   3.800000000e+00   4.900000000e+00   3.400000000e+00
  137   2.800000000e+00   4.900000000e+00   4.100000000e+00
  138   2.100000000e+00   4.900000000e+00   4.100000000e+00
  139   1.400000000e+00   4.900000000e+00   4.100000000e+00
  140   4.000000000e-01   4.900000000e+00   4.100000000e+00
  141  -5.000000000e-01   4.900000000e+00   4.000000000e+00
  142  -1.200000000e+00   4.900000000e+00   3.600000000e+00
  143  -1.400000000e+00   4.900000000e+00   3.400000000e+00
  144  -1.500000000e+00   4.900000000e+00   3.700000000e+00
  145  -2.000000000e+00   4.900000000e+00   4.000000000e+00
  146  -3.500000000e+00   3.900000000e+00   2.200000000e+00
  147  -3.800000000e+00   3.900000000e+00   9.000000000e-01
  148  -3.800000000e+00   3.900000000e+00  -1.100000000e+00
  149  -2.600000000e+00   3.900000000e+00  -3.600000000e+00
  150  -2.000000000e-01   3.900000000e+00  -5.800000000e+00
  151   2.400000000e+00   3.900000000e+00  -6.300000000e+00
  152   3.800000000e+00   3.900000000e+00  -5.500000000e+00
  153   4.300000000e+00   3.900000000e+00  -4.400000000e+00
  154   4.600000000e+00   3.900000000e+00  -3.600000000e+00
  155   5.100000000e+00   3.900000000e+00  -2.600000000e+00
  156   5.700000000e+00   3.900000000e+00  -1.300000000e+00
  157   5.600000000e+00   3.900000000e+00  -3.000000000e-01
  158   5.300000000e+00   3.900000000e+00   4.000000000e-01
  159   5.100000000e+00   3.900000000e+00   1.100000000e+00
  160   4.200000000e+00   3.900000000e+00   3.000000000e+00
  161   2.900000000e+00   3.900000000e+00   3.900000000e+00
  162   2.100000000e+00   3.900000000e+00   3.800000000e+00
  163   1.500000000e+00   3.900000000e+00   3.700000000e+00
  164   4.000000000e-01   3.900000000e+00   3.800000000e+00
  165  -8.000000000e-01   3.900000000e+00   3.600000000e+00
  166  -1.900000000e+00   3.900000000e+00   3.000000000e+00
  167  -1.900000000e+00   3.900000000e+00   2.900000000e+00
  168  -2.000000000e+00   3.900000000e+00   3.300000000e+00
  169  -2.600000000e+00   3.900000000e+00   3.300000000e+00
  170  -4.100000000e+00   2.800000000e+00  -3.000000000e-01
  171  -4.100000000e+00   2.800000000e+00  -1.400000000e+00
  172  -3.900000000e+00   2.800000000e+00  -3.000000000e+00
  173  -2.900000000e+00   2.800000000e+00  -4.900000000e+00
  174  -6.000000000e-01   2.800000000e+00  -7.000000000e+00
  175   2.500000000e+00   2.800000000e+00  -7.600000000e+00
  176   4.100000000e+00   2.800000000e+00  -6.600000000e+00
  177   4.500000000e+00   2.800000000e+00  -5.300000000e+00
  178   4.500000000e+00   2.800000000e+00  -4.400000000e+00
  179   4.800000000e+00   2.800000000e+00  -3.700000000e+00
  180   5.400000000e+00   2.800000000e+00  -2.600000000e+00
  181   5.600000000e+00   2.800000000e+00  -1.700000000e+00
  182   5.500000000e+00   2.800000000e+00  -1.000000000e+00
  183   5.500000000e+00   2.800000000e+00   1.000000000e-01
  184   4.400000000e+00   2.800000000e+00   2.500000000e+00
  185   2.900000000e+00   2.800000000e+00   3.600000000e+00
  186   2.100000000e+00   2.800000000e+00   3.300000000e+00
  187   1.500000000e+00   2.800000000e+00   3.100000000e+00
  188   5.000000000e-01   2.800000000e+00   3.200000000e+00
  189  -7.000000000e-01   2.800000000e+00   3.000000000e+00
  190  -1.500000000e+00   2.800000000e+00   2.500000000e+00
  191  -1.700000000e+00   2.800000000e+00   2.400000000e+00
  192  -2.300000000e+00   2.800000000e+00   2.400000000e+00
  193  -3.400000000e+00   2.800000000e+00   1.600000000e+00
  194  -4.800000000e+00   1.600000000e+00  -2.800000000e+00
  195  -4.400000000e+00   1.600000000e+00  -3.600000000e+00
  196  -4.200000000e+00   1.600000000e+00  -4.200000000e+00
  197  -3.700000000e+00   1.600000000e+00  -5.400000000e+00
  198  -1.700000000e+00   1.600000000e+00  -7.200000000e+00
  199   1.300000000e+00   1.600000000e+00  -8.000000000e+00
  200   3.300000000e+00   1.600000000e+00  -7.300000000e+00
  201   4.200000000e+00   1.600000000e+00  -6.200000000e+00
  202   4.500000000e+00   1.600000000e+00  -5.200000000e+00
  203   4.900000000e+00   1.600000000e+00  -4.400000000e+00
  204   5.500000000e+00   1.600000000e+00  -3.200000000e+00
  205   5.700000000e+00   1.600000000e+00  -2.400000000e+00
  206   5.700000000e+00   1.600000000e+00  -1.800000000e+00
  207   5.700000000e+00   1.600000000e+00  -7.000000000e-01
  208   4.600000000e+00   1.600000000e+00   1.900000000e+00
  209   3.000000000e+00   1.600000000e+00   3.100000000e+00
  210   2.100000000e+00   1.600000000e+00   2.800000000e+00
  211   1.700000000e+00   1.600000000e+00   2.600000000e+00
  212   6.000000000e-01   1.600000000e+00   2.700000000e+00
  213  -5.000000000e-01   1.600000000e+00   2.500000000e+00
  214  -1.500000000e+00   1.600000000e+00   2.100000000e+00
  215  -1.900000000e+00   1.600000000e+00   2.000000000e+00
  216  -2.700000000e+00   1.600000000e+00   1.600000000e+00
  217  -4.300000000e+00   1.600000000e+00  -1.000000000e-01
  218  -5.000000000e+00   5.000000000e-01  -4.100000000e+00
  219  -4.400000000e+00   5.000000000e-01  -4.800000000e+00
  220  -4.000000000e+00   5.000000000e-01  -5.600000000e+00
  221  -3.100000000e+00   5.000000000e-01  -6.800000000e+00
  222  -8.000000000e-01   5.000000000e-01  -8.500000000e+00
  223   2.100000000e+00   5.000000000e-01  -9.100000000e+00
  224   3.800000000e+00   5.000000000e-01  -8.200000000e+00
  225   4.300000000e+00   5.000000000e-01  -7.000000000e+00
  226   4.600000000e+00   5.000000000e-01  -6.100000000e+00
  227   5.200000000e+00   5.000000000e-01  -5.200000000e+00
  228   6.100000000e+00   5.000000000e-01  -3.700000000e+00
  229   6.200000000e+00   5.000000000e-01  -2.500000000e+00
  230   6.100000000e+00   5.000000000e-01  -1.700000000e+00
  231   5.900000000e+00   5.000000000e-01  -7.000000000e-01
  232   4.800000000e+00   5.000000000e-01   1.700000000e+00
  233   3.200000000e+00   5.000000000e-01   2.900000000e+00
  234   2.200000000e+00   5.000000000e-01   2.600000000e+00
  235   1.600000000e+00   5.000000000e-01   2.400000000e+00
  236   1.000000000e-01   5.000000000e-01   2.500000000e+00
  237  -1.300000000e+00   5.000000000e-01   1.900000000e+00
  238  -1.900000000e+00   5.000000000e-01   1.400000000e+00
  239  -2.100000000e+00   5.000000000e-01   1.200000000e+00
  240  -3.000000000e+00   5.000000000e-01   9.000000000e-01
  241  -4.500000000e+00   5.000000000e-01  -1.200000000e+00
  242  -4.400000000e+00  -6.000000000e-01  -4.100000000e+00
  243  -3.900000000e+00  -6.000000000e-01  -4.900000000e+00
  244  -3.600000000e+00  -6.000000000e-01  -5.700000000e+00
  245  -2.600000000e+00  -6.000000000e-01  -7.200000000e+00
  246  -1.000000000e-01  -6.000000000e-01  -9.000000000e+00
  247   2.300000000e+00  -6.000000000e-01  -9.400000000e+00
  248   3.500000000e+00  -6.000000000e-01  -8.600000000e+00
  249   3.900000000e+00  -6.000000000e-01  -7.900000000e+00
  250   4.500000000e+00  -6.000000000e-01  -7.300000000e+00
  251   5.700000000e+00  -6.000000000e-01  -6.200000000e+00
  252   7.000000000e+00  -6.000000000e-01  -4.200000000e+00
  253   7.000000000e+00  -6.000000000e-01  -2.700000000e+00
  254   6.500000000e+00  -6.000000000e-01  -2.200000000e+00
  255   6.400000000e+00  -6.000000000e-01  -1.700000000e+00
  256   5.700000000e+00  -6.000000000e-01   3.000000000e-01
  257   4.000000000e+00  -6.000000000e-01   1.900000000e+00
  258   3.400000000e+00  -6.000000000e-01   1.500000000e+00
  259   3.300000000e+00  -6.000000000e-01   1.400000000e+00
  260   1.800000000e+00  -6.000000000e-01   1.700000000e+00
  261  -2.000000000e-01  -6.000000000e-01   1.500000000e+00
  262  -1.100000000e+00  -6.000000000e-01   1.000000000e+00
  263  -1.500000000e+00  -6.000000000e-01   8.000000000e-01
  264  -2.600000000e+00  -6.000000000e-01   5.000000000e-01
  265  -4.200000000e+00  -6.000000000e-01  -1.700000000e+00
C Region List
