C PointsNum,MaxElemVol,TetGenParams,nAtrib,IndMov,MDMaxVolume,MDomDiv,MDOnly,MDDivF,MDPrescP
  395    1.000000e+00 YYpznno2q1.414a     0     0    1.000000e+00     1     0     0     0     0     0 YYpznno2q1.414a
  -5.121480000e-02  -8.361570000e+00   5.181900000e-02
   2.068771000e-01  -7.896820000e+00   1.059984000e+00
  -6.645900000e-02  -7.896820000e+00   1.151048000e+00
  -3.418280000e-01  -7.896820000e+00   1.063233000e+00
  -5.542570000e-01  -7.896820000e+00   8.792300000e-01
  -7.074580000e-01  -7.896820000e+00   6.718930000e-01
  -8.208340000e-01  -7.896820000e+00   4.604290000e-01
  -8.887890000e-01  -7.896820000e+00   2.380960000e-01
  -8.890680000e-01  -7.896820000e+00   1.021200000e-02
  -8.485570000e-01  -7.896820000e+00  -2.097610000e-01
  -7.660870000e-01  -7.896820000e+00  -4.178680000e-01
  -6.285420000e-01  -7.896820000e+00  -5.977370000e-01
  -4.527010000e-01  -7.896820000e+00  -7.455250000e-01
  -2.431229000e-01  -7.896820000e+00  -8.603890000e-01
  -3.448000000e-03  -7.896820000e+00  -8.998340000e-01
   2.393440000e-01  -7.896820000e+00  -8.643610000e-01
   4.584660000e-01  -7.896820000e+00  -7.564930000e-01
   6.405370000e-01  -7.896820000e+00  -5.958660000e-01
   7.587250000e-01  -7.896820000e+00  -3.874650000e-01
   7.801810000e-01  -7.896820000e+00  -1.539040000e-01
   7.384040000e-01  -7.896820000e+00   6.209800000e-02
   6.719050000e-01  -7.896820000e+00   2.502130000e-01
   5.941650000e-01  -7.896820000e+00   4.263840000e-01
   5.097470000e-01  -7.896820000e+00   6.150700000e-01
   3.956420000e-01  -7.896820000e+00   8.359680000e-01
   2.029166000e-01  -7.433070000e+00   1.402310000e+00
  -1.694520000e-01  -7.433070000e+00   1.463125000e+00
  -5.096990000e-01  -7.433070000e+00   1.287763000e+00
  -7.574050000e-01  -7.433070000e+00   1.029935000e+00
  -9.379280000e-01  -7.433070000e+00   7.736800000e-01
  -1.088520000e+00  -7.433070000e+00   5.263960000e-01
  -1.229600000e+00  -7.433070000e+00   2.686132000e-01
  -1.357030000e+00  -7.433070000e+00  -2.901500000e-02
  -1.434650000e+00  -7.433070000e+00  -3.858790000e-01
  -1.360598000e+00  -7.433070000e+00  -7.569010000e-01
  -1.096129000e+00  -7.433070000e+00  -1.025340000e+00
  -7.487920000e-01  -7.433070000e+00  -1.154840000e+00
  -4.080834000e-01  -7.433070000e+00  -1.196650000e+00
  -8.687100000e-02  -7.433070000e+00  -1.188470000e+00
   2.175210000e-01  -7.433070000e+00  -1.125909000e+00
   4.869010000e-01  -7.433070000e+00  -9.783710000e-01
   7.077500000e-01  -7.433070000e+00  -7.729380000e-01
   8.701340000e-01  -7.433070000e+00  -5.252580000e-01
   9.359860000e-01  -7.433070000e+00  -2.403868000e-01
   9.042410000e-01  -7.433070000e+00   4.120300000e-02
   8.261710000e-01  -7.433070000e+00   2.963610000e-01
   7.256970000e-01  -7.433070000e+00   5.363930000e-01
   6.185450000e-01  -7.433070000e+00   8.007270000e-01
   4.669450000e-01  -7.433070000e+00   1.111034000e+00
   2.037290000e-01  -6.968310000e+00   1.656160000e+00
  -2.349520000e-01  -6.968310000e+00   1.708930000e+00
  -6.337170000e-01  -6.968310000e+00   1.510374000e+00
  -9.294310000e-01  -6.968310000e+00   1.218688000e+00
  -1.151160000e+00  -6.968310000e+00   9.228940000e-01
  -1.334030000e+00  -6.968310000e+00   6.310600000e-01
  -1.504430000e+00  -6.968310000e+00   3.235288000e-01
  -1.658910000e+00  -6.968310000e+00  -3.331900000e-02
  -1.754080000e+00  -6.968310000e+00  -4.605190000e-01
  -1.670860000e+00  -6.968310000e+00  -9.090640000e-01
  -1.351643000e+00  -6.968310000e+00  -1.231050000e+00
  -9.294120000e-01  -6.968310000e+00  -1.380200000e+00
  -5.192710000e-01  -6.968310000e+00  -1.419670000e+00
  -1.380850000e-01  -6.968310000e+00  -1.400310000e+00
   2.193810000e-01  -6.968310000e+00  -1.319105000e+00
   5.239140000e-01  -6.968310000e+00  -1.126656000e+00
   7.602660000e-01  -6.968310000e+00  -8.722660000e-01
   9.348670000e-01  -6.968310000e+00  -5.861500000e-01
   1.022126000e+00  -6.968310000e+00  -2.694712000e-01
   1.006071000e+00  -6.968310000e+00   5.061700000e-02
   9.301910000e-01  -6.968310000e+00   3.491430000e-01
   8.200120000e-01  -6.968310000e+00   6.338120000e-01
   6.974670000e-01  -6.968310000e+00   9.493000000e-01
   5.193980000e-01  -6.968310000e+00   1.321800000e+00
   1.860940000e-01  -6.503560000e+00   1.848210000e+00
  -3.017960000e-01  -6.503560000e+00   1.903460000e+00
  -7.510470000e-01  -6.503560000e+00   1.705660000e+00
  -1.101810000e+00  -6.503560000e+00   1.405637000e+00
  -1.373090000e+00  -6.503560000e+00   1.082342000e+00
  -1.590580000e+00  -6.503560000e+00   7.435060000e-01
  -1.776380000e+00  -6.503560000e+00   3.807276000e-01
  -1.930640000e+00  -6.503560000e+00  -3.184700000e-02
  -2.009630000e+00  -6.503560000e+00  -5.112860000e-01
  -1.906090000e+00  -6.503560000e+00  -1.008460000e+00
  -1.559030000e+00  -6.503560000e+00  -1.378750000e+00
  -1.090791000e+00  -6.503560000e+00  -1.557720000e+00
  -6.269060000e-01  -6.503560000e+00  -1.610640000e+00
  -1.944300000e-01  -6.503560000e+00  -1.589400000e+00
   2.111550000e-01  -6.503560000e+00  -1.489250000e+00
   5.398320000e-01  -6.503560000e+00  -1.244010000e+00
   7.754680000e-01  -6.503560000e+00  -9.365840000e-01
   9.470970000e-01  -6.503560000e+00  -6.176180000e-01
   1.051992000e+00  -6.503560000e+00  -2.832724000e-01
   1.058536000e+00  -6.503560000e+00   6.165700000e-02
   9.938740000e-01  -6.503560000e+00   3.948790000e-01
   8.786160000e-01  -6.503560000e+00   7.172490000e-01
   7.456960000e-01  -6.503560000e+00   1.074710000e+00
   5.449540000e-01  -6.503560000e+00   1.491800000e+00
   1.557950000e-01  -6.038800000e+00   2.020060000e+00
  -3.725600000e-01  -6.038800000e+00   2.079910000e+00
  -8.694370000e-01  -6.038800000e+00   1.894890000e+00
  -1.275770000e+00  -6.038800000e+00   1.597361000e+00
  -1.603770000e+00  -6.038800000e+00   1.253382000e+00
  -1.855940000e+00  -6.038800000e+00   8.678580000e-01
  -2.052730000e+00  -6.038800000e+00   4.478001000e-01
  -2.195890000e+00  -6.038800000e+00  -2.054700000e-02
  -2.248990000e+00  -6.038800000e+00  -5.462160000e-01
  -2.120810000e+00  -6.038800000e+00  -1.082810000e+00
  -1.746990000e+00  -6.038800000e+00  -1.490390000e+00
  -1.236682000e+00  -6.038800000e+00  -1.688810000e+00
  -7.292050000e-01  -6.038800000e+00  -1.743370000e+00
  -2.559680000e-01  -6.038800000e+00  -1.717200000e+00
   1.875170000e-01  -6.038800000e+00  -1.609170000e+00
   5.395360000e-01  -6.038800000e+00  -1.331940000e+00
   7.790970000e-01  -6.038800000e+00  -9.848540000e-01
   9.525120000e-01  -6.038800000e+00  -6.388530000e-01
   1.065068000e+00  -6.038800000e+00  -2.841999000e-01
   1.084909000e+00  -6.038800000e+00   8.200600000e-02
   1.024697000e+00  -6.038800000e+00   4.413950000e-01
   9.064360000e-01  -6.038800000e+00   7.924410000e-01
   7.693280000e-01  -6.038800000e+00   1.186280000e+00
   5.528210000e-01  -6.038800000e+00   1.645470000e+00
   1.431610000e-01  -5.574050000e+00   2.179360000e+00
  -4.232700000e-01  -5.574050000e+00   2.243020000e+00
  -9.601100000e-01  -5.574050000e+00   2.063090000e+00
  -1.411750000e+00  -5.574050000e+00   1.761486000e+00
  -1.780280000e+00  -5.574050000e+00   1.394312000e+00
  -2.060130000e+00  -5.574050000e+00   9.711110000e-01
  -2.267210000e+00  -5.574050000e+00   5.055741000e-01
  -2.403890000e+00  -5.574050000e+00  -7.220000000e-03
  -2.436590000e+00  -5.574050000e+00  -5.703500000e-01
  -2.287430000e+00  -5.574050000e+00  -1.140020000e+00
  -1.889250000e+00  -5.574050000e+00  -1.574450000e+00
  -1.341796000e+00  -5.574050000e+00  -1.781080000e+00
  -7.998390000e-01  -5.574050000e+00  -1.831270000e+00
  -2.985400000e-01  -5.574050000e+00  -1.796720000e+00
   1.706600000e-01  -5.574050000e+00  -1.688900000e+00
   5.487640000e-01  -5.574050000e+00  -1.403030000e+00
   8.055960000e-01  -5.574050000e+00  -1.034870000e+00
   9.896100000e-01  -5.574050000e+00  -6.651370000e-01
   1.106743000e+00  -5.574050000e+00  -2.864259000e-01
   1.120371000e+00  -5.574050000e+00   1.033270000e-01
   1.049744000e+00  -5.574050000e+00   4.806150000e-01
   9.274040000e-01  -5.574050000e+00   8.528170000e-01
   7.894280000e-01  -5.574050000e+00   1.276310000e+00
   5.657446000e-01  -5.574050000e+00   1.775250000e+00
   1.263960000e-01  -4.669630000e+00   2.478170000e+00
  -5.024260000e-01  -4.669630000e+00   2.555810000e+00
  -1.113000000e+00  -4.669630000e+00   2.398470000e+00
  -1.651710000e+00  -4.669630000e+00   2.098270000e+00
  -2.106240000e+00  -4.669630000e+00   1.700446000e+00
  -2.443890000e+00  -4.669630000e+00   1.205322000e+00
  -2.647560000e+00  -4.669630000e+00   6.441583000e-01
  -2.733340000e+00  -4.669630000e+00   5.114500000e-02
  -2.697450000e+00  -4.669630000e+00  -5.607300000e-01
  -2.496690000e+00  -4.669630000e+00  -1.157930000e+00
  -2.077530000e+00  -4.669630000e+00  -1.632320000e+00
  -1.491278000e+00  -4.669630000e+00  -1.857530000e+00
  -9.046040000e-01  -4.669630000e+00  -1.907040000e+00
  -3.655888000e-01  -4.669630000e+00  -1.866430000e+00
   1.395400000e-01  -4.669630000e+00  -1.756680000e+00
   5.538500000e-01  -4.669630000e+00  -1.460296000e+00
   8.366460000e-01  -4.669630000e+00  -1.065510000e+00
   1.040760000e+00  -4.669630000e+00  -6.646590000e-01
   1.166281000e+00  -4.669630000e+00  -2.508417000e-01
   1.188008000e+00  -4.669630000e+00   1.740440000e-01
   1.111447000e+00  -4.669630000e+00   5.876880000e-01
   9.852810000e-01  -4.669630000e+00   9.990430000e-01
   8.409780000e-01  -4.669630000e+00   1.474170000e+00
   5.966162900e-01  -4.669630000e+00   2.032440000e+00
   1.038470000e-01  -3.764210000e+00   2.717100000e+00
  -5.699590000e-01  -3.764210000e+00   2.809100000e+00
  -1.229980000e+00  -3.764210000e+00   2.656090000e+00
  -1.827220000e+00  -3.764210000e+00   2.356630000e+00
  -2.338990000e+00  -3.764210000e+00   1.935959000e+00
  -2.716310000e+00  -3.764210000e+00   1.392271000e+00
  -2.907540000e+00  -3.764210000e+00   7.655661000e-01
  -2.944270000e+00  -3.764210000e+00   1.217740000e-01
  -2.846900000e+00  -3.764210000e+00  -5.124400000e-01
  -2.608050000e+00  -3.764210000e+00  -1.113330000e+00
  -2.188520000e+00  -3.764210000e+00  -1.608850000e+00
  -1.589200000e+00  -3.764210000e+00  -1.851790000e+00
  -9.821530000e-01  -3.764210000e+00  -1.902030000e+00
  -4.256358000e-01  -3.764210000e+00  -1.854100000e+00
   9.536200000e-02  -3.764210000e+00  -1.741070000e+00
   5.183120000e-01  -3.764210000e+00  -1.428900000e+00
   7.937290000e-01  -3.764210000e+00  -1.007666000e+00
   9.943270000e-01  -3.764210000e+00  -5.989530000e-01
   1.135983000e+00  -3.764210000e+00  -1.834339000e-01
   1.187012000e+00  -3.764210000e+00   2.506240000e-01
   1.118208000e+00  -3.764210000e+00   6.836060000e-01
   1.002937000e+00  -3.764210000e+00   1.123660000e+00
   8.651460000e-01  -3.764210000e+00   1.639350000e+00
   6.137498000e-01  -3.764210000e+00   2.252890000e+00
   8.540300000e-02  -2.859800000e+00   2.895380000e+00
  -6.230400000e-01  -2.859800000e+00   2.994140000e+00
  -1.325120000e+00  -2.859800000e+00   2.853500000e+00
  -1.971750000e+00  -2.859800000e+00   2.555610000e+00
  -2.536220000e+00  -2.859800000e+00   2.122050000e+00
  -2.948390000e+00  -2.859800000e+00   1.537489000e+00
  -3.137530000e+00  -2.859800000e+00   8.574598000e-01
  -3.139860000e+00  -2.859800000e+00   1.658740000e-01
  -3.000750000e+00  -2.859800000e+00  -4.956500000e-01
  -2.729310000e+00  -2.859800000e+00  -1.109250000e+00
  -2.296030000e+00  -2.859800000e+00  -1.622020000e+00
  -1.673910000e+00  -2.859800000e+00  -1.869590000e+00
  -1.044597000e+00  -2.859800000e+00  -1.908180000e+00
  -4.729577000e-01  -2.859800000e+00  -1.847940000e+00
   5.997200000e-02  -2.859800000e+00  -1.733580000e+00
   5.024200000e-01  -2.859800000e+00  -1.432560000e+00
   7.960360000e-01  -2.859800000e+00  -1.006692000e+00
   1.008928000e+00  -2.859800000e+00  -5.830050000e-01
   1.153816000e+00  -2.859800000e+00  -1.505402000e-01
   1.198447000e+00  -2.859800000e+00   3.011120000e-01
   1.122271000e+00  -2.859800000e+00   7.480300000e-01
   1.013332000e+00  -2.859800000e+00   1.207390000e+00
   8.797340000e-01  -2.859800000e+00   1.755720000e+00
   6.225627000e-01  -2.859800000e+00   2.409660000e+00
   3.367400000e-02  -1.954380000e+00   3.021200000e+00
  -7.062400000e-01  -1.954380000e+00   3.109590000e+00
  -1.438650000e+00  -1.954380000e+00   2.965840000e+00
  -2.113030000e+00  -1.954380000e+00   2.658580000e+00
  -2.699820000e+00  -1.954380000e+00   2.199100000e+00
  -3.125740000e+00  -1.954380000e+00   1.584914000e+00
  -3.324190000e+00  -1.954380000e+00   8.838790000e-01
  -3.335510000e+00  -1.954380000e+00   1.605710000e-01
  -3.200080000e+00  -1.954380000e+00  -5.328800000e-01
  -2.923990000e+00  -1.954380000e+00  -1.181780000e+00
  -2.471350000e+00  -1.954380000e+00  -1.725770000e+00
  -1.818730000e+00  -1.954380000e+00  -1.990960000e+00
  -1.152326000e+00  -1.954380000e+00  -2.026930000e+00
  -5.494214000e-01  -1.954380000e+00  -1.957160000e+00
   6.818000000e-03  -1.954380000e+00  -1.828220000e+00
   4.659560000e-01  -1.954380000e+00  -1.504400000e+00
   7.438180000e-01  -1.954380000e+00  -1.035149000e+00
   9.367020000e-01  -1.954380000e+00  -5.895870000e-01
   1.072085000e+00  -1.954380000e+00  -1.521210000e-01
   1.099493000e+00  -1.954380000e+00   2.984430000e-01
   1.021508000e+00  -1.954380000e+00   7.390710000e-01
   9.327980000e-01  -1.954380000e+00   1.206003000e+00
   8.281820000e-01  -1.954380000e+00   1.783410000e+00
   5.935200000e-01  -1.954380000e+00   2.502870000e+00
  -2.379000000e-02  -1.048960000e+00   3.071430000e+00
  -7.745300000e-01  -1.048960000e+00   3.147250000e+00
  -1.510820000e+00  -1.048960000e+00   2.990690000e+00
  -2.180170000e+00  -1.048960000e+00   2.662630000e+00
  -2.758020000e+00  -1.048960000e+00   2.206420000e+00
  -3.183340000e+00  -1.048960000e+00   1.592011000e+00
  -3.412630000e+00  -1.048960000e+00   8.932550000e-01
  -3.477860000e+00  -1.048960000e+00   1.685820000e-01
  -3.392810000e+00  -1.048960000e+00  -5.605900000e-01
  -3.131140000e+00  -1.048960000e+00  -1.259100000e+00
  -2.641750000e+00  -1.048960000e+00  -1.825330000e+00
  -1.906720000e+00  -1.048960000e+00  -2.019720000e+00
  -1.203790000e+00  -1.048960000e+00  -1.953320000e+00
  -6.201575000e-01  -1.048960000e+00  -1.816430000e+00
  -1.044030000e-01  -1.048960000e+00  -1.668230000e+00
   3.637660000e-01  -1.048960000e+00  -1.437300000e+00
   6.919660000e-01  -1.048960000e+00  -1.039344000e+00
   9.142030000e-01  -1.048960000e+00  -6.039380000e-01
   1.005835000e+00  -1.048960000e+00  -1.427450000e-01
   9.445370000e-01  -1.048960000e+00   3.050410000e-01
   8.513420000e-01  -1.048960000e+00   7.177110000e-01
   7.894740000e-01  -1.048960000e+00   1.168519000e+00
   7.264980000e-01  -1.048960000e+00   1.757540000e+00
   5.382020000e-01  -1.048960000e+00   2.530830000e+00
  -9.760400000e-02  -3.545410000e-01   3.122920000e+00
   4.801790000e-01  -3.545410000e-01   2.597500000e+00
   6.311060000e-01  -3.545410000e-01   1.760330000e+00
   6.537300000e-01  -3.545410000e-01   1.152040000e+00
   6.873140000e-01  -3.545410000e-01   7.098270000e-01
   7.656230000e-01  -3.545410000e-01   3.175790000e-01
   8.869060000e-01  -3.545410000e-01  -1.192940000e-01
   8.342870000e-01  -3.545410000e-01  -5.902310000e-01
   5.901980000e-01  -3.545410000e-01  -1.006210000e+00
   2.312500000e-01  -3.545410000e-01  -1.342150000e+00
  -2.258090000e-01  -3.545410000e-01  -1.526640000e+00
  -7.068674000e-01  -3.545410000e-01  -1.702830000e+00
  -1.277604000e+00  -3.545410000e-01  -1.897930000e+00
  -2.019150000e+00  -3.545410000e-01  -2.060170000e+00
  -2.833530000e+00  -3.545410000e-01  -1.925460000e+00
  -3.357070000e+00  -3.545410000e-01  -1.331760000e+00
  -3.603710000e+00  -3.545410000e-01  -5.833500000e-01
  -3.644550000e+00  -3.545410000e-01   1.838050000e-01
  -3.533280000e+00  -3.545410000e-01   9.207060000e-01
  -3.276580000e+00  -3.545410000e-01   1.621634000e+00
  -2.846310000e+00  -3.545410000e-01   2.228010000e+00
  -2.269820000e+00  -3.545410000e-01   2.697920000e+00
  -1.599320000e+00  -3.545410000e-01   3.026490000e+00
  -8.584100000e-01  -3.545410000e-01   3.193470000e+00
  -2.275010000e+00  -3.826410000e-01  -1.496560000e+00
  -2.794700000e+00  -3.795410000e-01  -1.287080000e+00
  -1.346620000e+00  -3.774410000e-01   2.746280000e+00
  -8.648800000e-01  -3.897410000e-01   2.500420000e+00
  -2.018380000e+00  -4.198410000e-01   7.206180000e-01
  -1.971130000e+00  -4.175410000e-01   1.023107500e+00
  -1.641300000e+00  -4.207410000e-01   1.036310800e+00
  -6.464957000e-01  -3.784410000e-01  -1.348020000e+00
  -1.641390000e+00  -4.250410000e-01   3.254400000e-01
  -1.309770000e+00  -4.232410000e-01   1.049514000e+00
  -1.012820000e+00  -4.240410000e-01   3.675310000e-01
  -2.473880000e+00  -4.064410000e-01   9.803400000e-01
  -2.558460000e+00  -4.080410000e-01   3.915950000e-01
  -3.038710000e+00  -3.874410000e-01   6.390870000e-01
  -2.486380000e+00  -3.933410000e-01   1.618005000e+00
  -2.634140000e+00  -3.942410000e-01   1.350366000e+00
  -2.612800000e+00  -3.896410000e-01   1.570249000e+00
  -1.224840000e-01  -3.847410000e-01   2.269377000e+00
  -6.988630000e-01  -4.091410000e-01   1.705407000e+00
  -1.863850000e+00  -3.992410000e-01  -1.145060000e+00
  -1.768510000e+00  -4.066410000e-01  -9.186100000e-01
  -1.565948000e+00  -4.043410000e-01  -1.007360000e+00
  -1.706800000e+00  -4.072410000e-01   1.827501000e+00
  -1.600220000e+00  -3.945410000e-01   2.294297000e+00
  -1.494130000e+00  -4.026410000e-01   2.065365000e+00
  -2.985570000e+00  -3.857410000e-01  -7.151400000e-01
  -2.323030000e+00  -4.023410000e-01  -8.423800000e-01
  -1.080793000e+00  -3.827410000e-01  -1.418390000e+00
  -1.364384000e+00  -4.017410000e-01  -1.091120000e+00
  -8.238300000e-01  -3.975410000e-01  -1.056060000e+00
  -1.892260000e+00  -3.896410000e-01   2.271328000e+00
  -1.793430000e+00  -3.767410000e-01   2.597950000e+00
  -1.695330000e+00  -3.857410000e-01   2.451120000e+00
  -1.647533000e+00  -3.831410000e-01  -1.526810000e+00
  -2.176300000e+00  -3.829410000e-01   2.238359000e+00
   7.040900000e-02  -3.781410000e-01  -9.900700000e-01
   2.458000000e-01  -3.830410000e-01  -5.915960000e-01
   4.185690000e-01  -3.805410000e-01   1.015120000e-01
  -2.149640000e+00  -4.182410000e-01   2.065240000e-01
  -2.526940000e+00  -4.072410000e-01  -2.003200000e-01
   2.067341000e-01  -3.880410000e-01   9.179250000e-01
  -1.070170000e-01  -4.042410000e-01   4.078570000e-01
  -2.884190000e+00  -3.857410000e-01   1.244854900e+00
  -3.079480000e+00  -3.878410000e-01  -3.001100000e-02
  -3.119150000e-01  -3.815410000e-01  -1.174360000e+00
  -4.043240000e-01  -4.014410000e-01  -7.072900000e-01
   3.119210000e-01  -3.772410000e-01   1.677704000e+00
  -1.382530000e-01  -3.985410000e-01   1.516561000e+00
  -1.955730000e+00  -4.183410000e-01  -2.334780000e-01
  -2.303710000e+00  -3.944410000e-01   1.799350000e+00
  -2.381090000e+00  -4.011410000e-01   1.445877000e+00
  -7.348150000e-01  -4.084410000e-01  -6.654400000e-01
  -7.462650000e-01  -4.132410000e-01  -4.290790000e-01
  -1.052450000e+00  -4.104410000e-01   1.775920000e+00
  -1.123460000e+00  -4.017410000e-01   2.138426000e+00
  -9.126600000e-01  -4.057410000e-01   1.941916000e+00
  -2.094130000e+00  -3.926410000e-01   2.043463000e+00
  -2.238760000e+00  -3.888410000e-01   2.023855000e+00
  -2.009950000e+00  -4.019410000e-01   1.828567000e+00
  -1.931590000e+00  -4.144410000e-01   1.325597000e+00
  -2.157790000e+00  -4.085410000e-01   1.385737000e+00
  -1.499850000e+00  -4.241410000e-01   6.765300000e-02
  -1.728290000e+00  -4.217410000e-01  -8.041300000e-02
  -1.358300000e+00  -4.223410000e-01  -1.811340000e-01
  -1.186210000e+00  -4.238410000e-01   8.669800000e-02
  -9.714630000e-01  -4.211410000e-01  -4.700900000e-02
  -4.922880000e-01  -4.145410000e-01   9.127197000e-01
  -1.464420000e+00  -3.866410000e-01   2.515290000e+00
  -1.167650000e+00  -3.883410000e-01   2.517850000e+00
  -1.667180000e+00  -4.129410000e-01  -7.031600000e-01
  -1.364241000e+00  -4.137410000e-01  -6.693800000e-01
  -1.368813000e+00  -4.080410000e-01  -8.827500000e-01
  -1.344250000e+00  -4.174410000e-01   1.442974000e+00
  -1.023610000e+00  -4.139410000e-01   1.579191000e+00
  -1.763590000e-01  -4.044410000e-01  -1.326780000e-01
  -2.203380000e+00  -4.114410000e-01   1.147968780e+00
  -2.109380000e+00  -4.158410000e-01   9.442930000e-01
  -1.814450000e+00  -4.161410000e-01  -4.748200000e-01
  -1.993600000e+00  -4.086410000e-01  -7.662700000e-01
  -1.977160000e+00  -4.137410000e-01  -5.043700000e-01
  -1.662570000e+00  -4.136410000e-01   1.566015000e+00
  -1.639290000e+00  -4.166410000e-01   1.379286000e+00
  -2.592470000e+00  -3.848410000e-01   1.780132000e+00
  -5.103410000e-01  -4.158410000e-01   2.727900000e-01
  -4.647870000e-01  -4.119410000e-01  -1.501970000e-01
  -9.435670000e-01  -4.055410000e-01  -8.733300000e-01
  -7.793220000e-01  -4.031410000e-01  -8.707500000e-01
  -1.213302000e+00  -4.181410000e-01  -4.308600000e-01
  -1.439740000e+00  -4.160410000e-01  -5.605100000e-01
  -1.361340000e+00  -3.982410000e-01   2.231361000e+00
  -1.949310000e+00  -3.960410000e-01   2.049948000e+00
  -8.854180000e-01  -4.213410000e-01   8.690700000e-02
  -6.328880000e-01  -4.170410000e-01   4.153700000e-02
  -1.585880000e+00  -4.197410000e-01  -3.254800000e-01
  -1.223845000e+00  -4.079410000e-01  -8.708600000e-01
  -1.157976000e+00  -4.041410000e-01  -9.757200000e-01
  -7.557160000e-01  -4.176410000e-01  -1.787170000e-01
  -4.348060000e-01  -4.068410000e-01  -4.317420000e-01
  -1.413800000e+00  -4.247410000e-01   2.065690000e-01
  -9.145100000e-01  -4.157410000e-01  -4.226560000e-01
  -9.860090000e-01  -4.182410000e-01  -3.027910000e-01
  -1.397040000e+00  -4.101410000e-01   1.806434000e+00
  -1.067305000e+00  -4.126410000e-01  -6.565900000e-01
  -1.656510000e+00  -4.210410000e-01  -2.043060000e-01
  -2.195120000e+00  -4.021410000e-01   1.637222000e+00
  -2.425980000e+00  -4.040410000e-01   1.208108900e+00
C Number of facets
  786
C  Size  Node 1  ......Node N Marker
    3    0    1    2    3
    3    0    2    3    3
    3    0    3    4    3
    3    0    4    5    3
    3    0    5    6    3
    3    0    6    7    3
    3    0    7    8    3
    3    0    8    9    3
    3    0    9   10    3
    3    0   10   11    3
    3    0   11   12    3
    3    0   12   13    3
    3    0   13   14    3
    3    0   14   15    3
    3    0   15   16    3
    3    0   16   17    3
    3    0   17   18    3
    3    0   18   19    3
    3    0   19   20    3
    3    0   20   21    3
    3    0   21   22    3
    3    0   22   23    3
    3    0   23   24    3
    3    0   24    1    3
    3    1   25   26    3
    3    1   26    2    3
    3    2   26   27    3
    3    2   27    3    3
    3    3   27   28    3
    3    3   28    4    3
    3    4   28   29    3
    3    4   29    5    3
    3    5   29   30    3
    3    5   30    6    3
    3    6   30   31    3
    3    6   31    7    3
    3    7   31   32    3
    3    7   32    8    3
    3    8   32   33    3
    3    8   33    9    3
    3    9   33   34    3
    3    9   34   10    3
    3   10   34   35    3
    3   10   35   11    3
    3   11   35   36    3
    3   11   36   12    3
    3   12   36   37    3
    3   12   37   13    3
    3   13   37   38    3
    3   13   38   14    3
    3   14   38   39    3
    3   14   39   15    3
    3   15   39   40    3
    3   15   40   16    3
    3   16   40   41    3
    3   16   41   17    3
    3   17   41   42    3
    3   17   42   18    3
    3   18   42   43    3
    3   18   43   19    3
    3   19   43   44    3
    3   19   44   20    3
    3   20   44   45    3
    3   20   45   21    3
    3   21   45   46    3
    3   21   46   22    3
    3   22   46   47    3
    3   22   47   23    3
    3   23   47   48    3
    3   23   48   24    3
    3   24   48   25    3
    3   24   25    1    3
    3   25   49   50    3
    3   25   50   26    3
    3   26   50   51    3
    3   26   51   27    3
    3   27   51   52    3
    3   27   52   28    3
    3   28   52   53    3
    3   28   53   29    3
    3   29   53   54    3
    3   29   54   30    3
    3   30   54   55    3
    3   30   55   31    3
    3   31   55   56    3
    3   31   56   32    3
    3   32   56   57    3
    3   32   57   33    3
    3   33   57   58    3
    3   33   58   34    3
    3   34   58   59    3
    3   34   59   35    3
    3   35   59   60    3
    3   35   60   36    3
    3   36   60   61    3
    3   36   61   37    3
    3   37   61   62    3
    3   37   62   38    3
    3   38   62   63    3
    3   38   63   39    3
    3   39   63   64    3
    3   39   64   40    3
    3   40   64   65    3
    3   40   65   41    3
    3   41   65   66    3
    3   41   66   42    3
    3   42   66   67    3
    3   42   67   43    3
    3   43   67   68    3
    3   43   68   44    3
    3   44   68   69    3
    3   44   69   45    3
    3   45   69   70    3
    3   45   70   46    3
    3   46   70   71    3
    3   46   71   47    3
    3   47   71   72    3
    3   47   72   48    3
    3   48   72   49    3
    3   48   49   25    3
    3   49   73   74    3
    3   49   74   50    3
    3   50   74   75    3
    3   50   75   51    3
    3   51   75   76    3
    3   51   76   52    3
    3   52   76   77    3
    3   52   77   53    3
    3   53   77   78    3
    3   53   78   54    3
    3   54   78   79    3
    3   54   79   55    3
    3   55   79   80    3
    3   55   80   56    3
    3   56   80   81    3
    3   56   81   57    3
    3   57   81   82    3
    3   57   82   58    3
    3   58   82   83    3
    3   58   83   59    3
    3   59   83   84    3
    3   59   84   60    3
    3   60   84   85    3
    3   60   85   61    3
    3   61   85   86    3
    3   61   86   62    3
    3   62   86   87    3
    3   62   87   63    3
    3   63   87   88    3
    3   63   88   64    3
    3   64   88   89    3
    3   64   89   65    3
    3   65   89   90    3
    3   65   90   66    3
    3   66   90   91    3
    3   66   91   67    3
    3   67   91   92    3
    3   67   92   68    3
    3   68   92   93    3
    3   68   93   69    3
    3   69   93   94    3
    3   69   94   70    3
    3   70   94   95    3
    3   70   95   71    3
    3   71   95   96    3
    3   71   96   72    3
    3   72   96   73    3
    3   72   73   49    3
    3   73   97   98    3
    3   73   98   74    3
    3   74   98   99    3
    3   74   99   75    3
    3   75   99  100    3
    3   75  100   76    3
    3   76  100  101    3
    3   76  101   77    3
    3   77  101  102    3
    3   77  102   78    3
    3   78  102  103    3
    3   78  103   79    3
    3   79  103  104    3
    3   79  104   80    3
    3   80  104  105    3
    3   80  105   81    3
    3   81  105  106    3
    3   81  106   82    3
    3   82  106  107    3
    3   82  107   83    3
    3   83  107  108    3
    3   83  108   84    3
    3   84  108  109    3
    3   84  109   85    3
    3   85  109  110    3
    3   85  110   86    3
    3   86  110  111    3
    3   86  111   87    3
    3   87  111  112    3
    3   87  112   88    3
    3   88  112  113    3
    3   88  113   89    3
    3   89  113  114    3
    3   89  114   90    3
    3   90  114  115    3
    3   90  115   91    3
    3   91  115  116    3
    3   91  116   92    3
    3   92  116  117    3
    3   92  117   93    3
    3   93  117  118    3
    3   93  118   94    3
    3   94  118  119    3
    3   94  119   95    3
    3   95  119  120    3
    3   95  120   96    3
    3   96  120   97    3
    3   96   97   73    3
    3   97  121  122    3
    3   97  122   98    3
    3   98  122  123    3
    3   98  123   99    3
    3   99  123  124    3
    3   99  124  100    3
    3  100  124  125    3
    3  100  125  101    3
    3  101  125  126    3
    3  101  126  102    3
    3  102  126  127    3
    3  102  127  103    3
    3  103  127  128    3
    3  103  128  104    3
    3  104  128  129    3
    3  104  129  105    3
    3  105  129  130    3
    3  105  130  106    3
    3  106  130  131    3
    3  106  131  107    3
    3  107  131  132    3
    3  107  132  108    3
    3  108  132  133    3
    3  108  133  109    3
    3  109  133  134    3
    3  109  134  110    3
    3  110  134  135    3
    3  110  135  111    3
    3  111  135  136    3
    3  111  136  112    3
    3  112  136  137    3
    3  112  137  113    3
    3  113  137  138    3
    3  113  138  114    3
    3  114  138  139    3
    3  114  139  115    3
    3  115  139  140    3
    3  115  140  116    3
    3  116  140  141    3
    3  116  141  117    3
    3  117  141  142    3
    3  117  142  118    3
    3  118  142  143    3
    3  118  143  119    3
    3  119  143  144    3
    3  119  144  120    3
    3  120  144  121    3
    3  120  121   97    3
    3  121  145  146    3
    3  121  146  122    3
    3  122  146  147    3
    3  122  147  123    3
    3  123  147  148    3
    3  123  148  124    3
    3  124  148  149    3
    3  124  149  125    3
    3  125  149  150    3
    3  125  150  126    3
    3  126  150  151    3
    3  126  151  127    3
    3  127  151  152    3
    3  127  152  128    3
    3  128  152  153    3
    3  128  153  129    3
    3  129  153  154    3
    3  129  154  130    3
    3  130  154  155    3
    3  130  155  131    3
    3  131  155  156    3
    3  131  156  132    3
    3  132  156  157    3
    3  132  157  133    3
    3  133  157  158    3
    3  133  158  134    3
    3  134  158  159    3
    3  134  159  135    3
    3  135  159  160    3
    3  135  160  136    3
    3  136  160  161    3
    3  136  161  137    3
    3  137  161  162    3
    3  137  162  138    3
    3  138  162  163    3
    3  138  163  139    3
    3  139  163  164    3
    3  139  164  140    3
    3  140  164  165    3
    3  140  165  141    3
    3  141  165  166    3
    3  141  166  142    3
    3  142  166  167    3
    3  142  167  143    3
    3  143  167  168    3
    3  143  168  144    3
    3  144  168  145    3
    3  144  145  121    3
    3  145  169  170    3
    3  145  170  146    3
    3  146  170  171    3
    3  146  171  147    3
    3  147  171  172    3
    3  147  172  148    3
    3  148  172  173    3
    3  148  173  149    3
    3  149  173  174    3
    3  149  174  150    3
    3  150  174  175    3
    3  150  175  151    3
    3  151  175  176    3
    3  151  176  152    3
    3  152  176  177    3
    3  152  177  153    3
    3  153  177  178    3
    3  153  178  154    3
    3  154  178  179    3
    3  154  179  155    3
    3  155  179  180    3
    3  155  180  156    3
    3  156  180  181    3
    3  156  181  157    3
    3  157  181  182    3
    3  157  182  158    3
    3  158  182  183    3
    3  158  183  159    3
    3  159  183  184    3
    3  159  184  160    3
    3  160  184  185    3
    3  160  185  161    3
    3  161  185  186    3
    3  161  186  162    3
    3  162  186  187    3
    3  162  187  163    3
    3  163  187  188    3
    3  163  188  164    3
    3  164  188  189    3
    3  164  189  165    3
    3  165  189  190    3
    3  165  190  166    3
    3  166  190  191    3
    3  166  191  167    3
    3  167  191  192    3
    3  167  192  168    3
    3  168  192  169    3
    3  168  169  145    3
    3  169  193  194    3
    3  169  194  170    3
    3  170  194  195    3
    3  170  195  171    3
    3  171  195  196    3
    3  171  196  172    3
    3  172  196  197    3
    3  172  197  173    3
    3  173  197  198    3
    3  173  198  174    3
    3  174  198  199    3
    3  174  199  175    3
    3  175  199  200    3
    3  175  200  176    3
    3  176  200  201    3
    3  176  201  177    3
    3  177  201  202    3
    3  177  202  178    3
    3  178  202  203    3
    3  178  203  179    3
    3  179  203  204    3
    3  179  204  180    3
    3  180  204  205    3
    3  180  205  181    3
    3  181  205  206    3
    3  181  206  182    3
    3  182  206  207    3
    3  182  207  183    3
    3  183  207  208    3
    3  183  208  184    3
    3  184  208  209    3
    3  184  209  185    3
    3  185  209  210    3
    3  185  210  186    3
    3  186  210  211    3
    3  186  211  187    3
    3  187  211  212    3
    3  187  212  188    3
    3  188  212  213    3
    3  188  213  189    3
    3  189  213  214    3
    3  189  214  190    3
    3  190  214  215    3
    3  190  215  191    3
    3  191  215  216    3
    3  191  216  192    3
    3  192  216  193    3
    3  192  193  169    3
    3  193  217  218    3
    3  193  218  194    3
    3  194  218  219    3
    3  194  219  195    3
    3  195  219  220    3
    3  195  220  196    3
    3  196  220  221    3
    3  196  221  197    3
    3  197  221  222    3
    3  197  222  198    3
    3  198  222  223    3
    3  198  223  199    3
    3  199  223  224    3
    3  199  224  200    3
    3  200  224  225    3
    3  200  225  201    3
    3  201  225  226    3
    3  201  226  202    3
    3  202  226  227    3
    3  202  227  203    3
    3  203  227  228    3
    3  203  228  204    3
    3  204  228  229    3
    3  204  229  205    3
    3  205  229  230    3
    3  205  230  206    3
    3  206  230  231    3
    3  206  231  207    3
    3  207  231  232    3
    3  207  232  208    3
    3  208  232  233    3
    3  208  233  209    3
    3  209  233  234    3
    3  209  234  210    3
    3  210  234  235    3
    3  210  235  211    3
    3  211  235  236    3
    3  211  236  212    3
    3  212  236  237    3
    3  212  237  213    3
    3  213  237  238    3
    3  213  238  214    3
    3  214  238  239    3
    3  214  239  215    3
    3  215  239  240    3
    3  215  240  216    3
    3  216  240  217    3
    3  216  217  193    3
    3  217  241  242    3
    3  217  242  218    3
    3  218  242  243    3
    3  218  243  219    3
    3  219  243  244    3
    3  219  244  220    3
    3  220  244  245    3
    3  220  245  221    3
    3  221  245  246    3
    3  221  246  222    3
    3  222  246  247    3
    3  222  247  223    3
    3  223  247  248    3
    3  223  248  224    3
    3  224  248  249    3
    3  224  249  225    3
    3  225  249  250    3
    3  225  250  226    3
    3  226  250  251    3
    3  226  251  227    3
    3  227  251  252    3
    3  227  252  228    3
    3  228  252  253    3
    3  228  253  229    3
    3  229  253  254    3
    3  229  254  230    3
    3  230  254  255    3
    3  230  255  231    3
    3  231  255  256    3
    3  231  256  232    3
    3  232  256  257    3
    3  232  257  233    3
    3  233  257  258    3
    3  233  258  234    3
    3  234  258  259    3
    3  234  259  235    3
    3  235  259  260    3
    3  235  260  236    3
    3  236  260  261    3
    3  236  261  237    3
    3  237  261  262    3
    3  237  262  238    3
    3  238  262  263    3
    3  238  263  239    3
    3  239  263  264    3
    3  239  264  240    3
    3  240  264  241    3
    3  240  241  217    3
    3  264  265  241    3
    3  264  266  265    3
    3  263  266  264    3
    3  263  267  266    3
    3  262  267  263    3
    3  262  268  267    3
    3  261  268  262    3
    3  261  269  268    3
    3  260  269  261    3
    3  260  270  269    3
    3  259  270  260    3
    3  259  271  270    3
    3  258  271  259    3
    3  258  272  271    3
    3  257  272  258    3
    3  257  273  272    3
    3  256  273  257    3
    3  256  274  273    3
    3  255  274  256    3
    3  255  275  274    3
    3  254  275  255    3
    3  254  276  275    3
    3  253  276  254    3
    3  253  277  276    3
    3  252  277  253    3
    3  252  278  277    3
    3  251  278  252    3
    3  251  279  278    3
    3  250  279  251    3
    3  250  280  279    3
    3  249  280  250    3
    3  249  281  280    3
    3  248  281  249    3
    3  248  282  281    3
    3  247  282  248    3
    3  247  283  282    3
    3  246  283  247    3
    3  246  284  283    3
    3  245  284  246    3
    3  245  285  284    3
    3  244  285  245    3
    3  244  286  285    3
    3  243  286  244    3
    3  243  287  286    3
    3  242  287  243    3
    3  242  288  287    3
    3  241  288  242    3
    3  241  265  288    3
    3  289  279  290    1
    3  291  288  292    1
    3  293  294  295    3
    3  296  275  276    1
    3  297  298  299    1
    3  300  301  302    1
    3  303  304  305    3
    3  292  306  307    1
    3  308  309  310    4
    3  300  293  301    1
    3  311  312  313    3
    3  290  314  315    1
    3  316  317  318    1
    3  319  320  321    3
    3  317  322  308    1
    3  286  323  285    1
    3  286  287  320    1
    3  298  297  293    1
    3  324  325  273    1
    3  326  271  272    1
    3  327  328  301    1
    3  329  326  330    1
    3  300  331  304    1
    3  332  282  302    1
    3  272  325  326    1
    3  296  276  316    1
    3  296  333  275    1
    3  324  334  325    1
    3  335  329  336    1
    3  315  328  337    1
    3  338  339  303    3
    3  334  340  341    4
    3  279  289  278    1
    3  274  275  333    1
    3  322  278  289    1
    3  342  343  344    3
    3  332  301  328    1
    3  314  290  280    1
    3  345  338  346    3
    3  324  333  334    1
    3  277  316  276    1
    3  266  267  335    1
    3  288  291  287    1
    3  347  348  349    3
    3  316  322  317    1
    3  297  350  351    4
    3  327  301  293    1
    3  283  331  302    1
    3  352  353  354    4
    3  326  269  270    1
    3  332  302  301    1
    3  355  299  298    1
    3  312  356  357    3
    3  330  355  329    1
    3  336  306  335    1
    3  271  326  270    1
    3  358  359  360    4
    3  298  361  362    3
    3  283  302  282    1
    3  336  329  355    1
    3  326  363  330    1
    3  265  292  288    1
    3  300  364  365    3
    3  366  367  368    4
    3  333  318  334    1
    3  369  361  370    3
    3  327  293  297    1
    3  278  322  277    1
    3  320  291  356    3
    3  371  285  323    1
    3  363  325  334    1
    3  371  331  284    1
    3  364  339  349    3
    3  268  335  267    1
    3  372  363  373    4
    3  280  290  279    1
    3  266  306  265    1
    3  316  277  322    1
    3  328  315  314    1
    3  308  315  367    1
    3  355  330  372    1
    3  327  297  337    1
    3  280  281  314    1
    3  374  340  375    4
    3  296  316  318    1
    3  352  376  377    4
    3  355  307  336    1
    3  292  343  378    3
    3  326  325  363    1
    3  320  287  291    1
    3  345  319  379    3
    3  380  372  381    4
    3  358  366  382    4
    3  268  329  335    1
    3  273  274  324    1
    3  336  307  306    1
    3  265  306  292    1
    3  296  318  333    1
    3  383  374  384    4
    3  329  268  269    1
    3  385  373  386    4
    3  333  324  274    1
    3  283  284  331    1
    3  298  307  355    1
    3  299  353  387    4
    3  308  289  315    1
    3  273  325  272    1
    3  327  337  328    1
    3  388  376  389    4
    3  314  332  328    1
    3  281  282  332    1
    3  315  289  290    1
    3  363  372  330    1
    3  355  372  299    1
    3  285  371  284    1
    3  314  281  332    1
    3  269  326  329    1
    3  369  347  311    3
    3  266  335  306    1
    3  286  320  323    1
    3  308  322  289    1
    3  300  302  331    1
    3  343  390  313    3
    3  292  307  344    3
    3  298  348  370    3
    3  361  390  342    3
    3  343  342  390    3
    3  342  307  362    3
    3  347  369  348    3
    3  361  369  390    3
    3  369  311  390    3
    3  312  311  347    3
    3  311  313  390    3
    3  313  312  378    3
    3  298  362  307    3
    3  342  362  361    3
    3  342  344  307    3
    3  292  344  343    3
    3  369  370  348    3
    3  298  370  361    3
    3  292  378  312    3
    3  313  378  343    3
    3  334  318  375    4
    3  340  391  388    4
    3  318  317  384    4
    3  340  374  391    4
    3  352  385  389    4
    3  376  391  359    4
    3  376  388  391    4
    3  388  385  341    4
    3  359  391  383    4
    3  359  358  377    4
    3  374  383  391    4
    3  383  317  360    4
    3  374  375  318    4
    3  334  375  340    4
    3  334  341  385    4
    3  388  341  340    4
    3  388  389  385    4
    3  352  389  376    4
    3  352  377  358    4
    3  359  377  376    4
    3  358  360  317    4
    3  383  360  359    4
    3  383  384  317    4
    3  318  384  374    4
    3  367  358  309    4
    3  315  337  368    1
    3  353  352  350    4
    3  353  299  380    4
    3  372  380  299    4
    3  380  385  354    4
    3  350  352  392    4
    3  350  297  387    4
    3  366  337  392    4
    3  367  366  358    4
    3  363  334  386    4
    3  373  385  381    4
    3  392  337  351    4
    3  392  352  382    4
    3  380  381  385    4
    3  373  381  372    4
    3  358  317  310    4
    3  367  309  308    4
    3  385  386  334    4
    3  363  386  373    4
    3  366  368  337    4
    3  315  368  367    1
    3  299  387  297    4
    3  350  387  353    4
    3  352  354  385    4
    3  380  354  353    4
    3  358  382  352    4
    3  392  382  366    4
    3  297  351  337    4
    3  392  351  350    4
    3  308  310  317    4
    3  358  310  309    4
    3  312  347  379    3
    3  320  319  323    3
    3  371  323  346    3
    3  338  347  393    3
    3  364  300  394    3
    3  364  348  294    3
    3  319  345  323    3
    3  338  345  347    3
    3  348  298  295    3
    3  294  293  365    3
    3  304  339  394    3
    3  331  371  305    1
    3  364  349  348    3
    3  349  339  393    3
    3  338  393  339    3
    3  349  393  347    3
    3  338  303  371    3
    3  304  303  339    3
    3  356  312  321    3
    3  291  292  357    3
    3  364  394  339    3
    3  304  394  300    3
    3  319  321  312    3
    3  356  321  320    3
    3  293  295  298    3
    3  348  295  294    3
    3  312  357  292    3
    3  291  357  356    3
    3  345  346  323    3
    3  371  346  338    3
    3  303  305  371    3
    3  331  305  304    1
    3  345  379  347    3
    3  312  379  319    3
    3  300  365  293    3
    3  294  365  364    3
C Prescribed Values(Inlet, Outlet), InteractionSurface(Inlet, Outlet)
       1        0        0        2        2        2
C Inlet Pressure, FunID (E18.9,I5)
   1.000000000e+00    3
C Outlet Velocity
C     Vx,           Vy,            Vz,    indVx,indVy,indVz, FunID(3E18.9, 4I5)
   0.000000000e+00   1.000000000e+00   0.000000000e+00    1    0    0    4
C Inlet Velocity
C nNodeID,    Vx,           Vy,            Vz (I5, 3E18.9)
  265
    1   2.400000000e+00   2.250000000e+00   9.000000000e-01
    2   1.800000000e+00   2.100000000e+00   1.500000000e-01
    3   1.850000000e+00   2.100000000e+00   1.450000000e+00
    4   1.550000000e+00   2.100000000e+00   1.750000000e+00
    5   1.550000000e+00   2.100000000e+00   1.250000000e+00
    6   1.800000000e+00   2.100000000e+00   7.500000000e-01
    7   2.200000000e+00   2.100000000e+00   5.500000000e-01
    8   2.800000000e+00   2.100000000e+00   5.500000000e-01
    9   4.200000000e+00   2.100000000e+00   8.500000000e-01
   10   5.250000000e+00   2.100000000e+00   1.850000000e+00
   11   5.400000000e+00   2.100000000e+00   3.050000000e+00
   12   4.400000000e+00   2.100000000e+00   3.600000000e+00
   13   2.950000000e+00   2.100000000e+00   3.100000000e+00
   14   1.900000000e+00   2.100000000e+00   1.900000000e+00
   15   1.600000000e+00   2.100000000e+00   1.300000000e+00
   16   1.600000000e+00   2.100000000e+00   6.500000000e-01
   17   2.150000000e+00   2.100000000e+00  -2.500000000e-01
   18   2.950000000e+00   2.100000000e+00  -7.000000000e-01
   19   3.200000000e+00   2.100000000e+00  -3.000000000e-01
   20   2.300000000e+00   2.100000000e+00   4.000000000e-01
   21   1.400000000e+00   2.100000000e+00   5.000000000e-01
   22   9.500000000e-01   2.100000000e+00   3.000000000e-01
   23   8.500000000e-01   2.100000000e+00   0.000000000e+00
   24   1.000000000e+00   2.100000000e+00  -3.000000000e-01
   25   1.250000000e+00   2.100000000e+00  -4.500000000e-01
   26   1.300000000e+00   2.000000000e+00  -6.500000000e-01
   27   1.500000000e+00   2.000000000e+00   1.000000000e-01
   28   1.450000000e+00   2.000000000e+00   3.500000000e-01
   29   1.650000000e+00   2.000000000e+00   1.000000000e-01
   30   1.850000000e+00   2.000000000e+00  -5.000000000e-02
   31   2.100000000e+00   2.000000000e+00   0.000000000e+00
   32   2.550000000e+00   2.000000000e+00   1.000000000e-01
   33   3.050000000e+00   2.000000000e+00   4.500000000e-01
   34   3.700000000e+00   2.000000000e+00   1.100000000e+00
   35   3.750000000e+00   2.000000000e+00   1.950000000e+00
   36   3.100000000e+00   2.000000000e+00   2.350000000e+00
   37   2.100000000e+00   2.000000000e+00   2.100000000e+00
   38   1.500000000e+00   2.000000000e+00   1.600000000e+00
   39   1.150000000e+00   2.000000000e+00   1.200000000e+00
   40   1.000000000e+00   2.000000000e+00   8.000000000e-01
   41   1.250000000e+00   2.000000000e+00   1.000000000e-01
   42   1.850000000e+00   2.000000000e+00  -4.500000000e-01
   43   2.300000000e+00   2.000000000e+00  -4.500000000e-01
   44   2.000000000e+00   2.000000000e+00  -5.000000000e-02
   45   1.450000000e+00   2.000000000e+00   1.000000000e-01
   46   1.100000000e+00   2.000000000e+00   5.000000000e-02
   47   1.000000000e+00   2.000000000e+00  -1.500000000e-01
   48   9.000000000e-01   2.000000000e+00  -4.500000000e-01
   49   9.500000000e-01   2.000000000e+00  -7.500000000e-01
   50   1.500000000e+00   1.900000000e+00  -1.000000000e-01
   51   1.600000000e+00   1.900000000e+00   7.000000000e-01
   52   1.600000000e+00   1.900000000e+00   4.500000000e-01
   53   1.900000000e+00   1.900000000e+00  -5.000000000e-02
   54   2.350000000e+00   1.900000000e+00  -2.000000000e-01
   55   2.700000000e+00   1.900000000e+00  -1.000000000e-01
   56   3.100000000e+00   1.900000000e+00   2.000000000e-01
   57   3.550000000e+00   1.900000000e+00   7.000000000e-01
   58   3.900000000e+00   1.900000000e+00   1.350000000e+00
   59   3.750000000e+00   1.900000000e+00   2.100000000e+00
   60   3.000000000e+00   1.900000000e+00   2.450000000e+00
   61   2.100000000e+00   1.900000000e+00   2.200000000e+00
   62   1.550000000e+00   1.900000000e+00   1.800000000e+00
   63   1.150000000e+00   1.900000000e+00   1.400000000e+00
   64   9.500000000e-01   1.900000000e+00   1.150000000e+00
   65   1.100000000e+00   1.900000000e+00   5.500000000e-01
   66   1.500000000e+00   1.900000000e+00   0.000000000e+00
   67   1.850000000e+00   1.900000000e+00  -5.000000000e-02
   68   1.700000000e+00   1.900000000e+00   1.500000000e-01
   69   1.500000000e+00   1.900000000e+00   2.500000000e-01
   70   1.300000000e+00   1.900000000e+00   2.000000000e-01
   71   1.200000000e+00   1.900000000e+00   1.500000000e-01
   72   1.150000000e+00   1.900000000e+00  -5.000000000e-02
   73   1.200000000e+00   1.900000000e+00  -3.500000000e-01
   74   2.050000000e+00   1.750000000e+00   8.500000000e-01
   75   1.900000000e+00   1.750000000e+00   1.550000000e+00
   76   1.900000000e+00   1.750000000e+00   4.500000000e-01
   77   2.700000000e+00   1.750000000e+00  -8.000000000e-01
   78   3.650000000e+00   1.750000000e+00  -1.200000000e+00
   79   4.350000000e+00   1.750000000e+00  -8.000000000e-01
   80   4.650000000e+00   1.750000000e+00  -1.000000000e-01
   81   4.700000000e+00   1.750000000e+00   7.500000000e-01
   82   4.400000000e+00   1.750000000e+00   1.450000000e+00
   83   3.850000000e+00   1.750000000e+00   2.000000000e+00
   84   3.100000000e+00   1.750000000e+00   2.250000000e+00
   85   2.250000000e+00   1.750000000e+00   1.900000000e+00
   86   1.700000000e+00   1.750000000e+00   1.350000000e+00
   87   1.500000000e+00   1.750000000e+00   9.500000000e-01
   88   1.350000000e+00   1.750000000e+00   9.000000000e-01
   89   1.350000000e+00   1.750000000e+00   6.500000000e-01
   90   1.600000000e+00   1.750000000e+00   2.500000000e-01
   91   1.850000000e+00   1.750000000e+00   1.000000000e-01
   92   1.800000000e+00   1.750000000e+00   2.000000000e-01
   93   1.750000000e+00   1.750000000e+00   2.500000000e-01
   94   1.800000000e+00   1.750000000e+00   2.500000000e-01
   95   1.800000000e+00   1.750000000e+00   2.500000000e-01
   96   1.700000000e+00   1.750000000e+00   1.500000000e-01
   97   1.800000000e+00   1.750000000e+00   1.000000000e-01
   98   2.600000000e+00   1.600000000e+00   1.350000000e+00
   99   2.300000000e+00   1.600000000e+00   1.850000000e+00
  100   2.400000000e+00   1.600000000e+00   1.500000000e-01
  101   3.550000000e+00   1.600000000e+00  -1.550000000e+00
  102   5.050000000e+00   1.600000000e+00  -2.100000000e+00
  103   5.900000000e+00   1.600000000e+00  -1.500000000e+00
  104   6.100000000e+00   1.600000000e+00  -4.000000000e-01
  105   5.650000000e+00   1.600000000e+00   7.000000000e-01
  106   4.700000000e+00   1.600000000e+00   1.400000000e+00
  107   3.800000000e+00   1.600000000e+00   1.700000000e+00
  108   3.250000000e+00   1.600000000e+00   1.900000000e+00
  109   2.600000000e+00   1.600000000e+00   1.800000000e+00
  110   2.150000000e+00   1.600000000e+00   1.450000000e+00
  111   1.900000000e+00   1.600000000e+00   1.150000000e+00
  112   1.600000000e+00   1.600000000e+00   1.100000000e+00
  113   1.600000000e+00   1.600000000e+00   7.000000000e-01
  114   2.050000000e+00   1.600000000e+00   1.500000000e-01
  115   2.450000000e+00   1.600000000e+00  -5.000000000e-02
  116   2.450000000e+00   1.600000000e+00   5.000000000e-02
  117   2.400000000e+00   1.600000000e+00   1.500000000e-01
  118   2.400000000e+00   1.600000000e+00   2.500000000e-01
  119   2.300000000e+00   1.600000000e+00   2.500000000e-01
  120   2.200000000e+00   1.600000000e+00   2.000000000e-01
  121   2.300000000e+00   1.600000000e+00   2.500000000e-01
  122   2.650000000e+00   1.450000000e+00   1.450000000e+00
  123   2.400000000e+00   1.450000000e+00   2.050000000e+00
  124   2.400000000e+00   1.450000000e+00   4.500000000e-01
  125   3.450000000e+00   1.450000000e+00  -1.200000000e+00
  126   4.850000000e+00   1.450000000e+00  -1.750000000e+00
  127   5.650000000e+00   1.450000000e+00  -1.200000000e+00
  128   5.850000000e+00   1.450000000e+00  -2.000000000e-01
  129   5.500000000e+00   1.450000000e+00   8.000000000e-01
  130   4.750000000e+00   1.450000000e+00   1.500000000e+00
  131   4.000000000e+00   1.450000000e+00   1.950000000e+00
  132   3.450000000e+00   1.450000000e+00   2.200000000e+00
  133   2.750000000e+00   1.450000000e+00   2.150000000e+00
  134   2.250000000e+00   1.450000000e+00   1.850000000e+00
  135   1.900000000e+00   1.450000000e+00   1.550000000e+00
  136   1.600000000e+00   1.450000000e+00   1.400000000e+00
  137   1.700000000e+00   1.450000000e+00   7.500000000e-01
  138   2.400000000e+00   1.450000000e+00  -5.000000000e-02
  139   2.950000000e+00   1.450000000e+00  -2.500000000e-01
  140   2.850000000e+00   1.450000000e+00   5.000000000e-02
  141   2.450000000e+00   1.450000000e+00   2.500000000e-01
  142   2.250000000e+00   1.450000000e+00   3.000000000e-01
  143   2.150000000e+00   1.450000000e+00   1.500000000e-01
  144   2.050000000e+00   1.450000000e+00   0.000000000e+00
  145   2.250000000e+00   1.450000000e+00   1.000000000e-01
  146   2.800000000e+00   1.200000000e+00   1.050000000e+00
  147   2.500000000e+00   1.200000000e+00   1.500000000e+00
  148   2.650000000e+00   1.200000000e+00  -4.500000000e-01
  149   3.950000000e+00   1.200000000e+00  -2.350000000e+00
  150   5.800000000e+00   1.200000000e+00  -3.100000000e+00
  151   6.850000000e+00   1.200000000e+00  -2.350000000e+00
  152   6.700000000e+00   1.200000000e+00  -9.000000000e-01
  153   5.600000000e+00   1.200000000e+00   3.000000000e-01
  154   4.200000000e+00   1.200000000e+00   8.000000000e-01
  155   3.100000000e+00   1.200000000e+00   8.000000000e-01
  156   2.850000000e+00   1.200000000e+00   1.050000000e+00
  157   2.650000000e+00   1.200000000e+00   1.200000000e+00
  158   2.250000000e+00   1.200000000e+00   1.200000000e+00
  159   1.950000000e+00   1.200000000e+00   1.050000000e+00
  160   1.650000000e+00   1.200000000e+00   8.500000000e-01
  161   1.900000000e+00   1.200000000e+00  -5.000000000e-02
  162   2.850000000e+00   1.200000000e+00  -1.000000000e+00
  163   3.650000000e+00   1.200000000e+00  -1.150000000e+00
  164   3.300000000e+00   1.200000000e+00  -6.000000000e-01
  165   2.300000000e+00   1.200000000e+00  -3.500000000e-01
  166   1.700000000e+00   1.200000000e+00  -5.000000000e-01
  167   1.550000000e+00   1.200000000e+00  -7.500000000e-01
  168   1.650000000e+00   1.200000000e+00  -1.100000000e+00
  169   2.200000000e+00   1.200000000e+00  -7.500000000e-01
  170   2.500000000e+00   8.500000000e-01   5.000000000e-01
  171   2.350000000e+00   8.500000000e-01   0.000000000e+00
  172   2.550000000e+00   8.500000000e-01  -1.000000000e+00
  173   3.800000000e+00   8.500000000e-01  -2.600000000e+00
  174   5.450000000e+00   8.500000000e-01  -3.150000000e+00
  175   6.400000000e+00   8.500000000e-01  -2.350000000e+00
  176   5.900000000e+00   8.500000000e-01  -9.000000000e-01
  177   4.550000000e+00   8.500000000e-01   5.000000000e-02
  178   2.900000000e+00   8.500000000e-01   2.500000000e-01
  179   1.900000000e+00   8.500000000e-01  -5.000000000e-02
  180   1.950000000e+00   8.500000000e-01   5.000000000e-02
  181   2.150000000e+00   8.500000000e-01   6.500000000e-01
  182   2.050000000e+00   8.500000000e-01   1.050000000e+00
  183   1.750000000e+00   8.500000000e-01   1.150000000e+00
  184   1.350000000e+00   8.500000000e-01   1.000000000e+00
  185   1.650000000e+00   8.500000000e-01  -1.500000000e-01
  186   2.750000000e+00   8.500000000e-01  -1.400000000e+00
  187   3.700000000e+00   8.500000000e-01  -1.450000000e+00
  188   3.400000000e+00   8.500000000e-01  -9.000000000e-01
  189   2.450000000e+00   8.500000000e-01  -5.500000000e-01
  190   2.000000000e+00   8.500000000e-01  -6.000000000e-01
  191   1.750000000e+00   8.500000000e-01  -8.000000000e-01
  192   1.600000000e+00   8.500000000e-01  -1.100000000e+00
  193   1.900000000e+00   8.500000000e-01  -1.150000000e+00
  194   2.550000000e+00   6.000000000e-01   5.000000000e-01
  195   2.450000000e+00   6.000000000e-01   5.000000000e-01
  196   2.800000000e+00   6.000000000e-01  -1.000000000e+00
  197   4.050000000e+00   6.000000000e-01  -2.500000000e+00
  198   5.800000000e+00   6.000000000e-01  -3.000000000e+00
  199   6.750000000e+00   6.000000000e-01  -2.000000000e+00
  200   6.250000000e+00   6.000000000e-01  -7.000000000e-01
  201   4.750000000e+00   6.000000000e-01   4.000000000e-01
  202   3.050000000e+00   6.000000000e-01   6.500000000e-01
  203   2.050000000e+00   6.000000000e-01   3.000000000e-01
  204   2.000000000e+00   6.000000000e-01   3.500000000e-01
  205   2.300000000e+00   6.000000000e-01   1.050000000e+00
  206   2.200000000e+00   6.000000000e-01   1.750000000e+00
  207   1.750000000e+00   6.000000000e-01   1.950000000e+00
  208   1.250000000e+00   6.000000000e-01   1.800000000e+00
  209   1.250000000e+00   6.000000000e-01   8.000000000e-01
  210   2.250000000e+00   6.000000000e-01  -5.000000000e-01
  211   3.000000000e+00   6.000000000e-01  -8.500000000e-01
  212   3.050000000e+00   6.000000000e-01  -5.000000000e-01
  213   2.750000000e+00   6.000000000e-01  -2.500000000e-01
  214   2.600000000e+00   6.000000000e-01  -1.500000000e-01
  215   2.250000000e+00   6.000000000e-01  -1.500000000e-01
  216   2.000000000e+00   6.000000000e-01  -5.000000000e-01
  217   2.100000000e+00   6.000000000e-01  -7.000000000e-01
  218   2.550000000e+00   2.500000000e-01   1.500000000e+00
  219   2.200000000e+00   2.500000000e-01   1.500000000e+00
  220   2.400000000e+00   2.500000000e-01  -5.000000000e-01
  221   3.550000000e+00   2.500000000e-01  -2.000000000e+00
  222   5.200000000e+00   2.500000000e-01  -2.500000000e+00
  223   6.050000000e+00   2.500000000e-01  -1.500000000e+00
  224   5.450000000e+00   2.500000000e-01  -5.000000000e-01
  225   3.950000000e+00   2.500000000e-01   5.500000000e-01
  226   2.300000000e+00   2.500000000e-01   6.000000000e-01
  227   1.300000000e+00   2.500000000e-01   1.500000000e-01
  228   1.200000000e+00   2.500000000e-01  -5.000000000e-02
  229   1.650000000e+00   2.500000000e-01   4.500000000e-01
  230   1.750000000e+00   2.500000000e-01   9.500000000e-01
  231   1.550000000e+00   2.500000000e-01   1.200000000e+00
  232   1.300000000e+00   2.500000000e-01   1.150000000e+00
  233   1.150000000e+00   2.500000000e-01   7.500000000e-01
  234   1.850000000e+00   2.500000000e-01  -2.000000000e-01
  235   2.500000000e+00   2.500000000e-01  -4.500000000e-01
  236   2.800000000e+00   2.500000000e-01  -3.500000000e-01
  237   3.100000000e+00   2.500000000e-01  -5.000000000e-02
  238   3.200000000e+00   2.500000000e-01   3.000000000e-01
  239   2.750000000e+00   2.500000000e-01   4.000000000e-01
  240   2.350000000e+00   2.500000000e-01   2.500000000e-01
  241   2.250000000e+00   2.500000000e-01   1.000000000e-01
  242   2.550000000e+00  -5.000000000e-02   5.000000000e-01
  243   2.350000000e+00  -5.000000000e-02   5.000000000e-01
  244   2.650000000e+00  -5.000000000e-02  -1.000000000e+00
  245   3.750000000e+00  -5.000000000e-02  -2.000000000e+00
  246   5.150000000e+00  -5.000000000e-02  -3.000000000e+00
  247   5.850000000e+00  -5.000000000e-02  -1.500000000e+00
  248   5.300000000e+00  -5.000000000e-02  -5.000000000e-01
  249   3.850000000e+00  -5.000000000e-02   3.000000000e-01
  250   2.200000000e+00  -5.000000000e-02   3.500000000e-01
  251   1.100000000e+00  -5.000000000e-02  -2.000000000e-01
  252   1.350000000e+00  -5.000000000e-02  -3.000000000e-01
  253   2.050000000e+00  -5.000000000e-02   6.500000000e-01
  254   2.100000000e+00  -5.000000000e-02   1.500000000e+00
  255   1.650000000e+00  -5.000000000e-02   1.750000000e+00
  256   1.250000000e+00  -5.000000000e-02   1.500000000e+00
  257   1.200000000e+00  -5.000000000e-02   7.500000000e-01
  258   2.400000000e+00  -5.000000000e-02  -8.000000000e-01
  259   3.650000000e+00  -5.000000000e-02  -1.250000000e+00
  260   3.800000000e+00  -5.000000000e-02  -7.500000000e-01
  261   3.550000000e+00  -5.000000000e-02  -2.500000000e-01
  262   3.100000000e+00  -5.000000000e-02   5.000000000e-02
  263   2.600000000e+00  -5.000000000e-02   0.000000000e+00
  264   2.050000000e+00  -5.000000000e-02  -4.500000000e-01
  265   1.950000000e+00  -5.000000000e-02  -5.000000000e-01
C Region List
