C PointsNum,MaxElemVol,TetGenParams,nAtrib,IndMov,MDMaxVolume,MDomDiv,MDOnly,MDDivF,MDPrescP
  395    1.000000e+00 YYpznno2q1.414a     0     0    1.000000e+00     1     0     0     0     0     0 YYpznno2q1.414a
  -1.412148000e-01  -8.367570000e+00  -5.918100000e-02
   8.987710000e-02  -7.902820000e+00   6.829840000e-01
  -1.054590000e-01  -7.902820000e+00   7.540480000e-01
  -3.258280000e-01  -7.902820000e+00   7.742330000e-01
  -5.662570000e-01  -7.902820000e+00   7.512300000e-01
  -8.054580000e-01  -7.902820000e+00   6.508930000e-01
  -9.608340000e-01  -7.902820000e+00   4.444290000e-01
  -9.717890000e-01  -7.902820000e+00   1.820960000e-01
  -9.000680000e-01  -7.902820000e+00  -5.078800000e-02
  -8.065570000e-01  -7.902820000e+00  -2.397610000e-01
  -7.090870000e-01  -7.902820000e+00  -4.028680000e-01
  -6.005420000e-01  -7.902820000e+00  -5.537370000e-01
  -4.687010000e-01  -7.902820000e+00  -6.965250000e-01
  -3.011229000e-01  -7.902820000e+00  -8.243890000e-01
  -9.244800000e-02  -7.902820000e+00  -9.058340000e-01
   1.363440000e-01  -7.902820000e+00  -8.973610000e-01
   3.504660000e-01  -7.902820000e+00  -8.074930000e-01
   5.305370000e-01  -7.902820000e+00  -6.628660000e-01
   6.617250000e-01  -7.902820000e+00  -4.754650000e-01
   6.841810000e-01  -7.902820000e+00  -2.469040000e-01
   5.384040000e-01  -7.902820000e+00  -3.890200000e-02
   4.129050000e-01  -7.902820000e+00   9.821300000e-02
   3.321650000e-01  -7.902820000e+00   2.093840000e-01
   2.737470000e-01  -7.902820000e+00   3.350700000e-01
   2.086420000e-01  -7.902820000e+00   4.999680000e-01
   1.039166000e-01  -7.438070000e+00   9.343100000e-01
  -1.554520000e-01  -7.438070000e+00   1.012125000e+00
  -4.396990000e-01  -7.438070000e+00   1.024763000e+00
  -7.424050000e-01  -7.438070000e+00   9.789350000e-01
  -1.035928000e+00  -7.438070000e+00   8.406800000e-01
  -1.235520000e+00  -7.438070000e+00   5.823960000e-01
  -1.280600000e+00  -7.438070000e+00   2.596132000e-01
  -1.223030000e+00  -7.438070000e+00  -4.301500000e-02
  -1.120650000e+00  -7.438070000e+00  -3.038790000e-01
  -9.945980000e-01  -7.438070000e+00  -5.319010000e-01
  -8.361290000e-01  -7.438070000e+00  -7.343400000e-01
  -6.397920000e-01  -7.438070000e+00  -9.038400000e-01
  -4.060834000e-01  -7.438070000e+00  -1.033650000e+00
  -1.388710000e-01  -7.438070000e+00  -1.107470000e+00
   1.445210000e-01  -7.438070000e+00  -1.087909000e+00
   4.029010000e-01  -7.438070000e+00  -9.693710000e-01
   6.157500000e-01  -7.438070000e+00  -7.849380000e-01
   7.721340000e-01  -7.438070000e+00  -5.542580000e-01
   8.109860000e-01  -7.438070000e+00  -2.823868000e-01
   6.772410000e-01  -7.438070000e+00  -2.779700000e-02
   5.431710000e-01  -7.438070000e+00   1.563610000e-01
   4.456970000e-01  -7.438070000e+00   3.143930000e-01
   3.705450000e-01  -7.438070000e+00   4.917270000e-01
   2.759450000e-01  -7.438070000e+00   7.130340000e-01
   1.077290000e-01  -6.973310000e+00   1.054160000e+00
  -1.889520000e-01  -6.973310000e+00   1.121930000e+00
  -5.097170000e-01  -6.973310000e+00   1.137374000e+00
  -8.554310000e-01  -6.973310000e+00   1.092688000e+00
  -1.195160000e+00  -6.973310000e+00   9.428940000e-01
  -1.425030000e+00  -6.973310000e+00   6.500600000e-01
  -1.502430000e+00  -6.973310000e+00   2.875288000e-01
  -1.472910000e+00  -6.973310000e+00  -6.631900000e-02
  -1.378080000e+00  -6.973310000e+00  -3.875190000e-01
  -1.235860000e+00  -6.973310000e+00  -6.770640000e-01
  -1.040643000e+00  -6.973310000e+00  -9.300500000e-01
  -7.934120000e-01  -6.973310000e+00  -1.138200000e+00
  -5.012710000e-01  -6.973310000e+00  -1.293670000e+00
  -1.690850000e-01  -6.973310000e+00  -1.373310000e+00
   1.723810000e-01  -6.973310000e+00  -1.329105000e+00
   4.579140000e-01  -6.973310000e+00  -1.139656000e+00
   6.642660000e-01  -6.973310000e+00  -8.862660000e-01
   8.108670000e-01  -6.973310000e+00  -6.171500000e-01
   8.891260000e-01  -6.973310000e+00  -3.334712000e-01
   8.350710000e-01  -6.973310000e+00  -4.738300000e-02
   7.261910000e-01  -6.973310000e+00   1.951430000e-01
   6.120120000e-01  -6.973310000e+00   4.098120000e-01
   4.934670000e-01  -6.973310000e+00   6.283000000e-01
   3.393980000e-01  -6.973310000e+00   8.598000000e-01
   1.000940000e-01  -6.508560000e+00   1.138210000e+00
  -2.217960000e-01  -6.508560000e+00   1.202460000e+00
  -5.670470000e-01  -6.508560000e+00   1.224660000e+00
  -9.478100000e-01  -6.508560000e+00   1.189637000e+00
  -1.330090000e+00  -6.508560000e+00   1.037342000e+00
  -1.591580000e+00  -6.508560000e+00   7.195060000e-01
  -1.695380000e+00  -6.508560000e+00   3.217276000e-01
  -1.684640000e+00  -6.508560000e+00  -7.484700000e-02
  -1.595630000e+00  -6.508560000e+00  -4.452860000e-01
  -1.440090000e+00  -6.508560000e+00  -7.854600000e-01
  -1.207030000e+00  -6.508560000e+00  -1.074750000e+00
  -9.127910000e-01  -6.508560000e+00  -1.299720000e+00
  -5.729060000e-01  -6.508560000e+00  -1.455640000e+00
  -1.994300000e-01  -6.508560000e+00  -1.525400000e+00
   1.771550000e-01  -6.508560000e+00  -1.467250000e+00
   4.798320000e-01  -6.508560000e+00  -1.238010000e+00
   6.884680000e-01  -6.508560000e+00  -9.485840000e-01
   8.350970000e-01  -6.508560000e+00  -6.566180000e-01
   9.339920000e-01  -6.508560000e+00  -3.602724000e-01
   9.315360000e-01  -6.508560000e+00  -5.334300000e-02
   8.558740000e-01  -6.508560000e+00   2.318790000e-01
   7.336160000e-01  -6.508560000e+00   4.932490000e-01
   5.776960000e-01  -6.508560000e+00   7.387100000e-01
   3.729540000e-01  -6.508560000e+00   9.688000000e-01
   8.679500000e-02  -6.042800000e+00   1.233060000e+00
  -2.575600000e-01  -6.042800000e+00   1.297910000e+00
  -6.294370000e-01  -6.042800000e+00   1.335890000e+00
  -1.053770000e+00  -6.042800000e+00   1.322361000e+00
  -1.495770000e+00  -6.042800000e+00   1.178382000e+00
  -1.798940000e+00  -6.042800000e+00   8.288580000e-01
  -1.915730000e+00  -6.042800000e+00   3.818001000e-01
  -1.896890000e+00  -6.042800000e+00  -6.454700000e-02
  -1.789990000e+00  -6.042800000e+00  -4.782160000e-01
  -1.610810000e+00  -6.042800000e+00  -8.538100000e-01
  -1.347990000e+00  -6.042800000e+00  -1.170390000e+00
  -1.012682000e+00  -6.042800000e+00  -1.403810000e+00
  -6.362050000e-01  -6.042800000e+00  -1.554370000e+00
  -2.339680000e-01  -6.042800000e+00  -1.615200000e+00
   1.695170000e-01  -6.042800000e+00  -1.554170000e+00
   4.925360000e-01  -6.042800000e+00  -1.307940000e+00
   7.140970000e-01  -6.042800000e+00  -9.958540000e-01
   8.715120000e-01  -6.042800000e+00  -6.848530000e-01
   9.860680000e-01  -6.042800000e+00  -3.711999000e-01
   1.013909000e+00  -6.042800000e+00  -4.099400000e-02
   9.586970000e-01  -6.042800000e+00   2.813950000e-01
   8.274360000e-01  -6.042800000e+00   5.804410000e-01
   6.373280000e-01  -6.042800000e+00   8.462800000e-01
   3.928210000e-01  -6.042800000e+00   1.075470000e+00
   7.316100000e-02  -5.578050000e+00   1.335360000e+00
  -2.942700000e-01  -5.578050000e+00   1.406020000e+00
  -6.961100000e-01  -5.578050000e+00   1.455090000e+00
  -1.161750000e+00  -5.578050000e+00   1.455486000e+00
  -1.655280000e+00  -5.578050000e+00   1.312312000e+00
  -2.002130000e+00  -5.578050000e+00   9.361110000e-01
  -2.140210000e+00  -5.578050000e+00   4.435741000e-01
  -2.127890000e+00  -5.578050000e+00  -5.322000000e-02
  -2.012590000e+00  -5.578050000e+00  -5.163500000e-01
  -1.811430000e+00  -5.578050000e+00  -9.370200000e-01
  -1.506250000e+00  -5.578050000e+00  -1.281450000e+00
  -1.114796000e+00  -5.578050000e+00  -1.506080000e+00
  -6.948390000e-01  -5.578050000e+00  -1.627270000e+00
  -2.695400000e-01  -5.578050000e+00  -1.662720000e+00
   1.486600000e-01  -5.578050000e+00  -1.599900000e+00
   4.987640000e-01  -5.578050000e+00  -1.368030000e+00
   7.505960000e-01  -5.578050000e+00  -1.055870000e+00
   9.356100000e-01  -5.578050000e+00  -7.291370000e-01
   1.067743000e+00  -5.578050000e+00  -3.884259000e-01
   1.104371000e+00  -5.578050000e+00  -2.767300000e-02
   1.049744000e+00  -5.578050000e+00   3.306150000e-01
   9.014040000e-01  -5.578050000e+00   6.578170000e-01
   6.844280000e-01  -5.578050000e+00   9.443100000e-01
   4.077446000e-01  -5.578050000e+00   1.180250000e+00
   5.239600000e-02  -4.651630000e+00   1.689170000e+00
  -3.864260000e-01  -4.651630000e+00   1.772810000e+00
  -8.620000000e-01  -4.651630000e+00   1.818470000e+00
  -1.399710000e+00  -4.651630000e+00   1.797270000e+00
  -1.964240000e+00  -4.651630000e+00   1.616446000e+00
  -2.372890000e+00  -4.651630000e+00   1.184322000e+00
  -2.521560000e+00  -4.651630000e+00   6.081583000e-01
  -2.479340000e+00  -4.651630000e+00   3.414500000e-02
  -2.322450000e+00  -4.651630000e+00  -4.887300000e-01
  -2.082690000e+00  -4.651630000e+00  -9.549300000e-01
  -1.743530000e+00  -4.651630000e+00  -1.342320000e+00
  -1.294278000e+00  -4.651630000e+00  -1.576530000e+00
  -8.216040000e-01  -4.651630000e+00  -1.680040000e+00
  -3.585888000e-01  -4.651630000e+00  -1.691430000e+00
   8.954000000e-02  -4.651630000e+00  -1.621680000e+00
   4.628500000e-01  -4.651630000e+00  -1.370296000e+00
   7.176460000e-01  -4.651630000e+00  -1.021510000e+00
   9.027600000e-01  -4.651630000e+00  -6.716590000e-01
   1.050281000e+00  -4.651630000e+00  -3.178417000e-01
   1.129008000e+00  -4.651630000e+00   6.304400000e-02
   1.103447000e+00  -4.651630000e+00   4.586880000e-01
   9.512810000e-01  -4.651630000e+00   8.290430000e-01
   7.339780000e-01  -4.651630000e+00   1.175170000e+00
   4.396162900e-01  -4.651630000e+00   1.483440000e+00
   7.484700000e-02  -3.726210000e+00   2.007100000e+00
  -4.309590000e-01  -3.726210000e+00   2.108100000e+00
  -9.719800000e-01  -3.726210000e+00   2.138090000e+00
  -1.563220000e+00  -3.726210000e+00   2.073630000e+00
  -2.162990000e+00  -3.726210000e+00   1.840959000e+00
  -2.599310000e+00  -3.726210000e+00   1.359271000e+00
  -2.721540000e+00  -3.726210000e+00   7.185661000e-01
  -2.610270000e+00  -3.726210000e+00   1.027740000e-01
  -2.392900000e+00  -3.726210000e+00  -4.264400000e-01
  -2.122050000e+00  -3.726210000e+00  -8.833300000e-01
  -1.793520000e+00  -3.726210000e+00  -1.280850000e+00
  -1.365200000e+00  -3.726210000e+00  -1.555790000e+00
  -8.881530000e-01  -3.726210000e+00  -1.706030000e+00
  -3.996358000e-01  -3.726210000e+00  -1.751100000e+00
   8.536200000e-02  -3.726210000e+00  -1.686070000e+00
   4.793120000e-01  -3.726210000e+00  -1.398900000e+00
   7.307290000e-01  -3.726210000e+00  -1.005666000e+00
   9.093270000e-01  -3.726210000e+00  -6.299530000e-01
   1.051983000e+00  -3.726210000e+00  -2.594339000e-01
   1.117012000e+00  -3.726210000e+00   1.326240000e-01
   1.075208000e+00  -3.726210000e+00   5.326060000e-01
   9.359370000e-01  -3.726210000e+00   9.146600000e-01
   7.571460000e-01  -3.726210000e+00   1.311350000e+00
   4.887498000e-01  -3.726210000e+00   1.714890000e+00
   9.340300000e-02  -2.799800000e+00   2.246380000e+00
  -4.700400000e-01  -2.799800000e+00   2.353140000e+00
  -1.061120000e+00  -2.799800000e+00   2.347500000e+00
  -1.672750000e+00  -2.799800000e+00   2.221610000e+00
  -2.261220000e+00  -2.799800000e+00   1.926050000e+00
  -2.691390000e+00  -2.799800000e+00   1.414489000e+00
  -2.824530000e+00  -2.799800000e+00   7.604598000e-01
  -2.729860000e+00  -2.799800000e+00   1.268740000e-01
  -2.521750000e+00  -2.799800000e+00  -4.266500000e-01
  -2.249310000e+00  -2.799800000e+00  -9.112500000e-01
  -1.910030000e+00  -2.799800000e+00  -1.336020000e+00
  -1.459910000e+00  -2.799800000e+00  -1.632590000e+00
  -9.555970000e-01  -2.799800000e+00  -1.795180000e+00
  -4.359577000e-01  -2.799800000e+00  -1.844940000e+00
   7.897200000e-02  -2.799800000e+00  -1.773580000e+00
   4.874200000e-01  -2.799800000e+00  -1.451560000e+00
   7.330360000e-01  -2.799800000e+00  -1.019692000e+00
   9.039280000e-01  -2.799800000e+00  -6.230050000e-01
   1.040816000e+00  -2.799800000e+00  -2.415402000e-01
   1.097447000e+00  -2.799800000e+00   1.581120000e-01
   1.047271000e+00  -2.799800000e+00   5.600300000e-01
   9.233320000e-01  -2.799800000e+00   9.543900000e-01
   7.737340000e-01  -2.799800000e+00   1.390720000e+00
   5.295627000e-01  -2.799800000e+00   1.876660000e+00
   5.167400000e-02  -1.873380000e+00   2.338200000e+00
  -5.382400000e-01  -1.873380000e+00   2.450590000e+00
  -1.160650000e+00  -1.873380000e+00   2.453840000e+00
  -1.809030000e+00  -1.873380000e+00   2.328580000e+00
  -2.434820000e+00  -1.873380000e+00   2.021100000e+00
  -2.885740000e+00  -1.873380000e+00   1.474914000e+00
  -3.034190000e+00  -1.873380000e+00   7.878790000e-01
  -2.952510000e+00  -1.873380000e+00   1.155710000e-01
  -2.747080000e+00  -1.873380000e+00  -4.808800000e-01
  -2.461990000e+00  -1.873380000e+00  -1.006780000e+00
  -2.094350000e+00  -1.873380000e+00  -1.464770000e+00
  -1.597730000e+00  -1.873380000e+00  -1.765960000e+00
  -1.051326000e+00  -1.873380000e+00  -1.913930000e+00
  -5.034214000e-01  -1.873380000e+00  -1.944160000e+00
   3.381800000e-02  -1.873380000e+00  -1.867220000e+00
   4.719560000e-01  -1.873380000e+00  -1.550400000e+00
   7.348180000e-01  -1.873380000e+00  -1.099149000e+00
   9.107020000e-01  -1.873380000e+00  -6.745870000e-01
   1.039085000e+00  -1.873380000e+00  -2.691210000e-01
   1.063493000e+00  -1.873380000e+00   1.484430000e-01
   9.885080000e-01  -1.873380000e+00   5.520710000e-01
   8.717980000e-01  -1.873380000e+00   9.540030000e-01
   7.381820000e-01  -1.873380000e+00   1.413410000e+00
   5.045200000e-01  -1.873380000e+00   1.942870000e+00
  -6.079000000e-02  -9.469600000e-01   2.287430000e+00
  -6.385300000e-01  -9.469600000e-01   2.399250000e+00
  -1.251820000e+00  -9.469600000e-01   2.414690000e+00
  -1.900170000e+00  -9.469600000e-01   2.306630000e+00
  -2.530020000e+00  -9.469600000e-01   2.010420000e+00
  -2.982340000e+00  -9.469600000e-01   1.472011000e+00
  -3.166630000e+00  -9.469600000e-01   7.912550000e-01
  -3.147860000e+00  -9.469600000e-01   1.105820000e-01
  -2.988810000e+00  -9.469600000e-01  -5.245900000e-01
  -2.716140000e+00  -9.469600000e-01  -1.102100000e+00
  -2.315750000e+00  -9.469600000e-01  -1.592330000e+00
  -1.750720000e+00  -9.469600000e-01  -1.864720000e+00
  -1.157790000e+00  -9.469600000e-01  -1.940320000e+00
  -6.041575000e-01  -9.469600000e-01  -1.904430000e+00
  -8.740300000e-02  -9.469600000e-01  -1.796230000e+00
   3.437660000e-01  -9.469600000e-01  -1.508300000e+00
   5.699660000e-01  -9.469600000e-01  -1.040344000e+00
   7.052030000e-01  -9.469600000e-01  -6.199380000e-01
   8.328350000e-01  -9.469600000e-01  -2.457450000e-01
   9.035370000e-01  -9.469600000e-01   1.430410000e-01
   8.583420000e-01  -9.469600000e-01   5.397110000e-01
   7.624740000e-01  -9.469600000e-01   9.435190000e-01
   6.444980000e-01  -9.469600000e-01   1.415540000e+00
   4.102020000e-01  -9.469600000e-01   1.948830000e+00
  -1.846040000e-01  -3.545410000e-01   2.235920000e+00
   3.051790000e-01  -3.545410000e-01   1.949500000e+00
   5.341060000e-01  -3.545410000e-01   1.404330000e+00
   6.217300000e-01  -3.545410000e-01   9.130400000e-01
   6.883140000e-01  -3.545410000e-01   5.098270000e-01
   7.226230000e-01  -3.545410000e-01   1.275790000e-01
   6.359060000e-01  -3.545410000e-01  -2.392940000e-01
   5.282870000e-01  -3.545410000e-01  -5.992310000e-01
   4.241980000e-01  -3.545410000e-01  -1.024210000e+00
   2.032500000e-01  -3.545410000e-01  -1.478150000e+00
  -2.318090000e-01  -3.545410000e-01  -1.700640000e+00
  -7.178674000e-01  -3.545410000e-01  -1.851830000e+00
  -1.275604000e+00  -3.545410000e-01  -1.971930000e+00
  -1.934150000e+00  -3.545410000e-01  -2.001170000e+00
  -2.601530000e+00  -3.545410000e-01  -1.781460000e+00
  -3.048070000e+00  -3.545410000e-01  -1.244760000e+00
  -3.293710000e+00  -3.545410000e-01  -5.923500000e-01
  -3.376550000e+00  -3.545410000e-01   9.480500000e-02
  -3.308280000e+00  -3.545410000e-01   7.807060000e-01
  -3.072580000e+00  -3.545410000e-01   1.441634000e+00
  -2.626310000e+00  -3.545410000e-01   1.978010000e+00
  -2.001820000e+00  -3.545410000e-01   2.271920000e+00
  -1.357320000e+00  -3.545410000e-01   2.371490000e+00
  -7.514100000e-01  -3.545410000e-01   2.348470000e+00
  -2.146010000e+00  -4.194410000e-01  -1.460560000e+00
  -2.580700000e+00  -4.121410000e-01  -1.229080000e+00
  -1.182620000e+00  -4.075410000e-01   2.045280000e+00
  -8.168800000e-01  -4.358410000e-01   1.781420000e+00
  -1.904380000e+00  -5.055410000e-01   4.626180000e-01
  -1.855330000e+00  -4.995410000e-01   7.171075000e-01
  -1.560800000e+00  -5.075410000e-01   6.943108000e-01
  -6.674957000e-01  -4.096410000e-01  -1.502020000e+00
  -1.579390000e+00  -5.175410000e-01   9.344000000e-02
  -1.265860000e+00  -5.135410000e-01   6.725140000e-01
  -1.020120000e+00  -5.145410000e-01   1.025310000e-01
  -2.310680000e+00  -4.745410000e-01   7.323400000e-01
  -2.391460000e+00  -4.775410000e-01   2.265950000e-01
  -2.830710000e+00  -4.305410000e-01   4.820870000e-01
  -2.303980000e+00  -4.440410000e-01   1.317005000e+00
  -2.453240000e+00  -4.460410000e-01   1.089366000e+00
  -2.425000000e+00  -4.355410000e-01   1.291249000e+00
  -2.104840000e-01  -4.242410000e-01   1.606377000e+00
  -7.088630000e-01  -4.805410000e-01   1.168407000e+00
  -1.793850000e+00  -4.575410000e-01  -1.188060000e+00
  -1.708510000e+00  -4.745410000e-01  -9.916100000e-01
  -1.529948000e+00  -4.695410000e-01  -1.090360000e+00
  -1.579600000e+00  -4.765410000e-01   1.354501000e+00
  -1.441220000e+00  -4.467410000e-01   1.723297000e+00
  -1.373130000e+00  -4.655410000e-01   1.519365000e+00
  -2.750570000e+00  -4.265410000e-01  -7.201400000e-01
  -2.185030000e+00  -4.645410000e-01  -8.753800000e-01
  -1.089793000e+00  -4.196410000e-01  -1.535390000e+00
  -1.352384000e+00  -4.635410000e-01  -1.186120000e+00
  -8.518300000e-01  -4.538410000e-01  -1.192060000e+00
  -1.702260000e+00  -4.356410000e-01   1.769328000e+00
  -1.574430000e+00  -4.056410000e-01   2.032950000e+00
  -1.507330000e+00  -4.264410000e-01   1.884120000e+00
  -1.609533000e+00  -4.206410000e-01  -1.565810000e+00
  -1.965300000e+00  -4.200410000e-01   1.821359000e+00
  -3.159100000e-02  -4.091410000e-01  -1.084070000e+00
   6.690000000e-02  -4.202410000e-01  -6.685960000e-01
   2.938690000e-01  -4.145410000e-01  -7.648800000e-02
  -2.029640000e+00  -5.015410000e-01   2.752400000e-02
  -2.361940000e+00  -4.765410000e-01  -2.993200000e-01
   1.517341000e-01  -4.319410000e-01   6.169250000e-01
  -1.857170000e-01  -4.695410000e-01   1.568570000e-01
  -2.691590000e+00  -4.266410000e-01   1.034854900e+00
  -2.850480000e+00  -4.313410000e-01  -1.160110000e-01
  -3.539150000e-01  -4.169410000e-01  -1.315360000e+00
  -4.863240000e-01  -4.625410000e-01  -8.352900000e-01
   2.149210000e-01  -4.069410000e-01   1.244704000e+00
  -2.052530000e-01  -4.555410000e-01   1.045561000e+00
  -1.864730000e+00  -5.015410000e-01  -3.684780000e-01
  -2.121810000e+00  -4.465410000e-01   1.451350000e+00
  -2.212890000e+00  -4.625410000e-01   1.139877000e+00
  -7.838150000e-01  -4.785410000e-01  -8.064400000e-01
  -7.952650000e-01  -4.895410000e-01  -5.890790000e-01
  -1.012450000e+00  -4.835410000e-01   1.235920000e+00
  -1.054460000e+00  -4.635410000e-01   1.528426000e+00
  -8.836600000e-01  -4.725410000e-01   1.353916000e+00
  -1.907730000e+00  -4.425410000e-01   1.622463000e+00
  -2.043060000e+00  -4.337410000e-01   1.638855000e+00
  -1.849150000e+00  -4.635410000e-01   1.415567000e+00
  -1.808690000e+00  -4.925410000e-01   9.675970000e-01
  -2.010390000e+00  -4.795410000e-01   1.052737000e+00
  -1.459850000e+00  -5.155410000e-01  -1.343470000e-01
  -1.663290000e+00  -5.095410000e-01  -2.504130000e-01
  -1.338300000e+00  -5.115410000e-01  -3.571340000e-01
  -1.181210000e+00  -5.145410000e-01  -1.293020000e-01
  -9.924630000e-01  -5.085410000e-01  -2.480090000e-01
  -5.362880000e-01  -4.925410000e-01   5.487197000e-01
  -1.305420000e+00  -4.285410000e-01   1.884290000e+00
  -1.062650000e+00  -4.326410000e-01   1.832850000e+00
  -1.617180000e+00  -4.895410000e-01  -8.031600000e-01
  -1.349241000e+00  -4.915410000e-01  -7.933800000e-01
  -1.353813000e+00  -4.785410000e-01  -9.907500000e-01
  -1.282350000e+00  -4.995410000e-01   9.929740000e-01
  -9.966100000e-01  -4.915410000e-01   1.080191000e+00
  -2.838590000e-01  -4.695410000e-01  -3.036780000e-01
  -2.061280000e+00  -4.855410000e-01   8.499687800e-01
  -1.981980000e+00  -4.955410000e-01   6.582930000e-01
  -1.743450000e+00  -4.965410000e-01  -5.908200000e-01
  -1.901600000e+00  -4.795410000e-01  -8.362700000e-01
  -1.885160000e+00  -4.915410000e-01  -6.043700000e-01
  -1.556470000e+00  -4.905410000e-01   1.129015000e+00
  -1.545720000e+00  -4.975410000e-01   9.772860000e-01
  -2.399470000e+00  -4.244410000e-01   1.493132000e+00
  -5.686610000e-01  -4.955410000e-01   2.579000000e-02
  -5.412870000e-01  -4.865410000e-01  -3.331970000e-01
  -9.695670000e-01  -4.725410000e-01  -1.002330000e+00
  -8.203220000e-01  -4.665410000e-01  -1.004750000e+00
  -1.213302000e+00  -5.015410000e-01  -5.818600000e-01
  -1.414740000e+00  -4.965410000e-01  -6.895100000e-01
  -1.248340000e+00  -4.555410000e-01   1.631361000e+00
  -1.775210000e+00  -4.503410000e-01   1.594948000e+00
  -9.134180000e-01  -5.085410000e-01  -1.340930000e-01
  -6.866880000e-01  -4.985410000e-01  -1.714630000e-01
  -1.540880000e+00  -5.045410000e-01  -4.724800000e-01
  -1.223845000e+00  -4.775410000e-01  -9.878600000e-01
  -1.162976000e+00  -4.685410000e-01  -1.090720000e+00
  -8.037160000e-01  -5.005410000e-01  -3.647170000e-01
  -5.148060000e-01  -4.755410000e-01  -5.857420000e-01
  -1.380800000e+00  -5.165410000e-01  -1.843100000e-02
  -9.465100000e-01  -4.955410000e-01  -5.826560000e-01
  -1.009009000e+00  -5.015410000e-01  -4.727910000e-01
  -1.309040000e+00  -4.825410000e-01   1.296434000e+00
  -1.084305000e+00  -4.885410000e-01  -7.935900000e-01
  -1.601510000e+00  -5.075410000e-01  -3.623060000e-01
  -2.030620000e+00  -4.645410000e-01   1.278222000e+00
  -2.262180000e+00  -4.685410000e-01   9.381089000e-01
C Number of facets
  786
C  Size  Node 1  ......Node N Marker
    3    0    1    2    3
    3    0    2    3    3
    3    0    3    4    3
    3    0    4    5    3
    3    0    5    6    3
    3    0    6    7    3
    3    0    7    8    3
    3    0    8    9    3
    3    0    9   10    3
    3    0   10   11    3
    3    0   11   12    3
    3    0   12   13    3
    3    0   13   14    3
    3    0   14   15    3
    3    0   15   16    3
    3    0   16   17    3
    3    0   17   18    3
    3    0   18   19    3
    3    0   19   20    3
    3    0   20   21    3
    3    0   21   22    3
    3    0   22   23    3
    3    0   23   24    3
    3    0   24    1    3
    3    1   25   26    3
    3    1   26    2    3
    3    2   26   27    3
    3    2   27    3    3
    3    3   27   28    3
    3    3   28    4    3
    3    4   28   29    3
    3    4   29    5    3
    3    5   29   30    3
    3    5   30    6    3
    3    6   30   31    3
    3    6   31    7    3
    3    7   31   32    3
    3    7   32    8    3
    3    8   32   33    3
    3    8   33    9    3
    3    9   33   34    3
    3    9   34   10    3
    3   10   34   35    3
    3   10   35   11    3
    3   11   35   36    3
    3   11   36   12    3
    3   12   36   37    3
    3   12   37   13    3
    3   13   37   38    3
    3   13   38   14    3
    3   14   38   39    3
    3   14   39   15    3
    3   15   39   40    3
    3   15   40   16    3
    3   16   40   41    3
    3   16   41   17    3
    3   17   41   42    3
    3   17   42   18    3
    3   18   42   43    3
    3   18   43   19    3
    3   19   43   44    3
    3   19   44   20    3
    3   20   44   45    3
    3   20   45   21    3
    3   21   45   46    3
    3   21   46   22    3
    3   22   46   47    3
    3   22   47   23    3
    3   23   47   48    3
    3   23   48   24    3
    3   24   48   25    3
    3   24   25    1    3
    3   25   49   50    3
    3   25   50   26    3
    3   26   50   51    3
    3   26   51   27    3
    3   27   51   52    3
    3   27   52   28    3
    3   28   52   53    3
    3   28   53   29    3
    3   29   53   54    3
    3   29   54   30    3
    3   30   54   55    3
    3   30   55   31    3
    3   31   55   56    3
    3   31   56   32    3
    3   32   56   57    3
    3   32   57   33    3
    3   33   57   58    3
    3   33   58   34    3
    3   34   58   59    3
    3   34   59   35    3
    3   35   59   60    3
    3   35   60   36    3
    3   36   60   61    3
    3   36   61   37    3
    3   37   61   62    3
    3   37   62   38    3
    3   38   62   63    3
    3   38   63   39    3
    3   39   63   64    3
    3   39   64   40    3
    3   40   64   65    3
    3   40   65   41    3
    3   41   65   66    3
    3   41   66   42    3
    3   42   66   67    3
    3   42   67   43    3
    3   43   67   68    3
    3   43   68   44    3
    3   44   68   69    3
    3   44   69   45    3
    3   45   69   70    3
    3   45   70   46    3
    3   46   70   71    3
    3   46   71   47    3
    3   47   71   72    3
    3   47   72   48    3
    3   48   72   49    3
    3   48   49   25    3
    3   49   73   74    3
    3   49   74   50    3
    3   50   74   75    3
    3   50   75   51    3
    3   51   75   76    3
    3   51   76   52    3
    3   52   76   77    3
    3   52   77   53    3
    3   53   77   78    3
    3   53   78   54    3
    3   54   78   79    3
    3   54   79   55    3
    3   55   79   80    3
    3   55   80   56    3
    3   56   80   81    3
    3   56   81   57    3
    3   57   81   82    3
    3   57   82   58    3
    3   58   82   83    3
    3   58   83   59    3
    3   59   83   84    3
    3   59   84   60    3
    3   60   84   85    3
    3   60   85   61    3
    3   61   85   86    3
    3   61   86   62    3
    3   62   86   87    3
    3   62   87   63    3
    3   63   87   88    3
    3   63   88   64    3
    3   64   88   89    3
    3   64   89   65    3
    3   65   89   90    3
    3   65   90   66    3
    3   66   90   91    3
    3   66   91   67    3
    3   67   91   92    3
    3   67   92   68    3
    3   68   92   93    3
    3   68   93   69    3
    3   69   93   94    3
    3   69   94   70    3
    3   70   94   95    3
    3   70   95   71    3
    3   71   95   96    3
    3   71   96   72    3
    3   72   96   73    3
    3   72   73   49    3
    3   73   97   98    3
    3   73   98   74    3
    3   74   98   99    3
    3   74   99   75    3
    3   75   99  100    3
    3   75  100   76    3
    3   76  100  101    3
    3   76  101   77    3
    3   77  101  102    3
    3   77  102   78    3
    3   78  102  103    3
    3   78  103   79    3
    3   79  103  104    3
    3   79  104   80    3
    3   80  104  105    3
    3   80  105   81    3
    3   81  105  106    3
    3   81  106   82    3
    3   82  106  107    3
    3   82  107   83    3
    3   83  107  108    3
    3   83  108   84    3
    3   84  108  109    3
    3   84  109   85    3
    3   85  109  110    3
    3   85  110   86    3
    3   86  110  111    3
    3   86  111   87    3
    3   87  111  112    3
    3   87  112   88    3
    3   88  112  113    3
    3   88  113   89    3
    3   89  113  114    3
    3   89  114   90    3
    3   90  114  115    3
    3   90  115   91    3
    3   91  115  116    3
    3   91  116   92    3
    3   92  116  117    3
    3   92  117   93    3
    3   93  117  118    3
    3   93  118   94    3
    3   94  118  119    3
    3   94  119   95    3
    3   95  119  120    3
    3   95  120   96    3
    3   96  120   97    3
    3   96   97   73    3
    3   97  121  122    3
    3   97  122   98    3
    3   98  122  123    3
    3   98  123   99    3
    3   99  123  124    3
    3   99  124  100    3
    3  100  124  125    3
    3  100  125  101    3
    3  101  125  126    3
    3  101  126  102    3
    3  102  126  127    3
    3  102  127  103    3
    3  103  127  128    3
    3  103  128  104    3
    3  104  128  129    3
    3  104  129  105    3
    3  105  129  130    3
    3  105  130  106    3
    3  106  130  131    3
    3  106  131  107    3
    3  107  131  132    3
    3  107  132  108    3
    3  108  132  133    3
    3  108  133  109    3
    3  109  133  134    3
    3  109  134  110    3
    3  110  134  135    3
    3  110  135  111    3
    3  111  135  136    3
    3  111  136  112    3
    3  112  136  137    3
    3  112  137  113    3
    3  113  137  138    3
    3  113  138  114    3
    3  114  138  139    3
    3  114  139  115    3
    3  115  139  140    3
    3  115  140  116    3
    3  116  140  141    3
    3  116  141  117    3
    3  117  141  142    3
    3  117  142  118    3
    3  118  142  143    3
    3  118  143  119    3
    3  119  143  144    3
    3  119  144  120    3
    3  120  144  121    3
    3  120  121   97    3
    3  121  145  146    3
    3  121  146  122    3
    3  122  146  147    3
    3  122  147  123    3
    3  123  147  148    3
    3  123  148  124    3
    3  124  148  149    3
    3  124  149  125    3
    3  125  149  150    3
    3  125  150  126    3
    3  126  150  151    3
    3  126  151  127    3
    3  127  151  152    3
    3  127  152  128    3
    3  128  152  153    3
    3  128  153  129    3
    3  129  153  154    3
    3  129  154  130    3
    3  130  154  155    3
    3  130  155  131    3
    3  131  155  156    3
    3  131  156  132    3
    3  132  156  157    3
    3  132  157  133    3
    3  133  157  158    3
    3  133  158  134    3
    3  134  158  159    3
    3  134  159  135    3
    3  135  159  160    3
    3  135  160  136    3
    3  136  160  161    3
    3  136  161  137    3
    3  137  161  162    3
    3  137  162  138    3
    3  138  162  163    3
    3  138  163  139    3
    3  139  163  164    3
    3  139  164  140    3
    3  140  164  165    3
    3  140  165  141    3
    3  141  165  166    3
    3  141  166  142    3
    3  142  166  167    3
    3  142  167  143    3
    3  143  167  168    3
    3  143  168  144    3
    3  144  168  145    3
    3  144  145  121    3
    3  145  169  170    3
    3  145  170  146    3
    3  146  170  171    3
    3  146  171  147    3
    3  147  171  172    3
    3  147  172  148    3
    3  148  172  173    3
    3  148  173  149    3
    3  149  173  174    3
    3  149  174  150    3
    3  150  174  175    3
    3  150  175  151    3
    3  151  175  176    3
    3  151  176  152    3
    3  152  176  177    3
    3  152  177  153    3
    3  153  177  178    3
    3  153  178  154    3
    3  154  178  179    3
    3  154  179  155    3
    3  155  179  180    3
    3  155  180  156    3
    3  156  180  181    3
    3  156  181  157    3
    3  157  181  182    3
    3  157  182  158    3
    3  158  182  183    3
    3  158  183  159    3
    3  159  183  184    3
    3  159  184  160    3
    3  160  184  185    3
    3  160  185  161    3
    3  161  185  186    3
    3  161  186  162    3
    3  162  186  187    3
    3  162  187  163    3
    3  163  187  188    3
    3  163  188  164    3
    3  164  188  189    3
    3  164  189  165    3
    3  165  189  190    3
    3  165  190  166    3
    3  166  190  191    3
    3  166  191  167    3
    3  167  191  192    3
    3  167  192  168    3
    3  168  192  169    3
    3  168  169  145    3
    3  169  193  194    3
    3  169  194  170    3
    3  170  194  195    3
    3  170  195  171    3
    3  171  195  196    3
    3  171  196  172    3
    3  172  196  197    3
    3  172  197  173    3
    3  173  197  198    3
    3  173  198  174    3
    3  174  198  199    3
    3  174  199  175    3
    3  175  199  200    3
    3  175  200  176    3
    3  176  200  201    3
    3  176  201  177    3
    3  177  201  202    3
    3  177  202  178    3
    3  178  202  203    3
    3  178  203  179    3
    3  179  203  204    3
    3  179  204  180    3
    3  180  204  205    3
    3  180  205  181    3
    3  181  205  206    3
    3  181  206  182    3
    3  182  206  207    3
    3  182  207  183    3
    3  183  207  208    3
    3  183  208  184    3
    3  184  208  209    3
    3  184  209  185    3
    3  185  209  210    3
    3  185  210  186    3
    3  186  210  211    3
    3  186  211  187    3
    3  187  211  212    3
    3  187  212  188    3
    3  188  212  213    3
    3  188  213  189    3
    3  189  213  214    3
    3  189  214  190    3
    3  190  214  215    3
    3  190  215  191    3
    3  191  215  216    3
    3  191  216  192    3
    3  192  216  193    3
    3  192  193  169    3
    3  193  217  218    3
    3  193  218  194    3
    3  194  218  219    3
    3  194  219  195    3
    3  195  219  220    3
    3  195  220  196    3
    3  196  220  221    3
    3  196  221  197    3
    3  197  221  222    3
    3  197  222  198    3
    3  198  222  223    3
    3  198  223  199    3
    3  199  223  224    3
    3  199  224  200    3
    3  200  224  225    3
    3  200  225  201    3
    3  201  225  226    3
    3  201  226  202    3
    3  202  226  227    3
    3  202  227  203    3
    3  203  227  228    3
    3  203  228  204    3
    3  204  228  229    3
    3  204  229  205    3
    3  205  229  230    3
    3  205  230  206    3
    3  206  230  231    3
    3  206  231  207    3
    3  207  231  232    3
    3  207  232  208    3
    3  208  232  233    3
    3  208  233  209    3
    3  209  233  234    3
    3  209  234  210    3
    3  210  234  235    3
    3  210  235  211    3
    3  211  235  236    3
    3  211  236  212    3
    3  212  236  237    3
    3  212  237  213    3
    3  213  237  238    3
    3  213  238  214    3
    3  214  238  239    3
    3  214  239  215    3
    3  215  239  240    3
    3  215  240  216    3
    3  216  240  217    3
    3  216  217  193    3
    3  217  241  242    3
    3  217  242  218    3
    3  218  242  243    3
    3  218  243  219    3
    3  219  243  244    3
    3  219  244  220    3
    3  220  244  245    3
    3  220  245  221    3
    3  221  245  246    3
    3  221  246  222    3
    3  222  246  247    3
    3  222  247  223    3
    3  223  247  248    3
    3  223  248  224    3
    3  224  248  249    3
    3  224  249  225    3
    3  225  249  250    3
    3  225  250  226    3
    3  226  250  251    3
    3  226  251  227    3
    3  227  251  252    3
    3  227  252  228    3
    3  228  252  253    3
    3  228  253  229    3
    3  229  253  254    3
    3  229  254  230    3
    3  230  254  255    3
    3  230  255  231    3
    3  231  255  256    3
    3  231  256  232    3
    3  232  256  257    3
    3  232  257  233    3
    3  233  257  258    3
    3  233  258  234    3
    3  234  258  259    3
    3  234  259  235    3
    3  235  259  260    3
    3  235  260  236    3
    3  236  260  261    3
    3  236  261  237    3
    3  237  261  262    3
    3  237  262  238    3
    3  238  262  263    3
    3  238  263  239    3
    3  239  263  264    3
    3  239  264  240    3
    3  240  264  241    3
    3  240  241  217    3
    3  264  265  241    3
    3  264  266  265    3
    3  263  266  264    3
    3  263  267  266    3
    3  262  267  263    3
    3  262  268  267    3
    3  261  268  262    3
    3  261  269  268    3
    3  260  269  261    3
    3  260  270  269    3
    3  259  270  260    3
    3  259  271  270    3
    3  258  271  259    3
    3  258  272  271    3
    3  257  272  258    3
    3  257  273  272    3
    3  256  273  257    3
    3  256  274  273    3
    3  255  274  256    3
    3  255  275  274    3
    3  254  275  255    3
    3  254  276  275    3
    3  253  276  254    3
    3  253  277  276    3
    3  252  277  253    3
    3  252  278  277    3
    3  251  278  252    3
    3  251  279  278    3
    3  250  279  251    3
    3  250  280  279    3
    3  249  280  250    3
    3  249  281  280    3
    3  248  281  249    3
    3  248  282  281    3
    3  247  282  248    3
    3  247  283  282    3
    3  246  283  247    3
    3  246  284  283    3
    3  245  284  246    3
    3  245  285  284    3
    3  244  285  245    3
    3  244  286  285    3
    3  243  286  244    3
    3  243  287  286    3
    3  242  287  243    3
    3  242  288  287    3
    3  241  288  242    3
    3  241  265  288    3
    3  289  279  290    1
    3  291  288  292    1
    3  293  294  295    3
    3  296  275  276    1
    3  297  298  299    1
    3  300  301  302    1
    3  303  304  305    3
    3  292  306  307    1
    3  308  309  310    4
    3  300  293  301    1
    3  311  312  313    3
    3  290  314  315    1
    3  316  317  318    1
    3  319  320  321    3
    3  317  322  308    1
    3  286  323  285    1
    3  286  287  320    1
    3  298  297  293    1
    3  324  325  273    1
    3  326  271  272    1
    3  327  328  301    1
    3  329  326  330    1
    3  300  331  304    1
    3  332  282  302    1
    3  272  325  326    1
    3  296  276  316    1
    3  296  333  275    1
    3  324  334  325    1
    3  335  329  336    1
    3  315  328  337    1
    3  338  339  303    3
    3  334  340  341    4
    3  279  289  278    1
    3  274  275  333    1
    3  322  278  289    1
    3  342  343  344    3
    3  332  301  328    1
    3  314  290  280    1
    3  345  338  346    3
    3  324  333  334    1
    3  277  316  276    1
    3  266  267  335    1
    3  288  291  287    1
    3  347  348  349    3
    3  316  322  317    1
    3  297  350  351    4
    3  327  301  293    1
    3  283  331  302    1
    3  352  353  354    4
    3  326  269  270    1
    3  332  302  301    1
    3  355  299  298    1
    3  312  356  357    3
    3  330  355  329    1
    3  336  306  335    1
    3  271  326  270    1
    3  358  359  360    4
    3  298  361  362    3
    3  283  302  282    1
    3  336  329  355    1
    3  326  363  330    1
    3  265  292  288    1
    3  300  364  365    3
    3  366  367  368    4
    3  333  318  334    1
    3  369  361  370    3
    3  327  293  297    1
    3  278  322  277    1
    3  320  291  356    3
    3  371  285  323    1
    3  363  325  334    1
    3  371  331  284    1
    3  364  339  349    3
    3  268  335  267    1
    3  372  363  373    4
    3  280  290  279    1
    3  266  306  265    1
    3  316  277  322    1
    3  328  315  314    1
    3  308  315  367    1
    3  355  330  372    1
    3  327  297  337    1
    3  280  281  314    1
    3  374  340  375    4
    3  296  316  318    1
    3  352  376  377    4
    3  355  307  336    1
    3  292  343  378    3
    3  326  325  363    1
    3  320  287  291    1
    3  345  319  379    3
    3  380  372  381    4
    3  358  366  382    4
    3  268  329  335    1
    3  273  274  324    1
    3  336  307  306    1
    3  265  306  292    1
    3  296  318  333    1
    3  383  374  384    4
    3  329  268  269    1
    3  385  373  386    4
    3  333  324  274    1
    3  283  284  331    1
    3  298  307  355    1
    3  299  353  387    4
    3  308  289  315    1
    3  273  325  272    1
    3  327  337  328    1
    3  388  376  389    4
    3  314  332  328    1
    3  281  282  332    1
    3  315  289  290    1
    3  363  372  330    1
    3  355  372  299    1
    3  285  371  284    1
    3  314  281  332    1
    3  269  326  329    1
    3  369  347  311    3
    3  266  335  306    1
    3  286  320  323    1
    3  308  322  289    1
    3  300  302  331    1
    3  343  390  313    3
    3  292  307  344    3
    3  298  348  370    3
    3  361  390  342    3
    3  343  342  390    3
    3  342  307  362    3
    3  347  369  348    3
    3  361  369  390    3
    3  369  311  390    3
    3  312  311  347    3
    3  311  313  390    3
    3  313  312  378    3
    3  298  362  307    3
    3  342  362  361    3
    3  342  344  307    3
    3  292  344  343    3
    3  369  370  348    3
    3  298  370  361    3
    3  292  378  312    3
    3  313  378  343    3
    3  334  318  375    4
    3  340  391  388    4
    3  318  317  384    4
    3  340  374  391    4
    3  352  385  389    4
    3  376  391  359    4
    3  376  388  391    4
    3  388  385  341    4
    3  359  391  383    4
    3  359  358  377    4
    3  374  383  391    4
    3  383  317  360    4
    3  374  375  318    4
    3  334  375  340    4
    3  334  341  385    4
    3  388  341  340    4
    3  388  389  385    4
    3  352  389  376    4
    3  352  377  358    4
    3  359  377  376    4
    3  358  360  317    4
    3  383  360  359    4
    3  383  384  317    4
    3  318  384  374    4
    3  367  358  309    4
    3  315  337  368    1
    3  353  352  350    4
    3  353  299  380    4
    3  372  380  299    4
    3  380  385  354    4
    3  350  352  392    4
    3  350  297  387    4
    3  366  337  392    4
    3  367  366  358    4
    3  363  334  386    4
    3  373  385  381    4
    3  392  337  351    4
    3  392  352  382    4
    3  380  381  385    4
    3  373  381  372    4
    3  358  317  310    4
    3  367  309  308    4
    3  385  386  334    4
    3  363  386  373    4
    3  366  368  337    4
    3  315  368  367    1
    3  299  387  297    4
    3  350  387  353    4
    3  352  354  385    4
    3  380  354  353    4
    3  358  382  352    4
    3  392  382  366    4
    3  297  351  337    4
    3  392  351  350    4
    3  308  310  317    4
    3  358  310  309    4
    3  312  347  379    3
    3  320  319  323    3
    3  371  323  346    3
    3  338  347  393    3
    3  364  300  394    3
    3  364  348  294    3
    3  319  345  323    3
    3  338  345  347    3
    3  348  298  295    3
    3  294  293  365    3
    3  304  339  394    3
    3  331  371  305    1
    3  364  349  348    3
    3  349  339  393    3
    3  338  393  339    3
    3  349  393  347    3
    3  338  303  371    3
    3  304  303  339    3
    3  356  312  321    3
    3  291  292  357    3
    3  364  394  339    3
    3  304  394  300    3
    3  319  321  312    3
    3  356  321  320    3
    3  293  295  298    3
    3  348  295  294    3
    3  312  357  292    3
    3  291  357  356    3
    3  345  346  323    3
    3  371  346  338    3
    3  303  305  371    3
    3  331  305  304    1
    3  345  379  347    3
    3  312  379  319    3
    3  300  365  293    3
    3  294  365  364    3
C Prescribed Values(Inlet, Outlet), InteractionSurface(Inlet, Outlet)
       3        1        0        2        2        2
C Inlet Velocity
C     Vx,           Vy,            Vz,    indVx,indVy,indVz, FunID (3E18.9, 4I5)
   0.000000000e+00   1.000000000e+00   0.000000000e+00    1    0    1    4
C Inlet Pressure, FunID (E18.9,I5)
   1.000000000e+00    3
C Outlet Pressure (E18.9,I5)
   1.000000000e+00    2
C Inlet Velocity
C nNodeID,    Vx,           Vy,            Vz (I5, 3E18.9)
  265
    1   9.000000000e-01   7.400000000e+00  -5.000000000e-01
    2  -1.300000000e+00   7.000000000e+00  -8.000000000e-01
    3  -1.100000000e+00   7.000000000e+00  -1.600000000e+00
    4  -7.000000000e-01   7.000000000e+00  -2.200000000e+00
    5   0.000000000e+00   7.000000000e+00  -2.900000000e+00
    6   1.200000000e+00   7.000000000e+00  -3.500000000e+00
    7   2.300000000e+00   7.000000000e+00  -3.400000000e+00
    8   2.500000000e+00   7.000000000e+00  -2.600000000e+00
    9   2.100000000e+00   7.000000000e+00  -2.000000000e+00
   10   1.900000000e+00   7.000000000e+00  -1.700000000e+00
   11   1.900000000e+00   7.000000000e+00  -1.600000000e+00
   12   2.000000000e+00   7.000000000e+00  -1.500000000e+00
   13   2.400000000e+00   7.000000000e+00  -1.200000000e+00
   14   2.700000000e+00   7.000000000e+00  -5.000000000e-01
   15   2.700000000e+00   7.000000000e+00   4.000000000e-01
   16   2.400000000e+00   7.000000000e+00   1.200000000e+00
   17   1.800000000e+00   7.000000000e+00   1.600000000e+00
   18   1.300000000e+00   7.000000000e+00   1.800000000e+00
   19   5.000000000e-01   7.000000000e+00   2.000000000e+00
   20  -6.000000000e-01   7.000000000e+00   1.700000000e+00
   21  -2.000000000e-01   7.000000000e+00   1.100000000e+00
   22   1.000000000e-01   7.000000000e+00   9.000000000e-01
   23   1.000000000e-01   7.000000000e+00   9.000000000e-01
   24  -2.000000000e-01   7.000000000e+00   9.000000000e-01
   25  -7.000000000e-01   7.000000000e+00   4.000000000e-01
   26  -1.700000000e+00   6.600000000e+00  -2.000000000e-01
   27  -1.600000000e+00   6.600000000e+00  -1.200000000e+00
   28  -1.200000000e+00   6.600000000e+00  -2.100000000e+00
   29  -5.000000000e-01   6.600000000e+00  -3.100000000e+00
   30   8.000000000e-01   6.600000000e+00  -3.700000000e+00
   31   2.000000000e+00   6.600000000e+00  -3.700000000e+00
   32   2.300000000e+00   6.600000000e+00  -3.100000000e+00
   33   2.000000000e+00   6.600000000e+00  -2.600000000e+00
   34   2.000000000e+00   6.600000000e+00  -2.300000000e+00
   35   2.400000000e+00   6.600000000e+00  -2.200000000e+00
   36   2.700000000e+00   6.600000000e+00  -1.700000000e+00
   37   3.200000000e+00   6.600000000e+00  -1.100000000e+00
   38   3.400000000e+00   6.600000000e+00  -4.000000000e-01
   39   3.400000000e+00   6.600000000e+00   8.000000000e-01
   40   2.900000000e+00   6.600000000e+00   1.700000000e+00
   41   2.400000000e+00   6.600000000e+00   2.200000000e+00
   42   1.800000000e+00   6.600000000e+00   2.400000000e+00
   43   9.000000000e-01   6.600000000e+00   2.500000000e+00
   44   1.000000000e-01   6.600000000e+00   2.300000000e+00
   45   6.000000000e-01   6.600000000e+00   2.000000000e+00
   46   8.000000000e-01   6.600000000e+00   2.000000000e+00
   47   7.000000000e-01   6.600000000e+00   2.200000000e+00
   48   0.000000000e+00   6.600000000e+00   2.100000000e+00
   49  -1.000000000e+00   6.600000000e+00   1.400000000e+00
   50  -1.900000000e+00   6.200000000e+00   1.400000000e+00
   51  -2.200000000e+00   6.200000000e+00   4.000000000e-01
   52  -2.000000000e+00   6.200000000e+00  -9.000000000e-01
   53  -1.200000000e+00   6.200000000e+00  -2.300000000e+00
   54   3.000000000e-01   6.200000000e+00  -3.400000000e+00
   55   1.500000000e+00   6.200000000e+00  -3.600000000e+00
   56   2.000000000e+00   6.200000000e+00  -3.200000000e+00
   57   2.200000000e+00   6.200000000e+00  -2.700000000e+00
   58   2.500000000e+00   6.200000000e+00  -2.400000000e+00
   59   3.000000000e+00   6.200000000e+00  -2.000000000e+00
   60   3.600000000e+00   6.200000000e+00  -1.400000000e+00
   61   4.000000000e+00   6.200000000e+00  -5.000000000e-01
   62   4.200000000e+00   6.200000000e+00   5.000000000e-01
   63   4.000000000e+00   6.200000000e+00   1.700000000e+00
   64   3.500000000e+00   6.200000000e+00   2.600000000e+00
   65   3.000000000e+00   6.200000000e+00   2.600000000e+00
   66   2.900000000e+00   6.200000000e+00   2.600000000e+00
   67   2.200000000e+00   6.200000000e+00   2.900000000e+00
   68   9.000000000e-01   6.200000000e+00   3.100000000e+00
   69   4.000000000e-01   6.200000000e+00   2.700000000e+00
   70   3.000000000e-01   6.200000000e+00   2.600000000e+00
   71   1.000000000e-01   6.200000000e+00   2.700000000e+00
   72  -4.000000000e-01   6.200000000e+00   2.800000000e+00
   73  -1.200000000e+00   6.200000000e+00   2.600000000e+00
   74  -2.100000000e+00   5.800000000e+00   2.700000000e+00
   75  -2.500000000e+00   5.800000000e+00   1.600000000e+00
   76  -2.600000000e+00   5.800000000e+00   1.000000000e-01
   77  -1.900000000e+00   5.800000000e+00  -1.700000000e+00
   78  -4.000000000e-01   5.800000000e+00  -3.100000000e+00
   79   1.100000000e+00   5.800000000e+00  -3.600000000e+00
   80   1.900000000e+00   5.800000000e+00  -3.200000000e+00
   81   2.400000000e+00   5.800000000e+00  -2.800000000e+00
   82   2.900000000e+00   5.800000000e+00  -2.500000000e+00
   83   3.600000000e+00   5.800000000e+00  -1.900000000e+00
   84   4.100000000e+00   5.800000000e+00  -1.200000000e+00
   85   4.500000000e+00   5.800000000e+00  -3.000000000e-01
   86   4.600000000e+00   5.800000000e+00   6.000000000e-01
   87   4.400000000e+00   5.800000000e+00   1.800000000e+00
   88   3.800000000e+00   5.800000000e+00   3.000000000e+00
   89   3.300000000e+00   5.800000000e+00   3.100000000e+00
   90   3.100000000e+00   5.800000000e+00   3.000000000e+00
   91   2.700000000e+00   5.800000000e+00   3.300000000e+00
   92   1.500000000e+00   5.800000000e+00   3.600000000e+00
   93   8.000000000e-01   5.800000000e+00   3.500000000e+00
   94   2.000000000e-01   5.800000000e+00   3.400000000e+00
   95  -1.000000000e-01   5.800000000e+00   3.400000000e+00
   96  -5.000000000e-01   5.800000000e+00   3.600000000e+00
   97  -1.300000000e+00   5.800000000e+00   3.500000000e+00
   98  -2.400000000e+00   5.300000000e+00   3.100000000e+00
   99  -3.000000000e+00   5.300000000e+00   2.000000000e+00
  100  -3.200000000e+00   5.300000000e+00   4.000000000e-01
  101  -2.500000000e+00   5.300000000e+00  -1.700000000e+00
  102  -7.000000000e-01   5.300000000e+00  -3.500000000e+00
  103   1.100000000e+00   5.300000000e+00  -4.100000000e+00
  104   2.300000000e+00   5.300000000e+00  -3.700000000e+00
  105   2.900000000e+00   5.300000000e+00  -3.100000000e+00
  106   3.400000000e+00   5.300000000e+00  -2.600000000e+00
  107   4.000000000e+00   5.300000000e+00  -1.900000000e+00
  108   4.500000000e+00   5.300000000e+00  -1.100000000e+00
  109   4.700000000e+00   5.300000000e+00  -3.000000000e-01
  110   4.800000000e+00   5.300000000e+00   5.000000000e-01
  111   4.700000000e+00   5.300000000e+00   1.700000000e+00
  112   3.900000000e+00   5.300000000e+00   3.300000000e+00
  113   3.100000000e+00   5.300000000e+00   3.600000000e+00
  114   2.700000000e+00   5.300000000e+00   3.400000000e+00
  115   2.300000000e+00   5.300000000e+00   3.600000000e+00
  116   1.300000000e+00   5.300000000e+00   3.800000000e+00
  117   4.000000000e-01   5.300000000e+00   3.700000000e+00
  118  -3.000000000e-01   5.300000000e+00   3.600000000e+00
  119  -6.000000000e-01   5.300000000e+00   3.500000000e+00
  120  -9.000000000e-01   5.300000000e+00   3.800000000e+00
  121  -1.600000000e+00   5.300000000e+00   3.900000000e+00
  122  -2.800000000e+00   4.900000000e+00   3.300000000e+00
  123  -3.500000000e+00   4.900000000e+00   2.200000000e+00
  124  -3.600000000e+00   4.900000000e+00   4.000000000e-01
  125  -2.800000000e+00   4.900000000e+00  -1.900000000e+00
  126  -8.000000000e-01   4.900000000e+00  -4.000000000e+00
  127   1.400000000e+00   4.900000000e+00  -4.700000000e+00
  128   2.700000000e+00   4.900000000e+00  -4.100000000e+00
  129   3.500000000e+00   4.900000000e+00  -3.400000000e+00
  130   4.000000000e+00   4.900000000e+00  -2.700000000e+00
  131   4.600000000e+00   4.900000000e+00  -1.800000000e+00
  132   5.000000000e+00   4.900000000e+00  -7.000000000e-01
  133   5.000000000e+00   4.900000000e+00   0.000000000e+00
  134   4.800000000e+00   4.900000000e+00   6.000000000e-01
  135   4.700000000e+00   4.900000000e+00   1.700000000e+00
  136   3.900000000e+00   4.900000000e+00   3.400000000e+00
  137   2.900000000e+00   4.900000000e+00   4.000000000e+00
  138   2.200000000e+00   4.900000000e+00   4.100000000e+00
  139   1.400000000e+00   4.900000000e+00   4.200000000e+00
  140   4.000000000e-01   4.900000000e+00   4.100000000e+00
  141  -5.000000000e-01   4.900000000e+00   4.000000000e+00
  142  -1.200000000e+00   4.900000000e+00   3.500000000e+00
  143  -1.400000000e+00   4.900000000e+00   3.500000000e+00
  144  -1.500000000e+00   4.900000000e+00   3.800000000e+00
  145  -2.000000000e+00   4.900000000e+00   4.000000000e+00
  146  -3.400000000e+00   3.800000000e+00   2.100000000e+00
  147  -3.800000000e+00   3.800000000e+00   8.000000000e-01
  148  -3.700000000e+00   3.800000000e+00  -1.100000000e+00
  149  -2.600000000e+00   3.800000000e+00  -3.600000000e+00
  150  -1.000000000e-01   3.800000000e+00  -5.700000000e+00
  151   2.400000000e+00   3.800000000e+00  -6.300000000e+00
  152   3.800000000e+00   3.800000000e+00  -5.500000000e+00
  153   4.300000000e+00   3.800000000e+00  -4.400000000e+00
  154   4.600000000e+00   3.800000000e+00  -3.500000000e+00
  155   5.200000000e+00   3.800000000e+00  -2.600000000e+00
  156   5.700000000e+00   3.800000000e+00  -1.300000000e+00
  157   5.600000000e+00   3.800000000e+00  -2.000000000e-01
  158   5.300000000e+00   3.800000000e+00   4.000000000e-01
  159   5.100000000e+00   3.800000000e+00   1.200000000e+00
  160   4.200000000e+00   3.800000000e+00   3.100000000e+00
  161   2.900000000e+00   3.800000000e+00   4.000000000e+00
  162   2.100000000e+00   3.800000000e+00   3.800000000e+00
  163   1.500000000e+00   3.800000000e+00   3.700000000e+00
  164   4.000000000e-01   3.800000000e+00   3.800000000e+00
  165  -9.000000000e-01   3.800000000e+00   3.500000000e+00
  166  -1.800000000e+00   3.800000000e+00   3.000000000e+00
  167  -1.900000000e+00   3.800000000e+00   2.900000000e+00
  168  -2.000000000e+00   3.800000000e+00   3.200000000e+00
  169  -2.600000000e+00   3.800000000e+00   3.300000000e+00
  170  -4.100000000e+00   2.800000000e+00  -3.000000000e-01
  171  -4.100000000e+00   2.800000000e+00  -1.500000000e+00
  172  -3.900000000e+00   2.800000000e+00  -3.000000000e+00
  173  -2.900000000e+00   2.800000000e+00  -4.900000000e+00
  174  -5.000000000e-01   2.800000000e+00  -6.900000000e+00
  175   2.500000000e+00   2.800000000e+00  -7.600000000e+00
  176   4.100000000e+00   2.800000000e+00  -6.500000000e+00
  177   4.500000000e+00   2.800000000e+00  -5.300000000e+00
  178   4.500000000e+00   2.800000000e+00  -4.400000000e+00
  179   4.800000000e+00   2.800000000e+00  -3.700000000e+00
  180   5.300000000e+00   2.800000000e+00  -2.600000000e+00
  181   5.600000000e+00   2.800000000e+00  -1.700000000e+00
  182   5.500000000e+00   2.800000000e+00  -1.000000000e+00
  183   5.500000000e+00   2.800000000e+00   2.000000000e-01
  184   4.400000000e+00   2.800000000e+00   2.500000000e+00
  185   2.800000000e+00   2.800000000e+00   3.600000000e+00
  186   2.000000000e+00   2.800000000e+00   3.300000000e+00
  187   1.500000000e+00   2.800000000e+00   3.200000000e+00
  188   4.000000000e-01   2.800000000e+00   3.200000000e+00
  189  -7.000000000e-01   2.800000000e+00   3.000000000e+00
  190  -1.600000000e+00   2.800000000e+00   2.500000000e+00
  191  -1.700000000e+00   2.800000000e+00   2.400000000e+00
  192  -2.300000000e+00   2.800000000e+00   2.400000000e+00
  193  -3.300000000e+00   2.800000000e+00   1.700000000e+00
  194  -4.800000000e+00   1.700000000e+00  -2.800000000e+00
  195  -4.400000000e+00   1.700000000e+00  -3.600000000e+00
  196  -4.100000000e+00   1.700000000e+00  -4.300000000e+00
  197  -3.600000000e+00   1.700000000e+00  -5.500000000e+00
  198  -1.700000000e+00   1.700000000e+00  -7.200000000e+00
  199   1.300000000e+00   1.700000000e+00  -8.100000000e+00
  200   3.400000000e+00   1.700000000e+00  -7.300000000e+00
  201   4.200000000e+00   1.700000000e+00  -6.100000000e+00
  202   4.600000000e+00   1.700000000e+00  -5.200000000e+00
  203   4.900000000e+00   1.700000000e+00  -4.400000000e+00
  204   5.500000000e+00   1.700000000e+00  -3.200000000e+00
  205   5.700000000e+00   1.700000000e+00  -2.400000000e+00
  206   5.700000000e+00   1.700000000e+00  -1.900000000e+00
  207   5.700000000e+00   1.700000000e+00  -7.000000000e-01
  208   4.600000000e+00   1.700000000e+00   2.000000000e+00
  209   2.900000000e+00   1.700000000e+00   3.100000000e+00
  210   2.100000000e+00   1.700000000e+00   2.700000000e+00
  211   1.600000000e+00   1.700000000e+00   2.600000000e+00
  212   6.000000000e-01   1.700000000e+00   2.700000000e+00
  213  -6.000000000e-01   1.700000000e+00   2.500000000e+00
  214  -1.500000000e+00   1.700000000e+00   2.100000000e+00
  215  -1.800000000e+00   1.700000000e+00   2.000000000e+00
  216  -2.800000000e+00   1.700000000e+00   1.700000000e+00
  217  -4.300000000e+00   1.700000000e+00  -1.000000000e-01
  218  -5.000000000e+00   5.000000000e-01  -4.100000000e+00
  219  -4.400000000e+00   5.000000000e-01  -4.800000000e+00
  220  -3.900000000e+00   5.000000000e-01  -5.600000000e+00
  221  -3.200000000e+00   5.000000000e-01  -6.800000000e+00
  222  -8.000000000e-01   5.000000000e-01  -8.600000000e+00
  223   2.200000000e+00   5.000000000e-01  -8.900000000e+00
  224   3.800000000e+00   5.000000000e-01  -8.200000000e+00
  225   4.300000000e+00   5.000000000e-01  -7.000000000e+00
  226   4.600000000e+00   5.000000000e-01  -6.100000000e+00
  227   5.200000000e+00   5.000000000e-01  -5.200000000e+00
  228   6.100000000e+00   5.000000000e-01  -3.700000000e+00
  229   6.300000000e+00   5.000000000e-01  -2.500000000e+00
  230   6.100000000e+00   5.000000000e-01  -1.700000000e+00
  231   6.000000000e+00   5.000000000e-01  -7.000000000e-01
  232   4.900000000e+00   5.000000000e-01   1.700000000e+00
  233   3.100000000e+00   5.000000000e-01   3.000000000e+00
  234   2.200000000e+00   5.000000000e-01   2.600000000e+00
  235   1.600000000e+00   5.000000000e-01   2.400000000e+00
  236   1.000000000e-01   5.000000000e-01   2.400000000e+00
  237  -1.200000000e+00   5.000000000e-01   1.900000000e+00
  238  -1.900000000e+00   5.000000000e-01   1.400000000e+00
  239  -2.100000000e+00   5.000000000e-01   1.200000000e+00
  240  -3.000000000e+00   5.000000000e-01   9.000000000e-01
  241  -4.500000000e+00   5.000000000e-01  -1.100000000e+00
  242  -4.400000000e+00  -6.000000000e-01  -4.000000000e+00
  243  -3.900000000e+00  -6.000000000e-01  -4.900000000e+00
  244  -3.500000000e+00  -6.000000000e-01  -5.800000000e+00
  245  -2.600000000e+00  -6.000000000e-01  -7.200000000e+00
  246  -2.000000000e-01  -6.000000000e-01  -9.100000000e+00
  247   2.300000000e+00  -6.000000000e-01  -9.700000000e+00
  248   3.500000000e+00  -6.000000000e-01  -8.700000000e+00
  249   4.000000000e+00  -6.000000000e-01  -7.900000000e+00
  250   4.500000000e+00  -6.000000000e-01  -7.300000000e+00
  251   5.700000000e+00  -6.000000000e-01  -6.200000000e+00
  252   7.000000000e+00  -6.000000000e-01  -4.100000000e+00
  253   7.000000000e+00  -6.000000000e-01  -2.700000000e+00
  254   6.600000000e+00  -6.000000000e-01  -2.200000000e+00
  255   6.400000000e+00  -6.000000000e-01  -1.600000000e+00
  256   5.700000000e+00  -6.000000000e-01   3.000000000e-01
  257   4.000000000e+00  -6.000000000e-01   1.800000000e+00
  258   3.400000000e+00  -6.000000000e-01   1.500000000e+00
  259   3.300000000e+00  -6.000000000e-01   1.300000000e+00
  260   1.700000000e+00  -6.000000000e-01   1.700000000e+00
  261  -2.000000000e-01  -6.000000000e-01   1.500000000e+00
  262  -1.200000000e+00  -6.000000000e-01   1.000000000e+00
  263  -1.600000000e+00  -6.000000000e-01   8.000000000e-01
  264  -2.500000000e+00  -6.000000000e-01   5.000000000e-01
  265  -4.100000000e+00  -6.000000000e-01  -1.700000000e+00
C Region List
