C PointsNum,MaxElemVol,TetGenParams,nAtrib,IndMov,MDMaxVolume,MDomDiv,MDOnly,MDDivF,MDPrescP
  395    1.000000e+00 YYpznno2q1.414a     0     0    1.000000e+00     1     0     0     0     0     0 YYpznno2q1.414a
  -1.362148000e-01  -8.349570000e+00   3.181900000e-02
   1.208771000e-01  -7.885820000e+00   9.579840000e-01
  -1.284590000e-01  -7.885820000e+00   9.760480000e-01
  -3.698280000e-01  -7.885820000e+00   9.212330000e-01
  -5.892570000e-01  -7.885820000e+00   8.132300000e-01
  -7.784580000e-01  -7.885820000e+00   6.588930000e-01
  -9.218340000e-01  -7.885820000e+00   4.614290000e-01
  -1.009789000e+00  -7.885820000e+00   2.330960000e-01
  -1.048068000e+00  -7.885820000e+00  -1.178800000e-02
  -1.031557000e+00  -7.885820000e+00  -2.647610000e-01
  -9.450870000e-01  -7.885820000e+00  -5.098680000e-01
  -7.755420000e-01  -7.885820000e+00  -7.097370000e-01
  -5.547010000e-01  -7.885820000e+00  -8.445250000e-01
  -3.111229000e-01  -7.885820000e+00  -9.203890000e-01
  -6.044800000e-02  -7.885820000e+00  -9.338340000e-01
   1.733440000e-01  -7.885820000e+00  -8.503610000e-01
   3.374660000e-01  -7.885820000e+00  -6.664930000e-01
   4.455370000e-01  -7.885820000e+00  -4.798660000e-01
   5.337250000e-01  -7.885820000e+00  -3.104650000e-01
   6.231810000e-01  -7.885820000e+00  -1.419040000e-01
   7.074040000e-01  -7.885820000e+00   5.109800000e-02
   7.479050000e-01  -7.885820000e+00   2.812130000e-01
   6.761650000e-01  -7.885820000e+00   5.053840000e-01
   5.347470000e-01  -7.885820000e+00   6.980700000e-01
   3.476420000e-01  -7.885820000e+00   8.559680000e-01
   1.339166000e-01  -7.422070000e+00   1.282310000e+00
  -2.014520000e-01  -7.422070000e+00   1.296125000e+00
  -5.236990000e-01  -7.422070000e+00   1.221763000e+00
  -8.184050000e-01  -7.422070000e+00   1.080935000e+00
  -1.074928000e+00  -7.422070000e+00   8.786800000e-01
  -1.271520000e+00  -7.422070000e+00   6.143960000e-01
  -1.406600000e+00  -7.422070000e+00   3.106132000e-01
  -1.485030000e+00  -7.422070000e+00  -2.501500000e-02
  -1.488650000e+00  -7.422070000e+00  -3.858790000e-01
  -1.378598000e+00  -7.422070000e+00  -7.429010000e-01
  -1.132129000e+00  -7.422070000e+00  -1.025340000e+00
  -8.057920000e-01  -7.422070000e+00  -1.202840000e+00
  -4.570834000e-01  -7.422070000e+00  -1.288650000e+00
  -1.088710000e-01  -7.422070000e+00  -1.293470000e+00
   2.095210000e-01  -7.422070000e+00  -1.168909000e+00
   4.149010000e-01  -7.422070000e+00  -8.883710000e-01
   5.387500000e-01  -7.422070000e+00  -6.239380000e-01
   6.411340000e-01  -7.422070000e+00  -4.002580000e-01
   7.639860000e-01  -7.422070000e+00  -1.883868000e-01
   9.092410000e-01  -7.422070000e+00   6.120300000e-02
   1.012171000e+00  -7.422070000e+00   3.813610000e-01
   9.226970000e-01  -7.422070000e+00   6.983930000e-01
   7.165450000e-01  -7.422070000e+00   9.607270000e-01
   4.479450000e-01  -7.422070000e+00   1.161034000e+00
   1.097290000e-01  -6.958310000e+00   1.493160000e+00
  -2.869520000e-01  -6.958310000e+00   1.507930000e+00
  -6.667170000e-01  -6.958310000e+00   1.416374000e+00
  -1.012431000e+00  -6.958310000e+00   1.245688000e+00
  -1.309160000e+00  -6.958310000e+00   1.002894000e+00
  -1.534030000e+00  -6.958310000e+00   6.920600000e-01
  -1.701430000e+00  -6.958310000e+00   3.385288000e-01
  -1.811910000e+00  -6.958310000e+00  -5.531900000e-02
  -1.837080000e+00  -6.958310000e+00  -4.905190000e-01
  -1.715860000e+00  -6.958310000e+00  -9.270640000e-01
  -1.417643000e+00  -6.958310000e+00  -1.271050000e+00
  -1.022412000e+00  -6.958310000e+00  -1.485200000e+00
  -5.982710000e-01  -6.958310000e+00  -1.587670000e+00
  -1.760850000e-01  -6.958310000e+00  -1.592310000e+00
   2.113810000e-01  -6.958310000e+00  -1.448105000e+00
   4.439140000e-01  -6.958310000e+00  -1.080656000e+00
   5.662660000e-01  -6.958310000e+00  -7.422660000e-01
   6.638670000e-01  -6.958310000e+00  -4.741500000e-01
   7.871260000e-01  -6.958310000e+00  -2.334712000e-01
   9.450710000e-01  -6.958310000e+00   4.361700000e-02
   1.064191000e+00  -6.958310000e+00   3.991430000e-01
   9.710120000e-01  -6.958310000e+00   7.558120000e-01
   7.604670000e-01  -6.958310000e+00   1.069300000e+00
   4.713980000e-01  -6.958310000e+00   1.329800000e+00
   7.209400000e-02  -6.494560000e+00   1.641210000e+00
  -3.687960000e-01  -6.494560000e+00   1.658460000e+00
  -7.930470000e-01  -6.494560000e+00   1.566660000e+00
  -1.185810000e+00  -6.494560000e+00   1.385637000e+00
  -1.525090000e+00  -6.494560000e+00   1.117342000e+00
  -1.779580000e+00  -6.494560000e+00   7.655060000e-01
  -1.968380000e+00  -6.494560000e+00   3.667276000e-01
  -2.094640000e+00  -6.494560000e+00  -7.884700000e-02
  -2.124630000e+00  -6.494560000e+00  -5.722860000e-01
  -1.989090000e+00  -6.494560000e+00  -1.067460000e+00
  -1.653030000e+00  -6.494560000e+00  -1.458750000e+00
  -1.202791000e+00  -6.494560000e+00  -1.700720000e+00
  -7.229060000e-01  -6.494560000e+00  -1.816640000e+00
  -2.434300000e-01  -6.494560000e+00  -1.819400000e+00
   1.981550000e-01  -6.494560000e+00  -1.666250000e+00
   4.538320000e-01  -6.494560000e+00  -1.232010000e+00
   5.684680000e-01  -6.494560000e+00  -8.305840000e-01
   6.580970000e-01  -6.494560000e+00  -5.276180000e-01
   7.769920000e-01  -6.494560000e+00  -2.642724000e-01
   9.445360000e-01  -6.494560000e+00   3.065700000e-02
   1.077874000e+00  -6.494560000e+00   4.108790000e-01
   9.826160000e-01  -6.494560000e+00   7.932490000e-01
   7.706960000e-01  -6.494560000e+00   1.144710000e+00
   4.689540000e-01  -6.494560000e+00   1.449800000e+00
   4.879500000e-02  -6.030800000e+00   1.807060000e+00
  -4.335600000e-01  -6.030800000e+00   1.820910000e+00
  -8.974370000e-01  -6.030800000e+00   1.721890000e+00
  -1.326770000e+00  -6.030800000e+00   1.526361000e+00
  -1.699770000e+00  -6.030800000e+00   1.234382000e+00
  -1.980940000e+00  -6.030800000e+00   8.508580000e-01
  -2.193730000e+00  -6.030800000e+00   4.148001000e-01
  -2.341890000e+00  -6.030800000e+00  -7.654700000e-02
  -2.384990000e+00  -6.030800000e+00  -6.242160000e-01
  -2.242810000e+00  -6.030800000e+00  -1.178810000e+00
  -1.862990000e+00  -6.030800000e+00  -1.611390000e+00
  -1.352682000e+00  -6.030800000e+00  -1.861810000e+00
  -8.182050000e-01  -6.030800000e+00  -1.966370000e+00
  -2.979680000e-01  -6.030800000e+00  -1.952200000e+00
   1.805170000e-01  -6.030800000e+00  -1.793170000e+00
   4.535360000e-01  -6.030800000e+00  -1.315940000e+00
   5.630970000e-01  -6.030800000e+00  -8.718540000e-01
   6.505120000e-01  -6.030800000e+00  -5.458530000e-01
   7.750680000e-01  -6.030800000e+00  -2.681999000e-01
   9.709090000e-01  -6.030800000e+00   4.300600000e-02
   1.143697000e+00  -6.030800000e+00   4.583950000e-01
   1.040436000e+00  -6.030800000e+00   8.764410000e-01
   8.123280000e-01  -6.030800000e+00   1.263280000e+00
   4.848210000e-01  -6.030800000e+00   1.601470000e+00
   1.416100000e-02  -5.566050000e+00   1.925360000e+00
  -4.982700000e-01  -5.566050000e+00   1.936020000e+00
  -9.901100000e-01  -5.566050000e+00   1.824090000e+00
  -1.440750000e+00  -5.566050000e+00   1.611486000e+00
  -1.831280000e+00  -5.566050000e+00   1.300312000e+00
  -2.131130000e+00  -5.566050000e+00   8.991110000e-01
  -2.378210000e+00  -5.566050000e+00   4.435741000e-01
  -2.572890000e+00  -5.566050000e+00  -8.122000000e-02
  -2.662590000e+00  -5.566050000e+00  -6.893500000e-01
  -2.524430000e+00  -5.566050000e+00  -1.316020000e+00
  -2.083250000e+00  -5.566050000e+00  -1.782450000e+00
  -1.486796000e+00  -5.566050000e+00  -1.999080000e+00
  -8.988390000e-01  -5.566050000e+00  -2.046270000e+00
  -3.575400000e-01  -5.566050000e+00  -1.991720000e+00
   1.336600000e-01  -5.566050000e+00  -1.837900000e+00
   4.417640000e-01  -5.566050000e+00  -1.394030000e+00
   5.705960000e-01  -5.566050000e+00  -9.338700000e-01
   6.656100000e-01  -5.566050000e+00  -5.851370000e-01
   7.957430000e-01  -5.566050000e+00  -2.854259000e-01
   9.943710000e-01  -5.566050000e+00   4.632700000e-02
   1.152744000e+00  -5.566050000e+00   4.806150000e-01
   1.036404000e+00  -5.566050000e+00   9.128170000e-01
   8.114280000e-01  -5.566050000e+00   1.328310000e+00
   4.767446000e-01  -5.566050000e+00   1.702250000e+00
  -2.460400000e-02  -4.682630000e+00   2.207170000e+00
  -5.984260000e-01  -4.682630000e+00   2.220810000e+00
  -1.147000000e+00  -4.682630000e+00   2.093470000e+00
  -1.648710000e+00  -4.682630000e+00   1.853270000e+00
  -2.083240000e+00  -4.682630000e+00   1.504446000e+00
  -2.414890000e+00  -4.682630000e+00   1.055322000e+00
  -2.672560000e+00  -4.682630000e+00   5.451583000e-01
  -2.862340000e+00  -4.682630000e+00  -3.385500000e-02
  -2.936450000e+00  -4.682630000e+00  -6.907300000e-01
  -2.783690000e+00  -4.682630000e+00  -1.367930000e+00
  -2.314530000e+00  -4.682630000e+00  -1.878320000e+00
  -1.659278000e+00  -4.682630000e+00  -2.096530000e+00
  -1.018604000e+00  -4.682630000e+00  -2.119040000e+00
  -4.455888000e-01  -4.682630000e+00  -2.038430000e+00
   7.254000000e-02  -4.682630000e+00  -1.881680000e+00
   4.068500000e-01  -4.682630000e+00  -1.431296000e+00
   5.306460000e-01  -4.682630000e+00  -9.285100000e-01
   6.217600000e-01  -4.682630000e+00  -5.556590000e-01
   7.602810000e-01  -4.682630000e+00  -2.438417000e-01
   9.870080000e-01  -4.682630000e+00   1.040440000e-01
   1.144447000e+00  -4.682630000e+00   5.606880000e-01
   1.020281000e+00  -4.682630000e+00   1.015043000e+00
   8.149780000e-01  -4.682630000e+00   1.485170000e+00
   4.816162900e-01  -4.682630000e+00   1.938440000e+00
  -5.115300000e-02  -3.799210000e+00   2.393100000e+00
  -6.589590000e-01  -3.799210000e+00   2.421100000e+00
  -1.248980000e+00  -3.799210000e+00   2.303090000e+00
  -1.797220000e+00  -3.799210000e+00   2.061630000e+00
  -2.277990000e+00  -3.799210000e+00   1.694959000e+00
  -2.639310000e+00  -3.799210000e+00   1.205271000e+00
  -2.893540000e+00  -3.799210000e+00   6.435661000e-01
  -3.053270000e+00  -3.799210000e+00   2.277400000e-02
  -3.082900000e+00  -3.799210000e+00  -6.574400000e-01
  -2.900050000e+00  -3.799210000e+00  -1.344330000e+00
  -2.421520000e+00  -3.799210000e+00  -1.870850000e+00
  -1.734200000e+00  -3.799210000e+00  -2.071790000e+00
  -1.075153000e+00  -3.799210000e+00  -2.058030000e+00
  -5.016358000e-01  -3.799210000e+00  -1.954100000e+00
   1.036200000e-02  -3.799210000e+00  -1.802070000e+00
   3.763120000e-01  -3.799210000e+00  -1.409900000e+00
   5.277290000e-01  -3.799210000e+00  -9.156660000e-01
   6.343270000e-01  -3.799210000e+00  -5.309530000e-01
   7.909830000e-01  -3.799210000e+00  -2.034339000e-01
   1.013012000e+00  -3.799210000e+00   1.686240000e-01
   1.100208000e+00  -3.799210000e+00   6.256060000e-01
   9.789370000e-01  -3.799210000e+00   1.085660000e+00
   7.961460000e-01  -3.799210000e+00   1.585350000e+00
   4.757498000e-01  -3.799210000e+00   2.094890000e+00
  -5.259700000e-02  -2.915800000e+00   2.522380000e+00
  -6.780400000e-01  -2.915800000e+00   2.565140000e+00
  -1.293120000e+00  -2.915800000e+00   2.462500000e+00
  -1.877750000e+00  -2.915800000e+00   2.231610000e+00
  -2.400220000e+00  -2.915800000e+00   1.861050000e+00
  -2.790390000e+00  -2.915800000e+00   1.344489000e+00
  -3.030530000e+00  -2.915800000e+00   7.384598000e-01
  -3.142860000e+00  -2.915800000e+00   8.687400000e-02
  -3.114750000e+00  -2.915800000e+00  -5.956500000e-01
  -2.898310000e+00  -2.915800000e+00  -1.266250000e+00
  -2.428030000e+00  -2.915800000e+00  -1.794020000e+00
  -1.742910000e+00  -2.915800000e+00  -1.991590000e+00
  -1.083597000e+00  -2.915800000e+00  -1.962180000e+00
  -5.189577000e-01  -2.915800000e+00  -1.847940000e+00
  -1.702800000e-02  -2.915800000e+00  -1.696580000e+00
   3.564200000e-01  -2.915800000e+00  -1.337560000e+00
   5.230360000e-01  -2.915800000e+00  -8.596920000e-01
   6.459280000e-01  -2.915800000e+00  -4.790050000e-01
   8.298160000e-01  -2.915800000e+00  -1.485402000e-01
   1.070447000e+00  -2.915800000e+00   2.371120000e-01
   1.129271000e+00  -2.915800000e+00   7.060300000e-01
   1.005332000e+00  -2.915800000e+00   1.178390000e+00
   8.177340000e-01  -2.915800000e+00   1.692720000e+00
   4.885627000e-01  -2.915800000e+00   2.214660000e+00
  -5.832600000e-02  -2.032380000e+00   2.572200000e+00
  -6.952400000e-01  -2.032380000e+00   2.632590000e+00
  -1.331650000e+00  -2.032380000e+00   2.542840000e+00
  -1.943030000e+00  -2.032380000e+00   2.315580000e+00
  -2.490820000e+00  -2.032380000e+00   1.936100000e+00
  -2.890740000e+00  -2.032380000e+00   1.393914000e+00
  -3.105190000e+00  -2.032380000e+00   7.568790000e-01
  -3.166510000e+00  -2.032380000e+00   9.057100000e-02
  -3.084080000e+00  -2.032380000e+00  -5.768800000e-01
  -2.838990000e+00  -2.032380000e+00  -1.214780000e+00
  -2.389350000e+00  -2.032380000e+00  -1.731770000e+00
  -1.740730000e+00  -2.032380000e+00  -1.952960000e+00
  -1.099326000e+00  -2.032380000e+00  -1.954930000e+00
  -5.344214000e-01  -2.032380000e+00  -1.862160000e+00
  -2.318200000e-02  -2.032380000e+00  -1.722220000e+00
   3.719560000e-01  -2.032380000e+00  -1.381400000e+00
   5.628180000e-01  -2.032380000e+00  -9.071490000e-01
   6.967020000e-01  -2.032380000e+00  -5.095870000e-01
   8.610850000e-01  -2.032380000e+00  -1.551210000e-01
   1.017493000e+00  -2.032380000e+00   2.414430000e-01
   1.007508000e+00  -2.032380000e+00   6.780710000e-01
   9.037980000e-01  -2.032380000e+00   1.129003000e+00
   7.591820000e-01  -2.032380000e+00   1.651410000e+00
   4.745200000e-01  -2.032380000e+00   2.222870000e+00
  -9.579000000e-02  -1.147960000e+00   2.591430000e+00
  -7.355300000e-01  -1.147960000e+00   2.677250000e+00
  -1.386820000e+00  -1.147960000e+00   2.607690000e+00
  -2.026170000e+00  -1.147960000e+00   2.397630000e+00
  -2.607020000e+00  -1.147960000e+00   2.018420000e+00
  -3.020340000e+00  -1.147960000e+00   1.452011000e+00
  -3.211630000e+00  -1.147960000e+00   7.832550000e-01
  -3.224860000e+00  -1.147960000e+00   1.015820000e-01
  -3.094810000e+00  -1.147960000e+00  -5.565900000e-01
  -2.823140000e+00  -1.147960000e+00  -1.169100000e+00
  -2.382750000e+00  -1.147960000e+00  -1.671330000e+00
  -1.750720000e+00  -1.147960000e+00  -1.887720000e+00
  -1.123790000e+00  -1.147960000e+00  -1.882320000e+00
  -5.751575000e-01  -1.147960000e+00  -1.786430000e+00
  -8.040300000e-02  -1.147960000e+00  -1.653230000e+00
   3.387660000e-01  -1.147960000e+00  -1.379300000e+00
   5.739660000e-01  -1.147960000e+00  -9.423440000e-01
   7.272030000e-01  -1.147960000e+00  -5.349380000e-01
   8.488350000e-01  -1.147960000e+00  -1.497450000e-01
   8.795370000e-01  -1.147960000e+00   2.490410000e-01
   8.113420000e-01  -1.147960000e+00   6.407110000e-01
   7.394740000e-01  -1.147960000e+00   1.061519000e+00
   6.494980000e-01  -1.147960000e+00   1.585540000e+00
   4.252020000e-01  -1.147960000e+00   2.213830000e+00
  -1.466040000e-01  -3.545410000e-01   2.732920000e+00
   3.851790000e-01  -3.545410000e-01   2.297500000e+00
   5.251060000e-01  -3.545410000e-01   1.549330000e+00
   5.397300000e-01  -3.545410000e-01   9.960400000e-01
   5.623140000e-01  -3.545410000e-01   5.988270000e-01
   6.236230000e-01  -3.545410000e-01   2.515790000e-01
   7.029060000e-01  -3.545410000e-01  -1.262940000e-01
   6.442870000e-01  -3.545410000e-01  -5.252310000e-01
   5.151980000e-01  -3.545410000e-01  -9.542100000e-01
   2.802500000e-01  -3.545410000e-01  -1.407150000e+00
  -1.558090000e-01  -3.545410000e-01  -1.662640000e+00
  -6.558674000e-01  -3.545410000e-01  -1.804830000e+00
  -1.212604000e+00  -3.545410000e-01  -1.907930000e+00
  -1.852150000e+00  -3.545410000e-01  -1.915170000e+00
  -2.486530000e+00  -3.545410000e-01  -1.686460000e+00
  -2.921070000e+00  -3.545410000e-01  -1.170760000e+00
  -3.190710000e+00  -3.545410000e-01  -5.523500000e-01
  -3.322550000e+00  -3.545410000e-01   1.098050000e-01
  -3.310280000e+00  -3.545410000e-01   8.007060000e-01
  -3.124580000e+00  -3.545410000e-01   1.471634000e+00
  -2.721310000e+00  -3.545410000e-01   2.058010000e+00
  -2.147820000e+00  -3.545410000e-01   2.470920000e+00
  -1.500320000e+00  -3.545410000e-01   2.720490000e+00
  -8.214100000e-01  -3.545410000e-01   2.813470000e+00
  -2.014010000e+00  -3.469710000e-01  -1.344560000e+00
  -2.429700000e+00  -3.478210000e-01  -1.115080000e+00
  -1.276620000e+00  -3.483610000e-01   2.446280000e+00
  -8.428800000e-01  -3.450510000e-01   2.210420000e+00
  -1.843080000e+00  -3.369410000e-01   6.396180000e-01
  -1.819900000e+00  -3.376410000e-01   9.111075000e-01
  -1.524300000e+00  -3.367410000e-01   9.153108000e-01
  -5.794957000e-01  -3.481110000e-01  -1.452020000e+00
  -1.493390000e+00  -3.355410000e-01   2.704400000e-01
  -1.228960000e+00  -3.360410000e-01   9.165140000e-01
  -9.537200000e-01  -3.358410000e-01   2.905310000e-01
  -2.278080000e+00  -3.405410000e-01   8.703400000e-01
  -2.303460000e+00  -3.401410000e-01   3.475950000e-01
  -2.778710000e+00  -3.456710000e-01   5.490870000e-01
  -2.341480000e+00  -3.441410000e-01   1.468005000e+00
  -2.465040000e+00  -3.438410000e-01   1.210366000e+00
  -2.460100000e+00  -3.450810000e-01   1.420249000e+00
  -1.744840000e-01  -3.464110000e-01   1.989377000e+00
  -6.968630000e-01  -3.398410000e-01   1.492407000e+00
  -1.663850000e+00  -3.425410000e-01  -1.069060000e+00
  -1.578510000e+00  -3.405410000e-01  -8.676100000e-01
  -1.407948000e+00  -3.411410000e-01  -9.763600000e-01
  -1.611600000e+00  -3.403410000e-01   1.627501000e+00
  -1.516220000e+00  -3.437410000e-01   2.054297000e+00
  -1.418130000e+00  -3.415410000e-01   1.845365000e+00
  -2.601570000e+00  -3.461410000e-01  -6.191400000e-01
  -2.037030000e+00  -3.416410000e-01  -7.463800000e-01
  -9.997930000e-01  -3.469510000e-01  -1.466390000e+00
  -1.237384000e+00  -3.418410000e-01  -1.083120000e+00
  -7.488300000e-01  -3.429410000e-01  -1.113060000e+00
  -1.792260000e+00  -3.450810000e-01   2.041328000e+00
  -1.695430000e+00  -3.485710000e-01   2.347950000e+00
  -1.605330000e+00  -3.461510000e-01   2.211120000e+00
  -1.504533000e+00  -3.468310000e-01  -1.469810000e+00
  -2.064300000e+00  -3.469010000e-01   2.038359000e+00
   6.440900000e-02  -3.481810000e-01  -1.012070000e+00
   1.569000000e-01  -3.468810000e-01  -5.795960000e-01
   2.868690000e-01  -3.475510000e-01   5.451200000e-02
  -1.927640000e+00  -3.373410000e-01   1.775240000e-01
  -2.230940000e+00  -3.403410000e-01  -1.753200000e-01
   1.097341000e-01  -3.455110000e-01   7.779250000e-01
  -1.734170000e-01  -3.411410000e-01   3.198570000e-01
  -2.700190000e+00  -3.461310000e-01   1.114854900e+00
  -2.738480000e+00  -3.455710000e-01  -3.901100000e-02
  -2.599150000e-01  -3.472610000e-01  -1.255360000e+00
  -3.883240000e-01  -3.419410000e-01  -7.402900000e-01
   2.179210000e-01  -3.484210000e-01   1.462704000e+00
  -1.962530000e-01  -3.427410000e-01   1.314561000e+00
  -1.742730000e+00  -3.373410000e-01  -2.224780000e-01
  -2.175810000e+00  -3.438410000e-01   1.629350000e+00
  -2.228390000e+00  -3.419410000e-01   1.295877000e+00
  -6.828150000e-01  -3.400410000e-01  -6.994400000e-01
  -7.012650000e-01  -3.387410000e-01  -4.660790000e-01
  -1.012450000e+00  -3.394410000e-01   1.565920000e+00
  -1.079460000e+00  -3.418410000e-01   1.898426000e+00
  -8.886600000e-01  -3.407410000e-01   1.701916000e+00
  -1.981730000e+00  -3.442410000e-01   1.853463000e+00
  -2.120060000e+00  -3.453010000e-01   1.843855000e+00
  -1.896150000e+00  -3.417410000e-01   1.648567000e+00
  -1.798990000e+00  -3.384410000e-01   1.185597000e+00
  -2.013590000e+00  -3.400410000e-01   1.245737000e+00
  -1.362850000e+00  -3.358410000e-01   3.065300000e-02
  -1.553290000e+00  -3.364410000e-01  -9.341300000e-02
  -1.234300000e+00  -3.362410000e-01  -2.061340000e-01
  -1.095210000e+00  -3.358410000e-01   3.769800000e-02
  -9.074630000e-01  -3.366410000e-01  -9.200900000e-02
  -5.122880000e-01  -3.384410000e-01   7.757197000e-01
  -1.390420000e+00  -3.459010000e-01   2.245290000e+00
  -1.117650000e+00  -3.454310000e-01   2.227850000e+00
  -1.490180000e+00  -3.388410000e-01  -6.721600000e-01
  -1.232241000e+00  -3.386410000e-01  -6.683800000e-01
  -1.236813000e+00  -3.401410000e-01  -8.777500000e-01
  -1.270350000e+00  -3.376410000e-01   1.268974000e+00
  -9.846100000e-01  -3.385410000e-01   1.385191000e+00
  -2.244590000e-01  -3.411410000e-01  -1.726780000e-01
  -2.040895000e+00  -3.392410000e-01   1.027968780e+00
  -1.940680000e+00  -3.380410000e-01   8.332930000e-01
  -1.616450000e+00  -3.379410000e-01  -4.498200000e-01
  -1.764600000e+00  -3.399410000e-01  -7.042700000e-01
  -1.754160000e+00  -3.386410000e-01  -4.653700000e-01
  -1.562470000e+00  -3.386410000e-01   1.386015000e+00
  -1.535620000e+00  -3.378410000e-01   1.224286000e+00
  -2.456270000e+00  -3.463910000e-01   1.620132000e+00
  -5.201310000e-01  -3.380410000e-01   1.957900000e-01
  -4.703870000e-01  -3.390410000e-01  -1.961970000e-01
  -8.615670000e-01  -3.408410000e-01  -9.053300000e-01
  -7.163220000e-01  -3.414410000e-01  -9.127500000e-01
  -1.105302000e+00  -3.374410000e-01  -4.468600000e-01
  -1.297740000e+00  -3.379410000e-01  -5.555100000e-01
  -1.297340000e+00  -3.427410000e-01   1.981361000e+00
  -1.843210000e+00  -3.433410000e-01   1.849948000e+00
  -8.378180000e-01  -3.365410000e-01   2.990700000e-02
  -6.200880000e-01  -3.377410000e-01  -1.646300000e-02
  -1.425880000e+00  -3.370410000e-01  -3.254800000e-01
  -1.109845000e+00  -3.401410000e-01  -8.788600000e-01
  -1.050976000e+00  -3.411410000e-01  -9.907200000e-01
  -7.207160000e-01  -3.375410000e-01  -2.217170000e-01
  -4.298060000e-01  -3.404410000e-01  -4.697420000e-01
  -1.293800000e+00  -3.356410000e-01   1.555690000e-01
  -8.485100000e-01  -3.380410000e-01  -4.536560000e-01
  -9.130090000e-01  -3.373410000e-01  -3.347910000e-01
  -1.325040000e+00  -3.395410000e-01   1.606434000e+00
  -9.753050000e-01  -3.389410000e-01  -6.775900000e-01
  -1.488510000e+00  -3.366410000e-01  -2.103060000e-01
  -2.062220000e+00  -3.417410000e-01   1.467222000e+00
  -2.253780000e+00  -3.412410000e-01   1.088108900e+00
C Number of facets
  786
C  Size  Node 1  ......Node N Marker
    3    0    1    2    3
    3    0    2    3    3
    3    0    3    4    3
    3    0    4    5    3
    3    0    5    6    3
    3    0    6    7    3
    3    0    7    8    3
    3    0    8    9    3
    3    0    9   10    3
    3    0   10   11    3
    3    0   11   12    3
    3    0   12   13    3
    3    0   13   14    3
    3    0   14   15    3
    3    0   15   16    3
    3    0   16   17    3
    3    0   17   18    3
    3    0   18   19    3
    3    0   19   20    3
    3    0   20   21    3
    3    0   21   22    3
    3    0   22   23    3
    3    0   23   24    3
    3    0   24    1    3
    3    1   25   26    3
    3    1   26    2    3
    3    2   26   27    3
    3    2   27    3    3
    3    3   27   28    3
    3    3   28    4    3
    3    4   28   29    3
    3    4   29    5    3
    3    5   29   30    3
    3    5   30    6    3
    3    6   30   31    3
    3    6   31    7    3
    3    7   31   32    3
    3    7   32    8    3
    3    8   32   33    3
    3    8   33    9    3
    3    9   33   34    3
    3    9   34   10    3
    3   10   34   35    3
    3   10   35   11    3
    3   11   35   36    3
    3   11   36   12    3
    3   12   36   37    3
    3   12   37   13    3
    3   13   37   38    3
    3   13   38   14    3
    3   14   38   39    3
    3   14   39   15    3
    3   15   39   40    3
    3   15   40   16    3
    3   16   40   41    3
    3   16   41   17    3
    3   17   41   42    3
    3   17   42   18    3
    3   18   42   43    3
    3   18   43   19    3
    3   19   43   44    3
    3   19   44   20    3
    3   20   44   45    3
    3   20   45   21    3
    3   21   45   46    3
    3   21   46   22    3
    3   22   46   47    3
    3   22   47   23    3
    3   23   47   48    3
    3   23   48   24    3
    3   24   48   25    3
    3   24   25    1    3
    3   25   49   50    3
    3   25   50   26    3
    3   26   50   51    3
    3   26   51   27    3
    3   27   51   52    3
    3   27   52   28    3
    3   28   52   53    3
    3   28   53   29    3
    3   29   53   54    3
    3   29   54   30    3
    3   30   54   55    3
    3   30   55   31    3
    3   31   55   56    3
    3   31   56   32    3
    3   32   56   57    3
    3   32   57   33    3
    3   33   57   58    3
    3   33   58   34    3
    3   34   58   59    3
    3   34   59   35    3
    3   35   59   60    3
    3   35   60   36    3
    3   36   60   61    3
    3   36   61   37    3
    3   37   61   62    3
    3   37   62   38    3
    3   38   62   63    3
    3   38   63   39    3
    3   39   63   64    3
    3   39   64   40    3
    3   40   64   65    3
    3   40   65   41    3
    3   41   65   66    3
    3   41   66   42    3
    3   42   66   67    3
    3   42   67   43    3
    3   43   67   68    3
    3   43   68   44    3
    3   44   68   69    3
    3   44   69   45    3
    3   45   69   70    3
    3   45   70   46    3
    3   46   70   71    3
    3   46   71   47    3
    3   47   71   72    3
    3   47   72   48    3
    3   48   72   49    3
    3   48   49   25    3
    3   49   73   74    3
    3   49   74   50    3
    3   50   74   75    3
    3   50   75   51    3
    3   51   75   76    3
    3   51   76   52    3
    3   52   76   77    3
    3   52   77   53    3
    3   53   77   78    3
    3   53   78   54    3
    3   54   78   79    3
    3   54   79   55    3
    3   55   79   80    3
    3   55   80   56    3
    3   56   80   81    3
    3   56   81   57    3
    3   57   81   82    3
    3   57   82   58    3
    3   58   82   83    3
    3   58   83   59    3
    3   59   83   84    3
    3   59   84   60    3
    3   60   84   85    3
    3   60   85   61    3
    3   61   85   86    3
    3   61   86   62    3
    3   62   86   87    3
    3   62   87   63    3
    3   63   87   88    3
    3   63   88   64    3
    3   64   88   89    3
    3   64   89   65    3
    3   65   89   90    3
    3   65   90   66    3
    3   66   90   91    3
    3   66   91   67    3
    3   67   91   92    3
    3   67   92   68    3
    3   68   92   93    3
    3   68   93   69    3
    3   69   93   94    3
    3   69   94   70    3
    3   70   94   95    3
    3   70   95   71    3
    3   71   95   96    3
    3   71   96   72    3
    3   72   96   73    3
    3   72   73   49    3
    3   73   97   98    3
    3   73   98   74    3
    3   74   98   99    3
    3   74   99   75    3
    3   75   99  100    3
    3   75  100   76    3
    3   76  100  101    3
    3   76  101   77    3
    3   77  101  102    3
    3   77  102   78    3
    3   78  102  103    3
    3   78  103   79    3
    3   79  103  104    3
    3   79  104   80    3
    3   80  104  105    3
    3   80  105   81    3
    3   81  105  106    3
    3   81  106   82    3
    3   82  106  107    3
    3   82  107   83    3
    3   83  107  108    3
    3   83  108   84    3
    3   84  108  109    3
    3   84  109   85    3
    3   85  109  110    3
    3   85  110   86    3
    3   86  110  111    3
    3   86  111   87    3
    3   87  111  112    3
    3   87  112   88    3
    3   88  112  113    3
    3   88  113   89    3
    3   89  113  114    3
    3   89  114   90    3
    3   90  114  115    3
    3   90  115   91    3
    3   91  115  116    3
    3   91  116   92    3
    3   92  116  117    3
    3   92  117   93    3
    3   93  117  118    3
    3   93  118   94    3
    3   94  118  119    3
    3   94  119   95    3
    3   95  119  120    3
    3   95  120   96    3
    3   96  120   97    3
    3   96   97   73    3
    3   97  121  122    3
    3   97  122   98    3
    3   98  122  123    3
    3   98  123   99    3
    3   99  123  124    3
    3   99  124  100    3
    3  100  124  125    3
    3  100  125  101    3
    3  101  125  126    3
    3  101  126  102    3
    3  102  126  127    3
    3  102  127  103    3
    3  103  127  128    3
    3  103  128  104    3
    3  104  128  129    3
    3  104  129  105    3
    3  105  129  130    3
    3  105  130  106    3
    3  106  130  131    3
    3  106  131  107    3
    3  107  131  132    3
    3  107  132  108    3
    3  108  132  133    3
    3  108  133  109    3
    3  109  133  134    3
    3  109  134  110    3
    3  110  134  135    3
    3  110  135  111    3
    3  111  135  136    3
    3  111  136  112    3
    3  112  136  137    3
    3  112  137  113    3
    3  113  137  138    3
    3  113  138  114    3
    3  114  138  139    3
    3  114  139  115    3
    3  115  139  140    3
    3  115  140  116    3
    3  116  140  141    3
    3  116  141  117    3
    3  117  141  142    3
    3  117  142  118    3
    3  118  142  143    3
    3  118  143  119    3
    3  119  143  144    3
    3  119  144  120    3
    3  120  144  121    3
    3  120  121   97    3
    3  121  145  146    3
    3  121  146  122    3
    3  122  146  147    3
    3  122  147  123    3
    3  123  147  148    3
    3  123  148  124    3
    3  124  148  149    3
    3  124  149  125    3
    3  125  149  150    3
    3  125  150  126    3
    3  126  150  151    3
    3  126  151  127    3
    3  127  151  152    3
    3  127  152  128    3
    3  128  152  153    3
    3  128  153  129    3
    3  129  153  154    3
    3  129  154  130    3
    3  130  154  155    3
    3  130  155  131    3
    3  131  155  156    3
    3  131  156  132    3
    3  132  156  157    3
    3  132  157  133    3
    3  133  157  158    3
    3  133  158  134    3
    3  134  158  159    3
    3  134  159  135    3
    3  135  159  160    3
    3  135  160  136    3
    3  136  160  161    3
    3  136  161  137    3
    3  137  161  162    3
    3  137  162  138    3
    3  138  162  163    3
    3  138  163  139    3
    3  139  163  164    3
    3  139  164  140    3
    3  140  164  165    3
    3  140  165  141    3
    3  141  165  166    3
    3  141  166  142    3
    3  142  166  167    3
    3  142  167  143    3
    3  143  167  168    3
    3  143  168  144    3
    3  144  168  145    3
    3  144  145  121    3
    3  145  169  170    3
    3  145  170  146    3
    3  146  170  171    3
    3  146  171  147    3
    3  147  171  172    3
    3  147  172  148    3
    3  148  172  173    3
    3  148  173  149    3
    3  149  173  174    3
    3  149  174  150    3
    3  150  174  175    3
    3  150  175  151    3
    3  151  175  176    3
    3  151  176  152    3
    3  152  176  177    3
    3  152  177  153    3
    3  153  177  178    3
    3  153  178  154    3
    3  154  178  179    3
    3  154  179  155    3
    3  155  179  180    3
    3  155  180  156    3
    3  156  180  181    3
    3  156  181  157    3
    3  157  181  182    3
    3  157  182  158    3
    3  158  182  183    3
    3  158  183  159    3
    3  159  183  184    3
    3  159  184  160    3
    3  160  184  185    3
    3  160  185  161    3
    3  161  185  186    3
    3  161  186  162    3
    3  162  186  187    3
    3  162  187  163    3
    3  163  187  188    3
    3  163  188  164    3
    3  164  188  189    3
    3  164  189  165    3
    3  165  189  190    3
    3  165  190  166    3
    3  166  190  191    3
    3  166  191  167    3
    3  167  191  192    3
    3  167  192  168    3
    3  168  192  169    3
    3  168  169  145    3
    3  169  193  194    3
    3  169  194  170    3
    3  170  194  195    3
    3  170  195  171    3
    3  171  195  196    3
    3  171  196  172    3
    3  172  196  197    3
    3  172  197  173    3
    3  173  197  198    3
    3  173  198  174    3
    3  174  198  199    3
    3  174  199  175    3
    3  175  199  200    3
    3  175  200  176    3
    3  176  200  201    3
    3  176  201  177    3
    3  177  201  202    3
    3  177  202  178    3
    3  178  202  203    3
    3  178  203  179    3
    3  179  203  204    3
    3  179  204  180    3
    3  180  204  205    3
    3  180  205  181    3
    3  181  205  206    3
    3  181  206  182    3
    3  182  206  207    3
    3  182  207  183    3
    3  183  207  208    3
    3  183  208  184    3
    3  184  208  209    3
    3  184  209  185    3
    3  185  209  210    3
    3  185  210  186    3
    3  186  210  211    3
    3  186  211  187    3
    3  187  211  212    3
    3  187  212  188    3
    3  188  212  213    3
    3  188  213  189    3
    3  189  213  214    3
    3  189  214  190    3
    3  190  214  215    3
    3  190  215  191    3
    3  191  215  216    3
    3  191  216  192    3
    3  192  216  193    3
    3  192  193  169    3
    3  193  217  218    3
    3  193  218  194    3
    3  194  218  219    3
    3  194  219  195    3
    3  195  219  220    3
    3  195  220  196    3
    3  196  220  221    3
    3  196  221  197    3
    3  197  221  222    3
    3  197  222  198    3
    3  198  222  223    3
    3  198  223  199    3
    3  199  223  224    3
    3  199  224  200    3
    3  200  224  225    3
    3  200  225  201    3
    3  201  225  226    3
    3  201  226  202    3
    3  202  226  227    3
    3  202  227  203    3
    3  203  227  228    3
    3  203  228  204    3
    3  204  228  229    3
    3  204  229  205    3
    3  205  229  230    3
    3  205  230  206    3
    3  206  230  231    3
    3  206  231  207    3
    3  207  231  232    3
    3  207  232  208    3
    3  208  232  233    3
    3  208  233  209    3
    3  209  233  234    3
    3  209  234  210    3
    3  210  234  235    3
    3  210  235  211    3
    3  211  235  236    3
    3  211  236  212    3
    3  212  236  237    3
    3  212  237  213    3
    3  213  237  238    3
    3  213  238  214    3
    3  214  238  239    3
    3  214  239  215    3
    3  215  239  240    3
    3  215  240  216    3
    3  216  240  217    3
    3  216  217  193    3
    3  217  241  242    3
    3  217  242  218    3
    3  218  242  243    3
    3  218  243  219    3
    3  219  243  244    3
    3  219  244  220    3
    3  220  244  245    3
    3  220  245  221    3
    3  221  245  246    3
    3  221  246  222    3
    3  222  246  247    3
    3  222  247  223    3
    3  223  247  248    3
    3  223  248  224    3
    3  224  248  249    3
    3  224  249  225    3
    3  225  249  250    3
    3  225  250  226    3
    3  226  250  251    3
    3  226  251  227    3
    3  227  251  252    3
    3  227  252  228    3
    3  228  252  253    3
    3  228  253  229    3
    3  229  253  254    3
    3  229  254  230    3
    3  230  254  255    3
    3  230  255  231    3
    3  231  255  256    3
    3  231  256  232    3
    3  232  256  257    3
    3  232  257  233    3
    3  233  257  258    3
    3  233  258  234    3
    3  234  258  259    3
    3  234  259  235    3
    3  235  259  260    3
    3  235  260  236    3
    3  236  260  261    3
    3  236  261  237    3
    3  237  261  262    3
    3  237  262  238    3
    3  238  262  263    3
    3  238  263  239    3
    3  239  263  264    3
    3  239  264  240    3
    3  240  264  241    3
    3  240  241  217    3
    3  264  265  241    3
    3  264  266  265    3
    3  263  266  264    3
    3  263  267  266    3
    3  262  267  263    3
    3  262  268  267    3
    3  261  268  262    3
    3  261  269  268    3
    3  260  269  261    3
    3  260  270  269    3
    3  259  270  260    3
    3  259  271  270    3
    3  258  271  259    3
    3  258  272  271    3
    3  257  272  258    3
    3  257  273  272    3
    3  256  273  257    3
    3  256  274  273    3
    3  255  274  256    3
    3  255  275  274    3
    3  254  275  255    3
    3  254  276  275    3
    3  253  276  254    3
    3  253  277  276    3
    3  252  277  253    3
    3  252  278  277    3
    3  251  278  252    3
    3  251  279  278    3
    3  250  279  251    3
    3  250  280  279    3
    3  249  280  250    3
    3  249  281  280    3
    3  248  281  249    3
    3  248  282  281    3
    3  247  282  248    3
    3  247  283  282    3
    3  246  283  247    3
    3  246  284  283    3
    3  245  284  246    3
    3  245  285  284    3
    3  244  285  245    3
    3  244  286  285    3
    3  243  286  244    3
    3  243  287  286    3
    3  242  287  243    3
    3  242  288  287    3
    3  241  288  242    3
    3  241  265  288    3
    3  289  279  290    1
    3  291  288  292    1
    3  293  294  295    3
    3  296  275  276    1
    3  297  298  299    1
    3  300  301  302    1
    3  303  304  305    3
    3  292  306  307    1
    3  308  309  310    4
    3  300  293  301    1
    3  311  312  313    3
    3  290  314  315    1
    3  316  317  318    1
    3  319  320  321    3
    3  317  322  308    1
    3  286  323  285    1
    3  286  287  320    1
    3  298  297  293    1
    3  324  325  273    1
    3  326  271  272    1
    3  327  328  301    1
    3  329  326  330    1
    3  300  331  304    1
    3  332  282  302    1
    3  272  325  326    1
    3  296  276  316    1
    3  296  333  275    1
    3  324  334  325    1
    3  335  329  336    1
    3  315  328  337    1
    3  338  339  303    3
    3  334  340  341    4
    3  279  289  278    1
    3  274  275  333    1
    3  322  278  289    1
    3  342  343  344    3
    3  332  301  328    1
    3  314  290  280    1
    3  345  338  346    3
    3  324  333  334    1
    3  277  316  276    1
    3  266  267  335    1
    3  288  291  287    1
    3  347  348  349    3
    3  316  322  317    1
    3  297  350  351    4
    3  327  301  293    1
    3  283  331  302    1
    3  352  353  354    4
    3  326  269  270    1
    3  332  302  301    1
    3  355  299  298    1
    3  312  356  357    3
    3  330  355  329    1
    3  336  306  335    1
    3  271  326  270    1
    3  358  359  360    4
    3  298  361  362    3
    3  283  302  282    1
    3  336  329  355    1
    3  326  363  330    1
    3  265  292  288    1
    3  300  364  365    3
    3  366  367  368    4
    3  333  318  334    1
    3  369  361  370    3
    3  327  293  297    1
    3  278  322  277    1
    3  320  291  356    3
    3  371  285  323    1
    3  363  325  334    1
    3  371  331  284    1
    3  364  339  349    3
    3  268  335  267    1
    3  372  363  373    4
    3  280  290  279    1
    3  266  306  265    1
    3  316  277  322    1
    3  328  315  314    1
    3  308  315  367    1
    3  355  330  372    1
    3  327  297  337    1
    3  280  281  314    1
    3  374  340  375    4
    3  296  316  318    1
    3  352  376  377    4
    3  355  307  336    1
    3  292  343  378    3
    3  326  325  363    1
    3  320  287  291    1
    3  345  319  379    3
    3  380  372  381    4
    3  358  366  382    4
    3  268  329  335    1
    3  273  274  324    1
    3  336  307  306    1
    3  265  306  292    1
    3  296  318  333    1
    3  383  374  384    4
    3  329  268  269    1
    3  385  373  386    4
    3  333  324  274    1
    3  283  284  331    1
    3  298  307  355    1
    3  299  353  387    4
    3  308  289  315    1
    3  273  325  272    1
    3  327  337  328    1
    3  388  376  389    4
    3  314  332  328    1
    3  281  282  332    1
    3  315  289  290    1
    3  363  372  330    1
    3  355  372  299    1
    3  285  371  284    1
    3  314  281  332    1
    3  269  326  329    1
    3  369  347  311    3
    3  266  335  306    1
    3  286  320  323    1
    3  308  322  289    1
    3  300  302  331    1
    3  343  390  313    3
    3  292  307  344    3
    3  298  348  370    3
    3  361  390  342    3
    3  343  342  390    3
    3  342  307  362    3
    3  347  369  348    3
    3  361  369  390    3
    3  369  311  390    3
    3  312  311  347    3
    3  311  313  390    3
    3  313  312  378    3
    3  298  362  307    3
    3  342  362  361    3
    3  342  344  307    3
    3  292  344  343    3
    3  369  370  348    3
    3  298  370  361    3
    3  292  378  312    3
    3  313  378  343    3
    3  334  318  375    4
    3  340  391  388    4
    3  318  317  384    4
    3  340  374  391    4
    3  352  385  389    4
    3  376  391  359    4
    3  376  388  391    4
    3  388  385  341    4
    3  359  391  383    4
    3  359  358  377    4
    3  374  383  391    4
    3  383  317  360    4
    3  374  375  318    4
    3  334  375  340    4
    3  334  341  385    4
    3  388  341  340    4
    3  388  389  385    4
    3  352  389  376    4
    3  352  377  358    4
    3  359  377  376    4
    3  358  360  317    4
    3  383  360  359    4
    3  383  384  317    4
    3  318  384  374    4
    3  367  358  309    4
    3  315  337  368    1
    3  353  352  350    4
    3  353  299  380    4
    3  372  380  299    4
    3  380  385  354    4
    3  350  352  392    4
    3  350  297  387    4
    3  366  337  392    4
    3  367  366  358    4
    3  363  334  386    4
    3  373  385  381    4
    3  392  337  351    4
    3  392  352  382    4
    3  380  381  385    4
    3  373  381  372    4
    3  358  317  310    4
    3  367  309  308    4
    3  385  386  334    4
    3  363  386  373    4
    3  366  368  337    4
    3  315  368  367    1
    3  299  387  297    4
    3  350  387  353    4
    3  352  354  385    4
    3  380  354  353    4
    3  358  382  352    4
    3  392  382  366    4
    3  297  351  337    4
    3  392  351  350    4
    3  308  310  317    4
    3  358  310  309    4
    3  312  347  379    3
    3  320  319  323    3
    3  371  323  346    3
    3  338  347  393    3
    3  364  300  394    3
    3  364  348  294    3
    3  319  345  323    3
    3  338  345  347    3
    3  348  298  295    3
    3  294  293  365    3
    3  304  339  394    3
    3  331  371  305    1
    3  364  349  348    3
    3  349  339  393    3
    3  338  393  339    3
    3  349  393  347    3
    3  338  303  371    3
    3  304  303  339    3
    3  356  312  321    3
    3  291  292  357    3
    3  364  394  339    3
    3  304  394  300    3
    3  319  321  312    3
    3  356  321  320    3
    3  293  295  298    3
    3  348  295  294    3
    3  312  357  292    3
    3  291  357  356    3
    3  345  346  323    3
    3  371  346  338    3
    3  303  305  371    3
    3  331  305  304    1
    3  345  379  347    3
    3  312  379  319    3
    3  300  365  293    3
    3  294  365  364    3
C Prescribed Values(Inlet, Outlet), InteractionSurface(Inlet, Outlet)
       1        0        0        2        2        2
C Inlet Pressure, FunID (E18.9,I5)
   1.000000000e+00    3
C Outlet Velocity
C     Vx,           Vy,            Vz,    indVx,indVy,indVz, FunID(3E18.9, 4I5)
   0.000000000e+00   1.000000000e+00   0.000000000e+00    1    0    0    4
C Inlet Velocity
C nNodeID,    Vx,           Vy,            Vz (I5, 3E18.9)
  265
    1  -1.000000000e-01  -1.000000000e+00  -1.500000000e-01
    2   1.500000000e-01  -9.500000000e-01   9.500000000e-01
    3  -1.500000000e-01  -9.500000000e-01   1.150000000e+00
    4  -3.500000000e-01  -9.500000000e-01   7.000000000e-01
    5  -2.500000000e-01  -9.500000000e-01   1.500000000e-01
    6   0.000000000e+00  -9.500000000e-01  -1.500000000e-01
    7   1.500000000e-01  -9.500000000e-01  -2.000000000e-01
    8   1.000000000e-01  -9.500000000e-01  -1.500000000e-01
    9  -1.000000000e-01  -9.500000000e-01  -1.000000000e-01
   10  -3.000000000e-01  -9.500000000e-01  -1.500000000e-01
   11  -3.500000000e-01  -9.500000000e-01  -3.000000000e-01
   12  -3.000000000e-01  -9.500000000e-01  -3.000000000e-01
   13  -1.500000000e-01  -9.500000000e-01  -2.500000000e-01
   14  -1.000000000e-01  -9.500000000e-01  -1.500000000e-01
   15  -5.000000000e-02  -9.500000000e-01  -2.000000000e-01
   16   0.000000000e+00  -9.500000000e-01  -4.000000000e-01
   17   3.500000000e-01  -9.500000000e-01  -8.000000000e-01
   18   7.500000000e-01  -9.500000000e-01  -8.500000000e-01
   19   9.500000000e-01  -9.500000000e-01  -6.500000000e-01
   20   6.000000000e-01  -9.500000000e-01  -3.000000000e-01
   21  -2.500000000e-01  -9.500000000e-01  -1.000000000e-01
   22  -1.150000000e+00  -9.500000000e-01  -4.500000000e-01
   23  -1.150000000e+00  -9.500000000e-01  -8.000000000e-01
   24  -6.500000000e-01  -9.500000000e-01  -7.000000000e-01
   25  -5.000000000e-02  -9.500000000e-01  -5.000000000e-02
   26   1.500000000e-01  -9.000000000e-01   1.450000000e+00
   27  -3.000000000e-01  -9.000000000e-01   1.600000000e+00
   28  -4.500000000e-01  -9.000000000e-01   5.500000000e-01
   29  -5.000000000e-02  -9.000000000e-01  -5.500000000e-01
   30   6.000000000e-01  -9.000000000e-01  -1.050000000e+00
   31   1.000000000e+00  -9.000000000e-01  -8.500000000e-01
   32   7.500000000e-01  -9.000000000e-01  -5.000000000e-01
   33   5.000000000e-02  -9.000000000e-01  -2.000000000e-01
   34  -9.000000000e-01  -9.000000000e-01  -4.500000000e-01
   35  -1.300000000e+00  -9.000000000e-01  -9.500000000e-01
   36  -8.500000000e-01  -9.000000000e-01  -9.500000000e-01
   37  -3.000000000e-01  -9.000000000e-01  -3.500000000e-01
   38  -1.000000000e-01  -9.000000000e-01   2.500000000e-01
   39  -2.500000000e-01  -9.000000000e-01   6.000000000e-01
   40  -3.000000000e-01  -9.000000000e-01   1.000000000e-01
   41   2.000000000e-01  -9.000000000e-01  -9.500000000e-01
   42   9.000000000e-01  -9.000000000e-01  -1.300000000e+00
   43   1.400000000e+00  -9.000000000e-01  -1.050000000e+00
   44   9.500000000e-01  -9.000000000e-01  -5.000000000e-01
   45  -6.500000000e-01  -9.000000000e-01  -2.500000000e-01
   46  -2.300000000e+00  -9.000000000e-01  -9.000000000e-01
   47  -2.350000000e+00  -9.000000000e-01  -1.550000000e+00
   48  -1.300000000e+00  -9.000000000e-01  -1.450000000e+00
   49  -2.000000000e-01  -9.000000000e-01  -2.000000000e-01
   50   3.500000000e-01  -8.500000000e-01   1.650000000e+00
   51  -1.500000000e-01  -8.500000000e-01   1.750000000e+00
   52  -3.000000000e-01  -8.500000000e-01   7.500000000e-01
   53   1.000000000e-01  -8.500000000e-01  -2.500000000e-01
   54   6.500000000e-01  -8.500000000e-01  -7.000000000e-01
   55   9.000000000e-01  -8.500000000e-01  -6.000000000e-01
   56   7.500000000e-01  -8.500000000e-01  -2.000000000e-01
   57   1.500000000e-01  -8.500000000e-01  -5.000000000e-02
   58  -7.000000000e-01  -8.500000000e-01  -2.500000000e-01
   59  -1.050000000e+00  -8.500000000e-01  -6.500000000e-01
   60  -5.500000000e-01  -8.500000000e-01  -6.000000000e-01
   61   1.000000000e-01  -8.500000000e-01   1.500000000e-01
   62   2.000000000e-01  -8.500000000e-01   9.500000000e-01
   63  -1.000000000e-01  -8.500000000e-01   1.400000000e+00
   64  -3.000000000e-01  -8.500000000e-01   8.500000000e-01
   65   3.500000000e-01  -8.500000000e-01  -6.500000000e-01
   66   1.300000000e+00  -8.500000000e-01  -1.300000000e+00
   67   1.950000000e+00  -8.500000000e-01  -1.100000000e+00
   68   1.700000000e+00  -8.500000000e-01  -4.000000000e-01
   69   5.000000000e-02  -8.500000000e-01  -5.000000000e-02
   70  -1.900000000e+00  -8.500000000e-01  -6.000000000e-01
   71  -2.000000000e+00  -8.500000000e-01  -1.300000000e+00
   72  -1.100000000e+00  -8.500000000e-01  -1.150000000e+00
   73   0.000000000e+00  -8.500000000e-01   5.000000000e-02
   74   3.000000000e-01  -7.500000000e-01   1.700000000e+00
   75  -1.000000000e-01  -7.500000000e-01   1.850000000e+00
   76  -4.000000000e-01  -7.500000000e-01   1.200000000e+00
   77  -2.000000000e-01  -7.500000000e-01   5.000000000e-01
   78   5.000000000e-02  -7.500000000e-01   1.000000000e-01
   79   2.000000000e-01  -7.500000000e-01   1.000000000e-01
   80   5.000000000e-02  -7.500000000e-01   2.000000000e-01
   81  -2.500000000e-01  -7.500000000e-01   2.000000000e-01
   82  -6.000000000e-01  -7.500000000e-01   5.000000000e-02
   83  -7.500000000e-01  -7.500000000e-01  -2.000000000e-01
   84  -3.000000000e-01  -7.500000000e-01  -1.000000000e-01
   85   2.000000000e-01  -7.500000000e-01   6.500000000e-01
   86   2.500000000e-01  -7.500000000e-01   1.500000000e+00
   87  -1.000000000e-01  -7.500000000e-01   1.900000000e+00
   88  -4.000000000e-01  -7.500000000e-01   1.400000000e+00
   89   3.000000000e-01  -7.500000000e-01  -3.500000000e-01
   90   1.400000000e+00  -7.500000000e-01  -1.150000000e+00
   91   2.150000000e+00  -7.500000000e-01  -9.500000000e-01
   92   2.050000000e+00  -7.500000000e-01  -2.500000000e-01
   93   4.000000000e-01  -7.500000000e-01   2.000000000e-01
   94  -1.550000000e+00  -7.500000000e-01  -3.000000000e-01
   95  -1.750000000e+00  -7.500000000e-01  -8.500000000e-01
   96  -9.500000000e-01  -7.500000000e-01  -7.500000000e-01
   97   5.000000000e-02  -7.500000000e-01   4.000000000e-01
   98   5.000000000e-02  -7.000000000e-01   1.600000000e+00
   99  -3.000000000e-01  -7.000000000e-01   1.850000000e+00
  100  -7.000000000e-01  -7.000000000e-01   1.650000000e+00
  101  -9.500000000e-01  -7.000000000e-01   1.350000000e+00
  102  -1.050000000e+00  -7.000000000e-01   1.000000000e+00
  103  -1.100000000e+00  -7.000000000e-01   7.500000000e-01
  104  -1.050000000e+00  -7.000000000e-01   4.500000000e-01
  105  -8.000000000e-01  -7.000000000e-01   3.000000000e-01
  106  -5.500000000e-01  -7.000000000e-01   2.000000000e-01
  107  -3.000000000e-01  -7.000000000e-01   2.500000000e-01
  108  -1.000000000e-01  -7.000000000e-01   4.500000000e-01
  109   1.000000000e-01  -7.000000000e-01   1.000000000e+00
  110   5.000000000e-02  -7.000000000e-01   1.650000000e+00
  111  -3.000000000e-01  -7.000000000e-01   1.900000000e+00
  112  -6.000000000e-01  -7.000000000e-01   1.350000000e+00
  113   2.000000000e-01  -7.000000000e-01  -4.500000000e-01
  114   1.350000000e+00  -7.000000000e-01  -1.200000000e+00
  115   2.050000000e+00  -7.000000000e-01  -9.000000000e-01
  116   1.900000000e+00  -7.000000000e-01  -2.000000000e-01
  117   2.000000000e-01  -7.000000000e-01   3.000000000e-01
  118  -2.150000000e+00  -7.000000000e-01  -2.500000000e-01
  119  -2.300000000e+00  -7.000000000e-01  -9.500000000e-01
  120  -1.300000000e+00  -7.000000000e-01  -8.500000000e-01
  121  -2.500000000e-01  -7.000000000e-01   3.500000000e-01
  122   2.500000000e-01  -7.000000000e-01   1.950000000e+00
  123  -2.000000000e-01  -7.000000000e-01   2.250000000e+00
  124  -6.500000000e-01  -7.000000000e-01   2.200000000e+00
  125  -1.100000000e+00  -7.000000000e-01   2.000000000e+00
  126  -1.400000000e+00  -7.000000000e-01   1.650000000e+00
  127  -1.550000000e+00  -7.000000000e-01   1.200000000e+00
  128  -1.250000000e+00  -7.000000000e-01   7.000000000e-01
  129  -5.500000000e-01  -7.000000000e-01   4.000000000e-01
  130   3.500000000e-01  -7.000000000e-01   6.000000000e-01
  131   8.000000000e-01  -7.000000000e-01   1.000000000e+00
  132   5.500000000e-01  -7.000000000e-01   1.200000000e+00
  133   3.500000000e-01  -7.000000000e-01   1.350000000e+00
  134   1.000000000e-01  -7.000000000e-01   1.400000000e+00
  135  -1.500000000e-01  -7.000000000e-01   1.350000000e+00
  136  -3.000000000e-01  -7.000000000e-01   9.000000000e-01
  137   3.500000000e-01  -7.000000000e-01  -4.000000000e-01
  138   1.400000000e+00  -7.000000000e-01  -1.000000000e+00
  139   2.050000000e+00  -7.000000000e-01  -7.000000000e-01
  140   1.950000000e+00  -7.000000000e-01  -5.000000000e-02
  141   2.500000000e-01  -7.000000000e-01   5.000000000e-01
  142  -1.900000000e+00  -7.000000000e-01  -1.000000000e-01
  143  -1.950000000e+00  -7.000000000e-01  -6.500000000e-01
  144  -1.050000000e+00  -7.000000000e-01  -5.500000000e-01
  145   0.000000000e+00  -7.000000000e-01   7.000000000e-01
  146   4.000000000e-01  -3.500000000e-01   2.300000000e+00
  147   0.000000000e+00  -3.500000000e-01   2.800000000e+00
  148  -7.000000000e-01  -3.500000000e-01   3.200000000e+00
  149  -1.650000000e+00  -3.500000000e-01   3.400000000e+00
  150  -2.550000000e+00  -3.500000000e-01   3.200000000e+00
  151  -3.050000000e+00  -3.500000000e-01   2.400000000e+00
  152  -2.450000000e+00  -3.500000000e-01   1.350000000e+00
  153  -9.500000000e-01  -3.500000000e-01   7.500000000e-01
  154   7.000000000e-01  -3.500000000e-01   9.500000000e-01
  155   1.600000000e+00  -3.500000000e-01   1.800000000e+00
  156   1.200000000e+00  -3.500000000e-01   2.100000000e+00
  157   6.500000000e-01  -3.500000000e-01   1.900000000e+00
  158   2.500000000e-01  -3.500000000e-01   1.650000000e+00
  159   5.000000000e-02  -3.500000000e-01   1.300000000e+00
  160   0.000000000e+00  -3.500000000e-01   9.000000000e-01
  161   7.500000000e-01  -3.500000000e-01  -2.500000000e-01
  162   1.950000000e+00  -3.500000000e-01  -9.500000000e-01
  163   2.750000000e+00  -3.500000000e-01  -6.500000000e-01
  164   2.750000000e+00  -3.500000000e-01   1.500000000e-01
  165   1.100000000e+00  -3.500000000e-01   8.500000000e-01
  166  -1.000000000e+00  -3.500000000e-01   4.500000000e-01
  167  -1.000000000e+00  -3.500000000e-01   1.500000000e-01
  168  -4.000000000e-01  -3.500000000e-01   3.000000000e-01
  169   3.000000000e-01  -3.500000000e-01   1.250000000e+00
  170   5.500000000e-01   0.000000000e+00   3.200000000e+00
  171  -5.000000000e-02   0.000000000e+00   3.700000000e+00
  172  -8.500000000e-01   0.000000000e+00   4.000000000e+00
  173  -1.800000000e+00   0.000000000e+00   4.000000000e+00
  174  -2.800000000e+00   0.000000000e+00   3.650000000e+00
  175  -3.300000000e+00   0.000000000e+00   2.800000000e+00
  176  -2.550000000e+00   0.000000000e+00   1.600000000e+00
  177  -7.000000000e-01   0.000000000e+00   9.500000000e-01
  178   1.200000000e+00   0.000000000e+00   1.350000000e+00
  179   2.150000000e+00   0.000000000e+00   2.300000000e+00
  180   1.550000000e+00   0.000000000e+00   2.600000000e+00
  181   5.500000000e-01   0.000000000e+00   1.950000000e+00
  182   1.000000000e-01   0.000000000e+00   1.100000000e+00
  183   5.000000000e-02   0.000000000e+00   5.000000000e-01
  184   3.500000000e-01   0.000000000e+00   2.500000000e-01
  185   8.000000000e-01   0.000000000e+00  -1.000000000e-01
  186   1.550000000e+00   0.000000000e+00  -4.000000000e-01
  187   2.150000000e+00   0.000000000e+00  -1.000000000e-01
  188   2.100000000e+00   0.000000000e+00   5.500000000e-01
  189   7.500000000e-01   0.000000000e+00   1.000000000e+00
  190  -6.000000000e-01   0.000000000e+00   8.000000000e-01
  191  -4.500000000e-01   0.000000000e+00   6.500000000e-01
  192   5.000000000e-02   0.000000000e+00   1.000000000e+00
  193   6.000000000e-01   0.000000000e+00   2.000000000e+00
  194   3.500000000e-01   3.500000000e-01   3.600000000e+00
  195  -4.000000000e-01   3.500000000e-01   4.100000000e+00
  196  -1.400000000e+00   3.500000000e-01   4.400000000e+00
  197  -2.600000000e+00   3.500000000e-01   4.350000000e+00
  198  -3.700000000e+00   3.500000000e-01   3.850000000e+00
  199  -4.300000000e+00   3.500000000e-01   2.800000000e+00
  200  -3.550000000e+00   3.500000000e-01   1.450000000e+00
  201  -1.850000000e+00   3.500000000e-01   6.500000000e-01
  202  -1.000000000e-01   3.500000000e-01   7.500000000e-01
  203   9.000000000e-01   3.500000000e-01   1.450000000e+00
  204   5.500000000e-01   3.500000000e-01   1.550000000e+00
  205  -2.500000000e-01   3.500000000e-01   8.000000000e-01
  206  -5.000000000e-01   3.500000000e-01  -1.500000000e-01
  207  -2.500000000e-01   3.500000000e-01  -7.500000000e-01
  208   2.500000000e-01   3.500000000e-01  -1.100000000e+00
  209   1.000000000e+00   3.500000000e-01  -1.250000000e+00
  210   1.800000000e+00   3.500000000e-01  -1.250000000e+00
  211   2.400000000e+00   3.500000000e-01  -7.000000000e-01
  212   2.050000000e+00   3.500000000e-01   1.500000000e-01
  213   2.000000000e-01   3.500000000e-01   7.500000000e-01
  214  -1.100000000e+00   3.500000000e-01   4.500000000e-01
  215  -8.000000000e-01   3.500000000e-01   3.500000000e-01
  216  -2.000000000e-01   3.500000000e-01   8.000000000e-01
  217   5.000000000e-01   3.500000000e-01   2.250000000e+00
  218  -1.000000000e-01   7.000000000e-01   3.950000000e+00
  219  -1.000000000e+00   7.000000000e-01   4.300000000e+00
  220  -2.000000000e+00   7.000000000e-01   4.350000000e+00
  221  -3.150000000e+00   7.000000000e-01   4.200000000e+00
  222  -4.200000000e+00   7.000000000e-01   3.650000000e+00
  223  -4.750000000e+00   7.000000000e-01   2.650000000e+00
  224  -4.350000000e+00   7.000000000e-01   1.350000000e+00
  225  -3.250000000e+00   7.000000000e-01   5.000000000e-01
  226  -2.050000000e+00   7.000000000e-01   2.000000000e-01
  227  -1.350000000e+00   7.000000000e-01   2.500000000e-01
  228  -1.350000000e+00   7.000000000e-01   5.000000000e-02
  229  -1.450000000e+00   7.000000000e-01  -5.500000000e-01
  230  -1.200000000e+00   7.000000000e-01  -1.100000000e+00
  231  -7.500000000e-01   7.000000000e-01  -1.450000000e+00
  232  -2.000000000e-01   7.000000000e-01  -1.550000000e+00
  233   4.500000000e-01   7.000000000e-01  -1.500000000e+00
  234   1.100000000e+00   7.000000000e-01  -1.200000000e+00
  235   1.400000000e+00   7.000000000e-01  -6.000000000e-01
  236   1.000000000e+00   7.000000000e-01   1.500000000e-01
  237  -4.500000000e-01   7.000000000e-01   5.500000000e-01
  238  -1.150000000e+00   7.000000000e-01   5.000000000e-01
  239  -8.000000000e-01   7.000000000e-01   6.000000000e-01
  240  -2.500000000e-01   7.000000000e-01   1.200000000e+00
  241   3.000000000e-01   7.000000000e-01   2.750000000e+00
  242  -3.000000000e-01   1.000000000e+00   4.500000000e+00
  243  -1.350000000e+00   1.000000000e+00   4.500000000e+00
  244  -2.300000000e+00   1.000000000e+00   4.250000000e+00
  245  -3.050000000e+00   1.000000000e+00   3.600000000e+00
  246  -3.550000000e+00   1.000000000e+00   2.900000000e+00
  247  -3.950000000e+00   1.000000000e+00   2.000000000e+00
  248  -4.100000000e+00   1.000000000e+00   1.500000000e+00
  249  -4.050000000e+00   1.000000000e+00   5.500000000e-01
  250  -3.850000000e+00   1.000000000e+00  -2.000000000e-01
  251  -3.500000000e+00   1.000000000e+00  -8.000000000e-01
  252  -3.150000000e+00   1.000000000e+00  -1.450000000e+00
  253  -2.400000000e+00   1.000000000e+00  -1.600000000e+00
  254  -1.650000000e+00   1.000000000e+00  -1.300000000e+00
  255  -1.150000000e+00   1.000000000e+00  -1.000000000e+00
  256  -7.500000000e-01   1.000000000e+00  -7.500000000e-01
  257  -2.500000000e-01   1.000000000e+00  -8.500000000e-01
  258   2.500000000e-01   1.000000000e+00  -6.500000000e-01
  259   4.000000000e-01   1.000000000e+00  -2.000000000e-01
  260   5.000000000e-02   1.000000000e+00   3.500000000e-01
  261  -7.500000000e-01   1.000000000e+00   6.500000000e-01
  262  -8.500000000e-01   1.000000000e+00   8.000000000e-01
  263  -5.500000000e-01   1.000000000e+00   1.100000000e+00
  264  -5.000000000e-02   1.000000000e+00   1.900000000e+00
  265   3.500000000e-01   1.000000000e+00   3.600000000e+00
C Region List
