C PointsNum,MaxElemVol,TetGenParams,nAtrib,IndMov,MDMaxVolume,MDomDiv,MDOnly,MDDivF,MDPrescP
  395    1.000000e+00 YYpznno2q1.414a     0     0    1.000000e+00     1     0     0     0     0     0 YYpznno2q1.414a
  -1.562148000e-01  -7.622570000e+00  -5.181000000e-03
  -3.412290000e-02  -7.198820000e+00   8.379840000e-01
  -2.474590000e-01  -7.198820000e+00   7.980480000e-01
  -4.288280000e-01  -7.198820000e+00   6.922330000e-01
  -5.742570000e-01  -7.198820000e+00   5.592300000e-01
  -6.904580000e-01  -7.198820000e+00   4.098930000e-01
  -7.798340000e-01  -7.198820000e+00   2.464290000e-01
  -8.467890000e-01  -7.198820000e+00   6.609600000e-02
  -8.830680000e-01  -7.198820000e+00  -1.357880000e-01
  -8.635570000e-01  -7.198820000e+00  -3.497610000e-01
  -7.670870000e-01  -7.198820000e+00  -5.498680000e-01
  -5.975420000e-01  -7.198820000e+00  -6.977370000e-01
  -3.897010000e-01  -7.198820000e+00  -7.815250000e-01
  -1.741229000e-01  -7.198820000e+00  -8.043890000e-01
   2.755200000e-02  -7.198820000e+00  -7.538340000e-01
   1.893440000e-01  -7.198820000e+00  -6.423610000e-01
   3.034660000e-01  -7.198820000e+00  -4.964930000e-01
   3.835370000e-01  -7.198820000e+00  -3.488660000e-01
   4.457250000e-01  -7.198820000e+00  -2.044650000e-01
   4.761810000e-01  -7.198820000e+00  -5.190400000e-02
   4.674040000e-01  -7.198820000e+00   1.050980000e-01
   4.289050000e-01  -7.198820000e+00   2.572130000e-01
   3.671650000e-01  -7.198820000e+00   4.063840000e-01
   2.867470000e-01  -7.198820000e+00   5.710700000e-01
   1.646420000e-01  -7.198820000e+00   7.499680000e-01
  -8.208340000e-02  -6.775070000e+00   1.129310000e+00
  -3.714520000e-01  -6.775070000e+00   1.068125000e+00
  -6.166990000e-01  -6.775070000e+00   9.237630000e-01
  -8.144050000e-01  -6.775070000e+00   7.459350000e-01
  -9.739280000e-01  -6.775070000e+00   5.456800000e-01
  -1.104520000e+00  -6.775070000e+00   3.253960000e-01
  -1.212600000e+00  -6.775070000e+00   7.961320000e-02
  -1.285030000e+00  -6.775070000e+00  -2.050150000e-01
  -1.274650000e+00  -6.775070000e+00  -5.188790000e-01
  -1.136598000e+00  -6.775070000e+00  -8.089010000e-01
  -8.781290000e-01  -6.775070000e+00  -1.007340000e+00
  -5.727920000e-01  -6.775070000e+00  -1.101840000e+00
  -2.700834000e-01  -6.775070000e+00  -1.117650000e+00
   8.129000000e-03  -6.775070000e+00  -1.044470000e+00
   2.245210000e-01  -6.775070000e+00  -8.809090000e-01
   3.699010000e-01  -6.775070000e+00  -6.733710000e-01
   4.687500000e-01  -6.775070000e+00  -4.709380000e-01
   5.481340000e-01  -6.775070000e+00  -2.792580000e-01
   5.939860000e-01  -6.775070000e+00  -7.938680000e-02
   5.902410000e-01  -6.775070000e+00   1.292030000e-01
   5.411710000e-01  -6.775070000e+00   3.333610000e-01
   4.636970000e-01  -6.775070000e+00   5.403930000e-01
   3.625450000e-01  -6.775070000e+00   7.757270000e-01
   1.929450000e-01  -6.775070000e+00   1.024034000e+00
  -1.392710000e-01  -6.351310000e+00   1.338160000e+00
  -4.819520000e-01  -6.351310000e+00   1.270930000e+00
  -7.777170000e-01  -6.351310000e+00   1.114374000e+00
  -1.024431000e+00  -6.351310000e+00   9.106880000e-01
  -1.222160000e+00  -6.351310000e+00   6.708940000e-01
  -1.379030000e+00  -6.351310000e+00   4.030600000e-01
  -1.508430000e+00  -6.351310000e+00   1.045288000e-01
  -1.596910000e+00  -6.351310000e+00  -2.403190000e-01
  -1.592080000e+00  -6.351310000e+00  -6.245190000e-01
  -1.425860000e+00  -6.351310000e+00  -9.810640000e-01
  -1.100643000e+00  -6.351310000e+00  -1.213050000e+00
  -7.194120000e-01  -6.351310000e+00  -1.303200000e+00
  -3.552710000e-01  -6.351310000e+00  -1.305670000e+00
  -3.108500000e-02  -6.351310000e+00  -1.208310000e+00
   2.123810000e-01  -6.351310000e+00  -1.002105000e+00
   3.769140000e-01  -6.351310000e+00  -7.646560000e-01
   4.892660000e-01  -6.351310000e+00  -5.342660000e-01
   5.808670000e-01  -6.351310000e+00  -3.151500000e-01
   6.401260000e-01  -6.351310000e+00  -8.547120000e-02
   6.410710000e-01  -6.351310000e+00   1.566170000e-01
   5.861910000e-01  -6.351310000e+00   3.951430000e-01
   5.040120000e-01  -6.351310000e+00   6.418120000e-01
   3.924670000e-01  -6.351310000e+00   9.313000000e-01
   1.913980000e-01  -6.351310000e+00   1.229800000e+00
  -2.009060000e-01  -5.928560000e+00   1.483210000e+00
  -5.847960000e-01  -5.928560000e+00   1.422460000e+00
  -9.280470000e-01  -5.928560000e+00   1.265660000e+00
  -1.220810000e+00  -5.928560000e+00   1.045637000e+00
  -1.455090000e+00  -5.928560000e+00   7.723420000e-01
  -1.640580000e+00  -5.928560000e+00   4.615060000e-01
  -1.793380000e+00  -5.928560000e+00   1.137276000e-01
  -1.896640000e+00  -5.928560000e+00  -2.888470000e-01
  -1.891630000e+00  -5.928560000e+00  -7.382860000e-01
  -1.693090000e+00  -5.928560000e+00  -1.150460000e+00
  -1.304030000e+00  -5.928560000e+00  -1.404750000e+00
  -8.567910000e-01  -5.928560000e+00  -1.483720000e+00
  -4.439060000e-01  -5.928560000e+00  -1.467640000e+00
  -7.743000000e-02  -5.928560000e+00  -1.365400000e+00
   1.991550000e-01  -5.928560000e+00  -1.140250000e+00
   3.828320000e-01  -5.928560000e+00  -8.690100000e-01
   5.064680000e-01  -5.928560000e+00  -6.055840000e-01
   6.030970000e-01  -5.928560000e+00  -3.586180000e-01
   6.669920000e-01  -5.928560000e+00  -1.022724000e-01
   6.595360000e-01  -5.928560000e+00   1.676570000e-01
   5.968740000e-01  -5.928560000e+00   4.298790000e-01
   5.116160000e-01  -5.928560000e+00   7.062490000e-01
   3.946960000e-01  -5.928560000e+00   1.035710000e+00
   1.719540000e-01  -5.928560000e+00   1.372800000e+00
  -2.412050000e-01  -5.504800000e+00   1.570060000e+00
  -6.545600000e-01  -5.504800000e+00   1.520910000e+00
  -1.033437000e+00  -5.504800000e+00   1.368890000e+00
  -1.361770000e+00  -5.504800000e+00   1.140361000e+00
  -1.623770000e+00  -5.504800000e+00   8.413820000e-01
  -1.830940000e+00  -5.504800000e+00   4.988580000e-01
  -1.999730000e+00  -5.504800000e+00   1.128001000e-01
  -2.109890000e+00  -5.504800000e+00  -3.325470000e-01
  -2.094990000e+00  -5.504800000e+00  -8.242160000e-01
  -1.868810000e+00  -5.504800000e+00  -1.269810000e+00
  -1.438990000e+00  -5.504800000e+00  -1.537390000e+00
  -9.496820000e-01  -5.504800000e+00  -1.610810000e+00
  -5.052050000e-01  -5.504800000e+00  -1.583370000e+00
  -1.109680000e-01  -5.504800000e+00  -1.482200000e+00
   1.975170000e-01  -5.504800000e+00  -1.257170000e+00
   4.035360000e-01  -5.504800000e+00  -9.659400000e-01
   5.370970000e-01  -5.504800000e+00  -6.748540000e-01
   6.375120000e-01  -5.504800000e+00  -4.018530000e-01
   6.920680000e-01  -5.504800000e+00  -1.191999000e-01
   6.579090000e-01  -5.504800000e+00   1.660060000e-01
   5.856970000e-01  -5.504800000e+00   4.383950000e-01
   4.994360000e-01  -5.504800000e+00   7.294410000e-01
   3.853280000e-01  -5.504800000e+00   1.083280000e+00
   1.548210000e-01  -5.504800000e+00   1.453470000e+00
  -2.718390000e-01  -5.081050000e+00   1.645360000e+00
  -7.052700000e-01  -5.081050000e+00   1.605020000e+00
  -1.111110000e+00  -5.081050000e+00   1.458090000e+00
  -1.467750000e+00  -5.081050000e+00   1.223486000e+00
  -1.752280000e+00  -5.081050000e+00   9.073120000e-01
  -1.973130000e+00  -5.081050000e+00   5.391110000e-01
  -2.149210000e+00  -5.081050000e+00   1.255741000e-01
  -2.259890000e+00  -5.081050000e+00  -3.502200000e-01
  -2.236590000e+00  -5.081050000e+00  -8.703500000e-01
  -1.991430000e+00  -5.081050000e+00  -1.338020000e+00
  -1.533250000e+00  -5.081050000e+00  -1.612450000e+00
  -1.014796000e+00  -5.081050000e+00  -1.677080000e+00
  -5.498390000e-01  -5.081050000e+00  -1.636270000e+00
  -1.405400000e-01  -5.081050000e+00  -1.530720000e+00
   1.846600000e-01  -5.081050000e+00  -1.308900000e+00
   4.057640000e-01  -5.081050000e+00  -1.012030000e+00
   5.465960000e-01  -5.081050000e+00  -7.058700000e-01
   6.506100000e-01  -5.081050000e+00  -4.171370000e-01
   6.977430000e-01  -5.081050000e+00  -1.204259000e-01
   6.543710000e-01  -5.081050000e+00   1.763270000e-01
   5.807440000e-01  -5.081050000e+00   4.576150000e-01
   4.944040000e-01  -5.081050000e+00   7.608170000e-01
   3.794280000e-01  -5.081050000e+00   1.133310000e+00
   1.427446000e-01  -5.081050000e+00   1.521250000e+00
  -3.466040000e-01  -4.279630000e+00   1.844170000e+00
  -8.304260000e-01  -4.279630000e+00   1.820810000e+00
  -1.296000000e+00  -4.279630000e+00   1.681470000e+00
  -1.713710000e+00  -4.279630000e+00   1.430270000e+00
  -2.043240000e+00  -4.279630000e+00   1.070446000e+00
  -2.283890000e+00  -4.279630000e+00   6.433220000e-01
  -2.457560000e+00  -4.279630000e+00   1.691583000e-01
  -2.548340000e+00  -4.279630000e+00  -3.588550000e-01
  -2.499450000e+00  -4.279630000e+00  -9.237300000e-01
  -2.228690000e+00  -4.279630000e+00  -1.433930000e+00
  -1.730530000e+00  -4.279630000e+00  -1.735320000e+00
  -1.158278000e+00  -4.279630000e+00  -1.790530000e+00
  -6.516040000e-01  -4.279630000e+00  -1.731040000e+00
  -2.115888000e-01  -4.279630000e+00  -1.613430000e+00
   1.405400000e-01  -4.279630000e+00  -1.379680000e+00
   3.778500000e-01  -4.279630000e+00  -1.062296000e+00
   5.266460000e-01  -4.279630000e+00  -7.315100000e-01
   6.327600000e-01  -4.279630000e+00  -4.196590000e-01
   6.642810000e-01  -4.279630000e+00  -9.884170000e-02
   6.060080000e-01  -4.279630000e+00   2.120440000e-01
   5.384470000e-01  -4.279630000e+00   5.086880000e-01
   4.652810000e-01  -4.279630000e+00   8.400430000e-01
   3.629780000e-01  -4.279630000e+00   1.266170000e+00
   1.106162900e-01  -4.279630000e+00   1.705440000e+00
  -3.911530000e-01  -3.478210000e+00   2.035100000e+00
  -9.239590000e-01  -3.478210000e+00   2.024100000e+00
  -1.443980000e+00  -3.478210000e+00   1.883090000e+00
  -1.916220000e+00  -3.478210000e+00   1.613630000e+00
  -2.281990000e+00  -3.478210000e+00   1.211959000e+00
  -2.534310000e+00  -3.478210000e+00   7.302710000e-01
  -2.699540000e+00  -3.478210000e+00   2.045661000e-01
  -2.767270000e+00  -3.478210000e+00  -3.662260000e-01
  -2.694900000e+00  -3.478210000e+00  -9.654400000e-01
  -2.404050000e+00  -3.478210000e+00  -1.509330000e+00
  -1.875520000e+00  -3.478210000e+00  -1.834850000e+00
  -1.258200000e+00  -3.478210000e+00  -1.884790000e+00
  -7.181530000e-01  -3.478210000e+00  -1.813030000e+00
  -2.516358000e-01  -3.478210000e+00  -1.686100000e+00
   1.243620000e-01  -3.478210000e+00  -1.443070000e+00
   3.853120000e-01  -3.478210000e+00  -1.117900000e+00
   5.607290000e-01  -3.478210000e+00  -7.756660000e-01
   6.833270000e-01  -3.478210000e+00  -4.389530000e-01
   6.709830000e-01  -3.478210000e+00  -8.143390000e-02
   5.870120000e-01  -3.478210000e+00   2.426240000e-01
   5.212080000e-01  -3.478210000e+00   5.516060000e-01
   4.549370000e-01  -3.478210000e+00   9.056600000e-01
   3.631460000e-01  -3.478210000e+00   1.376350000e+00
   1.037498000e-01  -3.478210000e+00   1.869890000e+00
  -4.075970000e-01  -2.676800000e+00   2.097380000e+00
  -9.610400000e-01  -2.676800000e+00   2.108140000e+00
  -1.515120000e+00  -2.676800000e+00   1.986500000e+00
  -2.028750000e+00  -2.676800000e+00   1.719610000e+00
  -2.425220000e+00  -2.676800000e+00   1.295050000e+00
  -2.683390000e+00  -2.676800000e+00   7.754890000e-01
  -2.829530000e+00  -2.676800000e+00   2.124598000e-01
  -2.865860000e+00  -2.676800000e+00  -3.811260000e-01
  -2.759750000e+00  -2.676800000e+00  -9.886500000e-01
  -2.453310000e+00  -2.676800000e+00  -1.536250000e+00
  -1.920030000e+00  -2.676800000e+00  -1.876020000e+00
  -1.294910000e+00  -2.676800000e+00  -1.941590000e+00
  -7.395970000e-01  -2.676800000e+00  -1.881180000e+00
  -2.549577000e-01  -2.676800000e+00  -1.757940000e+00
   1.349720000e-01  -2.676800000e+00  -1.503580000e+00
   4.084200000e-01  -2.676800000e+00  -1.169560000e+00
   6.110360000e-01  -2.676800000e+00  -8.276920000e-01
   7.519280000e-01  -2.676800000e+00  -4.750050000e-01
   6.978160000e-01  -2.676800000e+00  -8.754020000e-02
   5.834470000e-01  -2.676800000e+00   2.441120000e-01
   5.152710000e-01  -2.676800000e+00   5.570300000e-01
   4.513320000e-01  -2.676800000e+00   9.193900000e-01
   3.617340000e-01  -2.676800000e+00   1.404720000e+00
   9.856270000e-02  -2.676800000e+00   1.916660000e+00
  -4.273260000e-01  -1.875380000e+00   2.086200000e+00
  -9.892400000e-01  -1.875380000e+00   2.124590000e+00
  -1.572650000e+00  -1.875380000e+00   2.039840000e+00
  -2.130030000e+00  -1.875380000e+00   1.788580000e+00
  -2.550820000e+00  -1.875380000e+00   1.344100000e+00
  -2.814740000e+00  -1.875380000e+00   7.949140000e-01
  -2.956190000e+00  -1.875380000e+00   2.038790000e-01
  -2.984510000e+00  -1.875380000e+00  -4.144290000e-01
  -2.870080000e+00  -1.875380000e+00  -1.043880000e+00
  -2.546990000e+00  -1.875380000e+00  -1.608780000e+00
  -1.987350000e+00  -1.875380000e+00  -1.951770000e+00
  -1.334730000e+00  -1.875380000e+00  -2.000960000e+00
  -7.643260000e-01  -1.875380000e+00  -1.928930000e+00
  -2.714214000e-01  -1.875380000e+00  -1.801160000e+00
   1.308180000e-01  -1.875380000e+00  -1.551220000e+00
   4.229560000e-01  -1.875380000e+00  -1.224400000e+00
   6.508180000e-01  -1.875380000e+00  -8.851490000e-01
   8.127020000e-01  -1.875380000e+00  -5.195870000e-01
   7.360850000e-01  -1.875380000e+00  -1.051210000e-01
   6.044930000e-01  -1.875380000e+00   2.394430000e-01
   5.265080000e-01  -1.875380000e+00   5.600710000e-01
   4.447980000e-01  -1.875380000e+00   9.200030000e-01
   3.401820000e-01  -1.875380000e+00   1.388410000e+00
   7.652000000e-02  -1.875380000e+00   1.891870000e+00
  -4.867900000e-01  -1.073960000e+00   1.962430000e+00
  -1.035530000e+00  -1.073960000e+00   2.035250000e+00
  -1.633820000e+00  -1.073960000e+00   2.002690000e+00
  -2.222170000e+00  -1.073960000e+00   1.780630000e+00
  -2.661020000e+00  -1.073960000e+00   1.332420000e+00
  -2.932340000e+00  -1.073960000e+00   7.670110000e-01
  -3.081630000e+00  -1.073960000e+00   1.592550000e-01
  -3.114860000e+00  -1.073960000e+00  -4.774180000e-01
  -2.998810000e+00  -1.073960000e+00  -1.126590000e+00
  -2.661140000e+00  -1.073960000e+00  -1.707100000e+00
  -2.075750000e+00  -1.073960000e+00  -2.048330000e+00
  -1.401720000e+00  -1.073960000e+00  -2.084720000e+00
  -8.207900000e-01  -1.073960000e+00  -2.004320000e+00
  -3.221575000e-01  -1.073960000e+00  -1.872430000e+00
   9.159700000e-02  -1.073960000e+00  -1.629230000e+00
   3.967660000e-01  -1.073960000e+00  -1.304300000e+00
   6.249660000e-01  -1.073960000e+00  -9.523440000e-01
   7.842030000e-01  -1.073960000e+00  -5.769380000e-01
   6.888350000e-01  -1.073960000e+00  -1.557450000e-01
   5.055370000e-01  -1.073960000e+00   1.810410000e-01
   4.233420000e-01  -1.073960000e+00   4.857110000e-01
   3.514740000e-01  -1.073960000e+00   8.335190000e-01
   2.674980000e-01  -1.073960000e+00   1.304540000e+00
   4.202000000e-03  -1.073960000e+00   1.780830000e+00
  -5.476040000e-01  -3.545410000e-01   1.994920000e+00
  -4.382100000e-02  -3.545410000e-01   1.793500000e+00
   1.791060000e-01  -3.545410000e-01   1.239330000e+00
   1.957300000e-01  -3.545410000e-01   7.230400000e-01
   2.243140000e-01  -3.545410000e-01   3.848270000e-01
   2.966230000e-01  -3.545410000e-01   1.175790000e-01
   5.049060000e-01  -3.545410000e-01  -1.802940000e-01
   7.612870000e-01  -3.545410000e-01  -6.352310000e-01
   6.011980000e-01  -3.545410000e-01  -1.024210000e+00
   3.632500000e-01  -3.545410000e-01  -1.385150000e+00
   4.319100000e-02  -3.545410000e-01  -1.710640000e+00
  -3.878674000e-01  -3.545410000e-01  -1.938830000e+00
  -8.946040000e-01  -3.545410000e-01  -2.077930000e+00
  -1.490150000e+00  -3.545410000e-01  -2.175170000e+00
  -2.193530000e+00  -3.545410000e-01  -2.156460000e+00
  -2.813070000e+00  -3.545410000e-01  -1.815760000e+00
  -3.158710000e+00  -3.545410000e-01  -1.210350000e+00
  -3.252550000e+00  -3.545410000e-01  -5.311950000e-01
  -3.187280000e+00  -3.545410000e-01   1.207060000e-01
  -3.013580000e+00  -3.545410000e-01   7.286340000e-01
  -2.731310000e+00  -3.545410000e-01   1.290010000e+00
  -2.305820000e+00  -3.545410000e-01   1.755920000e+00
  -1.727320000e+00  -3.545410000e-01   2.010490000e+00
  -1.116410000e+00  -3.545410000e-01   2.064470000e+00
  -1.743010000e+00  -3.736410000e-01  -1.749560000e+00
  -2.238700000e+00  -3.715410000e-01  -1.660080000e+00
  -1.506220000e+00  -3.701410000e-01   1.698280000e+00
  -1.112380000e+00  -3.784410000e-01   1.484420000e+00
  -1.839880000e+00  -3.989410000e-01   3.618000000e-03
  -1.841530000e+00  -3.973410000e-01   2.481075000e-01
  -1.581000000e+00  -3.995410000e-01   2.833108000e-01
  -3.614957000e-01  -3.707410000e-01  -1.576020000e+00
  -1.479990000e+00  -4.024410000e-01  -2.725600000e-01
  -1.320360000e+00  -4.012410000e-01   3.185140000e-01
  -9.957200000e-01  -4.017410000e-01  -1.664690000e-01
  -2.249680000e+00  -3.897410000e-01   1.773400000e-01
  -2.254460000e+00  -3.909410000e-01  -3.014050000e-01
  -2.706710000e+00  -3.769410000e-01  -1.279130000e-01
  -2.334980000e+00  -3.809410000e-01   7.200050000e-01
  -2.426540000e+00  -3.814410000e-01   4.833660000e-01
  -2.435000000e+00  -3.784410000e-01   6.752490000e-01
  -5.224840000e-01  -3.750410000e-01   1.385377000e+00
  -9.271630000e-01  -3.916410000e-01   8.864070000e-01
  -1.435850000e+00  -3.849410000e-01  -1.441060000e+00
  -1.387510000e+00  -3.899410000e-01  -1.255610000e+00
  -1.202948000e+00  -3.883410000e-01  -1.312360000e+00
  -1.722900000e+00  -3.903410000e-01   9.095010000e-01
  -1.683720000e+00  -3.817410000e-01   1.313297000e+00
  -1.577330000e+00  -3.872410000e-01   1.117365000e+00
  -2.504570000e+00  -3.757410000e-01  -1.244140000e+00
  -1.874030000e+00  -3.870410000e-01  -1.252380000e+00
  -7.397930000e-01  -3.737410000e-01  -1.653390000e+00
  -1.020384000e+00  -3.865410000e-01  -1.367120000e+00
  -5.668300000e-01  -3.837410000e-01  -1.305060000e+00
  -1.922260000e+00  -3.784410000e-01   1.297328000e+00
  -1.873430000e+00  -3.696410000e-01   1.604950000e+00
  -1.777330000e+00  -3.757410000e-01   1.463120000e+00
  -1.211533000e+00  -3.740410000e-01  -1.738810000e+00
  -2.159300000e+00  -3.738410000e-01   1.285359000e+00
   1.624090000e-01  -3.706410000e-01  -1.101470000e+00
   2.230000000e-01  -3.738410000e-01  -7.324960000e-01
   8.456900000e-02  -3.722410000e-01  -1.150880000e-01
  -1.879640000e+00  -3.978410000e-01  -4.174760000e-01
  -2.149940000e+00  -3.903410000e-01  -7.773200000e-01
  -1.686659000e-01  -3.773410000e-01   4.479250000e-01
  -3.340170000e-01  -3.883410000e-01   6.857000000e-03
  -2.629290000e+00  -3.757410000e-01   3.968549000e-01
  -2.680480000e+00  -3.771410000e-01  -6.930110000e-01
  -1.119150000e-01  -3.729410000e-01  -1.343360000e+00
  -2.923240000e-01  -3.863410000e-01  -9.362900000e-01
  -1.237790000e-01  -3.699410000e-01   1.058704000e+00
  -4.804530000e-01  -3.844410000e-01   8.295610000e-01
  -1.652730000e+00  -3.979410000e-01  -7.394780000e-01
  -2.206310000e+00  -3.816410000e-01   8.843500000e-01
  -2.226090000e+00  -3.862410000e-01   5.728770000e-01
  -5.718150000e-01  -3.911410000e-01  -9.494400000e-01
  -6.332650000e-01  -3.944410000e-01  -7.570790000e-01
  -1.203150000e+00  -3.925410000e-01   9.049200000e-01
  -1.291260000e+00  -3.866410000e-01   1.188426000e+00
  -1.109760000e+00  -3.893410000e-01   1.043916000e+00
  -2.063630000e+00  -3.804410000e-01   1.100463000e+00
  -2.182060000e+00  -3.778410000e-01   1.086855000e+00
  -1.968550000e+00  -3.867410000e-01   9.085670000e-01
  -1.845790000e+00  -3.952410000e-01   4.905970000e-01
  -2.035790000e+00  -3.912410000e-01   5.307370000e-01
  -1.327850000e+00  -4.018410000e-01  -4.563470000e-01
  -1.489290000e+00  -4.001410000e-01  -5.964130000e-01
  -1.171300000e+00  -4.006410000e-01  -6.341340000e-01
  -1.083210000e+00  -4.016410000e-01  -4.043020000e-01
  -8.914630000e-01  -3.997410000e-01  -4.800090000e-01
  -6.857880000e-01  -3.952410000e-01   3.187197000e-01
  -1.591220000e+00  -3.763410000e-01   1.506290000e+00
  -1.352950000e+00  -3.775410000e-01   1.495850000e+00
  -1.335180000e+00  -3.942410000e-01  -1.075160000e+00
  -1.089241000e+00  -3.948410000e-01  -1.021380000e+00
  -1.056813000e+00  -3.909410000e-01  -1.195750000e+00
  -1.394450000e+00  -3.973410000e-01   6.189740000e-01
  -1.161710000e+00  -3.948410000e-01   7.541910000e-01
  -2.578590000e-01  -3.884410000e-01  -4.276780000e-01
  -2.045300000e+00  -3.931410000e-01   3.309687800e-01
  -1.942580000e+00  -3.961410000e-01   1.682930000e-01
  -1.496450000e+00  -3.963410000e-01  -9.118200000e-01
  -1.601600000e+00  -3.912410000e-01  -1.158270000e+00
  -1.629160000e+00  -3.947410000e-01  -9.523700000e-01
  -1.658270000e+00  -3.947410000e-01   6.960150000e-01
  -1.619820000e+00  -3.967410000e-01   5.522860000e-01
  -2.444170000e+00  -3.751410000e-01   8.651320000e-01
  -6.008610000e-01  -3.962410000e-01  -1.672100000e-01
  -4.752870000e-01  -3.935410000e-01  -4.901970000e-01
  -7.025670000e-01  -3.891410000e-01  -1.150330000e+00
  -5.673220000e-01  -3.876410000e-01  -1.132750000e+00
  -1.010302000e+00  -3.977410000e-01  -8.128600000e-01
  -1.171740000e+00  -3.963410000e-01  -9.405100000e-01
  -1.487040000e+00  -3.842410000e-01   1.255361000e+00
  -1.944310000e+00  -3.827410000e-01   1.104948000e+00
  -8.493180000e-01  -3.999410000e-01  -3.650930000e-01
  -6.468880000e-01  -3.970410000e-01  -3.644630000e-01
  -1.331880000e+00  -3.988410000e-01  -7.704800000e-01
  -9.368450000e-01  -3.908410000e-01  -1.173860000e+00
  -8.639760000e-01  -3.882410000e-01  -1.255720000e+00
  -6.967160000e-01  -3.973410000e-01  -5.557170000e-01
  -3.838060000e-01  -3.900410000e-01  -7.147420000e-01
  -1.282800000e+00  -4.022410000e-01  -3.384310000e-01
  -7.705100000e-01  -3.961410000e-01  -7.726560000e-01
  -8.520090000e-01  -3.978410000e-01  -6.837910000e-01
  -1.475240000e+00  -3.923410000e-01   9.094340000e-01
  -8.473050000e-01  -3.940410000e-01  -9.815900000e-01
  -1.409510000e+00  -3.997410000e-01  -6.843060000e-01
  -2.096120000e+00  -3.868410000e-01   7.392220000e-01
  -2.236270000e+00  -3.882410000e-01   3.761089000e-01
C Number of facets
  786
C  Size  Node 1  ......Node N Marker
    3    0    1    2    3
    3    0    2    3    3
    3    0    3    4    3
    3    0    4    5    3
    3    0    5    6    3
    3    0    6    7    3
    3    0    7    8    3
    3    0    8    9    3
    3    0    9   10    3
    3    0   10   11    3
    3    0   11   12    3
    3    0   12   13    3
    3    0   13   14    3
    3    0   14   15    3
    3    0   15   16    3
    3    0   16   17    3
    3    0   17   18    3
    3    0   18   19    3
    3    0   19   20    3
    3    0   20   21    3
    3    0   21   22    3
    3    0   22   23    3
    3    0   23   24    3
    3    0   24    1    3
    3    1   25   26    3
    3    1   26    2    3
    3    2   26   27    3
    3    2   27    3    3
    3    3   27   28    3
    3    3   28    4    3
    3    4   28   29    3
    3    4   29    5    3
    3    5   29   30    3
    3    5   30    6    3
    3    6   30   31    3
    3    6   31    7    3
    3    7   31   32    3
    3    7   32    8    3
    3    8   32   33    3
    3    8   33    9    3
    3    9   33   34    3
    3    9   34   10    3
    3   10   34   35    3
    3   10   35   11    3
    3   11   35   36    3
    3   11   36   12    3
    3   12   36   37    3
    3   12   37   13    3
    3   13   37   38    3
    3   13   38   14    3
    3   14   38   39    3
    3   14   39   15    3
    3   15   39   40    3
    3   15   40   16    3
    3   16   40   41    3
    3   16   41   17    3
    3   17   41   42    3
    3   17   42   18    3
    3   18   42   43    3
    3   18   43   19    3
    3   19   43   44    3
    3   19   44   20    3
    3   20   44   45    3
    3   20   45   21    3
    3   21   45   46    3
    3   21   46   22    3
    3   22   46   47    3
    3   22   47   23    3
    3   23   47   48    3
    3   23   48   24    3
    3   24   48   25    3
    3   24   25    1    3
    3   25   49   50    3
    3   25   50   26    3
    3   26   50   51    3
    3   26   51   27    3
    3   27   51   52    3
    3   27   52   28    3
    3   28   52   53    3
    3   28   53   29    3
    3   29   53   54    3
    3   29   54   30    3
    3   30   54   55    3
    3   30   55   31    3
    3   31   55   56    3
    3   31   56   32    3
    3   32   56   57    3
    3   32   57   33    3
    3   33   57   58    3
    3   33   58   34    3
    3   34   58   59    3
    3   34   59   35    3
    3   35   59   60    3
    3   35   60   36    3
    3   36   60   61    3
    3   36   61   37    3
    3   37   61   62    3
    3   37   62   38    3
    3   38   62   63    3
    3   38   63   39    3
    3   39   63   64    3
    3   39   64   40    3
    3   40   64   65    3
    3   40   65   41    3
    3   41   65   66    3
    3   41   66   42    3
    3   42   66   67    3
    3   42   67   43    3
    3   43   67   68    3
    3   43   68   44    3
    3   44   68   69    3
    3   44   69   45    3
    3   45   69   70    3
    3   45   70   46    3
    3   46   70   71    3
    3   46   71   47    3
    3   47   71   72    3
    3   47   72   48    3
    3   48   72   49    3
    3   48   49   25    3
    3   49   73   74    3
    3   49   74   50    3
    3   50   74   75    3
    3   50   75   51    3
    3   51   75   76    3
    3   51   76   52    3
    3   52   76   77    3
    3   52   77   53    3
    3   53   77   78    3
    3   53   78   54    3
    3   54   78   79    3
    3   54   79   55    3
    3   55   79   80    3
    3   55   80   56    3
    3   56   80   81    3
    3   56   81   57    3
    3   57   81   82    3
    3   57   82   58    3
    3   58   82   83    3
    3   58   83   59    3
    3   59   83   84    3
    3   59   84   60    3
    3   60   84   85    3
    3   60   85   61    3
    3   61   85   86    3
    3   61   86   62    3
    3   62   86   87    3
    3   62   87   63    3
    3   63   87   88    3
    3   63   88   64    3
    3   64   88   89    3
    3   64   89   65    3
    3   65   89   90    3
    3   65   90   66    3
    3   66   90   91    3
    3   66   91   67    3
    3   67   91   92    3
    3   67   92   68    3
    3   68   92   93    3
    3   68   93   69    3
    3   69   93   94    3
    3   69   94   70    3
    3   70   94   95    3
    3   70   95   71    3
    3   71   95   96    3
    3   71   96   72    3
    3   72   96   73    3
    3   72   73   49    3
    3   73   97   98    3
    3   73   98   74    3
    3   74   98   99    3
    3   74   99   75    3
    3   75   99  100    3
    3   75  100   76    3
    3   76  100  101    3
    3   76  101   77    3
    3   77  101  102    3
    3   77  102   78    3
    3   78  102  103    3
    3   78  103   79    3
    3   79  103  104    3
    3   79  104   80    3
    3   80  104  105    3
    3   80  105   81    3
    3   81  105  106    3
    3   81  106   82    3
    3   82  106  107    3
    3   82  107   83    3
    3   83  107  108    3
    3   83  108   84    3
    3   84  108  109    3
    3   84  109   85    3
    3   85  109  110    3
    3   85  110   86    3
    3   86  110  111    3
    3   86  111   87    3
    3   87  111  112    3
    3   87  112   88    3
    3   88  112  113    3
    3   88  113   89    3
    3   89  113  114    3
    3   89  114   90    3
    3   90  114  115    3
    3   90  115   91    3
    3   91  115  116    3
    3   91  116   92    3
    3   92  116  117    3
    3   92  117   93    3
    3   93  117  118    3
    3   93  118   94    3
    3   94  118  119    3
    3   94  119   95    3
    3   95  119  120    3
    3   95  120   96    3
    3   96  120   97    3
    3   96   97   73    3
    3   97  121  122    3
    3   97  122   98    3
    3   98  122  123    3
    3   98  123   99    3
    3   99  123  124    3
    3   99  124  100    3
    3  100  124  125    3
    3  100  125  101    3
    3  101  125  126    3
    3  101  126  102    3
    3  102  126  127    3
    3  102  127  103    3
    3  103  127  128    3
    3  103  128  104    3
    3  104  128  129    3
    3  104  129  105    3
    3  105  129  130    3
    3  105  130  106    3
    3  106  130  131    3
    3  106  131  107    3
    3  107  131  132    3
    3  107  132  108    3
    3  108  132  133    3
    3  108  133  109    3
    3  109  133  134    3
    3  109  134  110    3
    3  110  134  135    3
    3  110  135  111    3
    3  111  135  136    3
    3  111  136  112    3
    3  112  136  137    3
    3  112  137  113    3
    3  113  137  138    3
    3  113  138  114    3
    3  114  138  139    3
    3  114  139  115    3
    3  115  139  140    3
    3  115  140  116    3
    3  116  140  141    3
    3  116  141  117    3
    3  117  141  142    3
    3  117  142  118    3
    3  118  142  143    3
    3  118  143  119    3
    3  119  143  144    3
    3  119  144  120    3
    3  120  144  121    3
    3  120  121   97    3
    3  121  145  146    3
    3  121  146  122    3
    3  122  146  147    3
    3  122  147  123    3
    3  123  147  148    3
    3  123  148  124    3
    3  124  148  149    3
    3  124  149  125    3
    3  125  149  150    3
    3  125  150  126    3
    3  126  150  151    3
    3  126  151  127    3
    3  127  151  152    3
    3  127  152  128    3
    3  128  152  153    3
    3  128  153  129    3
    3  129  153  154    3
    3  129  154  130    3
    3  130  154  155    3
    3  130  155  131    3
    3  131  155  156    3
    3  131  156  132    3
    3  132  156  157    3
    3  132  157  133    3
    3  133  157  158    3
    3  133  158  134    3
    3  134  158  159    3
    3  134  159  135    3
    3  135  159  160    3
    3  135  160  136    3
    3  136  160  161    3
    3  136  161  137    3
    3  137  161  162    3
    3  137  162  138    3
    3  138  162  163    3
    3  138  163  139    3
    3  139  163  164    3
    3  139  164  140    3
    3  140  164  165    3
    3  140  165  141    3
    3  141  165  166    3
    3  141  166  142    3
    3  142  166  167    3
    3  142  167  143    3
    3  143  167  168    3
    3  143  168  144    3
    3  144  168  145    3
    3  144  145  121    3
    3  145  169  170    3
    3  145  170  146    3
    3  146  170  171    3
    3  146  171  147    3
    3  147  171  172    3
    3  147  172  148    3
    3  148  172  173    3
    3  148  173  149    3
    3  149  173  174    3
    3  149  174  150    3
    3  150  174  175    3
    3  150  175  151    3
    3  151  175  176    3
    3  151  176  152    3
    3  152  176  177    3
    3  152  177  153    3
    3  153  177  178    3
    3  153  178  154    3
    3  154  178  179    3
    3  154  179  155    3
    3  155  179  180    3
    3  155  180  156    3
    3  156  180  181    3
    3  156  181  157    3
    3  157  181  182    3
    3  157  182  158    3
    3  158  182  183    3
    3  158  183  159    3
    3  159  183  184    3
    3  159  184  160    3
    3  160  184  185    3
    3  160  185  161    3
    3  161  185  186    3
    3  161  186  162    3
    3  162  186  187    3
    3  162  187  163    3
    3  163  187  188    3
    3  163  188  164    3
    3  164  188  189    3
    3  164  189  165    3
    3  165  189  190    3
    3  165  190  166    3
    3  166  190  191    3
    3  166  191  167    3
    3  167  191  192    3
    3  167  192  168    3
    3  168  192  169    3
    3  168  169  145    3
    3  169  193  194    3
    3  169  194  170    3
    3  170  194  195    3
    3  170  195  171    3
    3  171  195  196    3
    3  171  196  172    3
    3  172  196  197    3
    3  172  197  173    3
    3  173  197  198    3
    3  173  198  174    3
    3  174  198  199    3
    3  174  199  175    3
    3  175  199  200    3
    3  175  200  176    3
    3  176  200  201    3
    3  176  201  177    3
    3  177  201  202    3
    3  177  202  178    3
    3  178  202  203    3
    3  178  203  179    3
    3  179  203  204    3
    3  179  204  180    3
    3  180  204  205    3
    3  180  205  181    3
    3  181  205  206    3
    3  181  206  182    3
    3  182  206  207    3
    3  182  207  183    3
    3  183  207  208    3
    3  183  208  184    3
    3  184  208  209    3
    3  184  209  185    3
    3  185  209  210    3
    3  185  210  186    3
    3  186  210  211    3
    3  186  211  187    3
    3  187  211  212    3
    3  187  212  188    3
    3  188  212  213    3
    3  188  213  189    3
    3  189  213  214    3
    3  189  214  190    3
    3  190  214  215    3
    3  190  215  191    3
    3  191  215  216    3
    3  191  216  192    3
    3  192  216  193    3
    3  192  193  169    3
    3  193  217  218    3
    3  193  218  194    3
    3  194  218  219    3
    3  194  219  195    3
    3  195  219  220    3
    3  195  220  196    3
    3  196  220  221    3
    3  196  221  197    3
    3  197  221  222    3
    3  197  222  198    3
    3  198  222  223    3
    3  198  223  199    3
    3  199  223  224    3
    3  199  224  200    3
    3  200  224  225    3
    3  200  225  201    3
    3  201  225  226    3
    3  201  226  202    3
    3  202  226  227    3
    3  202  227  203    3
    3  203  227  228    3
    3  203  228  204    3
    3  204  228  229    3
    3  204  229  205    3
    3  205  229  230    3
    3  205  230  206    3
    3  206  230  231    3
    3  206  231  207    3
    3  207  231  232    3
    3  207  232  208    3
    3  208  232  233    3
    3  208  233  209    3
    3  209  233  234    3
    3  209  234  210    3
    3  210  234  235    3
    3  210  235  211    3
    3  211  235  236    3
    3  211  236  212    3
    3  212  236  237    3
    3  212  237  213    3
    3  213  237  238    3
    3  213  238  214    3
    3  214  238  239    3
    3  214  239  215    3
    3  215  239  240    3
    3  215  240  216    3
    3  216  240  217    3
    3  216  217  193    3
    3  217  241  242    3
    3  217  242  218    3
    3  218  242  243    3
    3  218  243  219    3
    3  219  243  244    3
    3  219  244  220    3
    3  220  244  245    3
    3  220  245  221    3
    3  221  245  246    3
    3  221  246  222    3
    3  222  246  247    3
    3  222  247  223    3
    3  223  247  248    3
    3  223  248  224    3
    3  224  248  249    3
    3  224  249  225    3
    3  225  249  250    3
    3  225  250  226    3
    3  226  250  251    3
    3  226  251  227    3
    3  227  251  252    3
    3  227  252  228    3
    3  228  252  253    3
    3  228  253  229    3
    3  229  253  254    3
    3  229  254  230    3
    3  230  254  255    3
    3  230  255  231    3
    3  231  255  256    3
    3  231  256  232    3
    3  232  256  257    3
    3  232  257  233    3
    3  233  257  258    3
    3  233  258  234    3
    3  234  258  259    3
    3  234  259  235    3
    3  235  259  260    3
    3  235  260  236    3
    3  236  260  261    3
    3  236  261  237    3
    3  237  261  262    3
    3  237  262  238    3
    3  238  262  263    3
    3  238  263  239    3
    3  239  263  264    3
    3  239  264  240    3
    3  240  264  241    3
    3  240  241  217    3
    3  264  265  241    3
    3  264  266  265    3
    3  263  266  264    3
    3  263  267  266    3
    3  262  267  263    3
    3  262  268  267    3
    3  261  268  262    3
    3  261  269  268    3
    3  260  269  261    3
    3  260  270  269    3
    3  259  270  260    3
    3  259  271  270    3
    3  258  271  259    3
    3  258  272  271    3
    3  257  272  258    3
    3  257  273  272    3
    3  256  273  257    3
    3  256  274  273    3
    3  255  274  256    3
    3  255  275  274    3
    3  254  275  255    3
    3  254  276  275    3
    3  253  276  254    3
    3  253  277  276    3
    3  252  277  253    3
    3  252  278  277    3
    3  251  278  252    3
    3  251  279  278    3
    3  250  279  251    3
    3  250  280  279    3
    3  249  280  250    3
    3  249  281  280    3
    3  248  281  249    3
    3  248  282  281    3
    3  247  282  248    3
    3  247  283  282    3
    3  246  283  247    3
    3  246  284  283    3
    3  245  284  246    3
    3  245  285  284    3
    3  244  285  245    3
    3  244  286  285    3
    3  243  286  244    3
    3  243  287  286    3
    3  242  287  243    3
    3  242  288  287    3
    3  241  288  242    3
    3  241  265  288    3
    3  289  279  290    1
    3  291  288  292    1
    3  293  294  295    3
    3  296  275  276    1
    3  297  298  299    1
    3  300  301  302    1
    3  303  304  305    3
    3  292  306  307    1
    3  308  309  310    4
    3  300  293  301    1
    3  311  312  313    3
    3  290  314  315    1
    3  316  317  318    1
    3  319  320  321    3
    3  317  322  308    1
    3  286  323  285    1
    3  286  287  320    1
    3  298  297  293    1
    3  324  325  273    1
    3  326  271  272    1
    3  327  328  301    1
    3  329  326  330    1
    3  300  331  304    1
    3  332  282  302    1
    3  272  325  326    1
    3  296  276  316    1
    3  296  333  275    1
    3  324  334  325    1
    3  335  329  336    1
    3  315  328  337    1
    3  338  339  303    3
    3  334  340  341    4
    3  279  289  278    1
    3  274  275  333    1
    3  322  278  289    1
    3  342  343  344    3
    3  332  301  328    1
    3  314  290  280    1
    3  345  338  346    3
    3  324  333  334    1
    3  277  316  276    1
    3  266  267  335    1
    3  288  291  287    1
    3  347  348  349    3
    3  316  322  317    1
    3  297  350  351    4
    3  327  301  293    1
    3  283  331  302    1
    3  352  353  354    4
    3  326  269  270    1
    3  332  302  301    1
    3  355  299  298    1
    3  312  356  357    3
    3  330  355  329    1
    3  336  306  335    1
    3  271  326  270    1
    3  358  359  360    4
    3  298  361  362    3
    3  283  302  282    1
    3  336  329  355    1
    3  326  363  330    1
    3  265  292  288    1
    3  300  364  365    3
    3  366  367  368    4
    3  333  318  334    1
    3  369  361  370    3
    3  327  293  297    1
    3  278  322  277    1
    3  320  291  356    3
    3  371  285  323    1
    3  363  325  334    1
    3  371  331  284    1
    3  364  339  349    3
    3  268  335  267    1
    3  372  363  373    4
    3  280  290  279    1
    3  266  306  265    1
    3  316  277  322    1
    3  328  315  314    1
    3  308  315  367    1
    3  355  330  372    1
    3  327  297  337    1
    3  280  281  314    1
    3  374  340  375    4
    3  296  316  318    1
    3  352  376  377    4
    3  355  307  336    1
    3  292  343  378    3
    3  326  325  363    1
    3  320  287  291    1
    3  345  319  379    3
    3  380  372  381    4
    3  358  366  382    4
    3  268  329  335    1
    3  273  274  324    1
    3  336  307  306    1
    3  265  306  292    1
    3  296  318  333    1
    3  383  374  384    4
    3  329  268  269    1
    3  385  373  386    4
    3  333  324  274    1
    3  283  284  331    1
    3  298  307  355    1
    3  299  353  387    4
    3  308  289  315    1
    3  273  325  272    1
    3  327  337  328    1
    3  388  376  389    4
    3  314  332  328    1
    3  281  282  332    1
    3  315  289  290    1
    3  363  372  330    1
    3  355  372  299    1
    3  285  371  284    1
    3  314  281  332    1
    3  269  326  329    1
    3  369  347  311    3
    3  266  335  306    1
    3  286  320  323    1
    3  308  322  289    1
    3  300  302  331    1
    3  343  390  313    3
    3  292  307  344    3
    3  298  348  370    3
    3  361  390  342    3
    3  343  342  390    3
    3  342  307  362    3
    3  347  369  348    3
    3  361  369  390    3
    3  369  311  390    3
    3  312  311  347    3
    3  311  313  390    3
    3  313  312  378    3
    3  298  362  307    3
    3  342  362  361    3
    3  342  344  307    3
    3  292  344  343    3
    3  369  370  348    3
    3  298  370  361    3
    3  292  378  312    3
    3  313  378  343    3
    3  334  318  375    4
    3  340  391  388    4
    3  318  317  384    4
    3  340  374  391    4
    3  352  385  389    4
    3  376  391  359    4
    3  376  388  391    4
    3  388  385  341    4
    3  359  391  383    4
    3  359  358  377    4
    3  374  383  391    4
    3  383  317  360    4
    3  374  375  318    4
    3  334  375  340    4
    3  334  341  385    4
    3  388  341  340    4
    3  388  389  385    4
    3  352  389  376    4
    3  352  377  358    4
    3  359  377  376    4
    3  358  360  317    4
    3  383  360  359    4
    3  383  384  317    4
    3  318  384  374    4
    3  367  358  309    4
    3  315  337  368    1
    3  353  352  350    4
    3  353  299  380    4
    3  372  380  299    4
    3  380  385  354    4
    3  350  352  392    4
    3  350  297  387    4
    3  366  337  392    4
    3  367  366  358    4
    3  363  334  386    4
    3  373  385  381    4
    3  392  337  351    4
    3  392  352  382    4
    3  380  381  385    4
    3  373  381  372    4
    3  358  317  310    4
    3  367  309  308    4
    3  385  386  334    4
    3  363  386  373    4
    3  366  368  337    4
    3  315  368  367    1
    3  299  387  297    4
    3  350  387  353    4
    3  352  354  385    4
    3  380  354  353    4
    3  358  382  352    4
    3  392  382  366    4
    3  297  351  337    4
    3  392  351  350    4
    3  308  310  317    4
    3  358  310  309    4
    3  312  347  379    3
    3  320  319  323    3
    3  371  323  346    3
    3  338  347  393    3
    3  364  300  394    3
    3  364  348  294    3
    3  319  345  323    3
    3  338  345  347    3
    3  348  298  295    3
    3  294  293  365    3
    3  304  339  394    3
    3  331  371  305    1
    3  364  349  348    3
    3  349  339  393    3
    3  338  393  339    3
    3  349  393  347    3
    3  338  303  371    3
    3  304  303  339    3
    3  356  312  321    3
    3  291  292  357    3
    3  364  394  339    3
    3  304  394  300    3
    3  319  321  312    3
    3  356  321  320    3
    3  293  295  298    3
    3  348  295  294    3
    3  312  357  292    3
    3  291  357  356    3
    3  345  346  323    3
    3  371  346  338    3
    3  303  305  371    3
    3  331  305  304    1
    3  345  379  347    3
    3  312  379  319    3
    3  300  365  293    3
    3  294  365  364    3
C Prescribed Values(Inlet, Outlet), InteractionSurface(Inlet, Outlet)
       1        0        0        2        2        2
C Inlet Pressure, FunID (E18.9,I5)
   1.000000000e+00    3
C Outlet Velocity
C     Vx,           Vy,            Vz,    indVx,indVy,indVz, FunID(3E18.9, 4I5)
   0.000000000e+00   1.000000000e+00   0.000000000e+00    1    0    0    4
C Inlet Velocity
C nNodeID,    Vx,           Vy,            Vz (I5, 3E18.9)
  265
    1  -2.000000000e+00  -2.300000000e+00   4.000000000e-01
    2  -2.000000000e-01  -2.200000000e+00   1.650000000e+00
    3  -7.000000000e-01  -2.200000000e+00   2.150000000e+00
    4  -1.350000000e+00  -2.200000000e+00   2.450000000e+00
    5  -2.050000000e+00  -2.200000000e+00   2.450000000e+00
    6  -2.600000000e+00  -2.200000000e+00   2.200000000e+00
    7  -3.000000000e+00  -2.200000000e+00   1.800000000e+00
    8  -3.300000000e+00  -2.200000000e+00   1.400000000e+00
    9  -3.550000000e+00  -2.200000000e+00   1.000000000e+00
   10  -3.850000000e+00  -2.200000000e+00   3.500000000e-01
   11  -3.850000000e+00  -2.200000000e+00  -2.500000000e-01
   12  -3.150000000e+00  -2.200000000e+00  -2.000000000e-01
   13  -2.600000000e+00  -2.200000000e+00   4.500000000e-01
   14  -2.550000000e+00  -2.200000000e+00   9.000000000e-01
   15  -2.550000000e+00  -2.200000000e+00   2.000000000e-01
   16  -1.900000000e+00  -2.200000000e+00  -1.000000000e+00
   17  -1.300000000e+00  -2.200000000e+00  -1.250000000e+00
   18  -9.500000000e-01  -2.200000000e+00  -1.050000000e+00
   19  -8.500000000e-01  -2.200000000e+00  -8.000000000e-01
   20  -1.350000000e+00  -2.200000000e+00  -5.500000000e-01
   21  -2.150000000e+00  -2.200000000e+00  -7.000000000e-01
   22  -2.400000000e+00  -2.200000000e+00  -1.150000000e+00
   23  -1.850000000e+00  -2.200000000e+00  -1.250000000e+00
   24  -9.000000000e-01  -2.200000000e+00  -7.000000000e-01
   25  -1.500000000e-01  -2.200000000e+00   7.000000000e-01
   26   1.000000000e-01  -2.050000000e+00   1.800000000e+00
   27  -4.500000000e-01  -2.050000000e+00   2.550000000e+00
   28  -1.200000000e+00  -2.050000000e+00   3.000000000e+00
   29  -2.000000000e+00  -2.050000000e+00   3.050000000e+00
   30  -2.650000000e+00  -2.050000000e+00   2.850000000e+00
   31  -3.050000000e+00  -2.050000000e+00   2.450000000e+00
   32  -3.400000000e+00  -2.050000000e+00   2.050000000e+00
   33  -3.800000000e+00  -2.050000000e+00   1.650000000e+00
   34  -4.450000000e+00  -2.050000000e+00   9.500000000e-01
   35  -4.600000000e+00  -2.050000000e+00   1.500000000e-01
   36  -3.800000000e+00  -2.050000000e+00   2.500000000e-01
   37  -3.000000000e+00  -2.050000000e+00   1.300000000e+00
   38  -3.000000000e+00  -2.050000000e+00   2.100000000e+00
   39  -3.250000000e+00  -2.050000000e+00   1.400000000e+00
   40  -2.500000000e+00  -2.050000000e+00  -6.000000000e-01
   41  -1.500000000e+00  -2.050000000e+00  -1.300000000e+00
   42  -1.000000000e+00  -2.050000000e+00  -1.150000000e+00
   43  -8.500000000e-01  -2.050000000e+00  -8.500000000e-01
   44  -1.250000000e+00  -2.050000000e+00  -5.500000000e-01
   45  -2.150000000e+00  -2.050000000e+00  -7.000000000e-01
   46  -2.450000000e+00  -2.050000000e+00  -1.150000000e+00
   47  -1.850000000e+00  -2.050000000e+00  -1.350000000e+00
   48  -8.500000000e-01  -2.050000000e+00  -8.000000000e-01
   49   1.000000000e-01  -2.050000000e+00   7.000000000e-01
   50   1.000000000e-01  -1.950000000e+00   1.450000000e+00
   51  -3.000000000e-01  -1.950000000e+00   2.250000000e+00
   52  -1.050000000e+00  -1.950000000e+00   2.800000000e+00
   53  -1.850000000e+00  -1.950000000e+00   3.050000000e+00
   54  -2.600000000e+00  -1.950000000e+00   3.000000000e+00
   55  -3.250000000e+00  -1.950000000e+00   2.700000000e+00
   56  -4.000000000e+00  -1.950000000e+00   2.350000000e+00
   57  -4.950000000e+00  -1.950000000e+00   1.750000000e+00
   58  -5.900000000e+00  -1.950000000e+00   7.000000000e-01
   59  -6.100000000e+00  -1.950000000e+00  -5.000000000e-01
   60  -4.700000000e+00  -1.950000000e+00  -1.500000000e-01
   61  -3.450000000e+00  -1.950000000e+00   1.650000000e+00
   62  -3.500000000e+00  -1.950000000e+00   3.100000000e+00
   63  -3.950000000e+00  -1.950000000e+00   2.550000000e+00
   64  -3.100000000e+00  -1.950000000e+00  -4.000000000e-01
   65  -1.700000000e+00  -1.950000000e+00  -1.700000000e+00
   66  -8.000000000e-01  -1.950000000e+00  -1.650000000e+00
   67  -5.000000000e-01  -1.950000000e+00  -1.250000000e+00
   68  -1.100000000e+00  -1.950000000e+00  -8.000000000e-01
   69  -2.450000000e+00  -1.950000000e+00  -9.500000000e-01
   70  -2.800000000e+00  -1.950000000e+00  -1.500000000e+00
   71  -2.150000000e+00  -1.950000000e+00  -1.700000000e+00
   72  -1.000000000e+00  -1.950000000e+00  -1.200000000e+00
   73   5.000000000e-02  -1.950000000e+00   3.500000000e-01
   74   4.000000000e-01  -1.800000000e+00   1.750000000e+00
   75  -1.000000000e-01  -1.800000000e+00   2.400000000e+00
   76  -7.500000000e-01  -1.800000000e+00   2.850000000e+00
   77  -1.450000000e+00  -1.800000000e+00   3.050000000e+00
   78  -2.200000000e+00  -1.800000000e+00   3.000000000e+00
   79  -2.800000000e+00  -1.800000000e+00   2.850000000e+00
   80  -3.650000000e+00  -1.800000000e+00   2.600000000e+00
   81  -4.800000000e+00  -1.800000000e+00   2.050000000e+00
   82  -6.000000000e+00  -1.800000000e+00   1.000000000e+00
   83  -6.350000000e+00  -1.800000000e+00  -3.500000000e-01
   84  -5.050000000e+00  -1.800000000e+00  -1.500000000e-01
   85  -3.700000000e+00  -1.800000000e+00   1.550000000e+00
   86  -3.650000000e+00  -1.800000000e+00   3.000000000e+00
   87  -4.200000000e+00  -1.800000000e+00   2.750000000e+00
   88  -3.300000000e+00  -1.800000000e+00  -4.000000000e-01
   89  -1.600000000e+00  -1.800000000e+00  -2.050000000e+00
   90  -6.000000000e-01  -1.800000000e+00  -2.050000000e+00
   91  -2.500000000e-01  -1.800000000e+00  -1.500000000e+00
   92  -1.000000000e+00  -1.800000000e+00  -9.500000000e-01
   93  -2.700000000e+00  -1.800000000e+00  -1.200000000e+00
   94  -3.150000000e+00  -1.800000000e+00  -1.850000000e+00
   95  -2.350000000e+00  -1.800000000e+00  -2.150000000e+00
   96  -9.000000000e-01  -1.800000000e+00  -1.450000000e+00
   97   4.000000000e-01  -1.800000000e+00   5.500000000e-01
   98   6.500000000e-01  -1.650000000e+00   2.750000000e+00
   99   0.000000000e+00  -1.650000000e+00   3.200000000e+00
  100  -6.500000000e-01  -1.650000000e+00   3.350000000e+00
  101  -1.300000000e+00  -1.650000000e+00   3.400000000e+00
  102  -2.000000000e+00  -1.650000000e+00   3.400000000e+00
  103  -2.500000000e+00  -1.650000000e+00   3.200000000e+00
  104  -3.150000000e+00  -1.650000000e+00   3.050000000e+00
  105  -4.150000000e+00  -1.650000000e+00   2.700000000e+00
  106  -5.400000000e+00  -1.650000000e+00   1.800000000e+00
  107  -6.000000000e+00  -1.650000000e+00   4.500000000e-01
  108  -5.000000000e+00  -1.650000000e+00   3.500000000e-01
  109  -3.850000000e+00  -1.650000000e+00   1.750000000e+00
  110  -3.750000000e+00  -1.650000000e+00   3.000000000e+00
  111  -4.250000000e+00  -1.650000000e+00   2.900000000e+00
  112  -3.450000000e+00  -1.650000000e+00   0.000000000e+00
  113  -1.750000000e+00  -1.650000000e+00  -1.850000000e+00
  114  -6.500000000e-01  -1.650000000e+00  -1.900000000e+00
  115  -2.000000000e-01  -1.650000000e+00  -1.350000000e+00
  116  -1.100000000e+00  -1.650000000e+00  -8.500000000e-01
  117  -3.150000000e+00  -1.650000000e+00  -1.100000000e+00
  118  -3.450000000e+00  -1.650000000e+00  -1.850000000e+00
  119  -2.450000000e+00  -1.650000000e+00  -2.150000000e+00
  120  -7.500000000e-01  -1.650000000e+00  -1.200000000e+00
  121   8.500000000e-01  -1.650000000e+00   1.350000000e+00
  122   8.000000000e-01  -1.550000000e+00   3.850000000e+00
  123  -5.000000000e-02  -1.550000000e+00   4.100000000e+00
  124  -7.500000000e-01  -1.550000000e+00   4.050000000e+00
  125  -1.350000000e+00  -1.550000000e+00   3.900000000e+00
  126  -2.000000000e+00  -1.550000000e+00   3.850000000e+00
  127  -2.550000000e+00  -1.550000000e+00   3.650000000e+00
  128  -3.150000000e+00  -1.550000000e+00   3.450000000e+00
  129  -4.050000000e+00  -1.550000000e+00   3.150000000e+00
  130  -5.250000000e+00  -1.550000000e+00   2.300000000e+00
  131  -6.100000000e+00  -1.550000000e+00   8.500000000e-01
  132  -5.250000000e+00  -1.550000000e+00   5.000000000e-01
  133  -4.050000000e+00  -1.550000000e+00   1.800000000e+00
  134  -3.850000000e+00  -1.550000000e+00   2.950000000e+00
  135  -4.350000000e+00  -1.550000000e+00   3.000000000e+00
  136  -3.600000000e+00  -1.550000000e+00   2.500000000e-01
  137  -1.800000000e+00  -1.550000000e+00  -1.650000000e+00
  138  -6.500000000e-01  -1.550000000e+00  -1.700000000e+00
  139  -2.000000000e-01  -1.550000000e+00  -1.200000000e+00
  140  -1.100000000e+00  -1.550000000e+00  -6.500000000e-01
  141  -3.250000000e+00  -1.550000000e+00  -9.500000000e-01
  142  -3.500000000e+00  -1.550000000e+00  -1.650000000e+00
  143  -2.350000000e+00  -1.550000000e+00  -1.900000000e+00
  144  -4.000000000e-01  -1.550000000e+00  -6.500000000e-01
  145   1.150000000e+00  -1.550000000e+00   2.400000000e+00
  146   1.100000000e+00  -1.050000000e+00   4.900000000e+00
  147   1.500000000e-01  -1.050000000e+00   4.900000000e+00
  148  -4.500000000e-01  -1.050000000e+00   4.450000000e+00
  149  -9.000000000e-01  -1.050000000e+00   4.250000000e+00
  150  -1.650000000e+00  -1.050000000e+00   4.300000000e+00
  151  -2.300000000e+00  -1.050000000e+00   4.200000000e+00
  152  -3.100000000e+00  -1.050000000e+00   4.000000000e+00
  153  -4.200000000e+00  -1.050000000e+00   3.650000000e+00
  154  -5.450000000e+00  -1.050000000e+00   2.700000000e+00
  155  -6.400000000e+00  -1.050000000e+00   1.200000000e+00
  156  -5.550000000e+00  -1.050000000e+00   6.000000000e-01
  157  -4.200000000e+00  -1.050000000e+00   2.000000000e+00
  158  -3.950000000e+00  -1.050000000e+00   3.350000000e+00
  159  -4.550000000e+00  -1.050000000e+00   3.650000000e+00
  160  -3.950000000e+00  -1.050000000e+00   9.500000000e-01
  161  -1.800000000e+00  -1.050000000e+00  -1.550000000e+00
  162  -3.000000000e-01  -1.050000000e+00  -1.800000000e+00
  163   2.500000000e-01  -1.050000000e+00  -1.200000000e+00
  164  -1.100000000e+00  -1.050000000e+00  -4.500000000e-01
  165  -3.700000000e+00  -1.050000000e+00  -8.500000000e-01
  166  -3.650000000e+00  -1.050000000e+00  -1.600000000e+00
  167  -2.300000000e+00  -1.050000000e+00  -1.750000000e+00
  168  -5.000000000e-02  -1.050000000e+00  -2.500000000e-01
  169   1.700000000e+00  -1.050000000e+00   3.450000000e+00
  170   1.600000000e+00  -5.500000000e-01   6.000000000e+00
  171   6.000000000e-01  -5.500000000e-01   5.600000000e+00
  172   2.500000000e-01  -5.500000000e-01   4.650000000e+00
  173   2.000000000e-01  -5.500000000e-01   4.100000000e+00
  174  -4.500000000e-01  -5.500000000e-01   4.400000000e+00
  175  -1.250000000e+00  -5.500000000e-01   4.650000000e+00
  176  -2.350000000e+00  -5.500000000e-01   4.650000000e+00
  177  -3.850000000e+00  -5.500000000e-01   4.300000000e+00
  178  -5.400000000e+00  -5.500000000e-01   3.300000000e+00
  179  -6.400000000e+00  -5.500000000e-01   1.750000000e+00
  180  -5.500000000e+00  -5.500000000e-01   1.200000000e+00
  181  -4.000000000e+00  -5.500000000e-01   3.000000000e+00
  182  -3.800000000e+00  -5.500000000e-01   4.800000000e+00
  183  -4.700000000e+00  -5.500000000e-01   5.300000000e+00
  184  -4.450000000e+00  -5.500000000e-01   2.550000000e+00
  185  -2.150000000e+00  -5.500000000e-01  -6.500000000e-01
  186  -3.000000000e-01  -5.500000000e-01  -1.450000000e+00
  187   5.500000000e-01  -5.500000000e-01  -9.500000000e-01
  188  -1.350000000e+00  -5.500000000e-01  -1.000000000e-01
  189  -3.950000000e+00  -5.500000000e-01  -5.500000000e-01
  190  -3.600000000e+00  -5.500000000e-01  -1.350000000e+00
  191  -2.200000000e+00  -5.500000000e-01  -1.600000000e+00
  192   2.500000000e-01  -5.500000000e-01   5.000000000e-02
  193   2.350000000e+00  -5.500000000e-01   4.500000000e+00
  194   2.000000000e+00  -1.000000000e-01   5.850000000e+00
  195   1.150000000e+00  -1.000000000e-01   5.550000000e+00
  196   8.500000000e-01  -1.000000000e-01   4.750000000e+00
  197   8.000000000e-01  -1.000000000e-01   4.400000000e+00
  198   5.000000000e-02  -1.000000000e-01   4.900000000e+00
  199  -1.000000000e+00  -1.000000000e-01   5.150000000e+00
  200  -2.250000000e+00  -1.000000000e-01   5.150000000e+00
  201  -3.650000000e+00  -1.000000000e-01   4.650000000e+00
  202  -4.950000000e+00  -1.000000000e-01   3.700000000e+00
  203  -5.700000000e+00  -1.000000000e-01   2.350000000e+00
  204  -4.850000000e+00  -1.000000000e-01   2.100000000e+00
  205  -3.400000000e+00  -1.000000000e-01   4.300000000e+00
  206  -3.500000000e+00  -1.000000000e-01   6.350000000e+00
  207  -4.750000000e+00  -1.000000000e-01   6.900000000e+00
  208  -4.650000000e+00  -1.000000000e-01   3.800000000e+00
  209  -2.150000000e+00  -1.000000000e-01  -1.500000000e-01
  210   3.000000000e-01  -1.000000000e-01  -1.450000000e+00
  211   1.550000000e+00  -1.000000000e-01  -1.050000000e+00
  212  -9.500000000e-01  -1.000000000e-01   1.000000000e-01
  213  -3.650000000e+00  -1.000000000e-01  -3.000000000e-01
  214  -3.300000000e+00  -1.000000000e-01  -1.100000000e+00
  215  -2.050000000e+00  -1.000000000e-01  -1.450000000e+00
  216   4.000000000e-01  -1.000000000e-01  -5.000000000e-02
  217   2.650000000e+00  -1.000000000e-01   4.350000000e+00
  218   2.250000000e+00   4.000000000e-01   7.600000000e+00
  219   1.250000000e+00   4.000000000e-01   6.600000000e+00
  220   1.350000000e+00   4.000000000e-01   4.700000000e+00
  221   2.100000000e+00   4.000000000e-01   3.800000000e+00
  222   1.600000000e+00   4.000000000e-01   4.600000000e+00
  223   4.500000000e-01   4.000000000e-01   5.300000000e+00
  224  -1.250000000e+00   4.000000000e-01   5.650000000e+00
  225  -3.250000000e+00   4.000000000e-01   5.300000000e+00
  226  -5.000000000e+00   4.000000000e-01   4.250000000e+00
  227  -5.900000000e+00   4.000000000e-01   2.650000000e+00
  228  -4.800000000e+00   4.000000000e-01   2.550000000e+00
  229  -3.150000000e+00   4.000000000e-01   5.100000000e+00
  230  -3.400000000e+00   4.000000000e-01   7.450000000e+00
  231  -4.800000000e+00   4.000000000e-01   8.100000000e+00
  232  -5.050000000e+00   4.000000000e-01   5.200000000e+00
  233  -2.750000000e+00   4.000000000e-01   1.050000000e+00
  234  -1.500000000e-01   4.000000000e-01  -7.000000000e-01
  235   1.350000000e+00   4.000000000e-01  -6.000000000e-01
  236  -1.450000000e+00   4.000000000e-01   5.000000000e-01
  237  -4.150000000e+00   4.000000000e-01  -5.000000000e-02
  238  -3.600000000e+00   4.000000000e-01  -9.000000000e-01
  239  -1.850000000e+00   4.000000000e-01  -1.050000000e+00
  240   1.000000000e+00   4.000000000e-01   1.100000000e+00
  241   3.250000000e+00   4.000000000e-01   6.300000000e+00
  242   1.850000000e+00   9.000000000e-01   8.000000000e+00
  243   8.500000000e-01   9.000000000e-01   6.800000000e+00
  244   1.150000000e+00   9.000000000e-01   4.700000000e+00
  245   2.100000000e+00   9.000000000e-01   3.850000000e+00
  246   1.500000000e+00   9.000000000e-01   4.750000000e+00
  247   2.000000000e-01   9.000000000e-01   5.600000000e+00
  248  -1.750000000e+00   9.000000000e-01   5.950000000e+00
  249  -3.950000000e+00   9.000000000e-01   5.500000000e+00
  250  -5.850000000e+00   9.000000000e-01   4.200000000e+00
  251  -6.800000000e+00   9.000000000e-01   2.450000000e+00
  252  -5.500000000e+00   9.000000000e-01   2.200000000e+00
  253  -3.650000000e+00   9.000000000e-01   4.900000000e+00
  254  -3.750000000e+00   9.000000000e-01   7.400000000e+00
  255  -5.050000000e+00   9.000000000e-01   8.250000000e+00
  256  -5.600000000e+00   9.000000000e-01   5.750000000e+00
  257  -3.550000000e+00   9.000000000e-01   1.700000000e+00
  258  -1.000000000e+00   9.000000000e-01  -2.500000000e-01
  259   5.500000000e-01   9.000000000e-01  -3.000000000e-01
  260  -2.000000000e+00   9.000000000e-01   7.000000000e-01
  261  -4.550000000e+00   9.000000000e-01   1.500000000e-01
  262  -3.750000000e+00   9.000000000e-01  -6.000000000e-01
  263  -1.900000000e+00   9.000000000e-01  -5.000000000e-01
  264   1.200000000e+00   9.000000000e-01   2.150000000e+00
  265   3.150000000e+00   9.000000000e-01   7.300000000e+00
C Region List
