C PointsNum,MaxElemVol,TetGenParams,nAtrib,IndMov,MDMaxVolume,MDomDiv,MDOnly,MDDivF,MDPrescP
  395    1.000000e+00 YYpznno2q1.414a     0     0    1.000000e+00     1     0     0     0     0     0 YYpznno2q1.414a
  -1.732148000e-01  -8.623570000e+00  -1.111810000e-01
   1.248771000e-01  -8.137820000e+00   8.239840000e-01
  -1.164590000e-01  -8.137820000e+00   9.000480000e-01
  -3.708280000e-01  -8.137820000e+00   8.762330000e-01
  -6.152570000e-01  -8.137820000e+00   7.892300000e-01
  -8.324580000e-01  -8.137820000e+00   6.418930000e-01
  -9.888340000e-01  -8.137820000e+00   4.304290000e-01
  -1.082789000e+00  -8.137820000e+00   1.860960000e-01
  -1.122068000e+00  -8.137820000e+00  -7.178800000e-02
  -1.105557000e+00  -8.137820000e+00  -3.347610000e-01
  -1.014087000e+00  -8.137820000e+00  -5.858680000e-01
  -8.505420000e-01  -8.137820000e+00  -7.997370000e-01
  -6.397010000e-01  -8.137820000e+00  -9.645250000e-01
  -3.951229000e-01  -8.137820000e+00  -1.080389000e+00
  -1.254480000e-01  -8.137820000e+00  -1.134834000e+00
   1.483440000e-01  -8.137820000e+00  -1.101361000e+00
   3.844660000e-01  -8.137820000e+00  -9.614930000e-01
   5.635370000e-01  -8.137820000e+00  -7.678660000e-01
   6.947250000e-01  -8.137820000e+00  -5.524650000e-01
   7.601810000e-01  -8.137820000e+00  -3.169040000e-01
   6.904040000e-01  -8.137820000e+00  -7.990200000e-02
   5.789050000e-01  -8.137820000e+00   1.082130000e-01
   4.791650000e-01  -8.137820000e+00   2.663840000e-01
   3.917470000e-01  -8.137820000e+00   4.320700000e-01
   2.896420000e-01  -8.137820000e+00   6.269680000e-01
   1.599166000e-01  -7.662070000e+00   1.169310000e+00
  -1.744520000e-01  -7.662070000e+00   1.256125000e+00
  -5.146990000e-01  -7.662070000e+00   1.194763000e+00
  -8.234050000e-01  -7.662070000e+00   1.046935000e+00
  -1.084928000e+00  -7.662070000e+00   8.336800000e-01
  -1.279520000e+00  -7.662070000e+00   5.623960000e-01
  -1.411600000e+00  -7.662070000e+00   2.576132000e-01
  -1.486030000e+00  -7.662070000e+00  -7.201500000e-02
  -1.489650000e+00  -7.662070000e+00  -4.228790000e-01
  -1.385598000e+00  -7.662070000e+00  -7.669010000e-01
  -1.167129000e+00  -7.662070000e+00  -1.056340000e+00
  -8.777920000e-01  -7.662070000e+00  -1.272840000e+00
  -5.460834000e-01  -7.662070000e+00  -1.415650000e+00
  -1.868710000e-01  -7.662070000e+00  -1.477470000e+00
   1.725210000e-01  -7.662070000e+00  -1.420909000e+00
   4.649010000e-01  -7.662070000e+00  -1.208371000e+00
   6.687500000e-01  -7.662070000e+00  -9.359380000e-01
   8.101340000e-01  -7.662070000e+00  -6.562580000e-01
   8.929860000e-01  -7.662070000e+00  -3.713868000e-01
   8.402410000e-01  -7.662070000e+00  -8.379700000e-02
   7.291710000e-01  -7.662070000e+00   1.603610000e-01
   6.156970000e-01  -7.662070000e+00   3.763930000e-01
   5.135450000e-01  -7.662070000e+00   6.087270000e-01
   3.849450000e-01  -7.662070000e+00   8.900340000e-01
   1.627290000e-01  -7.185310000e+00   1.470160000e+00
  -2.489520000e-01  -7.185310000e+00   1.565930000e+00
  -6.627170000e-01  -7.185310000e+00   1.477374000e+00
  -1.029431000e+00  -7.185310000e+00   1.286688000e+00
  -1.337160000e+00  -7.185310000e+00   1.023894000e+00
  -1.569030000e+00  -7.185310000e+00   6.990600000e-01
  -1.728430000e+00  -7.185310000e+00   3.355288000e-01
  -1.820910000e+00  -7.185310000e+00  -5.931900000e-02
  -1.832080000e+00  -7.185310000e+00  -4.805190000e-01
  -1.715860000e+00  -7.185310000e+00  -8.990640000e-01
  -1.451643000e+00  -7.185310000e+00  -1.250050000e+00
  -1.094412000e+00  -7.185310000e+00  -1.501200000e+00
  -6.912710000e-01  -7.185310000e+00  -1.656670000e+00
  -2.650850000e-01  -7.185310000e+00  -1.715310000e+00
   1.583810000e-01  -7.185310000e+00  -1.647105000e+00
   4.929140000e-01  -7.185310000e+00  -1.380656000e+00
   7.092660000e-01  -7.185310000e+00  -1.042266000e+00
   8.538670000e-01  -7.185310000e+00  -7.151500000e-01
   9.471260000e-01  -7.185310000e+00  -3.954712000e-01
   9.000710000e-01  -7.185310000e+00  -7.138300000e-02
   7.881910000e-01  -7.185310000e+00   2.091430000e-01
   6.690120000e-01  -7.185310000e+00   4.628120000e-01
   5.644670000e-01  -7.185310000e+00   7.483000000e-01
   4.273980000e-01  -7.185310000e+00   1.107800000e+00
   1.640940000e-01  -6.706560000e+00   1.738210000e+00
  -3.187960000e-01  -6.706560000e+00   1.832460000e+00
  -7.940470000e-01  -6.706560000e+00   1.710660000e+00
  -1.205810000e+00  -6.706560000e+00   1.474637000e+00
  -1.546090000e+00  -6.706560000e+00   1.167342000e+00
  -1.807580000e+00  -6.706560000e+00   8.005060000e-01
  -2.001380000e+00  -6.706560000e+00   3.947276000e-01
  -2.134640000e+00  -6.706560000e+00  -5.384700000e-02
  -2.176630000e+00  -6.706560000e+00  -5.482860000e-01
  -2.060090000e+00  -6.706560000e+00  -1.051460000e+00
  -1.745030000e+00  -6.706560000e+00  -1.465750000e+00
  -1.306791000e+00  -6.706560000e+00  -1.738720000e+00
  -8.259060000e-01  -6.706560000e+00  -1.886640000e+00
  -3.374300000e-01  -6.706560000e+00  -1.927400000e+00
   1.401550000e-01  -6.706560000e+00  -1.845250000e+00
   5.138320000e-01  -6.706560000e+00  -1.537010000e+00
   7.444680000e-01  -6.706560000e+00  -1.145584000e+00
   8.940970000e-01  -6.706560000e+00  -7.766180000e-01
   9.979920000e-01  -6.706560000e+00  -4.252724000e-01
   9.615360000e-01  -6.706560000e+00  -6.834300000e-02
   8.518740000e-01  -6.706560000e+00   2.478790000e-01
   7.276160000e-01  -6.706560000e+00   5.412490000e-01
   6.186960000e-01  -6.706560000e+00   8.757100000e-01
   4.709540000e-01  -6.706560000e+00   1.307800000e+00
   1.617950000e-01  -6.226800000e+00   1.916060000e+00
  -3.685600000e-01  -6.226800000e+00   2.005910000e+00
  -8.884370000e-01  -6.226800000e+00   1.878890000e+00
  -1.342770000e+00  -6.226800000e+00   1.627361000e+00
  -1.721770000e+00  -6.226800000e+00   1.294382000e+00
  -2.012940000e+00  -6.226800000e+00   8.918580000e-01
  -2.234730000e+00  -6.226800000e+00   4.448001000e-01
  -2.392890000e+00  -6.226800000e+00  -5.254700000e-02
  -2.451990000e+00  -6.226800000e+00  -6.072160000e-01
  -2.328810000e+00  -6.226800000e+00  -1.175810000e+00
  -1.969990000e+00  -6.226800000e+00  -1.638390000e+00
  -1.466682000e+00  -6.226800000e+00  -1.926810000e+00
  -9.262050000e-01  -6.226800000e+00  -2.067370000e+00
  -3.879680000e-01  -6.226800000e+00  -2.094200000e+00
   1.305170000e-01  -6.226800000e+00  -2.000170000e+00
   5.365360000e-01  -6.226800000e+00  -1.664940000e+00
   7.820970000e-01  -6.226800000e+00  -1.233854000e+00
   9.405120000e-01  -6.226800000e+00  -8.318530000e-01
   1.057068000e+00  -6.226800000e+00  -4.541999000e-01
   1.043909000e+00  -6.226800000e+00  -6.899400000e-02
   9.416970000e-01  -6.226800000e+00   2.853950000e-01
   8.124360000e-01  -6.226800000e+00   6.184410000e-01
   6.893280000e-01  -6.226800000e+00   9.962800000e-01
   5.168210000e-01  -6.226800000e+00   1.470470000e+00
   1.711610000e-01  -5.748050000e+00   2.123360000e+00
  -4.082700000e-01  -5.748050000e+00   2.224020000e+00
  -9.771100000e-01  -5.748050000e+00   2.086090000e+00
  -1.475750000e+00  -5.748050000e+00   1.813486000e+00
  -1.893280000e+00  -5.748050000e+00   1.450312000e+00
  -2.212130000e+00  -5.748050000e+00   1.008111000e+00
  -2.443210000e+00  -5.748050000e+00   5.145741000e-01
  -2.596890000e+00  -5.748050000e+00  -2.722000000e-02
  -2.642590000e+00  -5.748050000e+00  -6.223500000e-01
  -2.503430000e+00  -5.748050000e+00  -1.228020000e+00
  -2.123250000e+00  -5.748050000e+00  -1.725450000e+00
  -1.583796000e+00  -5.748050000e+00  -2.033080000e+00
  -1.003839000e+00  -5.748050000e+00  -2.180270000e+00
  -4.295400000e-01  -5.748050000e+00  -2.205720000e+00
   1.246600000e-01  -5.748050000e+00  -2.106900000e+00
   5.587640000e-01  -5.748050000e+00  -1.751030000e+00
   8.185960000e-01  -5.748050000e+00  -1.286870000e+00
   9.856100000e-01  -5.748050000e+00  -8.571370000e-01
   1.108743000e+00  -5.748050000e+00  -4.554259000e-01
   1.097371000e+00  -5.748050000e+00  -4.467300000e-02
   9.967440000e-01  -5.748050000e+00   3.346150000e-01
   8.644040000e-01  -5.748050000e+00   6.958170000e-01
   7.394280000e-01  -5.748050000e+00   1.110310000e+00
   5.567446000e-01  -5.748050000e+00   1.635250000e+00
   1.753960000e-01  -4.806630000e+00   2.421170000e+00
  -4.654260000e-01  -4.806630000e+00   2.535810000e+00
  -1.106000000e+00  -4.806630000e+00   2.422470000e+00
  -1.690710000e+00  -4.806630000e+00   2.157270000e+00
  -2.195240000e+00  -4.806630000e+00   1.765446000e+00
  -2.571890000e+00  -4.806630000e+00   1.254322000e+00
  -2.804560000e+00  -4.806630000e+00   6.671583000e-01
  -2.910340000e+00  -4.806630000e+00   4.314500000e-02
  -2.885450000e+00  -4.806630000e+00  -6.017300000e-01
  -2.693690000e+00  -4.806630000e+00  -1.233930000e+00
  -2.292530000e+00  -4.806630000e+00  -1.766320000e+00
  -1.720278000e+00  -4.806630000e+00  -2.097530000e+00
  -1.101604000e+00  -4.806630000e+00  -2.253040000e+00
  -4.885888000e-01  -4.806630000e+00  -2.278430000e+00
   1.035400000e-01  -4.806630000e+00  -2.180680000e+00
   5.718500000e-01  -4.806630000e+00  -1.807296000e+00
   8.536460000e-01  -4.806630000e+00  -1.312510000e+00
   1.038760000e+00  -4.806630000e+00  -8.536590000e-01
   1.175281000e+00  -4.806630000e+00  -4.198417000e-01
   1.185008000e+00  -4.806630000e+00   2.404400000e-02
   1.101447000e+00  -4.806630000e+00   4.466880000e-01
   9.672810000e-01  -4.806630000e+00   8.570430000e-01
   8.299780000e-01  -4.806630000e+00   1.327170000e+00
   6.156162900e-01  -4.806630000e+00   1.905440000e+00
   1.638470000e-01  -3.866210000e+00   2.638100000e+00
  -5.149590000e-01  -3.866210000e+00   2.759100000e+00
  -1.199980000e+00  -3.866210000e+00   2.666090000e+00
  -1.841220000e+00  -3.866210000e+00   2.406630000e+00
  -2.404990000e+00  -3.866210000e+00   1.996959000e+00
  -2.823310000e+00  -3.866210000e+00   1.447271000e+00
  -3.039540000e+00  -3.866210000e+00   7.925661000e-01
  -3.084270000e+00  -3.866210000e+00   1.187740000e-01
  -2.988900000e+00  -3.866210000e+00  -5.404400000e-01
  -2.754050000e+00  -3.866210000e+00  -1.164330000e+00
  -2.356520000e+00  -3.866210000e+00  -1.704850000e+00
  -1.791200000e+00  -3.866210000e+00  -2.057790000e+00
  -1.166153000e+00  -3.866210000e+00  -2.232030000e+00
  -5.386358000e-01  -3.866210000e+00  -2.267100000e+00
   7.136200000e-02  -3.866210000e+00  -2.171070000e+00
   5.473120000e-01  -3.866210000e+00  -1.774900000e+00
   8.127290000e-01  -3.866210000e+00  -1.246666000e+00
   9.883270000e-01  -3.866210000e+00  -7.789530000e-01
   1.131983000e+00  -3.866210000e+00  -3.464339000e-01
   1.181012000e+00  -3.866210000e+00   9.862400000e-02
   1.121208000e+00  -3.866210000e+00   5.406060000e-01
   9.979370000e-01  -3.866210000e+00   9.776600000e-01
   8.651460000e-01  -3.866210000e+00   1.486350000e+00
   6.407498000e-01  -3.866210000e+00   2.108890000e+00
   1.484030000e-01  -2.924800000e+00   2.835380000e+00
  -5.730400000e-01  -2.924800000e+00   2.974140000e+00
  -1.309120000e+00  -2.924800000e+00   2.893500000e+00
  -2.015750000e+00  -2.924800000e+00   2.645610000e+00
  -2.651220000e+00  -2.924800000e+00   2.232050000e+00
  -3.122390000e+00  -2.924800000e+00   1.627489000e+00
  -3.343530000e+00  -2.924800000e+00   8.964598000e-01
  -3.356860000e+00  -2.924800000e+00   1.568740000e-01
  -3.216750000e+00  -2.924800000e+00  -5.476500000e-01
  -2.943310000e+00  -2.924800000e+00  -1.202250000e+00
  -2.518030000e+00  -2.924800000e+00  -1.770020000e+00
  -1.916910000e+00  -2.924800000e+00  -2.136590000e+00
  -1.255597000e+00  -2.924800000e+00  -2.306180000e+00
  -5.979577000e-01  -2.924800000e+00  -2.331940000e+00
   3.797200000e-02  -2.924800000e+00  -2.231580000e+00
   5.514200000e-01  -2.924800000e+00  -1.848560000e+00
   8.440360000e-01  -2.924800000e+00  -1.300692000e+00
   1.038928000e+00  -2.924800000e+00  -8.050050000e-01
   1.189816000e+00  -2.924800000e+00  -3.415402000e-01
   1.232447000e+00  -2.924800000e+00   1.361120000e-01
   1.156271000e+00  -2.924800000e+00   6.030300000e-01
   1.030332000e+00  -2.924800000e+00   1.067390000e+00
   8.947340000e-01  -2.924800000e+00   1.612720000e+00
   6.595627000e-01  -2.924800000e+00   2.278660000e+00
   9.167400000e-02  -1.983380000e+00   2.951200000e+00
  -6.652400000e-01  -1.983380000e+00   3.099590000e+00
  -1.444650000e+00  -1.983380000e+00   3.045840000e+00
  -2.209030000e+00  -1.983380000e+00   2.808580000e+00
  -2.905820000e+00  -1.983380000e+00   2.379100000e+00
  -3.414740000e+00  -1.983380000e+00   1.724914000e+00
  -3.638190000e+00  -1.983380000e+00   9.438790000e-01
  -3.633510000e+00  -1.983380000e+00   1.475710000e-01
  -3.466080000e+00  -1.983380000e+00  -5.998800000e-01
  -3.166990000e+00  -1.983380000e+00  -1.287780000e+00
  -2.717350000e+00  -1.983380000e+00  -1.887770000e+00
  -2.088730000e+00  -1.983380000e+00  -2.282960000e+00
  -1.390326000e+00  -1.983380000e+00  -2.472930000e+00
  -6.914214000e-01  -1.983380000e+00  -2.509160000e+00
  -1.118200000e-02  -1.983380000e+00  -2.406220000e+00
   5.409560000e-01  -1.983380000e+00  -2.003400000e+00
   8.388180000e-01  -1.983380000e+00  -1.400149000e+00
   1.022702000e+00  -1.983380000e+00  -8.605870000e-01
   1.162085000e+00  -1.983380000e+00  -3.701210000e-01
   1.165493000e+00  -1.983380000e+00   1.244430000e-01
   1.062508000e+00  -1.983380000e+00   5.910710000e-01
   9.477980000e-01  -1.983380000e+00   1.062003000e+00
   8.361820000e-01  -1.983380000e+00   1.634410000e+00
   6.235200000e-01  -1.983380000e+00   2.364870000e+00
  -2.579000000e-02  -1.041960000e+00   2.951430000e+00
  -7.855300000e-01  -1.041960000e+00   3.097250000e+00
  -1.572820000e+00  -1.041960000e+00   3.060690000e+00
  -2.355170000e+00  -1.041960000e+00   2.842630000e+00
  -3.074020000e+00  -1.041960000e+00   2.406420000e+00
  -3.595340000e+00  -1.041960000e+00   1.742011000e+00
  -3.855630000e+00  -1.041960000e+00   9.532550000e-01
  -3.906860000e+00  -1.041960000e+00   1.285820000e-01
  -3.784810000e+00  -1.041960000e+00  -6.695900000e-01
  -3.494140000e+00  -1.041960000e+00  -1.422100000e+00
  -2.994750000e+00  -1.041960000e+00  -2.060330000e+00
  -2.272720000e+00  -1.041960000e+00  -2.409720000e+00
  -1.512790000e+00  -1.041960000e+00  -2.499320000e+00
  -8.121575000e-01  -1.041960000e+00  -2.449430000e+00
  -1.604030000e-01  -1.041960000e+00  -2.316230000e+00
   4.137660000e-01  -1.041960000e+00  -2.010300000e+00
   7.549660000e-01  -1.041960000e+00  -1.455344000e+00
   9.502030000e-01  -1.041960000e+00  -9.069380000e-01
   1.070835000e+00  -1.041960000e+00  -3.967450000e-01
   9.615370000e-01  -1.041960000e+00   1.060410000e-01
   8.103420000e-01  -1.041960000e+00   5.377110000e-01
   7.284740000e-01  -1.041960000e+00   9.875190000e-01
   6.684980000e-01  -1.041960000e+00   1.569540000e+00
   5.142020000e-01  -1.041960000e+00   2.360830000e+00
  -1.546040000e-01  -3.545410000e-01   2.962920000e+00
   4.131790000e-01  -3.545410000e-01   2.417500000e+00
   5.161060000e-01  -3.545410000e-01   1.548330000e+00
   5.207300000e-01  -3.545410000e-01   9.410400000e-01
   5.593140000e-01  -3.545410000e-01   5.018270000e-01
   7.056230000e-01  -3.545410000e-01   1.015790000e-01
   9.169060000e-01  -3.545410000e-01  -3.972940000e-01
   8.162870000e-01  -3.545410000e-01  -9.142310000e-01
   6.271980000e-01  -3.545410000e-01  -1.469210000e+00
   2.522500000e-01  -3.545410000e-01  -1.972150000e+00
  -3.228090000e-01  -3.545410000e-01  -2.224640000e+00
  -9.478674000e-01  -3.545410000e-01  -2.399830000e+00
  -1.656604000e+00  -3.545410000e-01  -2.530930000e+00
  -2.478150000e+00  -3.545410000e-01  -2.539170000e+00
  -3.295530000e+00  -3.545410000e-01  -2.232460000e+00
  -3.842070000e+00  -3.545410000e-01  -1.548760000e+00
  -4.119710000e+00  -3.545410000e-01  -7.273500000e-01
  -4.190550000e+00  -3.545410000e-01   1.238050000e-01
  -4.080280000e+00  -3.545410000e-01   9.707060000e-01
  -3.782580000e+00  -3.545410000e-01   1.771634000e+00
  -3.250310000e+00  -3.545410000e-01   2.448010000e+00
  -2.515820000e+00  -3.545410000e-01   2.877920000e+00
  -1.719320000e+00  -3.545410000e-01   3.086490000e+00
  -9.214100000e-01  -3.545410000e-01   3.123470000e+00
  -2.744010000e+00  -3.851410000e-01  -1.896060000e+00
  -3.278700000e+00  -3.817410000e-01  -1.578080000e+00
  -1.495620000e+00  -3.795410000e-01   2.746280000e+00
  -1.013880000e+00  -3.929410000e-01   2.420420000e+00
  -2.443380000e+00  -4.257410000e-01   6.046180000e-01
  -2.380130000e+00  -4.231410000e-01   9.531075000e-01
  -2.003400000e+00  -4.267410000e-01   9.253108000e-01
  -8.374957000e-01  -3.805410000e-01  -2.011820000e+00
  -2.021390000e+00  -4.313410000e-01   1.024400000e-01
  -1.625660000e+00  -4.294410000e-01   8.985140000e-01
  -1.299120000e+00  -4.302410000e-01   1.025310000e-01
  -2.949880000e+00  -4.110410000e-01   9.503400000e-01
  -3.054460000e+00  -4.128410000e-01   2.815950000e-01
  -3.575710000e+00  -3.904410000e-01   6.090870000e-01
  -2.925280000e+00  -3.968410000e-01   1.698005000e+00
  -3.111140000e+00  -3.977410000e-01   1.400366000e+00
  -3.069800000e+00  -3.928410000e-01   1.660249000e+00
  -2.454840000e-01  -3.874410000e-01   2.109377000e+00
  -9.076630000e-01  -4.139410000e-01   1.565407000e+00
  -2.284850000e+00  -4.032410000e-01  -1.583060000e+00
  -2.173510000e+00  -4.112410000e-01  -1.337610000e+00
  -1.941948000e+00  -4.087410000e-01  -1.473360000e+00
  -2.021600000e+00  -4.119410000e-01   1.817501000e+00
  -1.838920000e+00  -3.981410000e-01   2.324297000e+00
  -1.753530000e+00  -4.069410000e-01   2.055365000e+00
  -3.491570000e+00  -3.885410000e-01  -9.311400000e-01
  -2.789030000e+00  -4.066410000e-01  -1.162380000e+00
  -1.386793000e+00  -3.852410000e-01  -2.044790000e+00
  -1.710384000e+00  -4.059410000e-01  -1.605520000e+00
  -1.051830000e+00  -4.014410000e-01  -1.631260000e+00
  -2.171260000e+00  -3.928410000e-01   2.351328000e+00
  -2.004130000e+00  -3.787410000e-01   2.687950000e+00
  -1.920730000e+00  -3.885410000e-01   2.511120000e+00
  -2.057533000e+00  -3.857410000e-01  -2.058090000e+00
  -2.496300000e+00  -3.854410000e-01   2.378359000e+00
   3.540900000e-02  -3.803410000e-01  -1.517070000e+00
   1.852000000e-01  -3.855410000e-01  -9.865960000e-01
   3.469690000e-01  -3.828410000e-01  -1.646880000e-01
  -2.599640000e+00  -4.240410000e-01   1.752400000e-02
  -3.016940000e+00  -4.119410000e-01  -4.083200000e-01
   5.273410000e-02  -3.910410000e-01   6.939250000e-01
  -2.683170000e-01  -4.087410000e-01   1.378570000e-01
  -3.392190000e+00  -3.885410000e-01   1.314854900e+00
  -3.615480000e+00  -3.908410000e-01  -1.570110000e-01
  -4.109150000e-01  -3.840410000e-01  -1.791360000e+00
  -5.533240000e-01  -4.056410000e-01  -1.185190000e+00
   1.809210000e-01  -3.793410000e-01   1.474704000e+00
  -3.062530000e-01  -4.024410000e-01   1.322561000e+00
  -2.382730000e+00  -4.240410000e-01  -5.144780000e-01
  -2.700810000e+00  -3.979410000e-01   1.889350000e+00
  -2.820090000e+00  -4.053410000e-01   1.485877000e+00
  -9.518150000e-01  -4.132410000e-01  -1.135540000e+00
  -9.732650000e-01  -4.184410000e-01  -8.460790000e-01
  -1.291650000e+00  -4.154410000e-01   1.675920000e+00
  -1.335660000e+00  -4.059410000e-01   2.078426000e+00
  -1.122060000e+00  -4.103410000e-01   1.831916000e+00
  -2.431730000e+00  -3.960410000e-01   2.133463000e+00
  -2.598060000e+00  -3.919410000e-01   2.143855000e+00
  -2.365150000e+00  -4.061410000e-01   1.878567000e+00
  -2.319890000e+00  -4.198410000e-01   1.285597000e+00
  -2.572490000e+00  -4.134410000e-01   1.385737000e+00
  -1.860850000e+00  -4.303410000e-01  -2.103470000e-01
  -2.122290000e+00  -4.277410000e-01  -3.604130000e-01
  -1.696300000e+00  -4.284410000e-01  -5.161340000e-01
  -1.498210000e+00  -4.301410000e-01  -2.113020000e-01
  -1.247463000e+00  -4.271410000e-01  -3.780090000e-01
  -7.061880000e-01  -4.198410000e-01   6.897197000e-01
  -1.658020000e+00  -3.895410000e-01   2.535290000e+00
  -1.337650000e+00  -3.914410000e-01   2.477850000e+00
  -2.054180000e+00  -4.182410000e-01  -1.098160000e+00
  -1.702241000e+00  -4.191410000e-01  -1.096380000e+00
  -1.709813000e+00  -4.128410000e-01  -1.353750000e+00
  -1.644350000e+00  -4.231410000e-01   1.342974000e+00
  -1.276310000e+00  -4.192410000e-01   1.459191000e+00
  -3.228590000e-01  -4.089410000e-01  -4.764780000e-01
  -2.638380000e+00  -4.165410000e-01   1.117968780e+00
  -2.540380000e+00  -4.213410000e-01   8.642930000e-01
  -2.220450000e+00  -4.216410000e-01  -8.118200000e-01
  -2.427600000e+00  -4.134410000e-01  -1.127270000e+00
  -2.405160000e+00  -4.190410000e-01  -8.243700000e-01
  -1.995470000e+00  -4.190410000e-01   1.516015000e+00
  -1.983620000e+00  -4.222410000e-01   1.309286000e+00
  -3.029470000e+00  -3.875410000e-01   1.910132000e+00
  -7.216610000e-01  -4.213410000e-01  -2.121000000e-02
  -6.552870000e-01  -4.171410000e-01  -5.081970000e-01
  -1.200567000e+00  -4.100410000e-01  -1.386230000e+00
  -1.002322000e+00  -4.075410000e-01  -1.393350000e+00
  -1.526302000e+00  -4.238410000e-01  -8.218600000e-01
  -1.790740000e+00  -4.216410000e-01  -9.555100000e-01
  -1.587340000e+00  -4.021410000e-01   2.211361000e+00
  -2.267210000e+00  -3.997410000e-01   2.119948000e+00
  -1.150418000e+00  -4.273410000e-01  -2.260930000e-01
  -8.566880000e-01  -4.227410000e-01  -2.844630000e-01
  -1.958880000e+00  -4.255410000e-01  -6.614800000e-01
  -1.536845000e+00  -4.127410000e-01  -1.356460000e+00
  -1.458976000e+00  -4.086410000e-01  -1.491720000e+00
  -9.947160000e-01  -4.232410000e-01  -5.427170000e-01
  -6.048060000e-01  -4.115410000e-01  -8.492420000e-01
  -1.760800000e+00  -4.310410000e-01  -5.443100000e-02
  -1.173510000e+00  -4.212410000e-01  -8.316560000e-01
  -1.260009000e+00  -4.240410000e-01  -6.817910000e-01
  -1.674040000e+00  -4.151410000e-01   1.756434000e+00
  -1.351305000e+00  -4.178410000e-01  -1.108590000e+00
  -2.040510000e+00  -4.269410000e-01  -5.133060000e-01
  -2.593620000e+00  -4.063410000e-01   1.677222000e+00
  -2.884980000e+00  -4.085410000e-01   1.218108900e+00
C Number of facets
  786
C  Size  Node 1  ......Node N Marker
    3    0    1    2    3
    3    0    2    3    3
    3    0    3    4    3
    3    0    4    5    3
    3    0    5    6    3
    3    0    6    7    3
    3    0    7    8    3
    3    0    8    9    3
    3    0    9   10    3
    3    0   10   11    3
    3    0   11   12    3
    3    0   12   13    3
    3    0   13   14    3
    3    0   14   15    3
    3    0   15   16    3
    3    0   16   17    3
    3    0   17   18    3
    3    0   18   19    3
    3    0   19   20    3
    3    0   20   21    3
    3    0   21   22    3
    3    0   22   23    3
    3    0   23   24    3
    3    0   24    1    3
    3    1   25   26    3
    3    1   26    2    3
    3    2   26   27    3
    3    2   27    3    3
    3    3   27   28    3
    3    3   28    4    3
    3    4   28   29    3
    3    4   29    5    3
    3    5   29   30    3
    3    5   30    6    3
    3    6   30   31    3
    3    6   31    7    3
    3    7   31   32    3
    3    7   32    8    3
    3    8   32   33    3
    3    8   33    9    3
    3    9   33   34    3
    3    9   34   10    3
    3   10   34   35    3
    3   10   35   11    3
    3   11   35   36    3
    3   11   36   12    3
    3   12   36   37    3
    3   12   37   13    3
    3   13   37   38    3
    3   13   38   14    3
    3   14   38   39    3
    3   14   39   15    3
    3   15   39   40    3
    3   15   40   16    3
    3   16   40   41    3
    3   16   41   17    3
    3   17   41   42    3
    3   17   42   18    3
    3   18   42   43    3
    3   18   43   19    3
    3   19   43   44    3
    3   19   44   20    3
    3   20   44   45    3
    3   20   45   21    3
    3   21   45   46    3
    3   21   46   22    3
    3   22   46   47    3
    3   22   47   23    3
    3   23   47   48    3
    3   23   48   24    3
    3   24   48   25    3
    3   24   25    1    3
    3   25   49   50    3
    3   25   50   26    3
    3   26   50   51    3
    3   26   51   27    3
    3   27   51   52    3
    3   27   52   28    3
    3   28   52   53    3
    3   28   53   29    3
    3   29   53   54    3
    3   29   54   30    3
    3   30   54   55    3
    3   30   55   31    3
    3   31   55   56    3
    3   31   56   32    3
    3   32   56   57    3
    3   32   57   33    3
    3   33   57   58    3
    3   33   58   34    3
    3   34   58   59    3
    3   34   59   35    3
    3   35   59   60    3
    3   35   60   36    3
    3   36   60   61    3
    3   36   61   37    3
    3   37   61   62    3
    3   37   62   38    3
    3   38   62   63    3
    3   38   63   39    3
    3   39   63   64    3
    3   39   64   40    3
    3   40   64   65    3
    3   40   65   41    3
    3   41   65   66    3
    3   41   66   42    3
    3   42   66   67    3
    3   42   67   43    3
    3   43   67   68    3
    3   43   68   44    3
    3   44   68   69    3
    3   44   69   45    3
    3   45   69   70    3
    3   45   70   46    3
    3   46   70   71    3
    3   46   71   47    3
    3   47   71   72    3
    3   47   72   48    3
    3   48   72   49    3
    3   48   49   25    3
    3   49   73   74    3
    3   49   74   50    3
    3   50   74   75    3
    3   50   75   51    3
    3   51   75   76    3
    3   51   76   52    3
    3   52   76   77    3
    3   52   77   53    3
    3   53   77   78    3
    3   53   78   54    3
    3   54   78   79    3
    3   54   79   55    3
    3   55   79   80    3
    3   55   80   56    3
    3   56   80   81    3
    3   56   81   57    3
    3   57   81   82    3
    3   57   82   58    3
    3   58   82   83    3
    3   58   83   59    3
    3   59   83   84    3
    3   59   84   60    3
    3   60   84   85    3
    3   60   85   61    3
    3   61   85   86    3
    3   61   86   62    3
    3   62   86   87    3
    3   62   87   63    3
    3   63   87   88    3
    3   63   88   64    3
    3   64   88   89    3
    3   64   89   65    3
    3   65   89   90    3
    3   65   90   66    3
    3   66   90   91    3
    3   66   91   67    3
    3   67   91   92    3
    3   67   92   68    3
    3   68   92   93    3
    3   68   93   69    3
    3   69   93   94    3
    3   69   94   70    3
    3   70   94   95    3
    3   70   95   71    3
    3   71   95   96    3
    3   71   96   72    3
    3   72   96   73    3
    3   72   73   49    3
    3   73   97   98    3
    3   73   98   74    3
    3   74   98   99    3
    3   74   99   75    3
    3   75   99  100    3
    3   75  100   76    3
    3   76  100  101    3
    3   76  101   77    3
    3   77  101  102    3
    3   77  102   78    3
    3   78  102  103    3
    3   78  103   79    3
    3   79  103  104    3
    3   79  104   80    3
    3   80  104  105    3
    3   80  105   81    3
    3   81  105  106    3
    3   81  106   82    3
    3   82  106  107    3
    3   82  107   83    3
    3   83  107  108    3
    3   83  108   84    3
    3   84  108  109    3
    3   84  109   85    3
    3   85  109  110    3
    3   85  110   86    3
    3   86  110  111    3
    3   86  111   87    3
    3   87  111  112    3
    3   87  112   88    3
    3   88  112  113    3
    3   88  113   89    3
    3   89  113  114    3
    3   89  114   90    3
    3   90  114  115    3
    3   90  115   91    3
    3   91  115  116    3
    3   91  116   92    3
    3   92  116  117    3
    3   92  117   93    3
    3   93  117  118    3
    3   93  118   94    3
    3   94  118  119    3
    3   94  119   95    3
    3   95  119  120    3
    3   95  120   96    3
    3   96  120   97    3
    3   96   97   73    3
    3   97  121  122    3
    3   97  122   98    3
    3   98  122  123    3
    3   98  123   99    3
    3   99  123  124    3
    3   99  124  100    3
    3  100  124  125    3
    3  100  125  101    3
    3  101  125  126    3
    3  101  126  102    3
    3  102  126  127    3
    3  102  127  103    3
    3  103  127  128    3
    3  103  128  104    3
    3  104  128  129    3
    3  104  129  105    3
    3  105  129  130    3
    3  105  130  106    3
    3  106  130  131    3
    3  106  131  107    3
    3  107  131  132    3
    3  107  132  108    3
    3  108  132  133    3
    3  108  133  109    3
    3  109  133  134    3
    3  109  134  110    3
    3  110  134  135    3
    3  110  135  111    3
    3  111  135  136    3
    3  111  136  112    3
    3  112  136  137    3
    3  112  137  113    3
    3  113  137  138    3
    3  113  138  114    3
    3  114  138  139    3
    3  114  139  115    3
    3  115  139  140    3
    3  115  140  116    3
    3  116  140  141    3
    3  116  141  117    3
    3  117  141  142    3
    3  117  142  118    3
    3  118  142  143    3
    3  118  143  119    3
    3  119  143  144    3
    3  119  144  120    3
    3  120  144  121    3
    3  120  121   97    3
    3  121  145  146    3
    3  121  146  122    3
    3  122  146  147    3
    3  122  147  123    3
    3  123  147  148    3
    3  123  148  124    3
    3  124  148  149    3
    3  124  149  125    3
    3  125  149  150    3
    3  125  150  126    3
    3  126  150  151    3
    3  126  151  127    3
    3  127  151  152    3
    3  127  152  128    3
    3  128  152  153    3
    3  128  153  129    3
    3  129  153  154    3
    3  129  154  130    3
    3  130  154  155    3
    3  130  155  131    3
    3  131  155  156    3
    3  131  156  132    3
    3  132  156  157    3
    3  132  157  133    3
    3  133  157  158    3
    3  133  158  134    3
    3  134  158  159    3
    3  134  159  135    3
    3  135  159  160    3
    3  135  160  136    3
    3  136  160  161    3
    3  136  161  137    3
    3  137  161  162    3
    3  137  162  138    3
    3  138  162  163    3
    3  138  163  139    3
    3  139  163  164    3
    3  139  164  140    3
    3  140  164  165    3
    3  140  165  141    3
    3  141  165  166    3
    3  141  166  142    3
    3  142  166  167    3
    3  142  167  143    3
    3  143  167  168    3
    3  143  168  144    3
    3  144  168  145    3
    3  144  145  121    3
    3  145  169  170    3
    3  145  170  146    3
    3  146  170  171    3
    3  146  171  147    3
    3  147  171  172    3
    3  147  172  148    3
    3  148  172  173    3
    3  148  173  149    3
    3  149  173  174    3
    3  149  174  150    3
    3  150  174  175    3
    3  150  175  151    3
    3  151  175  176    3
    3  151  176  152    3
    3  152  176  177    3
    3  152  177  153    3
    3  153  177  178    3
    3  153  178  154    3
    3  154  178  179    3
    3  154  179  155    3
    3  155  179  180    3
    3  155  180  156    3
    3  156  180  181    3
    3  156  181  157    3
    3  157  181  182    3
    3  157  182  158    3
    3  158  182  183    3
    3  158  183  159    3
    3  159  183  184    3
    3  159  184  160    3
    3  160  184  185    3
    3  160  185  161    3
    3  161  185  186    3
    3  161  186  162    3
    3  162  186  187    3
    3  162  187  163    3
    3  163  187  188    3
    3  163  188  164    3
    3  164  188  189    3
    3  164  189  165    3
    3  165  189  190    3
    3  165  190  166    3
    3  166  190  191    3
    3  166  191  167    3
    3  167  191  192    3
    3  167  192  168    3
    3  168  192  169    3
    3  168  169  145    3
    3  169  193  194    3
    3  169  194  170    3
    3  170  194  195    3
    3  170  195  171    3
    3  171  195  196    3
    3  171  196  172    3
    3  172  196  197    3
    3  172  197  173    3
    3  173  197  198    3
    3  173  198  174    3
    3  174  198  199    3
    3  174  199  175    3
    3  175  199  200    3
    3  175  200  176    3
    3  176  200  201    3
    3  176  201  177    3
    3  177  201  202    3
    3  177  202  178    3
    3  178  202  203    3
    3  178  203  179    3
    3  179  203  204    3
    3  179  204  180    3
    3  180  204  205    3
    3  180  205  181    3
    3  181  205  206    3
    3  181  206  182    3
    3  182  206  207    3
    3  182  207  183    3
    3  183  207  208    3
    3  183  208  184    3
    3  184  208  209    3
    3  184  209  185    3
    3  185  209  210    3
    3  185  210  186    3
    3  186  210  211    3
    3  186  211  187    3
    3  187  211  212    3
    3  187  212  188    3
    3  188  212  213    3
    3  188  213  189    3
    3  189  213  214    3
    3  189  214  190    3
    3  190  214  215    3
    3  190  215  191    3
    3  191  215  216    3
    3  191  216  192    3
    3  192  216  193    3
    3  192  193  169    3
    3  193  217  218    3
    3  193  218  194    3
    3  194  218  219    3
    3  194  219  195    3
    3  195  219  220    3
    3  195  220  196    3
    3  196  220  221    3
    3  196  221  197    3
    3  197  221  222    3
    3  197  222  198    3
    3  198  222  223    3
    3  198  223  199    3
    3  199  223  224    3
    3  199  224  200    3
    3  200  224  225    3
    3  200  225  201    3
    3  201  225  226    3
    3  201  226  202    3
    3  202  226  227    3
    3  202  227  203    3
    3  203  227  228    3
    3  203  228  204    3
    3  204  228  229    3
    3  204  229  205    3
    3  205  229  230    3
    3  205  230  206    3
    3  206  230  231    3
    3  206  231  207    3
    3  207  231  232    3
    3  207  232  208    3
    3  208  232  233    3
    3  208  233  209    3
    3  209  233  234    3
    3  209  234  210    3
    3  210  234  235    3
    3  210  235  211    3
    3  211  235  236    3
    3  211  236  212    3
    3  212  236  237    3
    3  212  237  213    3
    3  213  237  238    3
    3  213  238  214    3
    3  214  238  239    3
    3  214  239  215    3
    3  215  239  240    3
    3  215  240  216    3
    3  216  240  217    3
    3  216  217  193    3
    3  217  241  242    3
    3  217  242  218    3
    3  218  242  243    3
    3  218  243  219    3
    3  219  243  244    3
    3  219  244  220    3
    3  220  244  245    3
    3  220  245  221    3
    3  221  245  246    3
    3  221  246  222    3
    3  222  246  247    3
    3  222  247  223    3
    3  223  247  248    3
    3  223  248  224    3
    3  224  248  249    3
    3  224  249  225    3
    3  225  249  250    3
    3  225  250  226    3
    3  226  250  251    3
    3  226  251  227    3
    3  227  251  252    3
    3  227  252  228    3
    3  228  252  253    3
    3  228  253  229    3
    3  229  253  254    3
    3  229  254  230    3
    3  230  254  255    3
    3  230  255  231    3
    3  231  255  256    3
    3  231  256  232    3
    3  232  256  257    3
    3  232  257  233    3
    3  233  257  258    3
    3  233  258  234    3
    3  234  258  259    3
    3  234  259  235    3
    3  235  259  260    3
    3  235  260  236    3
    3  236  260  261    3
    3  236  261  237    3
    3  237  261  262    3
    3  237  262  238    3
    3  238  262  263    3
    3  238  263  239    3
    3  239  263  264    3
    3  239  264  240    3
    3  240  264  241    3
    3  240  241  217    3
    3  264  265  241    3
    3  264  266  265    3
    3  263  266  264    3
    3  263  267  266    3
    3  262  267  263    3
    3  262  268  267    3
    3  261  268  262    3
    3  261  269  268    3
    3  260  269  261    3
    3  260  270  269    3
    3  259  270  260    3
    3  259  271  270    3
    3  258  271  259    3
    3  258  272  271    3
    3  257  272  258    3
    3  257  273  272    3
    3  256  273  257    3
    3  256  274  273    3
    3  255  274  256    3
    3  255  275  274    3
    3  254  275  255    3
    3  254  276  275    3
    3  253  276  254    3
    3  253  277  276    3
    3  252  277  253    3
    3  252  278  277    3
    3  251  278  252    3
    3  251  279  278    3
    3  250  279  251    3
    3  250  280  279    3
    3  249  280  250    3
    3  249  281  280    3
    3  248  281  249    3
    3  248  282  281    3
    3  247  282  248    3
    3  247  283  282    3
    3  246  283  247    3
    3  246  284  283    3
    3  245  284  246    3
    3  245  285  284    3
    3  244  285  245    3
    3  244  286  285    3
    3  243  286  244    3
    3  243  287  286    3
    3  242  287  243    3
    3  242  288  287    3
    3  241  288  242    3
    3  241  265  288    3
    3  289  279  290    1
    3  291  288  292    1
    3  293  294  295    3
    3  296  275  276    1
    3  297  298  299    1
    3  300  301  302    1
    3  303  304  305    3
    3  292  306  307    1
    3  308  309  310    4
    3  300  293  301    1
    3  311  312  313    3
    3  290  314  315    1
    3  316  317  318    1
    3  319  320  321    3
    3  317  322  308    1
    3  286  323  285    1
    3  286  287  320    1
    3  298  297  293    1
    3  324  325  273    1
    3  326  271  272    1
    3  327  328  301    1
    3  329  326  330    1
    3  300  331  304    1
    3  332  282  302    1
    3  272  325  326    1
    3  296  276  316    1
    3  296  333  275    1
    3  324  334  325    1
    3  335  329  336    1
    3  315  328  337    1
    3  338  339  303    3
    3  334  340  341    4
    3  279  289  278    1
    3  274  275  333    1
    3  322  278  289    1
    3  342  343  344    3
    3  332  301  328    1
    3  314  290  280    1
    3  345  338  346    3
    3  324  333  334    1
    3  277  316  276    1
    3  266  267  335    1
    3  288  291  287    1
    3  347  348  349    3
    3  316  322  317    1
    3  297  350  351    4
    3  327  301  293    1
    3  283  331  302    1
    3  352  353  354    4
    3  326  269  270    1
    3  332  302  301    1
    3  355  299  298    1
    3  312  356  357    3
    3  330  355  329    1
    3  336  306  335    1
    3  271  326  270    1
    3  358  359  360    4
    3  298  361  362    3
    3  283  302  282    1
    3  336  329  355    1
    3  326  363  330    1
    3  265  292  288    1
    3  300  364  365    3
    3  366  367  368    4
    3  333  318  334    1
    3  369  361  370    3
    3  327  293  297    1
    3  278  322  277    1
    3  320  291  356    3
    3  371  285  323    1
    3  363  325  334    1
    3  371  331  284    1
    3  364  339  349    3
    3  268  335  267    1
    3  372  363  373    4
    3  280  290  279    1
    3  266  306  265    1
    3  316  277  322    1
    3  328  315  314    1
    3  308  315  367    1
    3  355  330  372    1
    3  327  297  337    1
    3  280  281  314    1
    3  374  340  375    4
    3  296  316  318    1
    3  352  376  377    4
    3  355  307  336    1
    3  292  343  378    3
    3  326  325  363    1
    3  320  287  291    1
    3  345  319  379    3
    3  380  372  381    4
    3  358  366  382    4
    3  268  329  335    1
    3  273  274  324    1
    3  336  307  306    1
    3  265  306  292    1
    3  296  318  333    1
    3  383  374  384    4
    3  329  268  269    1
    3  385  373  386    4
    3  333  324  274    1
    3  283  284  331    1
    3  298  307  355    1
    3  299  353  387    4
    3  308  289  315    1
    3  273  325  272    1
    3  327  337  328    1
    3  388  376  389    4
    3  314  332  328    1
    3  281  282  332    1
    3  315  289  290    1
    3  363  372  330    1
    3  355  372  299    1
    3  285  371  284    1
    3  314  281  332    1
    3  269  326  329    1
    3  369  347  311    3
    3  266  335  306    1
    3  286  320  323    1
    3  308  322  289    1
    3  300  302  331    1
    3  343  390  313    3
    3  292  307  344    3
    3  298  348  370    3
    3  361  390  342    3
    3  343  342  390    3
    3  342  307  362    3
    3  347  369  348    3
    3  361  369  390    3
    3  369  311  390    3
    3  312  311  347    3
    3  311  313  390    3
    3  313  312  378    3
    3  298  362  307    3
    3  342  362  361    3
    3  342  344  307    3
    3  292  344  343    3
    3  369  370  348    3
    3  298  370  361    3
    3  292  378  312    3
    3  313  378  343    3
    3  334  318  375    4
    3  340  391  388    4
    3  318  317  384    4
    3  340  374  391    4
    3  352  385  389    4
    3  376  391  359    4
    3  376  388  391    4
    3  388  385  341    4
    3  359  391  383    4
    3  359  358  377    4
    3  374  383  391    4
    3  383  317  360    4
    3  374  375  318    4
    3  334  375  340    4
    3  334  341  385    4
    3  388  341  340    4
    3  388  389  385    4
    3  352  389  376    4
    3  352  377  358    4
    3  359  377  376    4
    3  358  360  317    4
    3  383  360  359    4
    3  383  384  317    4
    3  318  384  374    4
    3  367  358  309    4
    3  315  337  368    1
    3  353  352  350    4
    3  353  299  380    4
    3  372  380  299    4
    3  380  385  354    4
    3  350  352  392    4
    3  350  297  387    4
    3  366  337  392    4
    3  367  366  358    4
    3  363  334  386    4
    3  373  385  381    4
    3  392  337  351    4
    3  392  352  382    4
    3  380  381  385    4
    3  373  381  372    4
    3  358  317  310    4
    3  367  309  308    4
    3  385  386  334    4
    3  363  386  373    4
    3  366  368  337    4
    3  315  368  367    1
    3  299  387  297    4
    3  350  387  353    4
    3  352  354  385    4
    3  380  354  353    4
    3  358  382  352    4
    3  392  382  366    4
    3  297  351  337    4
    3  392  351  350    4
    3  308  310  317    4
    3  358  310  309    4
    3  312  347  379    3
    3  320  319  323    3
    3  371  323  346    3
    3  338  347  393    3
    3  364  300  394    3
    3  364  348  294    3
    3  319  345  323    3
    3  338  345  347    3
    3  348  298  295    3
    3  294  293  365    3
    3  304  339  394    3
    3  331  371  305    1
    3  364  349  348    3
    3  349  339  393    3
    3  338  393  339    3
    3  349  393  347    3
    3  338  303  371    3
    3  304  303  339    3
    3  356  312  321    3
    3  291  292  357    3
    3  364  394  339    3
    3  304  394  300    3
    3  319  321  312    3
    3  356  321  320    3
    3  293  295  298    3
    3  348  295  294    3
    3  312  357  292    3
    3  291  357  356    3
    3  345  346  323    3
    3  371  346  338    3
    3  303  305  371    3
    3  331  305  304    1
    3  345  379  347    3
    3  312  379  319    3
    3  300  365  293    3
    3  294  365  364    3
C Prescribed Values(Inlet, Outlet), InteractionSurface(Inlet, Outlet)
       3        1        0        2        2        2
C Inlet Velocity
C     Vx,           Vy,            Vz,    indVx,indVy,indVz, FunID (3E18.9, 4I5)
   0.000000000e+00   1.000000000e+00   0.000000000e+00    1    0    1    4
C Inlet Pressure, FunID (E18.9,I5)
   1.000000000e+00    3
C Outlet Pressure (E18.9,I5)
   1.000000000e+00    2
C Inlet Velocity
C nNodeID,    Vx,           Vy,            Vz (I5, 3E18.9)
  265
    1  -1.200000000e+00  -2.000000000e+00   1.300000000e+00
    2  -1.100000000e+00  -2.000000000e+00   3.000000000e-01
    3  -9.000000000e-01  -2.000000000e+00  -2.000000000e-01
    4  -9.000000000e-01  -2.000000000e+00   4.000000000e-01
    5  -1.100000000e+00  -2.000000000e+00   1.200000000e+00
    6  -1.800000000e+00  -2.000000000e+00   1.600000000e+00
    7  -2.200000000e+00  -2.000000000e+00   1.500000000e+00
    8  -1.700000000e+00  -2.000000000e+00   1.000000000e+00
    9  -9.000000000e-01  -2.000000000e+00   8.000000000e-01
   10  -2.000000000e-01  -2.000000000e+00   9.000000000e-01
   11   1.000000000e-01  -2.000000000e+00   1.200000000e+00
   12  -1.000000000e-01  -2.000000000e+00   1.500000000e+00
   13  -2.000000000e-01  -2.000000000e+00   1.600000000e+00
   14  -5.000000000e-01  -2.000000000e+00   1.800000000e+00
   15  -8.000000000e-01  -2.000000000e+00   1.800000000e+00
   16  -1.000000000e+00  -2.000000000e+00   1.900000000e+00
   17  -1.500000000e+00  -2.000000000e+00   2.200000000e+00
   18  -2.300000000e+00  -2.000000000e+00   2.400000000e+00
   19  -3.000000000e+00  -2.000000000e+00   2.200000000e+00
   20  -3.100000000e+00  -2.000000000e+00   1.500000000e+00
   21  -2.200000000e+00  -2.000000000e+00   9.000000000e-01
   22  -1.200000000e+00  -2.000000000e+00   8.000000000e-01
   23  -8.000000000e-01  -2.000000000e+00   9.000000000e-01
   24  -7.000000000e-01  -2.000000000e+00   1.000000000e+00
   25  -9.000000000e-01  -2.000000000e+00   1.000000000e+00
   26  -1.000000000e+00  -2.000000000e+00   8.000000000e-01
   27  -9.000000000e-01  -2.000000000e+00   4.000000000e-01
   28  -1.000000000e+00  -2.000000000e+00   1.000000000e+00
   29  -1.300000000e+00  -2.000000000e+00   1.600000000e+00
   30  -1.900000000e+00  -2.000000000e+00   2.000000000e+00
   31  -2.300000000e+00  -2.000000000e+00   1.700000000e+00
   32  -1.800000000e+00  -2.000000000e+00   1.100000000e+00
   33  -1.000000000e+00  -2.000000000e+00   9.000000000e-01
   34  -1.000000000e-01  -2.000000000e+00   1.100000000e+00
   35   2.000000000e-01  -2.000000000e+00   1.500000000e+00
   36   0.000000000e+00  -2.000000000e+00   1.800000000e+00
   37  -1.000000000e-01  -2.000000000e+00   2.000000000e+00
   38  -3.000000000e-01  -2.000000000e+00   2.200000000e+00
   39  -7.000000000e-01  -2.000000000e+00   2.500000000e+00
   40  -1.100000000e+00  -2.000000000e+00   2.400000000e+00
   41  -1.500000000e+00  -2.000000000e+00   2.400000000e+00
   42  -2.200000000e+00  -2.000000000e+00   2.600000000e+00
   43  -2.700000000e+00  -2.000000000e+00   2.200000000e+00
   44  -2.800000000e+00  -2.000000000e+00   1.600000000e+00
   45  -2.200000000e+00  -2.000000000e+00   1.200000000e+00
   46  -1.400000000e+00  -2.000000000e+00   1.000000000e+00
   47  -1.000000000e+00  -2.000000000e+00   1.100000000e+00
   48  -8.000000000e-01  -2.000000000e+00   1.300000000e+00
   49  -8.000000000e-01  -2.000000000e+00   1.300000000e+00
   50  -1.100000000e+00  -1.400000000e+00   8.000000000e-01
   51  -9.000000000e-01  -1.400000000e+00   3.000000000e-01
   52  -8.000000000e-01  -1.400000000e+00   1.000000000e+00
   53  -1.200000000e+00  -1.400000000e+00   1.900000000e+00
   54  -1.900000000e+00  -1.400000000e+00   2.300000000e+00
   55  -2.300000000e+00  -1.400000000e+00   2.100000000e+00
   56  -2.000000000e+00  -1.400000000e+00   1.500000000e+00
   57  -1.200000000e+00  -1.400000000e+00   1.200000000e+00
   58  -2.000000000e-01  -1.400000000e+00   1.400000000e+00
   59   3.000000000e-01  -1.400000000e+00   1.700000000e+00
   60   1.000000000e-01  -1.400000000e+00   2.000000000e+00
   61   0.000000000e+00  -1.400000000e+00   2.400000000e+00
   62  -2.000000000e-01  -1.400000000e+00   2.900000000e+00
   63  -6.000000000e-01  -1.400000000e+00   3.400000000e+00
   64  -1.100000000e+00  -1.400000000e+00   3.300000000e+00
   65  -1.700000000e+00  -1.400000000e+00   3.400000000e+00
   66  -2.500000000e+00  -1.400000000e+00   3.400000000e+00
   67  -3.100000000e+00  -1.400000000e+00   2.900000000e+00
   68  -3.100000000e+00  -1.400000000e+00   2.100000000e+00
   69  -1.700000000e+00  -1.400000000e+00   1.500000000e+00
   70  -3.000000000e-01  -1.400000000e+00   1.600000000e+00
   71   1.000000000e-01  -1.400000000e+00   2.000000000e+00
   72   0.000000000e+00  -1.400000000e+00   2.300000000e+00
   73  -4.000000000e-01  -1.400000000e+00   2.100000000e+00
   74  -1.000000000e+00  -1.200000000e+00   4.000000000e-01
   75  -7.000000000e-01  -1.200000000e+00  -1.000000000e-01
   76  -5.000000000e-01  -1.200000000e+00   7.000000000e-01
   77  -8.000000000e-01  -1.200000000e+00   1.500000000e+00
   78  -1.400000000e+00  -1.200000000e+00   2.000000000e+00
   79  -1.700000000e+00  -1.200000000e+00   1.900000000e+00
   80  -1.500000000e+00  -1.200000000e+00   1.500000000e+00
   81  -8.000000000e-01  -1.200000000e+00   1.300000000e+00
   82   0.000000000e+00  -1.200000000e+00   1.400000000e+00
   83   4.000000000e-01  -1.200000000e+00   1.800000000e+00
   84   3.000000000e-01  -1.200000000e+00   2.000000000e+00
   85   4.000000000e-01  -1.200000000e+00   2.600000000e+00
   86   2.000000000e-01  -1.200000000e+00   3.500000000e+00
   87  -3.000000000e-01  -1.200000000e+00   4.000000000e+00
   88  -1.000000000e+00  -1.200000000e+00   4.100000000e+00
   89  -1.800000000e+00  -1.200000000e+00   3.900000000e+00
   90  -2.600000000e+00  -1.200000000e+00   3.700000000e+00
   91  -3.000000000e+00  -1.200000000e+00   3.100000000e+00
   92  -2.900000000e+00  -1.200000000e+00   2.300000000e+00
   93  -1.200000000e+00  -1.200000000e+00   1.600000000e+00
   94   4.000000000e-01  -1.200000000e+00   1.800000000e+00
   95   8.000000000e-01  -1.200000000e+00   2.300000000e+00
   96   5.000000000e-01  -1.200000000e+00   2.700000000e+00
   97  -2.000000000e-01  -1.200000000e+00   2.200000000e+00
   98  -9.000000000e-01  -1.200000000e+00   3.000000000e-01
   99  -6.000000000e-01  -1.200000000e+00  -1.000000000e-01
  100  -3.000000000e-01  -1.200000000e+00   5.000000000e-01
  101  -6.000000000e-01  -1.200000000e+00   1.300000000e+00
  102  -1.000000000e+00  -1.200000000e+00   1.700000000e+00
  103  -1.200000000e+00  -1.200000000e+00   1.700000000e+00
  104  -1.000000000e+00  -1.200000000e+00   1.400000000e+00
  105  -4.000000000e-01  -1.200000000e+00   1.200000000e+00
  106   4.000000000e-01  -1.200000000e+00   1.400000000e+00
  107   8.000000000e-01  -1.200000000e+00   1.800000000e+00
  108   6.000000000e-01  -1.200000000e+00   2.100000000e+00
  109   7.000000000e-01  -1.200000000e+00   2.800000000e+00
  110   5.000000000e-01  -1.200000000e+00   3.600000000e+00
  111  -2.000000000e-01  -1.200000000e+00   4.200000000e+00
  112  -9.000000000e-01  -1.200000000e+00   4.300000000e+00
  113  -1.600000000e+00  -1.200000000e+00   4.000000000e+00
  114  -2.400000000e+00  -1.200000000e+00   3.600000000e+00
  115  -2.800000000e+00  -1.200000000e+00   2.900000000e+00
  116  -2.600000000e+00  -1.200000000e+00   2.200000000e+00
  117  -1.200000000e+00  -1.200000000e+00   1.600000000e+00
  118   3.000000000e-01  -1.200000000e+00   1.700000000e+00
  119   6.000000000e-01  -1.200000000e+00   2.100000000e+00
  120   4.000000000e-01  -1.200000000e+00   2.400000000e+00
  121  -4.000000000e-01  -1.200000000e+00   1.900000000e+00
  122  -1.200000000e+00  -1.100000000e+00  -7.000000000e-01
  123  -7.000000000e-01  -1.100000000e+00  -1.100000000e+00
  124  -4.000000000e-01  -1.100000000e+00   0.000000000e+00
  125  -7.000000000e-01  -1.100000000e+00   1.100000000e+00
  126  -1.400000000e+00  -1.100000000e+00   1.800000000e+00
  127  -1.800000000e+00  -1.100000000e+00   1.800000000e+00
  128  -1.600000000e+00  -1.100000000e+00   1.300000000e+00
  129  -7.000000000e-01  -1.100000000e+00   1.000000000e+00
  130   3.000000000e-01  -1.100000000e+00   1.200000000e+00
  131   8.000000000e-01  -1.100000000e+00   1.700000000e+00
  132   8.000000000e-01  -1.100000000e+00   2.100000000e+00
  133   6.000000000e-01  -1.100000000e+00   2.700000000e+00
  134   3.000000000e-01  -1.100000000e+00   3.400000000e+00
  135  -3.000000000e-01  -1.100000000e+00   3.900000000e+00
  136  -1.000000000e+00  -1.100000000e+00   3.900000000e+00
  137  -1.600000000e+00  -1.100000000e+00   3.700000000e+00
  138  -2.400000000e+00  -1.100000000e+00   3.300000000e+00
  139  -2.800000000e+00  -1.100000000e+00   2.600000000e+00
  140  -2.600000000e+00  -1.100000000e+00   2.000000000e+00
  141  -1.200000000e+00  -1.100000000e+00   1.400000000e+00
  142   2.000000000e-01  -1.100000000e+00   1.600000000e+00
  143   4.000000000e-01  -1.100000000e+00   1.900000000e+00
  144   1.000000000e-01  -1.100000000e+00   2.100000000e+00
  145  -6.000000000e-01  -1.100000000e+00   1.300000000e+00
  146  -1.300000000e+00  -1.000000000e+00  -3.000000000e-01
  147  -1.000000000e+00  -1.000000000e+00  -1.000000000e+00
  148  -6.000000000e-01  -1.000000000e+00   0.000000000e+00
  149  -8.000000000e-01  -1.000000000e+00   5.000000000e-01
  150  -1.100000000e+00  -1.000000000e+00   1.000000000e+00
  151  -1.400000000e+00  -1.000000000e+00   1.100000000e+00
  152  -1.200000000e+00  -1.000000000e+00   8.000000000e-01
  153  -8.000000000e-01  -1.000000000e+00   7.000000000e-01
  154  -3.000000000e-01  -1.000000000e+00   9.000000000e-01
  155  -1.000000000e-01  -1.000000000e+00   1.100000000e+00
  156  -1.000000000e-01  -1.000000000e+00   1.200000000e+00
  157  -1.000000000e-01  -1.000000000e+00   1.600000000e+00
  158  -1.000000000e-01  -1.000000000e+00   2.200000000e+00
  159  -5.000000000e-01  -1.000000000e+00   2.700000000e+00
  160  -1.000000000e+00  -1.000000000e+00   3.000000000e+00
  161  -1.700000000e+00  -1.000000000e+00   3.200000000e+00
  162  -2.900000000e+00  -1.000000000e+00   3.400000000e+00
  163  -3.500000000e+00  -1.000000000e+00   2.800000000e+00
  164  -3.400000000e+00  -1.000000000e+00   1.900000000e+00
  165  -1.700000000e+00  -1.000000000e+00   1.100000000e+00
  166  -1.000000000e-01  -1.000000000e+00   1.400000000e+00
  167   2.000000000e-01  -1.000000000e+00   1.700000000e+00
  168   0.000000000e+00  -1.000000000e+00   2.000000000e+00
  169  -7.000000000e-01  -1.000000000e+00   1.400000000e+00
  170  -1.200000000e+00  -9.000000000e-01   1.100000000e+00
  171  -1.200000000e+00  -9.000000000e-01   1.000000000e+00
  172  -1.100000000e+00  -9.000000000e-01   1.000000000e+00
  173  -1.300000000e+00  -9.000000000e-01   1.000000000e+00
  174  -1.600000000e+00  -9.000000000e-01   2.000000000e+00
  175  -1.900000000e+00  -9.000000000e-01   1.600000000e+00
  176  -1.600000000e+00  -9.000000000e-01   1.100000000e+00
  177  -1.000000000e+00  -9.000000000e-01   9.000000000e-01
  178  -3.000000000e-01  -9.000000000e-01   1.100000000e+00
  179   0.000000000e+00  -9.000000000e-01   1.400000000e+00
  180  -1.000000000e-01  -9.000000000e-01   1.600000000e+00
  181  -3.000000000e-01  -9.000000000e-01   1.700000000e+00
  182  -4.000000000e-01  -9.000000000e-01   2.000000000e+00
  183  -7.000000000e-01  -9.000000000e-01   2.300000000e+00
  184  -1.000000000e+00  -9.000000000e-01   2.500000000e+00
  185  -1.700000000e+00  -9.000000000e-01   2.900000000e+00
  186  -2.900000000e+00  -9.000000000e-01   3.500000000e+00
  187  -3.700000000e+00  -9.000000000e-01   3.100000000e+00
  188  -3.600000000e+00  -9.000000000e-01   2.100000000e+00
  189  -1.900000000e+00  -9.000000000e-01   1.400000000e+00
  190  -7.000000000e-01  -9.000000000e-01   1.400000000e+00
  191  -4.000000000e-01  -9.000000000e-01   1.700000000e+00
  192  -4.000000000e-01  -9.000000000e-01   2.000000000e+00
  193  -7.000000000e-01  -9.000000000e-01   2.000000000e+00
  194  -1.600000000e+00  -8.000000000e-01   1.000000000e+00
  195  -1.600000000e+00  -8.000000000e-01   1.000000000e+00
  196  -1.500000000e+00  -8.000000000e-01   1.000000000e+00
  197  -1.500000000e+00  -8.000000000e-01   1.000000000e+00
  198  -1.500000000e+00  -8.000000000e-01   1.000000000e+00
  199  -1.600000000e+00  -8.000000000e-01   1.000000000e+00
  200  -1.500000000e+00  -8.000000000e-01   1.000000000e+00
  201  -1.400000000e+00  -8.000000000e-01   1.000000000e+00
  202  -1.100000000e+00  -8.000000000e-01   1.000000000e+00
  203  -1.000000000e+00  -8.000000000e-01   1.100000000e+00
  204  -1.000000000e+00  -8.000000000e-01   1.100000000e+00
  205  -9.000000000e-01  -8.000000000e-01   1.400000000e+00
  206  -8.000000000e-01  -8.000000000e-01   1.900000000e+00
  207  -1.000000000e+00  -8.000000000e-01   2.500000000e+00
  208  -1.400000000e+00  -8.000000000e-01   2.900000000e+00
  209  -2.200000000e+00  -8.000000000e-01   3.200000000e+00
  210  -3.800000000e+00  -8.000000000e-01   4.100000000e+00
  211  -4.900000000e+00  -8.000000000e-01   3.500000000e+00
  212  -4.700000000e+00  -8.000000000e-01   2.400000000e+00
  213  -2.600000000e+00  -8.000000000e-01   1.400000000e+00
  214  -1.300000000e+00  -8.000000000e-01   1.400000000e+00
  215  -8.000000000e-01  -8.000000000e-01   1.700000000e+00
  216  -6.000000000e-01  -8.000000000e-01   2.100000000e+00
  217  -1.000000000e+00  -8.000000000e-01   2.200000000e+00
  218  -1.600000000e+00  -7.000000000e-01   1.000000000e+00
  219  -1.400000000e+00  -7.000000000e-01   1.000000000e+00
  220  -1.300000000e+00  -7.000000000e-01   1.000000000e+00
  221  -1.100000000e+00  -7.000000000e-01   1.000000000e+00
  222  -1.100000000e+00  -7.000000000e-01   1.000000000e+00
  223  -1.100000000e+00  -7.000000000e-01   1.000000000e+00
  224  -1.100000000e+00  -7.000000000e-01   1.000000000e+00
  225  -9.000000000e-01  -7.000000000e-01   1.000000000e+00
  226  -8.000000000e-01  -7.000000000e-01   1.100000000e+00
  227  -6.000000000e-01  -7.000000000e-01   1.300000000e+00
  228  -1.000000000e+00  -7.000000000e-01   1.400000000e+00
  229  -6.000000000e-01  -7.000000000e-01   1.800000000e+00
  230  -5.000000000e-01  -7.000000000e-01   2.700000000e+00
  231  -9.000000000e-01  -7.000000000e-01   3.600000000e+00
  232  -1.600000000e+00  -7.000000000e-01   3.900000000e+00
  233  -2.300000000e+00  -7.000000000e-01   3.800000000e+00
  234  -3.600000000e+00  -7.000000000e-01   4.200000000e+00
  235  -4.700000000e+00  -7.000000000e-01   3.600000000e+00
  236  -4.500000000e+00  -7.000000000e-01   2.500000000e+00
  237  -2.600000000e+00  -7.000000000e-01   1.500000000e+00
  238  -1.400000000e+00  -7.000000000e-01   1.500000000e+00
  239  -9.000000000e-01  -7.000000000e-01   1.800000000e+00
  240  -6.000000000e-01  -7.000000000e-01   2.200000000e+00
  241  -1.000000000e+00  -7.000000000e-01   2.100000000e+00
  242  -1.700000000e+00  -7.000000000e-01   1.000000000e+00
  243  -1.600000000e+00  -7.000000000e-01   1.000000000e+00
  244  -1.600000000e+00  -7.000000000e-01   1.000000000e+00
  245  -1.700000000e+00  -7.000000000e-01   1.000000000e+00
  246  -1.900000000e+00  -7.000000000e-01   2.000000000e+00
  247  -2.200000000e+00  -7.000000000e-01   2.000000000e+00
  248  -2.100000000e+00  -7.000000000e-01   1.000000000e+00
  249  -2.000000000e+00  -7.000000000e-01   1.200000000e+00
  250  -1.000000000e+00  -7.000000000e-01   1.100000000e+00
  251  -1.000000000e+00  -7.000000000e-01   1.300000000e+00
  252  -1.000000000e+00  -7.000000000e-01   1.300000000e+00
  253  -1.000000000e+00  -7.000000000e-01   1.600000000e+00
  254  -8.000000000e-01  -7.000000000e-01   2.600000000e+00
  255  -1.000000000e+00  -7.000000000e-01   3.500000000e+00
  256  -1.800000000e+00  -7.000000000e-01   4.000000000e+00
  257  -2.300000000e+00  -7.000000000e-01   3.600000000e+00
  258  -3.400000000e+00  -7.000000000e-01   3.800000000e+00
  259  -4.500000000e+00  -7.000000000e-01   3.500000000e+00
  260  -4.600000000e+00  -7.000000000e-01   2.600000000e+00
  261  -2.600000000e+00  -7.000000000e-01   1.700000000e+00
  262  -1.300000000e+00  -7.000000000e-01   1.700000000e+00
  263  -7.000000000e-01  -7.000000000e-01   2.100000000e+00
  264  -5.000000000e-01  -7.000000000e-01   2.600000000e+00
  265  -1.000000000e+00  -7.000000000e-01   3.000000000e+00
C Region List
