C PointsNum,MaxElemVol,TetGenParams,nAtrib,IndMov,MDMaxVolume,MDomDiv,MDOnly,MDDivF,MDPrescP
  395    1.000000e+00 YYpznno2q1.414a     0     0    1.000000e+00     1     0     0     0     0     0 YYpznno2q1.414a
  -1.422148000e-01  -8.410570000e+00   2.181900000e-02
   1.308771000e-01  -7.943820000e+00   1.014984000e+00
  -1.364590000e-01  -7.943820000e+00   1.046048000e+00
  -3.898280000e-01  -7.943820000e+00   9.642330000e-01
  -6.042570000e-01  -7.943820000e+00   8.232300000e-01
  -7.794580000e-01  -7.943820000e+00   6.488930000e-01
  -9.128340000e-01  -7.943820000e+00   4.484290000e-01
  -1.003789000e+00  -7.943820000e+00   2.240960000e-01
  -1.053068000e+00  -7.943820000e+00  -1.778800000e-02
  -1.048557000e+00  -7.943820000e+00  -2.747610000e-01
  -9.670870000e-01  -7.943820000e+00  -5.268680000e-01
  -7.925420000e-01  -7.943820000e+00  -7.287370000e-01
  -5.637010000e-01  -7.943820000e+00  -8.605250000e-01
  -3.161229000e-01  -7.943820000e+00  -9.303890000e-01
  -6.444800000e-02  -7.943820000e+00  -9.438340000e-01
   1.743440000e-01  -7.943820000e+00  -8.743610000e-01
   3.584660000e-01  -7.943820000e+00  -7.144930000e-01
   4.905370000e-01  -7.943820000e+00  -5.328660000e-01
   5.917250000e-01  -7.943820000e+00  -3.504650000e-01
   6.611810000e-01  -7.943820000e+00  -1.579040000e-01
   6.914040000e-01  -7.943820000e+00   4.509800000e-02
   6.799050000e-01  -7.943820000e+00   2.552130000e-01
   6.061650000e-01  -7.943820000e+00   4.573840000e-01
   4.957470000e-01  -7.943820000e+00   6.560700000e-01
   3.456420000e-01  -7.943820000e+00   8.539680000e-01
   1.439166000e-01  -7.476070000e+00   1.370310000e+00
  -2.184520000e-01  -7.476070000e+00   1.393125000e+00
  -5.506990000e-01  -7.476070000e+00   1.253763000e+00
  -8.204050000e-01  -7.476070000e+00   1.047935000e+00
  -1.037928000e+00  -7.476070000e+00   8.166800000e-01
  -1.213520000e+00  -7.476070000e+00   5.623960000e-01
  -1.360600000e+00  -7.476070000e+00   2.826132000e-01
  -1.482030000e+00  -7.476070000e+00  -3.901500000e-02
  -1.544650000e+00  -7.476070000e+00  -4.128790000e-01
  -1.457598000e+00  -7.476070000e+00  -7.989010000e-01
  -1.183129000e+00  -7.476070000e+00  -1.081340000e+00
  -8.227920000e-01  -7.476070000e+00  -1.224840000e+00
  -4.630834000e-01  -7.476070000e+00  -1.272650000e+00
  -1.238710000e-01  -7.476070000e+00  -1.259470000e+00
   1.905210000e-01  -7.476070000e+00  -1.162909000e+00
   4.279010000e-01  -7.476070000e+00  -9.443710000e-01
   5.947500000e-01  -7.476070000e+00  -7.019380000e-01
   7.231340000e-01  -7.476070000e+00  -4.642580000e-01
   8.199860000e-01  -7.476070000e+00  -2.183868000e-01
   8.712410000e-01  -7.476070000e+00   4.620300000e-02
   8.741710000e-01  -7.476070000e+00   3.293610000e-01
   7.816970000e-01  -7.476070000e+00   6.043930000e-01
   6.365450000e-01  -7.476070000e+00   8.747270000e-01
   4.359450000e-01  -7.476070000e+00   1.150034000e+00
   1.307290000e-01  -7.009310000e+00   1.593160000e+00
  -2.939520000e-01  -7.009310000e+00   1.612930000e+00
  -6.847170000e-01  -7.009310000e+00   1.461374000e+00
  -1.007431000e+00  -7.009310000e+00   1.230688000e+00
  -1.270160000e+00  -7.009310000e+00   9.608940000e-01
  -1.479030000e+00  -7.009310000e+00   6.580600000e-01
  -1.657430000e+00  -7.009310000e+00   3.255288000e-01
  -1.804910000e+00  -7.009310000e+00  -5.731900000e-02
  -1.880080000e+00  -7.009310000e+00  -5.055190000e-01
  -1.778860000e+00  -7.009310000e+00  -9.670640000e-01
  -1.450643000e+00  -7.009310000e+00  -1.306050000e+00
  -1.017412000e+00  -7.009310000e+00  -1.475200000e+00
  -5.872710000e-01  -7.009310000e+00  -1.529670000e+00
  -1.820850000e-01  -7.009310000e+00  -1.510310000e+00
   1.923810000e-01  -7.009310000e+00  -1.398105000e+00
   4.659140000e-01  -7.009310000e+00  -1.120656000e+00
   6.452660000e-01  -7.009310000e+00  -8.212660000e-01
   7.818670000e-01  -7.009310000e+00  -5.411500000e-01
   8.871260000e-01  -7.009310000e+00  -2.594712000e-01
   9.470710000e-01  -7.009310000e+00   4.161700000e-02
   9.521910000e-01  -7.009310000e+00   3.631430000e-01
   8.500120000e-01  -7.009310000e+00   6.798120000e-01
   6.944670000e-01  -7.009310000e+00   9.993000000e-01
   4.713980000e-01  -7.009310000e+00   1.333800000e+00
   9.109400000e-02  -6.541560000e+00   1.745210000e+00
  -3.747960000e-01  -6.541560000e+00   1.768460000e+00
  -8.150470000e-01  -6.541560000e+00   1.638660000e+00
  -1.199810000e+00  -6.541560000e+00   1.415637000e+00
  -1.522090000e+00  -6.541560000e+00   1.124342000e+00
  -1.769580000e+00  -6.541560000e+00   7.715060000e-01
  -1.965380000e+00  -6.541560000e+00   3.777276000e-01
  -2.109640000e+00  -6.541560000e+00  -6.684700000e-02
  -2.161630000e+00  -6.541560000e+00  -5.702860000e-01
  -2.032090000e+00  -6.541560000e+00  -1.080460000e+00
  -1.672030000e+00  -6.541560000e+00  -1.464750000e+00
  -1.190791000e+00  -6.541560000e+00  -1.660720000e+00
  -7.069060000e-01  -6.541560000e+00  -1.725640000e+00
  -2.494300000e-01  -6.541560000e+00  -1.704400000e+00
   1.741550000e-01  -6.541560000e+00  -1.582250000e+00
   4.728320000e-01  -6.541560000e+00  -1.254010000e+00
   6.534680000e-01  -6.541560000e+00  -8.995840000e-01
   7.860970000e-01  -6.541560000e+00  -5.846180000e-01
   8.989920000e-01  -6.541560000e+00  -2.802724000e-01
   9.705360000e-01  -6.541560000e+00   4.365700000e-02
   9.838740000e-01  -6.541560000e+00   3.948790000e-01
   8.776160000e-01  -6.541560000e+00   7.422490000e-01
   7.146960000e-01  -6.541560000e+00   1.099710000e+00
   4.719540000e-01  -6.541560000e+00   1.472800000e+00
   5.079500000e-02  -6.074800000e+00   1.903060000e+00
  -4.525600000e-01  -6.074800000e+00   1.931910000e+00
  -9.384370000e-01  -6.074800000e+00   1.821890000e+00
  -1.381770000e+00  -6.074800000e+00   1.607361000e+00
  -1.762770000e+00  -6.074800000e+00   1.296382000e+00
  -2.047940000e+00  -6.074800000e+00   8.958580000e-01
  -2.255730000e+00  -6.074800000e+00   4.428001000e-01
  -2.388890000e+00  -6.074800000e+00  -5.954700000e-02
  -2.415990000e+00  -6.074800000e+00  -6.112160000e-01
  -2.259810000e+00  -6.074800000e+00  -1.162810000e+00
  -1.870990000e+00  -6.074800000e+00  -1.585390000e+00
  -1.345682000e+00  -6.074800000e+00  -1.800810000e+00
  -8.152050000e-01  -6.074800000e+00  -1.867370000e+00
  -3.169680000e-01  -6.074800000e+00  -1.838200000e+00
   1.455170000e-01  -6.074800000e+00  -1.710170000e+00
   4.655360000e-01  -6.074800000e+00  -1.342940000e+00
   6.440970000e-01  -6.074800000e+00  -9.428540000e-01
   7.725120000e-01  -6.074800000e+00  -6.008530000e-01
   8.910680000e-01  -6.074800000e+00  -2.801999000e-01
   9.819090000e-01  -6.074800000e+00   6.200600000e-02
   1.014697000e+00  -6.074800000e+00   4.423950000e-01
   9.034360000e-01  -6.074800000e+00   8.194410000e-01
   7.333280000e-01  -6.074800000e+00   1.213280000e+00
   4.698210000e-01  -6.074800000e+00   1.622470000e+00
   2.716100000e-02  -5.607050000e+00   2.042360000e+00
  -5.102700000e-01  -5.607050000e+00   2.072020000e+00
  -1.030110000e+00  -5.607050000e+00   1.957090000e+00
  -1.505750000e+00  -5.607050000e+00   1.729486000e+00
  -1.916280000e+00  -5.607050000e+00   1.399312000e+00
  -2.225130000e+00  -5.607050000e+00   9.701110000e-01
  -2.452210000e+00  -5.607050000e+00   4.855741000e-01
  -2.603890000e+00  -5.607050000e+00  -5.622000000e-02
  -2.641590000e+00  -5.607050000e+00  -6.543500000e-01
  -2.478430000e+00  -5.607050000e+00  -1.256020000e+00
  -2.049250000e+00  -5.607050000e+00  -1.710450000e+00
  -1.465796000e+00  -5.607050000e+00  -1.919080000e+00
  -8.928390000e-01  -5.607050000e+00  -1.961270000e+00
  -3.665400000e-01  -5.607050000e+00  -1.911720000e+00
   1.176600000e-01  -5.607050000e+00  -1.782900000e+00
   4.647640000e-01  -5.607050000e+00  -1.417030000e+00
   6.545960000e-01  -5.607050000e+00  -9.938700000e-01
   7.896100000e-01  -5.607050000e+00  -6.281370000e-01
   9.147430000e-01  -5.607050000e+00  -2.884259000e-01
   1.011371000e+00  -5.607050000e+00   7.432700000e-02
   1.037744000e+00  -5.607050000e+00   4.746150000e-01
   9.204040000e-01  -5.607050000e+00   8.718170000e-01
   7.494280000e-01  -5.607050000e+00   1.296310000e+00
   4.767446000e-01  -5.607050000e+00   1.743250000e+00
  -1.604000000e-03  -4.703630000e+00   2.344170000e+00
  -6.004260000e-01  -4.703630000e+00   2.389810000e+00
  -1.190000000e+00  -4.703630000e+00   2.287470000e+00
  -1.745710000e+00  -4.703630000e+00   2.058270000e+00
  -2.236240000e+00  -4.703630000e+00   1.696446000e+00
  -2.597890000e+00  -4.703630000e+00   1.200322000e+00
  -2.818560000e+00  -4.703630000e+00   6.261583000e-01
  -2.920340000e+00  -4.703630000e+00   1.114500000e-02
  -2.893450000e+00  -4.703630000e+00  -6.317300000e-01
  -2.686690000e+00  -4.703630000e+00  -1.260930000e+00
  -2.240530000e+00  -4.703630000e+00  -1.754320000e+00
  -1.621278000e+00  -4.703630000e+00  -1.982530000e+00
  -1.004604000e+00  -4.703630000e+00  -2.021040000e+00
  -4.435888000e-01  -4.703630000e+00  -1.960430000e+00
   7.254000000e-02  -4.703630000e+00  -1.826680000e+00
   4.498500000e-01  -4.703630000e+00  -1.447296000e+00
   6.456460000e-01  -4.703630000e+00  -9.855100000e-01
   7.857600000e-01  -4.703630000e+00  -5.936590000e-01
   9.252810000e-01  -4.703630000e+00  -2.338417000e-01
   1.053008000e+00  -4.703630000e+00   1.540440000e-01
   1.083447000e+00  -4.703630000e+00   5.886880000e-01
   9.612810000e-01  -4.703630000e+00   1.024043000e+00
   7.909780000e-01  -4.703630000e+00   1.503170000e+00
   4.986162900e-01  -4.703630000e+00   2.013440000e+00
  -1.815300000e-02  -3.799210000e+00   2.585100000e+00
  -6.609590000e-01  -3.799210000e+00   2.643100000e+00
  -1.299980000e+00  -3.799210000e+00   2.542090000e+00
  -1.906220000e+00  -3.799210000e+00   2.301630000e+00
  -2.444990000e+00  -3.799210000e+00   1.914959000e+00
  -2.838310000e+00  -3.799210000e+00   1.373271000e+00
  -3.044540000e+00  -3.799210000e+00   7.395661000e-01
  -3.096270000e+00  -3.799210000e+00   8.077400000e-02
  -3.011900000e+00  -3.799210000e+00  -5.764400000e-01
  -2.771050000e+00  -3.799210000e+00  -1.205330000e+00
  -2.327520000e+00  -3.799210000e+00  -1.714850000e+00
  -1.700200000e+00  -3.799210000e+00  -1.953790000e+00
  -1.069153000e+00  -3.799210000e+00  -1.990030000e+00
  -4.966358000e-01  -3.799210000e+00  -1.923100000e+00
   2.936200000e-02  -3.799210000e+00  -1.789070000e+00
   4.233120000e-01  -3.799210000e+00  -1.417900000e+00
   6.207290000e-01  -3.799210000e+00  -9.386660000e-01
   7.613270000e-01  -3.799210000e+00  -5.359530000e-01
   9.169830000e-01  -3.799210000e+00  -1.704339000e-01
   1.059012000e+00  -3.799210000e+00   2.306240000e-01
   1.063208000e+00  -3.799210000e+00   6.736060000e-01
   9.519370000e-01  -3.799210000e+00   1.126660000e+00
   7.981460000e-01  -3.799210000e+00   1.645350000e+00
   5.117498000e-01  -3.799210000e+00   2.216890000e+00
  -3.059700000e-02  -2.895800000e+00   2.739380000e+00
  -7.030400000e-01  -2.895800000e+00   2.814140000e+00
  -1.378120000e+00  -2.895800000e+00   2.723500000e+00
  -2.031750000e+00  -2.895800000e+00   2.485610000e+00
  -2.621220000e+00  -2.895800000e+00   2.092050000e+00
  -3.047390000e+00  -2.895800000e+00   1.517489000e+00
  -3.243530000e+00  -2.895800000e+00   8.254598000e-01
  -3.253860000e+00  -2.895800000e+00   1.248740000e-01
  -3.120750000e+00  -2.895800000e+00  -5.506500000e-01
  -2.845310000e+00  -2.895800000e+00  -1.180250000e+00
  -2.396030000e+00  -2.895800000e+00  -1.700020000e+00
  -1.756910000e+00  -2.895800000e+00  -1.943590000e+00
  -1.112597000e+00  -2.895800000e+00  -1.971180000e+00
  -5.329577000e-01  -2.895800000e+00  -1.894940000e+00
  -1.028000000e-03  -2.895800000e+00  -1.762580000e+00
   4.144200000e-01  -2.895800000e+00  -1.414560000e+00
   6.330360000e-01  -2.895800000e+00  -9.356920000e-01
   7.909280000e-01  -2.895800000e+00  -5.220050000e-01
   9.518160000e-01  -2.895800000e+00  -1.385402000e-01
   1.082447000e+00  -2.895800000e+00   2.811120000e-01
   1.063271000e+00  -2.895800000e+00   7.340300000e-01
   9.553320000e-01  -2.895800000e+00   1.200390000e+00
   8.067340000e-01  -2.895800000e+00   1.742720000e+00
   5.195627000e-01  -2.895800000e+00   2.348660000e+00
  -6.432600000e-02  -1.991380000e+00   2.811200000e+00
  -7.552400000e-01  -1.991380000e+00   2.889590000e+00
  -1.453650000e+00  -1.991380000e+00   2.805840000e+00
  -2.131030000e+00  -1.991380000e+00   2.568580000e+00
  -2.741820000e+00  -1.991380000e+00   2.159100000e+00
  -3.176740000e+00  -1.991380000e+00   1.554914000e+00
  -3.367190000e+00  -1.991380000e+00   8.398790000e-01
  -3.361510000e+00  -1.991380000e+00   1.195710000e-01
  -3.209080000e+00  -1.991380000e+00  -5.648800000e-01
  -2.919990000e+00  -1.991380000e+00  -1.198780000e+00
  -2.468350000e+00  -1.991380000e+00  -1.727770000e+00
  -1.827730000e+00  -1.991380000e+00  -1.985960000e+00
  -1.173326000e+00  -1.991380000e+00  -2.021930000e+00
  -5.804214000e-01  -1.991380000e+00  -1.949160000e+00
  -3.518200000e-02  -1.991380000e+00  -1.814220000e+00
   3.999560000e-01  -1.991380000e+00  -1.473400000e+00
   6.278180000e-01  -1.991380000e+00  -9.801490000e-01
   7.807020000e-01  -1.991380000e+00  -5.455870000e-01
   9.200850000e-01  -1.991380000e+00  -1.451210000e-01
   9.924930000e-01  -1.991380000e+00   2.764430000e-01
   9.395080000e-01  -1.991380000e+00   7.080710000e-01
   8.547980000e-01  -1.991380000e+00   1.165003000e+00
   7.441820000e-01  -1.991380000e+00   1.724410000e+00
   4.925200000e-01  -1.991380000e+00   2.388870000e+00
  -1.137900000e-01  -1.087960000e+00   2.861430000e+00
  -8.155300000e-01  -1.087960000e+00   2.947250000e+00
  -1.524820000e+00  -1.087960000e+00   2.860690000e+00
  -2.209170000e+00  -1.087960000e+00   2.612630000e+00
  -2.821020000e+00  -1.087960000e+00   2.186420000e+00
  -3.258340000e+00  -1.087960000e+00   1.582011000e+00
  -3.458630000e+00  -1.087960000e+00   8.632550000e-01
  -3.468860000e+00  -1.087960000e+00   1.345820000e-01
  -3.325810000e+00  -1.087960000e+00  -5.675900000e-01
  -3.035140000e+00  -1.087960000e+00  -1.218100000e+00
  -2.569750000e+00  -1.087960000e+00  -1.757330000e+00
  -1.893720000e+00  -1.087960000e+00  -1.983720000e+00
  -1.221790000e+00  -1.087960000e+00  -1.961320000e+00
  -6.431575000e-01  -1.087960000e+00  -1.845430000e+00
  -1.254030000e-01  -1.087960000e+00  -1.698230000e+00
   3.247660000e-01  -1.087960000e+00  -1.431300000e+00
   5.879660000e-01  -1.087960000e+00  -9.813440000e-01
   7.522030000e-01  -1.087960000e+00  -5.459380000e-01
   8.528350000e-01  -1.087960000e+00  -1.277450000e-01
   8.335370000e-01  -1.087960000e+00   2.890410000e-01
   7.603420000e-01  -1.087960000e+00   6.867110000e-01
   7.074740000e-01  -1.087960000e+00   1.126519000e+00
   6.464980000e-01  -1.087960000e+00   1.699540000e+00
   4.462020000e-01  -1.087960000e+00   2.430830000e+00
  -1.736040000e-01  -3.545410000e-01   2.972920000e+00
   4.051790000e-01  -3.545410000e-01   2.527500000e+00
   5.501060000e-01  -3.545410000e-01   1.701330000e+00
   5.537300000e-01  -3.545410000e-01   1.099040000e+00
   5.683140000e-01  -3.545410000e-01   6.708270000e-01
   6.216230000e-01  -3.545410000e-01   3.015790000e-01
   7.089060000e-01  -3.545410000e-01  -9.629400000e-02
   6.532870000e-01  -3.545410000e-01  -5.202310000e-01
   5.001980000e-01  -3.545410000e-01  -9.592100000e-01
   2.262500000e-01  -3.545410000e-01  -1.388150000e+00
  -2.258090000e-01  -3.545410000e-01  -1.620640000e+00
  -7.268674000e-01  -3.545410000e-01  -1.790830000e+00
  -1.304604000e+00  -3.545410000e-01  -1.946930000e+00
  -2.008150000e+00  -3.545410000e-01  -2.026170000e+00
  -2.728530000e+00  -3.545410000e-01  -1.822460000e+00
  -3.210070000e+00  -3.545410000e-01  -1.258760000e+00
  -3.485710000e+00  -3.545410000e-01  -5.733500000e-01
  -3.596550000e+00  -3.545410000e-01   1.538050000e-01
  -3.552280000e+00  -3.545410000e-01   8.807060000e-01
  -3.335580000e+00  -3.545410000e-01   1.591634000e+00
  -2.905310000e+00  -3.545410000e-01   2.208010000e+00
  -2.305820000e+00  -3.545410000e-01   2.657920000e+00
  -1.624320000e+00  -3.545410000e-01   2.936490000e+00
  -9.014100000e-01  -3.545410000e-01   3.053470000e+00
  -2.216010000e+00  -3.686410000e-01  -1.442560000e+00
  -2.685700000e+00  -3.670410000e-01  -1.213080000e+00
  -1.383620000e+00  -3.660410000e-01   2.646280000e+00
  -9.168800000e-01  -3.721410000e-01   2.410420000e+00
  -2.019380000e+00  -3.872410000e-01   7.106180000e-01
  -1.985130000e+00  -3.860410000e-01   1.003107500e+00
  -1.665400000e+00  -3.876410000e-01   1.006310800e+00
  -6.574957000e-01  -3.664410000e-01  -1.425020000e+00
  -1.645390000e+00  -3.897410000e-01   3.164400000e-01
  -1.344160000e+00  -3.889410000e-01   1.017514000e+00
  -1.053120000e+00  -3.892410000e-01   3.515310000e-01
  -2.477880000e+00  -3.804410000e-01   9.503400000e-01
  -2.526460000e+00  -3.813410000e-01   3.875950000e-01
  -3.020710000e+00  -3.710410000e-01   6.090870000e-01
  -2.522280000e+00  -3.739410000e-01   1.588005000e+00
  -2.661140000e+00  -3.743410000e-01   1.320366000e+00
  -2.648800000e+00  -3.721410000e-01   1.540249000e+00
  -1.944840000e-01  -3.696410000e-01   2.189377000e+00
  -7.588630000e-01  -3.818410000e-01   1.645407000e+00
  -1.833850000e+00  -3.769410000e-01  -1.126060000e+00
  -1.743510000e+00  -3.805410000e-01  -9.056100000e-01
  -1.553948000e+00  -3.794410000e-01  -1.007360000e+00
  -1.744100000e+00  -3.808410000e-01   1.777501000e+00
  -1.638220000e+00  -3.745410000e-01   2.234297000e+00
  -1.534130000e+00  -3.786410000e-01   2.005365000e+00
  -2.875570000e+00  -3.701410000e-01  -6.721400000e-01
  -2.256030000e+00  -3.784410000e-01  -8.033800000e-01
  -1.094793000e+00  -3.686410000e-01  -1.473390000e+00
  -1.363384000e+00  -3.781410000e-01  -1.106120000e+00
  -8.398300000e-01  -3.760410000e-01  -1.099060000e+00
  -1.931160000e+00  -3.721410000e-01   2.211328000e+00
  -1.827430000e+00  -3.656410000e-01   2.537950000e+00
  -1.732330000e+00  -3.701410000e-01   2.391120000e+00
  -1.642533000e+00  -3.688410000e-01  -1.529810000e+00
  -2.218500000e+00  -3.687410000e-01   2.198359000e+00
   1.940900000e-02  -3.663410000e-01  -9.950700000e-01
   1.339000000e-01  -3.687410000e-01  -5.605960000e-01
   2.780690000e-01  -3.675410000e-01   1.025120000e-01
  -2.124640000e+00  -3.864410000e-01   2.055240000e-01
  -2.464940000e+00  -3.808410000e-01  -1.833200000e-01
   1.057341000e-01  -3.713410000e-01   8.799250000e-01
  -2.041170000e-01  -3.794410000e-01   3.908570000e-01
  -2.910190000e+00  -3.701410000e-01   1.224854900e+00
  -3.006480000e+00  -3.712410000e-01  -3.001100000e-02
  -3.269150000e-01  -3.680410000e-01  -1.226360000e+00
  -4.543240000e-01  -3.779410000e-01  -7.172900000e-01
   2.289210000e-01  -3.659410000e-01   1.619704000e+00
  -2.172530000e-01  -3.765410000e-01   1.460561000e+00
  -1.927730000e+00  -3.864410000e-01  -2.234780000e-01
  -2.342810000e+00  -3.744410000e-01   1.769350000e+00
  -2.409090000e+00  -3.778410000e-01   1.415877000e+00
  -7.688150000e-01  -3.814410000e-01  -6.804400000e-01
  -7.872650000e-01  -3.838410000e-01  -4.390790000e-01
  -1.100450000e+00  -3.825410000e-01   1.715920000e+00
  -1.171460000e+00  -3.781410000e-01   2.068426000e+00
  -9.656600000e-01  -3.801410000e-01   1.871916000e+00
  -2.134030000e+00  -3.736410000e-01   2.003463000e+00
  -2.280190000e+00  -3.717410000e-01   1.993855000e+00
  -2.046830000e+00  -3.782410000e-01   1.788567000e+00
  -1.955390000e+00  -3.844410000e-01   1.295597000e+00
  -2.182490000e+00  -3.815410000e-01   1.355737000e+00
  -1.506850000e+00  -3.893410000e-01   6.265300000e-02
  -1.717290000e+00  -3.881410000e-01  -7.841300000e-02
  -1.367300000e+00  -3.884410000e-01  -1.851340000e-01
  -1.211210000e+00  -3.892410000e-01   7.769800000e-02
  -1.007463000e+00  -3.878410000e-01  -5.500900000e-02
  -5.634880000e-01  -3.845410000e-01   8.797197000e-01
  -1.502420000e+00  -3.705410000e-01   2.445290000e+00
  -1.211650000e+00  -3.714410000e-01   2.427850000e+00
  -1.649180000e+00  -3.837410000e-01  -6.941600000e-01
  -1.365241000e+00  -3.841410000e-01  -6.743800000e-01
  -1.366813000e+00  -3.813410000e-01  -8.917500000e-01
  -1.382850000e+00  -3.860410000e-01   1.392974000e+00
  -1.072610000e+00  -3.842410000e-01   1.529191000e+00
  -2.678590000e-01  -3.794410000e-01  -1.306780000e-01
  -2.219380000e+00  -3.829410000e-01   1.117968780e+00
  -2.117380000e+00  -3.851410000e-01   9.142930000e-01
  -1.789450000e+00  -3.853410000e-01  -4.638200000e-01
  -1.951600000e+00  -3.815410000e-01  -7.442700000e-01
  -1.941160000e+00  -3.841410000e-01  -4.863700000e-01
  -1.695950000e+00  -3.841410000e-01   1.516015000e+00
  -1.670620000e+00  -3.856410000e-01   1.339286000e+00
  -2.637470000e+00  -3.696410000e-01   1.760132000e+00
  -5.809610000e-01  -3.851410000e-01   2.587900000e-01
  -5.332870000e-01  -3.832410000e-01  -1.541970000e-01
  -9.615670000e-01  -3.800410000e-01  -8.973300000e-01
  -8.043220000e-01  -3.788410000e-01  -8.977500000e-01
  -1.227302000e+00  -3.863410000e-01  -4.358600000e-01
  -1.437740000e+00  -3.853410000e-01  -5.595100000e-01
  -1.404340000e+00  -3.764410000e-01   2.161361000e+00
  -1.987810000e+00  -3.752410000e-01   2.009948000e+00
  -9.294180000e-01  -3.879410000e-01   7.690700000e-02
  -6.926880000e-01  -3.858410000e-01   3.253700000e-02
  -1.577880000e+00  -3.871410000e-01  -3.214800000e-01
  -1.228845000e+00  -3.812410000e-01  -8.858600000e-01
  -1.164976000e+00  -3.793410000e-01  -9.967200000e-01
  -8.047160000e-01  -3.860410000e-01  -1.867170000e-01
  -4.948060000e-01  -3.807410000e-01  -4.387420000e-01
  -1.427800000e+00  -3.896410000e-01   1.985690000e-01
  -9.465100000e-01  -3.851410000e-01  -4.326560000e-01
  -1.016009000e+00  -3.864410000e-01  -3.097910000e-01
  -1.437740000e+00  -3.823410000e-01   1.756434000e+00
  -1.084305000e+00  -3.835410000e-01  -6.695900000e-01
  -1.647510000e+00  -3.877410000e-01  -2.013060000e-01
  -2.227820000e+00  -3.783410000e-01   1.597222000e+00
  -2.442980000e+00  -3.793410000e-01   1.188108900e+00
C Number of facets
  786
C  Size  Node 1  ......Node N Marker
    3    0    1    2    3
    3    0    2    3    3
    3    0    3    4    3
    3    0    4    5    3
    3    0    5    6    3
    3    0    6    7    3
    3    0    7    8    3
    3    0    8    9    3
    3    0    9   10    3
    3    0   10   11    3
    3    0   11   12    3
    3    0   12   13    3
    3    0   13   14    3
    3    0   14   15    3
    3    0   15   16    3
    3    0   16   17    3
    3    0   17   18    3
    3    0   18   19    3
    3    0   19   20    3
    3    0   20   21    3
    3    0   21   22    3
    3    0   22   23    3
    3    0   23   24    3
    3    0   24    1    3
    3    1   25   26    3
    3    1   26    2    3
    3    2   26   27    3
    3    2   27    3    3
    3    3   27   28    3
    3    3   28    4    3
    3    4   28   29    3
    3    4   29    5    3
    3    5   29   30    3
    3    5   30    6    3
    3    6   30   31    3
    3    6   31    7    3
    3    7   31   32    3
    3    7   32    8    3
    3    8   32   33    3
    3    8   33    9    3
    3    9   33   34    3
    3    9   34   10    3
    3   10   34   35    3
    3   10   35   11    3
    3   11   35   36    3
    3   11   36   12    3
    3   12   36   37    3
    3   12   37   13    3
    3   13   37   38    3
    3   13   38   14    3
    3   14   38   39    3
    3   14   39   15    3
    3   15   39   40    3
    3   15   40   16    3
    3   16   40   41    3
    3   16   41   17    3
    3   17   41   42    3
    3   17   42   18    3
    3   18   42   43    3
    3   18   43   19    3
    3   19   43   44    3
    3   19   44   20    3
    3   20   44   45    3
    3   20   45   21    3
    3   21   45   46    3
    3   21   46   22    3
    3   22   46   47    3
    3   22   47   23    3
    3   23   47   48    3
    3   23   48   24    3
    3   24   48   25    3
    3   24   25    1    3
    3   25   49   50    3
    3   25   50   26    3
    3   26   50   51    3
    3   26   51   27    3
    3   27   51   52    3
    3   27   52   28    3
    3   28   52   53    3
    3   28   53   29    3
    3   29   53   54    3
    3   29   54   30    3
    3   30   54   55    3
    3   30   55   31    3
    3   31   55   56    3
    3   31   56   32    3
    3   32   56   57    3
    3   32   57   33    3
    3   33   57   58    3
    3   33   58   34    3
    3   34   58   59    3
    3   34   59   35    3
    3   35   59   60    3
    3   35   60   36    3
    3   36   60   61    3
    3   36   61   37    3
    3   37   61   62    3
    3   37   62   38    3
    3   38   62   63    3
    3   38   63   39    3
    3   39   63   64    3
    3   39   64   40    3
    3   40   64   65    3
    3   40   65   41    3
    3   41   65   66    3
    3   41   66   42    3
    3   42   66   67    3
    3   42   67   43    3
    3   43   67   68    3
    3   43   68   44    3
    3   44   68   69    3
    3   44   69   45    3
    3   45   69   70    3
    3   45   70   46    3
    3   46   70   71    3
    3   46   71   47    3
    3   47   71   72    3
    3   47   72   48    3
    3   48   72   49    3
    3   48   49   25    3
    3   49   73   74    3
    3   49   74   50    3
    3   50   74   75    3
    3   50   75   51    3
    3   51   75   76    3
    3   51   76   52    3
    3   52   76   77    3
    3   52   77   53    3
    3   53   77   78    3
    3   53   78   54    3
    3   54   78   79    3
    3   54   79   55    3
    3   55   79   80    3
    3   55   80   56    3
    3   56   80   81    3
    3   56   81   57    3
    3   57   81   82    3
    3   57   82   58    3
    3   58   82   83    3
    3   58   83   59    3
    3   59   83   84    3
    3   59   84   60    3
    3   60   84   85    3
    3   60   85   61    3
    3   61   85   86    3
    3   61   86   62    3
    3   62   86   87    3
    3   62   87   63    3
    3   63   87   88    3
    3   63   88   64    3
    3   64   88   89    3
    3   64   89   65    3
    3   65   89   90    3
    3   65   90   66    3
    3   66   90   91    3
    3   66   91   67    3
    3   67   91   92    3
    3   67   92   68    3
    3   68   92   93    3
    3   68   93   69    3
    3   69   93   94    3
    3   69   94   70    3
    3   70   94   95    3
    3   70   95   71    3
    3   71   95   96    3
    3   71   96   72    3
    3   72   96   73    3
    3   72   73   49    3
    3   73   97   98    3
    3   73   98   74    3
    3   74   98   99    3
    3   74   99   75    3
    3   75   99  100    3
    3   75  100   76    3
    3   76  100  101    3
    3   76  101   77    3
    3   77  101  102    3
    3   77  102   78    3
    3   78  102  103    3
    3   78  103   79    3
    3   79  103  104    3
    3   79  104   80    3
    3   80  104  105    3
    3   80  105   81    3
    3   81  105  106    3
    3   81  106   82    3
    3   82  106  107    3
    3   82  107   83    3
    3   83  107  108    3
    3   83  108   84    3
    3   84  108  109    3
    3   84  109   85    3
    3   85  109  110    3
    3   85  110   86    3
    3   86  110  111    3
    3   86  111   87    3
    3   87  111  112    3
    3   87  112   88    3
    3   88  112  113    3
    3   88  113   89    3
    3   89  113  114    3
    3   89  114   90    3
    3   90  114  115    3
    3   90  115   91    3
    3   91  115  116    3
    3   91  116   92    3
    3   92  116  117    3
    3   92  117   93    3
    3   93  117  118    3
    3   93  118   94    3
    3   94  118  119    3
    3   94  119   95    3
    3   95  119  120    3
    3   95  120   96    3
    3   96  120   97    3
    3   96   97   73    3
    3   97  121  122    3
    3   97  122   98    3
    3   98  122  123    3
    3   98  123   99    3
    3   99  123  124    3
    3   99  124  100    3
    3  100  124  125    3
    3  100  125  101    3
    3  101  125  126    3
    3  101  126  102    3
    3  102  126  127    3
    3  102  127  103    3
    3  103  127  128    3
    3  103  128  104    3
    3  104  128  129    3
    3  104  129  105    3
    3  105  129  130    3
    3  105  130  106    3
    3  106  130  131    3
    3  106  131  107    3
    3  107  131  132    3
    3  107  132  108    3
    3  108  132  133    3
    3  108  133  109    3
    3  109  133  134    3
    3  109  134  110    3
    3  110  134  135    3
    3  110  135  111    3
    3  111  135  136    3
    3  111  136  112    3
    3  112  136  137    3
    3  112  137  113    3
    3  113  137  138    3
    3  113  138  114    3
    3  114  138  139    3
    3  114  139  115    3
    3  115  139  140    3
    3  115  140  116    3
    3  116  140  141    3
    3  116  141  117    3
    3  117  141  142    3
    3  117  142  118    3
    3  118  142  143    3
    3  118  143  119    3
    3  119  143  144    3
    3  119  144  120    3
    3  120  144  121    3
    3  120  121   97    3
    3  121  145  146    3
    3  121  146  122    3
    3  122  146  147    3
    3  122  147  123    3
    3  123  147  148    3
    3  123  148  124    3
    3  124  148  149    3
    3  124  149  125    3
    3  125  149  150    3
    3  125  150  126    3
    3  126  150  151    3
    3  126  151  127    3
    3  127  151  152    3
    3  127  152  128    3
    3  128  152  153    3
    3  128  153  129    3
    3  129  153  154    3
    3  129  154  130    3
    3  130  154  155    3
    3  130  155  131    3
    3  131  155  156    3
    3  131  156  132    3
    3  132  156  157    3
    3  132  157  133    3
    3  133  157  158    3
    3  133  158  134    3
    3  134  158  159    3
    3  134  159  135    3
    3  135  159  160    3
    3  135  160  136    3
    3  136  160  161    3
    3  136  161  137    3
    3  137  161  162    3
    3  137  162  138    3
    3  138  162  163    3
    3  138  163  139    3
    3  139  163  164    3
    3  139  164  140    3
    3  140  164  165    3
    3  140  165  141    3
    3  141  165  166    3
    3  141  166  142    3
    3  142  166  167    3
    3  142  167  143    3
    3  143  167  168    3
    3  143  168  144    3
    3  144  168  145    3
    3  144  145  121    3
    3  145  169  170    3
    3  145  170  146    3
    3  146  170  171    3
    3  146  171  147    3
    3  147  171  172    3
    3  147  172  148    3
    3  148  172  173    3
    3  148  173  149    3
    3  149  173  174    3
    3  149  174  150    3
    3  150  174  175    3
    3  150  175  151    3
    3  151  175  176    3
    3  151  176  152    3
    3  152  176  177    3
    3  152  177  153    3
    3  153  177  178    3
    3  153  178  154    3
    3  154  178  179    3
    3  154  179  155    3
    3  155  179  180    3
    3  155  180  156    3
    3  156  180  181    3
    3  156  181  157    3
    3  157  181  182    3
    3  157  182  158    3
    3  158  182  183    3
    3  158  183  159    3
    3  159  183  184    3
    3  159  184  160    3
    3  160  184  185    3
    3  160  185  161    3
    3  161  185  186    3
    3  161  186  162    3
    3  162  186  187    3
    3  162  187  163    3
    3  163  187  188    3
    3  163  188  164    3
    3  164  188  189    3
    3  164  189  165    3
    3  165  189  190    3
    3  165  190  166    3
    3  166  190  191    3
    3  166  191  167    3
    3  167  191  192    3
    3  167  192  168    3
    3  168  192  169    3
    3  168  169  145    3
    3  169  193  194    3
    3  169  194  170    3
    3  170  194  195    3
    3  170  195  171    3
    3  171  195  196    3
    3  171  196  172    3
    3  172  196  197    3
    3  172  197  173    3
    3  173  197  198    3
    3  173  198  174    3
    3  174  198  199    3
    3  174  199  175    3
    3  175  199  200    3
    3  175  200  176    3
    3  176  200  201    3
    3  176  201  177    3
    3  177  201  202    3
    3  177  202  178    3
    3  178  202  203    3
    3  178  203  179    3
    3  179  203  204    3
    3  179  204  180    3
    3  180  204  205    3
    3  180  205  181    3
    3  181  205  206    3
    3  181  206  182    3
    3  182  206  207    3
    3  182  207  183    3
    3  183  207  208    3
    3  183  208  184    3
    3  184  208  209    3
    3  184  209  185    3
    3  185  209  210    3
    3  185  210  186    3
    3  186  210  211    3
    3  186  211  187    3
    3  187  211  212    3
    3  187  212  188    3
    3  188  212  213    3
    3  188  213  189    3
    3  189  213  214    3
    3  189  214  190    3
    3  190  214  215    3
    3  190  215  191    3
    3  191  215  216    3
    3  191  216  192    3
    3  192  216  193    3
    3  192  193  169    3
    3  193  217  218    3
    3  193  218  194    3
    3  194  218  219    3
    3  194  219  195    3
    3  195  219  220    3
    3  195  220  196    3
    3  196  220  221    3
    3  196  221  197    3
    3  197  221  222    3
    3  197  222  198    3
    3  198  222  223    3
    3  198  223  199    3
    3  199  223  224    3
    3  199  224  200    3
    3  200  224  225    3
    3  200  225  201    3
    3  201  225  226    3
    3  201  226  202    3
    3  202  226  227    3
    3  202  227  203    3
    3  203  227  228    3
    3  203  228  204    3
    3  204  228  229    3
    3  204  229  205    3
    3  205  229  230    3
    3  205  230  206    3
    3  206  230  231    3
    3  206  231  207    3
    3  207  231  232    3
    3  207  232  208    3
    3  208  232  233    3
    3  208  233  209    3
    3  209  233  234    3
    3  209  234  210    3
    3  210  234  235    3
    3  210  235  211    3
    3  211  235  236    3
    3  211  236  212    3
    3  212  236  237    3
    3  212  237  213    3
    3  213  237  238    3
    3  213  238  214    3
    3  214  238  239    3
    3  214  239  215    3
    3  215  239  240    3
    3  215  240  216    3
    3  216  240  217    3
    3  216  217  193    3
    3  217  241  242    3
    3  217  242  218    3
    3  218  242  243    3
    3  218  243  219    3
    3  219  243  244    3
    3  219  244  220    3
    3  220  244  245    3
    3  220  245  221    3
    3  221  245  246    3
    3  221  246  222    3
    3  222  246  247    3
    3  222  247  223    3
    3  223  247  248    3
    3  223  248  224    3
    3  224  248  249    3
    3  224  249  225    3
    3  225  249  250    3
    3  225  250  226    3
    3  226  250  251    3
    3  226  251  227    3
    3  227  251  252    3
    3  227  252  228    3
    3  228  252  253    3
    3  228  253  229    3
    3  229  253  254    3
    3  229  254  230    3
    3  230  254  255    3
    3  230  255  231    3
    3  231  255  256    3
    3  231  256  232    3
    3  232  256  257    3
    3  232  257  233    3
    3  233  257  258    3
    3  233  258  234    3
    3  234  258  259    3
    3  234  259  235    3
    3  235  259  260    3
    3  235  260  236    3
    3  236  260  261    3
    3  236  261  237    3
    3  237  261  262    3
    3  237  262  238    3
    3  238  262  263    3
    3  238  263  239    3
    3  239  263  264    3
    3  239  264  240    3
    3  240  264  241    3
    3  240  241  217    3
    3  264  265  241    3
    3  264  266  265    3
    3  263  266  264    3
    3  263  267  266    3
    3  262  267  263    3
    3  262  268  267    3
    3  261  268  262    3
    3  261  269  268    3
    3  260  269  261    3
    3  260  270  269    3
    3  259  270  260    3
    3  259  271  270    3
    3  258  271  259    3
    3  258  272  271    3
    3  257  272  258    3
    3  257  273  272    3
    3  256  273  257    3
    3  256  274  273    3
    3  255  274  256    3
    3  255  275  274    3
    3  254  275  255    3
    3  254  276  275    3
    3  253  276  254    3
    3  253  277  276    3
    3  252  277  253    3
    3  252  278  277    3
    3  251  278  252    3
    3  251  279  278    3
    3  250  279  251    3
    3  250  280  279    3
    3  249  280  250    3
    3  249  281  280    3
    3  248  281  249    3
    3  248  282  281    3
    3  247  282  248    3
    3  247  283  282    3
    3  246  283  247    3
    3  246  284  283    3
    3  245  284  246    3
    3  245  285  284    3
    3  244  285  245    3
    3  244  286  285    3
    3  243  286  244    3
    3  243  287  286    3
    3  242  287  243    3
    3  242  288  287    3
    3  241  288  242    3
    3  241  265  288    3
    3  289  279  290    1
    3  291  288  292    1
    3  293  294  295    3
    3  296  275  276    1
    3  297  298  299    1
    3  300  301  302    1
    3  303  304  305    3
    3  292  306  307    1
    3  308  309  310    4
    3  300  293  301    1
    3  311  312  313    3
    3  290  314  315    1
    3  316  317  318    1
    3  319  320  321    3
    3  317  322  308    1
    3  286  323  285    1
    3  286  287  320    1
    3  298  297  293    1
    3  324  325  273    1
    3  326  271  272    1
    3  327  328  301    1
    3  329  326  330    1
    3  300  331  304    1
    3  332  282  302    1
    3  272  325  326    1
    3  296  276  316    1
    3  296  333  275    1
    3  324  334  325    1
    3  335  329  336    1
    3  315  328  337    1
    3  338  339  303    3
    3  334  340  341    4
    3  279  289  278    1
    3  274  275  333    1
    3  322  278  289    1
    3  342  343  344    3
    3  332  301  328    1
    3  314  290  280    1
    3  345  338  346    3
    3  324  333  334    1
    3  277  316  276    1
    3  266  267  335    1
    3  288  291  287    1
    3  347  348  349    3
    3  316  322  317    1
    3  297  350  351    4
    3  327  301  293    1
    3  283  331  302    1
    3  352  353  354    4
    3  326  269  270    1
    3  332  302  301    1
    3  355  299  298    1
    3  312  356  357    3
    3  330  355  329    1
    3  336  306  335    1
    3  271  326  270    1
    3  358  359  360    4
    3  298  361  362    3
    3  283  302  282    1
    3  336  329  355    1
    3  326  363  330    1
    3  265  292  288    1
    3  300  364  365    3
    3  366  367  368    4
    3  333  318  334    1
    3  369  361  370    3
    3  327  293  297    1
    3  278  322  277    1
    3  320  291  356    3
    3  371  285  323    1
    3  363  325  334    1
    3  371  331  284    1
    3  364  339  349    3
    3  268  335  267    1
    3  372  363  373    4
    3  280  290  279    1
    3  266  306  265    1
    3  316  277  322    1
    3  328  315  314    1
    3  308  315  367    1
    3  355  330  372    1
    3  327  297  337    1
    3  280  281  314    1
    3  374  340  375    4
    3  296  316  318    1
    3  352  376  377    4
    3  355  307  336    1
    3  292  343  378    3
    3  326  325  363    1
    3  320  287  291    1
    3  345  319  379    3
    3  380  372  381    4
    3  358  366  382    4
    3  268  329  335    1
    3  273  274  324    1
    3  336  307  306    1
    3  265  306  292    1
    3  296  318  333    1
    3  383  374  384    4
    3  329  268  269    1
    3  385  373  386    4
    3  333  324  274    1
    3  283  284  331    1
    3  298  307  355    1
    3  299  353  387    4
    3  308  289  315    1
    3  273  325  272    1
    3  327  337  328    1
    3  388  376  389    4
    3  314  332  328    1
    3  281  282  332    1
    3  315  289  290    1
    3  363  372  330    1
    3  355  372  299    1
    3  285  371  284    1
    3  314  281  332    1
    3  269  326  329    1
    3  369  347  311    3
    3  266  335  306    1
    3  286  320  323    1
    3  308  322  289    1
    3  300  302  331    1
    3  343  390  313    3
    3  292  307  344    3
    3  298  348  370    3
    3  361  390  342    3
    3  343  342  390    3
    3  342  307  362    3
    3  347  369  348    3
    3  361  369  390    3
    3  369  311  390    3
    3  312  311  347    3
    3  311  313  390    3
    3  313  312  378    3
    3  298  362  307    3
    3  342  362  361    3
    3  342  344  307    3
    3  292  344  343    3
    3  369  370  348    3
    3  298  370  361    3
    3  292  378  312    3
    3  313  378  343    3
    3  334  318  375    4
    3  340  391  388    4
    3  318  317  384    4
    3  340  374  391    4
    3  352  385  389    4
    3  376  391  359    4
    3  376  388  391    4
    3  388  385  341    4
    3  359  391  383    4
    3  359  358  377    4
    3  374  383  391    4
    3  383  317  360    4
    3  374  375  318    4
    3  334  375  340    4
    3  334  341  385    4
    3  388  341  340    4
    3  388  389  385    4
    3  352  389  376    4
    3  352  377  358    4
    3  359  377  376    4
    3  358  360  317    4
    3  383  360  359    4
    3  383  384  317    4
    3  318  384  374    4
    3  367  358  309    4
    3  315  337  368    1
    3  353  352  350    4
    3  353  299  380    4
    3  372  380  299    4
    3  380  385  354    4
    3  350  352  392    4
    3  350  297  387    4
    3  366  337  392    4
    3  367  366  358    4
    3  363  334  386    4
    3  373  385  381    4
    3  392  337  351    4
    3  392  352  382    4
    3  380  381  385    4
    3  373  381  372    4
    3  358  317  310    4
    3  367  309  308    4
    3  385  386  334    4
    3  363  386  373    4
    3  366  368  337    4
    3  315  368  367    1
    3  299  387  297    4
    3  350  387  353    4
    3  352  354  385    4
    3  380  354  353    4
    3  358  382  352    4
    3  392  382  366    4
    3  297  351  337    4
    3  392  351  350    4
    3  308  310  317    4
    3  358  310  309    4
    3  312  347  379    3
    3  320  319  323    3
    3  371  323  346    3
    3  338  347  393    3
    3  364  300  394    3
    3  364  348  294    3
    3  319  345  323    3
    3  338  345  347    3
    3  348  298  295    3
    3  294  293  365    3
    3  304  339  394    3
    3  331  371  305    1
    3  364  349  348    3
    3  349  339  393    3
    3  338  393  339    3
    3  349  393  347    3
    3  338  303  371    3
    3  304  303  339    3
    3  356  312  321    3
    3  291  292  357    3
    3  364  394  339    3
    3  304  394  300    3
    3  319  321  312    3
    3  356  321  320    3
    3  293  295  298    3
    3  348  295  294    3
    3  312  357  292    3
    3  291  357  356    3
    3  345  346  323    3
    3  371  346  338    3
    3  303  305  371    3
    3  331  305  304    1
    3  345  379  347    3
    3  312  379  319    3
    3  300  365  293    3
    3  294  365  364    3
C Prescribed Values(Inlet, Outlet), InteractionSurface(Inlet, Outlet)
       1        0        0        2        2        2
C Inlet Pressure, FunID (E18.9,I5)
   1.000000000e+00    3
C Outlet Velocity
C     Vx,           Vy,            Vz,    indVx,indVy,indVz, FunID(3E18.9, 4I5)
   0.000000000e+00   1.000000000e+00   0.000000000e+00    1    0    0    4
C Inlet Velocity
C nNodeID,    Vx,           Vy,            Vz (I5, 3E18.9)
  265
    1  -1.000000000e-01  -1.000000000e+00  -1.500000000e-01
    2   1.500000000e-01  -9.500000000e-01   9.500000000e-01
    3  -1.000000000e-01  -9.500000000e-01   1.150000000e+00
    4  -3.500000000e-01  -9.500000000e-01   7.500000000e-01
    5  -2.500000000e-01  -9.500000000e-01   2.000000000e-01
    6   0.000000000e+00  -9.500000000e-01  -1.500000000e-01
    7   1.500000000e-01  -9.500000000e-01  -2.500000000e-01
    8   1.000000000e-01  -9.500000000e-01  -1.500000000e-01
    9  -1.000000000e-01  -9.500000000e-01  -1.000000000e-01
   10  -3.000000000e-01  -9.500000000e-01  -2.000000000e-01
   11  -3.500000000e-01  -9.500000000e-01  -3.000000000e-01
   12  -3.000000000e-01  -9.500000000e-01  -3.500000000e-01
   13  -1.500000000e-01  -9.500000000e-01  -2.500000000e-01
   14  -1.000000000e-01  -9.500000000e-01  -1.500000000e-01
   15  -5.000000000e-02  -9.500000000e-01  -1.500000000e-01
   16   0.000000000e+00  -9.500000000e-01  -4.000000000e-01
   17   3.500000000e-01  -9.500000000e-01  -8.000000000e-01
   18   8.000000000e-01  -9.500000000e-01  -9.000000000e-01
   19   1.000000000e+00  -9.500000000e-01  -6.500000000e-01
   20   6.500000000e-01  -9.500000000e-01  -3.000000000e-01
   21  -2.500000000e-01  -9.500000000e-01  -1.500000000e-01
   22  -1.150000000e+00  -9.500000000e-01  -4.500000000e-01
   23  -1.200000000e+00  -9.500000000e-01  -8.000000000e-01
   24  -6.500000000e-01  -9.500000000e-01  -7.500000000e-01
   25  -5.000000000e-02  -9.500000000e-01   0.000000000e+00
   26   1.500000000e-01  -9.000000000e-01   1.500000000e+00
   27  -3.000000000e-01  -9.000000000e-01   1.600000000e+00
   28  -5.000000000e-01  -9.000000000e-01   5.500000000e-01
   29   0.000000000e+00  -9.000000000e-01  -5.500000000e-01
   30   6.500000000e-01  -9.000000000e-01  -1.000000000e+00
   31   1.000000000e+00  -9.000000000e-01  -8.500000000e-01
   32   7.500000000e-01  -9.000000000e-01  -4.500000000e-01
   33   5.000000000e-02  -9.000000000e-01  -2.000000000e-01
   34  -9.000000000e-01  -9.000000000e-01  -4.500000000e-01
   35  -1.300000000e+00  -9.000000000e-01  -9.000000000e-01
   36  -9.000000000e-01  -9.000000000e-01  -9.500000000e-01
   37  -3.000000000e-01  -9.000000000e-01  -3.500000000e-01
   38  -1.000000000e-01  -9.000000000e-01   3.000000000e-01
   39  -2.000000000e-01  -9.000000000e-01   6.000000000e-01
   40  -3.000000000e-01  -9.000000000e-01   1.000000000e-01
   41   2.000000000e-01  -9.000000000e-01  -9.000000000e-01
   42   9.500000000e-01  -9.000000000e-01  -1.300000000e+00
   43   1.350000000e+00  -9.000000000e-01  -1.100000000e+00
   44   9.500000000e-01  -9.000000000e-01  -5.000000000e-01
   45  -6.000000000e-01  -9.000000000e-01  -2.500000000e-01
   46  -2.300000000e+00  -9.000000000e-01  -9.000000000e-01
   47  -2.350000000e+00  -9.000000000e-01  -1.550000000e+00
   48  -1.300000000e+00  -9.000000000e-01  -1.450000000e+00
   49  -1.500000000e-01  -9.000000000e-01  -1.500000000e-01
   50   3.000000000e-01  -8.500000000e-01   1.650000000e+00
   51  -1.000000000e-01  -8.500000000e-01   1.750000000e+00
   52  -3.000000000e-01  -8.500000000e-01   7.500000000e-01
   53   1.000000000e-01  -8.500000000e-01  -2.500000000e-01
   54   6.500000000e-01  -8.500000000e-01  -7.000000000e-01
   55   9.000000000e-01  -8.500000000e-01  -5.500000000e-01
   56   7.500000000e-01  -8.500000000e-01  -2.500000000e-01
   57   1.500000000e-01  -8.500000000e-01  -5.000000000e-02
   58  -7.000000000e-01  -8.500000000e-01  -2.500000000e-01
   59  -1.050000000e+00  -8.500000000e-01  -7.000000000e-01
   60  -5.500000000e-01  -8.500000000e-01  -6.000000000e-01
   61   5.000000000e-02  -8.500000000e-01   2.000000000e-01
   62   2.000000000e-01  -8.500000000e-01   1.000000000e+00
   63  -1.000000000e-01  -8.500000000e-01   1.400000000e+00
   64  -3.000000000e-01  -8.500000000e-01   8.500000000e-01
   65   3.500000000e-01  -8.500000000e-01  -7.000000000e-01
   66   1.350000000e+00  -8.500000000e-01  -1.350000000e+00
   67   1.950000000e+00  -8.500000000e-01  -1.100000000e+00
   68   1.700000000e+00  -8.500000000e-01  -4.000000000e-01
   69   5.000000000e-02  -8.500000000e-01  -5.000000000e-02
   70  -1.850000000e+00  -8.500000000e-01  -6.000000000e-01
   71  -2.000000000e+00  -8.500000000e-01  -1.300000000e+00
   72  -1.050000000e+00  -8.500000000e-01  -1.150000000e+00
   73   5.000000000e-02  -8.500000000e-01   5.000000000e-02
   74   3.000000000e-01  -8.000000000e-01   1.750000000e+00
   75  -1.000000000e-01  -8.000000000e-01   1.850000000e+00
   76  -3.500000000e-01  -8.000000000e-01   1.250000000e+00
   77  -2.000000000e-01  -8.000000000e-01   5.500000000e-01
   78   5.000000000e-02  -8.000000000e-01   1.000000000e-01
   79   1.500000000e-01  -8.000000000e-01   1.000000000e-01
   80   5.000000000e-02  -8.000000000e-01   1.500000000e-01
   81  -2.500000000e-01  -8.000000000e-01   1.500000000e-01
   82  -6.000000000e-01  -8.000000000e-01   0.000000000e+00
   83  -7.000000000e-01  -8.000000000e-01  -2.500000000e-01
   84  -3.000000000e-01  -8.000000000e-01  -1.000000000e-01
   85   2.500000000e-01  -8.000000000e-01   6.500000000e-01
   86   2.500000000e-01  -8.000000000e-01   1.500000000e+00
   87  -1.000000000e-01  -8.000000000e-01   1.950000000e+00
   88  -4.000000000e-01  -8.000000000e-01   1.400000000e+00
   89   3.000000000e-01  -8.000000000e-01  -3.500000000e-01
   90   1.400000000e+00  -8.000000000e-01  -1.200000000e+00
   91   2.150000000e+00  -8.000000000e-01  -9.500000000e-01
   92   2.050000000e+00  -8.000000000e-01  -3.000000000e-01
   93   4.500000000e-01  -8.000000000e-01   2.000000000e-01
   94  -1.550000000e+00  -8.000000000e-01  -2.500000000e-01
   95  -1.750000000e+00  -8.000000000e-01  -8.500000000e-01
   96  -9.000000000e-01  -8.000000000e-01  -7.500000000e-01
   97   5.000000000e-02  -8.000000000e-01   4.000000000e-01
   98   0.000000000e+00  -7.000000000e-01   1.600000000e+00
   99  -3.500000000e-01  -7.000000000e-01   1.850000000e+00
  100  -7.000000000e-01  -7.000000000e-01   1.650000000e+00
  101  -9.500000000e-01  -7.000000000e-01   1.300000000e+00
  102  -1.050000000e+00  -7.000000000e-01   1.000000000e+00
  103  -1.150000000e+00  -7.000000000e-01   7.500000000e-01
  104  -1.050000000e+00  -7.000000000e-01   5.000000000e-01
  105  -8.000000000e-01  -7.000000000e-01   3.000000000e-01
  106  -5.000000000e-01  -7.000000000e-01   2.500000000e-01
  107  -3.000000000e-01  -7.000000000e-01   3.000000000e-01
  108  -1.000000000e-01  -7.000000000e-01   4.500000000e-01
  109   1.500000000e-01  -7.000000000e-01   1.050000000e+00
  110   5.000000000e-02  -7.000000000e-01   1.650000000e+00
  111  -3.000000000e-01  -7.000000000e-01   1.900000000e+00
  112  -6.000000000e-01  -7.000000000e-01   1.400000000e+00
  113   2.000000000e-01  -7.000000000e-01  -4.500000000e-01
  114   1.350000000e+00  -7.000000000e-01  -1.200000000e+00
  115   2.050000000e+00  -7.000000000e-01  -9.000000000e-01
  116   1.900000000e+00  -7.000000000e-01  -2.000000000e-01
  117   2.000000000e-01  -7.000000000e-01   3.000000000e-01
  118  -2.150000000e+00  -7.000000000e-01  -3.000000000e-01
  119  -2.250000000e+00  -7.000000000e-01  -9.500000000e-01
  120  -1.350000000e+00  -7.000000000e-01  -8.500000000e-01
  121  -2.500000000e-01  -7.000000000e-01   3.500000000e-01
  122   2.500000000e-01  -7.000000000e-01   1.950000000e+00
  123  -2.000000000e-01  -7.000000000e-01   2.250000000e+00
  124  -7.000000000e-01  -7.000000000e-01   2.200000000e+00
  125  -1.100000000e+00  -7.000000000e-01   2.000000000e+00
  126  -1.400000000e+00  -7.000000000e-01   1.650000000e+00
  127  -1.550000000e+00  -7.000000000e-01   1.200000000e+00
  128  -1.250000000e+00  -7.000000000e-01   7.000000000e-01
  129  -5.000000000e-01  -7.000000000e-01   4.500000000e-01
  130   3.500000000e-01  -7.000000000e-01   6.000000000e-01
  131   8.000000000e-01  -7.000000000e-01   9.500000000e-01
  132   6.000000000e-01  -7.000000000e-01   1.200000000e+00
  133   3.500000000e-01  -7.000000000e-01   1.300000000e+00
  134   1.000000000e-01  -7.000000000e-01   1.400000000e+00
  135  -2.000000000e-01  -7.000000000e-01   1.350000000e+00
  136  -3.000000000e-01  -7.000000000e-01   9.500000000e-01
  137   4.000000000e-01  -7.000000000e-01  -3.500000000e-01
  138   1.450000000e+00  -7.000000000e-01  -9.500000000e-01
  139   2.050000000e+00  -7.000000000e-01  -7.000000000e-01
  140   1.950000000e+00  -7.000000000e-01  -5.000000000e-02
  141   3.000000000e-01  -7.000000000e-01   4.500000000e-01
  142  -1.900000000e+00  -7.000000000e-01  -1.000000000e-01
  143  -1.900000000e+00  -7.000000000e-01  -6.500000000e-01
  144  -1.050000000e+00  -7.000000000e-01  -5.500000000e-01
  145  -5.000000000e-02  -7.000000000e-01   7.000000000e-01
  146   4.000000000e-01  -3.000000000e-01   2.300000000e+00
  147  -5.000000000e-02  -3.000000000e-01   2.800000000e+00
  148  -7.000000000e-01  -3.000000000e-01   3.200000000e+00
  149  -1.600000000e+00  -3.000000000e-01   3.400000000e+00
  150  -2.550000000e+00  -3.000000000e-01   3.200000000e+00
  151  -3.050000000e+00  -3.000000000e-01   2.400000000e+00
  152  -2.400000000e+00  -3.000000000e-01   1.350000000e+00
  153  -9.500000000e-01  -3.000000000e-01   7.500000000e-01
  154   7.500000000e-01  -3.000000000e-01   1.000000000e+00
  155   1.650000000e+00  -3.000000000e-01   1.750000000e+00
  156   1.200000000e+00  -3.000000000e-01   2.050000000e+00
  157   6.500000000e-01  -3.000000000e-01   1.900000000e+00
  158   2.500000000e-01  -3.000000000e-01   1.600000000e+00
  159   0.000000000e+00  -3.000000000e-01   1.300000000e+00
  160   0.000000000e+00  -3.000000000e-01   9.000000000e-01
  161   7.000000000e-01  -3.000000000e-01  -3.000000000e-01
  162   1.900000000e+00  -3.000000000e-01  -9.500000000e-01
  163   2.700000000e+00  -3.000000000e-01  -6.500000000e-01
  164   2.750000000e+00  -3.000000000e-01   1.500000000e-01
  165   1.100000000e+00  -3.000000000e-01   8.000000000e-01
  166  -1.050000000e+00  -3.000000000e-01   4.500000000e-01
  167  -9.500000000e-01  -3.000000000e-01   1.500000000e-01
  168  -4.000000000e-01  -3.000000000e-01   3.000000000e-01
  169   3.000000000e-01  -3.000000000e-01   1.250000000e+00
  170   5.500000000e-01   0.000000000e+00   3.200000000e+00
  171  -5.000000000e-02   0.000000000e+00   3.800000000e+00
  172  -8.500000000e-01   0.000000000e+00   3.700000000e+00
  173  -1.800000000e+00   0.000000000e+00   3.750000000e+00
  174  -2.800000000e+00   0.000000000e+00   3.600000000e+00
  175  -3.350000000e+00   0.000000000e+00   2.850000000e+00
  176  -2.550000000e+00   0.000000000e+00   1.600000000e+00
  177  -7.500000000e-01   0.000000000e+00   1.000000000e+00
  178   1.200000000e+00   0.000000000e+00   1.350000000e+00
  179   2.150000000e+00   0.000000000e+00   2.300000000e+00
  180   1.550000000e+00   0.000000000e+00   2.650000000e+00
  181   6.000000000e-01   0.000000000e+00   1.950000000e+00
  182   1.000000000e-01   0.000000000e+00   1.150000000e+00
  183   5.000000000e-02   0.000000000e+00   5.500000000e-01
  184   3.000000000e-01   0.000000000e+00   2.000000000e-01
  185   8.000000000e-01   0.000000000e+00  -1.000000000e-01
  186   1.550000000e+00   0.000000000e+00  -3.500000000e-01
  187   2.150000000e+00   0.000000000e+00  -5.000000000e-02
  188   2.050000000e+00   0.000000000e+00   5.500000000e-01
  189   7.500000000e-01   0.000000000e+00   1.050000000e+00
  190  -6.500000000e-01   0.000000000e+00   8.000000000e-01
  191  -4.000000000e-01   0.000000000e+00   7.000000000e-01
  192   5.000000000e-02   0.000000000e+00   9.500000000e-01
  193   6.000000000e-01   0.000000000e+00   2.050000000e+00
  194   3.500000000e-01   3.500000000e-01   3.800000000e+00
  195  -4.000000000e-01   3.500000000e-01   4.000000000e+00
  196  -1.400000000e+00   3.500000000e-01   4.500000000e+00
  197  -2.550000000e+00   3.500000000e-01   4.500000000e+00
  198  -3.650000000e+00   3.500000000e-01   4.000000000e+00
  199  -4.300000000e+00   3.500000000e-01   2.500000000e+00
  200  -3.550000000e+00   3.500000000e-01   1.450000000e+00
  201  -1.850000000e+00   3.500000000e-01   6.500000000e-01
  202  -1.000000000e-01   3.500000000e-01   8.000000000e-01
  203   8.500000000e-01   3.500000000e-01   1.450000000e+00
  204   5.000000000e-01   3.500000000e-01   1.600000000e+00
  205  -2.500000000e-01   3.500000000e-01   8.000000000e-01
  206  -5.000000000e-01   3.500000000e-01  -1.500000000e-01
  207  -2.500000000e-01   3.500000000e-01  -8.000000000e-01
  208   3.000000000e-01   3.500000000e-01  -1.100000000e+00
  209   9.500000000e-01   3.500000000e-01  -1.250000000e+00
  210   1.850000000e+00   3.500000000e-01  -1.300000000e+00
  211   2.400000000e+00   3.500000000e-01  -7.500000000e-01
  212   2.050000000e+00   3.500000000e-01   2.000000000e-01
  213   2.000000000e-01   3.500000000e-01   7.500000000e-01
  214  -1.150000000e+00   3.500000000e-01   4.500000000e-01
  215  -8.000000000e-01   3.500000000e-01   4.000000000e-01
  216  -1.500000000e-01   3.500000000e-01   8.000000000e-01
  217   5.000000000e-01   3.500000000e-01   2.250000000e+00
  218  -1.000000000e-01   6.500000000e-01   3.500000000e+00
  219  -1.000000000e+00   6.500000000e-01   4.500000000e+00
  220  -2.000000000e+00   6.500000000e-01   4.500000000e+00
  221  -3.150000000e+00   6.500000000e-01   4.000000000e+00
  222  -4.150000000e+00   6.500000000e-01   3.500000000e+00
  223  -4.800000000e+00   6.500000000e-01   2.500000000e+00
  224  -4.350000000e+00   6.500000000e-01   1.200000000e+00
  225  -3.250000000e+00   6.500000000e-01   5.000000000e-01
  226  -2.100000000e+00   6.500000000e-01   1.500000000e-01
  227  -1.350000000e+00   6.500000000e-01   2.500000000e-01
  228  -1.300000000e+00   6.500000000e-01   1.000000000e-01
  229  -1.450000000e+00   6.500000000e-01  -6.000000000e-01
  230  -1.250000000e+00   6.500000000e-01  -1.100000000e+00
  231  -8.000000000e-01   6.500000000e-01  -1.400000000e+00
  232  -2.000000000e-01   6.500000000e-01  -1.550000000e+00
  233   5.000000000e-01   6.500000000e-01  -1.550000000e+00
  234   1.100000000e+00   6.500000000e-01  -1.200000000e+00
  235   1.350000000e+00   6.500000000e-01  -6.500000000e-01
  236   1.000000000e+00   6.500000000e-01   1.500000000e-01
  237  -4.500000000e-01   6.500000000e-01   6.000000000e-01
  238  -1.100000000e+00   6.500000000e-01   5.000000000e-01
  239  -8.000000000e-01   6.500000000e-01   6.000000000e-01
  240  -2.500000000e-01   6.500000000e-01   1.250000000e+00
  241   3.000000000e-01   6.500000000e-01   2.750000000e+00
  242  -2.500000000e-01   1.000000000e+00   5.000000000e+00
  243  -1.350000000e+00   1.000000000e+00   5.000000000e+00
  244  -2.300000000e+00   1.000000000e+00   4.500000000e+00
  245  -3.000000000e+00   1.000000000e+00   3.500000000e+00
  246  -3.600000000e+00   1.000000000e+00   3.000000000e+00
  247  -4.000000000e+00   1.000000000e+00   2.000000000e+00
  248  -4.150000000e+00   1.000000000e+00   1.500000000e+00
  249  -4.100000000e+00   1.000000000e+00   5.000000000e-01
  250  -3.900000000e+00   1.000000000e+00  -1.500000000e-01
  251  -3.550000000e+00   1.000000000e+00  -8.500000000e-01
  252  -3.150000000e+00   1.000000000e+00  -1.400000000e+00
  253  -2.400000000e+00   1.000000000e+00  -1.600000000e+00
  254  -1.650000000e+00   1.000000000e+00  -1.300000000e+00
  255  -1.150000000e+00   1.000000000e+00  -1.000000000e+00
  256  -7.500000000e-01   1.000000000e+00  -7.500000000e-01
  257  -2.500000000e-01   1.000000000e+00  -8.500000000e-01
  258   2.000000000e-01   1.000000000e+00  -6.500000000e-01
  259   4.000000000e-01   1.000000000e+00  -2.000000000e-01
  260   5.000000000e-02   1.000000000e+00   3.500000000e-01
  261  -8.000000000e-01   1.000000000e+00   6.500000000e-01
  262  -8.000000000e-01   1.000000000e+00   8.000000000e-01
  263  -5.000000000e-01   1.000000000e+00   1.050000000e+00
  264  -5.000000000e-02   1.000000000e+00   1.900000000e+00
  265   3.500000000e-01   1.000000000e+00   3.500000000e+00
C Region List
