C PointsNum,MaxElemVol,TetGenParams,nAtrib,IndMov,MDMaxVolume,MDomDiv,MDOnly,MDDivF,MDPrescP
  395    1.000000e+00 YYpznno2q1.414a     0     0    1.000000e+00     1     0     0     0     0     0 YYpznno2q1.414a
  -1.452148000e-01  -8.451570000e+00   1.481900000e-02
   1.368771000e-01  -7.981820000e+00   1.052984000e+00
  -1.414590000e-01  -7.981820000e+00   1.093048000e+00
  -4.038280000e-01  -7.981820000e+00   9.932330000e-01
  -6.142570000e-01  -7.981820000e+00   8.302300000e-01
  -7.794580000e-01  -7.981820000e+00   6.428930000e-01
  -9.078340000e-01  -7.981820000e+00   4.394290000e-01
  -9.997890000e-01  -7.981820000e+00   2.180960000e-01
  -1.056068000e+00  -7.981820000e+00  -2.278800000e-02
  -1.060557000e+00  -7.981820000e+00  -2.817610000e-01
  -9.820870000e-01  -7.981820000e+00  -5.388680000e-01
  -8.035420000e-01  -7.981820000e+00  -7.417370000e-01
  -5.697010000e-01  -7.981820000e+00  -8.705250000e-01
  -3.201229000e-01  -7.981820000e+00  -9.363890000e-01
  -6.744800000e-02  -7.981820000e+00  -9.498340000e-01
   1.743440000e-01  -7.981820000e+00  -8.903610000e-01
   3.724660000e-01  -7.981820000e+00  -7.464930000e-01
   5.215370000e-01  -7.981820000e+00  -5.678660000e-01
   6.307250000e-01  -7.981820000e+00  -3.764650000e-01
   6.871810000e-01  -7.981820000e+00  -1.689040000e-01
   6.814040000e-01  -7.981820000e+00   4.009800000e-02
   6.339050000e-01  -7.981820000e+00   2.382130000e-01
   5.591650000e-01  -7.981820000e+00   4.263840000e-01
   4.697470000e-01  -7.981820000e+00   6.270700000e-01
   3.436420000e-01  -7.981820000e+00   8.539680000e-01
   1.509166000e-01  -7.512070000e+00   1.429310000e+00
  -2.304520000e-01  -7.512070000e+00   1.458125000e+00
  -5.696990000e-01  -7.512070000e+00   1.274763000e+00
  -8.214050000e-01  -7.512070000e+00   1.025935000e+00
  -1.012928000e+00  -7.512070000e+00   7.756800000e-01
  -1.174520000e+00  -7.512070000e+00   5.273960000e-01
  -1.330600000e+00  -7.512070000e+00   2.636132000e-01
  -1.480030000e+00  -7.512070000e+00  -4.801500000e-02
  -1.581650000e+00  -7.512070000e+00  -4.318790000e-01
  -1.510598000e+00  -7.512070000e+00  -8.359010000e-01
  -1.218129000e+00  -7.512070000e+00  -1.119340000e+00
  -8.347920000e-01  -7.512070000e+00  -1.238840000e+00
  -4.670834000e-01  -7.512070000e+00  -1.261650000e+00
  -1.328710000e-01  -7.512070000e+00  -1.236470000e+00
   1.775210000e-01  -7.512070000e+00  -1.158909000e+00
   4.369010000e-01  -7.512070000e+00  -9.813710000e-01
   6.327500000e-01  -7.512070000e+00  -7.549380000e-01
   7.771340000e-01  -7.512070000e+00  -5.072580000e-01
   8.569860000e-01  -7.512070000e+00  -2.383868000e-01
   8.462410000e-01  -7.512070000e+00   3.620300000e-02
   7.821710000e-01  -7.512070000e+00   2.943610000e-01
   6.876970000e-01  -7.512070000e+00   5.413930000e-01
   5.835450000e-01  -7.512070000e+00   8.177270000e-01
   4.289450000e-01  -7.512070000e+00   1.143034000e+00
   1.437290000e-01  -7.043310000e+00   1.659160000e+00
  -2.989520000e-01  -7.043310000e+00   1.682930000e+00
  -6.967170000e-01  -7.043310000e+00   1.491374000e+00
  -1.004431000e+00  -7.043310000e+00   1.220688000e+00
  -1.244160000e+00  -7.043310000e+00   9.328940000e-01
  -1.443030000e+00  -7.043310000e+00   6.360600000e-01
  -1.628430000e+00  -7.043310000e+00   3.165288000e-01
  -1.799910000e+00  -7.043310000e+00  -5.931900000e-02
  -1.908080000e+00  -7.043310000e+00  -5.155190000e-01
  -1.820860000e+00  -7.043310000e+00  -9.940640000e-01
  -1.472643000e+00  -7.043310000e+00  -1.330050000e+00
  -1.014412000e+00  -7.043310000e+00  -1.468200000e+00
  -5.792710000e-01  -7.043310000e+00  -1.490670000e+00
  -1.850850000e-01  -7.043310000e+00  -1.455310000e+00
   1.803810000e-01  -7.043310000e+00  -1.364105000e+00
   4.799140000e-01  -7.043310000e+00  -1.148656000e+00
   6.992660000e-01  -7.043310000e+00  -8.742660000e-01
   8.608670000e-01  -7.043310000e+00  -5.851500000e-01
   9.541260000e-01  -7.043310000e+00  -2.764712000e-01
   9.480710000e-01  -7.043310000e+00   3.961700000e-02
   8.771910000e-01  -7.043310000e+00   3.391430000e-01
   7.700120000e-01  -7.043310000e+00   6.288120000e-01
   6.514670000e-01  -7.043310000e+00   9.523000000e-01
   4.723980000e-01  -7.043310000e+00   1.335800000e+00
   1.030940000e-01  -6.573560000e+00   1.815210000e+00
  -3.787960000e-01  -6.573560000e+00   1.842460000e+00
  -8.290470000e-01  -6.573560000e+00   1.687660000e+00
  -1.208810000e+00  -6.573560000e+00   1.436637000e+00
  -1.520090000e+00  -6.573560000e+00   1.128342000e+00
  -1.763580000e+00  -6.573560000e+00   7.745060000e-01
  -1.963380000e+00  -6.573560000e+00   3.847276000e-01
  -2.119640000e+00  -6.573560000e+00  -5.984700000e-02
  -2.185630000e+00  -6.573560000e+00  -5.692860000e-01
  -2.060090000e+00  -6.573560000e+00  -1.089460000e+00
  -1.684030000e+00  -6.573560000e+00  -1.468750000e+00
  -1.181791000e+00  -6.573560000e+00  -1.633720000e+00
  -6.959060000e-01  -6.573560000e+00  -1.664640000e+00
  -2.534300000e-01  -6.573560000e+00  -1.627400000e+00
   1.571550000e-01  -6.573560000e+00  -1.526250000e+00
   4.858320000e-01  -6.573560000e+00  -1.268010000e+00
   7.104680000e-01  -6.573560000e+00  -9.465840000e-01
   8.720970000e-01  -6.573560000e+00  -6.226180000e-01
   9.799920000e-01  -6.573560000e+00  -2.912724000e-01
   9.885360000e-01  -6.573560000e+00   5.265700000e-02
   9.218740000e-01  -6.573560000e+00   3.848790000e-01
   8.086160000e-01  -6.573560000e+00   7.072490000e-01
   6.776960000e-01  -6.573560000e+00   1.069710000e+00
   4.739540000e-01  -6.573560000e+00   1.488800000e+00
   5.179500000e-02  -6.103800000e+00   1.967060000e+00
  -4.655600000e-01  -6.103800000e+00   2.005910000e+00
  -9.664370000e-01  -6.103800000e+00   1.888890000e+00
  -1.418770000e+00  -6.103800000e+00   1.660361000e+00
  -1.804770000e+00  -6.103800000e+00   1.337382000e+00
  -2.092940000e+00  -6.103800000e+00   9.258580000e-01
  -2.297730000e+00  -6.103800000e+00   4.618001000e-01
  -2.420890000e+00  -6.103800000e+00  -4.854700000e-02
  -2.435990000e+00  -6.103800000e+00  -6.022160000e-01
  -2.271810000e+00  -6.103800000e+00  -1.151810000e+00
  -1.875990000e+00  -6.103800000e+00  -1.567390000e+00
  -1.340682000e+00  -6.103800000e+00  -1.759810000e+00
  -8.132050000e-01  -6.103800000e+00  -1.801370000e+00
  -3.299680000e-01  -6.103800000e+00  -1.762200000e+00
   1.215170000e-01  -6.103800000e+00  -1.655170000e+00
   4.735360000e-01  -6.103800000e+00  -1.359940000e+00
   6.980970000e-01  -6.103800000e+00  -9.908540000e-01
   8.535120000e-01  -6.103800000e+00  -6.368530000e-01
   9.680680000e-01  -6.103800000e+00  -2.881999000e-01
   9.899090000e-01  -6.103800000e+00   7.500600000e-02
   9.286970000e-01  -6.103800000e+00   4.303950000e-01
   8.134360000e-01  -6.103800000e+00   7.814410000e-01
   6.803280000e-01  -6.103800000e+00   1.180280000e+00
   4.608210000e-01  -6.103800000e+00   1.636470000e+00
   3.616100000e-02  -5.634050000e+00   2.120360000e+00
  -5.182700000e-01  -5.634050000e+00   2.162020000e+00
  -1.057110000e+00  -5.634050000e+00   2.045090000e+00
  -1.549750000e+00  -5.634050000e+00   1.808486000e+00
  -1.973280000e+00  -5.634050000e+00   1.465312000e+00
  -2.287130000e+00  -5.634050000e+00   1.018111000e+00
  -2.501210000e+00  -5.634050000e+00   5.125741000e-01
  -2.623890000e+00  -5.634050000e+00  -3.922000000e-02
  -2.627590000e+00  -5.634050000e+00  -6.313500000e-01
  -2.447430000e+00  -5.634050000e+00  -1.217020000e+00
  -2.026250000e+00  -5.634050000e+00  -1.662450000e+00
  -1.451796000e+00  -5.634050000e+00  -1.866080000e+00
  -8.888390000e-01  -5.634050000e+00  -1.905270000e+00
  -3.735400000e-01  -5.634050000e+00  -1.858720000e+00
   1.066600000e-01  -5.634050000e+00  -1.745900000e+00
   4.807640000e-01  -5.634050000e+00  -1.432030000e+00
   7.115960000e-01  -5.634050000e+00  -1.032870000e+00
   8.716100000e-01  -5.634050000e+00  -6.561370000e-01
   9.937430000e-01  -5.634050000e+00  -2.894259000e-01
   1.022371000e+00  -5.634050000e+00   9.232700000e-02
   9.607440000e-01  -5.634050000e+00   4.706150000e-01
   8.434040000e-01  -5.634050000e+00   8.448170000e-01
   7.074280000e-01  -5.634050000e+00   1.275310000e+00
   4.757446000e-01  -5.634050000e+00   1.770250000e+00
   1.339600000e-02  -4.716630000e+00   2.435170000e+00
  -6.014260000e-01  -4.716630000e+00   2.501810000e+00
  -1.218000000e+00  -4.716630000e+00   2.412470000e+00
  -1.809710000e+00  -4.716630000e+00   2.196270000e+00
  -2.339240000e+00  -4.716630000e+00   1.823446000e+00
  -2.719890000e+00  -4.716630000e+00   1.297322000e+00
  -2.915560000e+00  -4.716630000e+00   6.801583000e-01
  -2.958340000e+00  -4.716630000e+00   4.014500000e-02
  -2.864450000e+00  -4.716630000e+00  -5.917300000e-01
  -2.621690000e+00  -4.716630000e+00  -1.189930000e+00
  -2.191530000e+00  -4.716630000e+00  -1.672320000e+00
  -1.595278000e+00  -4.716630000e+00  -1.906530000e+00
  -9.946040000e-01  -4.716630000e+00  -1.957040000e+00
  -4.425888000e-01  -4.716630000e+00  -1.908430000e+00
   7.254000000e-02  -4.716630000e+00  -1.789680000e+00
   4.778500000e-01  -4.716630000e+00  -1.458296000e+00
   7.226460000e-01  -4.716630000e+00  -1.023510000e+00
   8.947600000e-01  -4.716630000e+00  -6.196590000e-01
   1.035281000e+00  -4.716630000e+00  -2.278417000e-01
   1.097008000e+00  -4.716630000e+00   1.870440000e-01
   1.042447000e+00  -4.716630000e+00   6.066880000e-01
   9.222810000e-01  -4.716630000e+00   1.030043000e+00
   7.749780000e-01  -4.716630000e+00   1.516170000e+00
   5.096162900e-01  -4.716630000e+00   2.063440000e+00
   4.847000000e-03  -3.799210000e+00   2.717100000e+00
  -6.629590000e-01  -3.799210000e+00   2.789100000e+00
  -1.333980000e+00  -3.799210000e+00   2.696090000e+00
  -1.979220000e+00  -3.799210000e+00   2.456630000e+00
  -2.556990000e+00  -3.799210000e+00   2.056959000e+00
  -2.972310000e+00  -3.799210000e+00   1.483271000e+00
  -3.145540000e+00  -3.799210000e+00   8.035661000e-01
  -3.125270000e+00  -3.799210000e+00   1.197740000e-01
  -2.964900000e+00  -3.799210000e+00  -5.224400000e-01
  -2.685050000e+00  -3.799210000e+00  -1.112330000e+00
  -2.265520000e+00  -3.799210000e+00  -1.609850000e+00
  -1.677200000e+00  -3.799210000e+00  -1.875790000e+00
  -1.065153000e+00  -3.799210000e+00  -1.945030000e+00
  -4.936358000e-01  -3.799210000e+00  -1.902100000e+00
   4.236200000e-02  -3.799210000e+00  -1.781070000e+00
   4.543120000e-01  -3.799210000e+00  -1.422900000e+00
   6.827290000e-01  -3.799210000e+00  -9.536660000e-01
   8.463270000e-01  -3.799210000e+00  -5.389530000e-01
   9.999830000e-01  -3.799210000e+00  -1.484339000e-01
   1.089012000e+00  -3.799210000e+00   2.716240000e-01
   1.038208000e+00  -3.799210000e+00   7.056060000e-01
   9.349370000e-01  -3.799210000e+00   1.154660000e+00
   8.001460000e-01  -3.799210000e+00   1.684350000e+00
   5.367498000e-01  -3.799210000e+00   2.297890000e+00
  -1.559700000e-02  -2.881800000e+00   2.885380000e+00
  -7.190400000e-01  -2.881800000e+00   2.974140000e+00
  -1.435120000e+00  -2.881800000e+00   2.903500000e+00
  -2.133750000e+00  -2.881800000e+00   2.665610000e+00
  -2.768220000e+00  -2.881800000e+00   2.242050000e+00
  -3.219390000e+00  -2.881800000e+00   1.627489000e+00
  -3.386530000e+00  -2.881800000e+00   8.834598000e-01
  -3.327860000e+00  -2.881800000e+00   1.508740000e-01
  -3.124750000e+00  -2.881800000e+00  -5.196500000e-01
  -2.811310000e+00  -2.881800000e+00  -1.123250000e+00
  -2.375030000e+00  -2.881800000e+00  -1.637020000e+00
  -1.766910000e+00  -2.881800000e+00  -1.911590000e+00
  -1.132597000e+00  -2.881800000e+00  -1.976180000e+00
  -5.429577000e-01  -2.881800000e+00  -1.926940000e+00
   9.972000000e-03  -2.881800000e+00  -1.806580000e+00
   4.524200000e-01  -2.881800000e+00  -1.465560000e+00
   7.070360000e-01  -2.881800000e+00  -9.866920000e-01
   8.869280000e-01  -2.881800000e+00  -5.510050000e-01
   1.033816000e+00  -2.881800000e+00  -1.315402000e-01
   1.090447000e+00  -2.881800000e+00   3.101120000e-01
   1.018271000e+00  -2.881800000e+00   7.520300000e-01
   9.223320000e-01  -2.881800000e+00   1.215390000e+00
   7.997340000e-01  -2.881800000e+00   1.775720000e+00
   5.405627000e-01  -2.881800000e+00   2.438660000e+00
  -6.832600000e-02  -1.964380000e+00   2.961200000e+00
  -7.942400000e-01  -1.964380000e+00   3.059590000e+00
  -1.534650000e+00  -1.964380000e+00   2.985840000e+00
  -2.256030000e+00  -1.964380000e+00   2.738580000e+00
  -2.907820000e+00  -1.964380000e+00   2.299100000e+00
  -3.367740000e+00  -1.964380000e+00   1.654914000e+00
  -3.542190000e+00  -1.964380000e+00   8.938790000e-01
  -3.491510000e+00  -1.964380000e+00   1.395710000e-01
  -3.292080000e+00  -1.964380000e+00  -5.578800000e-01
  -2.973990000e+00  -1.964380000e+00  -1.188780000e+00
  -2.521350000e+00  -1.964380000e+00  -1.724770000e+00
  -1.885730000e+00  -1.964380000e+00  -2.008960000e+00
  -1.222326000e+00  -1.964380000e+00  -2.065930000e+00
  -6.124214000e-01  -1.964380000e+00  -2.006160000e+00
  -4.318200000e-02  -1.964380000e+00  -1.876220000e+00
   4.199560000e-01  -1.964380000e+00  -1.535400000e+00
   6.708180000e-01  -1.964380000e+00  -1.029149000e+00
   8.357020000e-01  -1.964380000e+00  -5.705870000e-01
   9.590850000e-01  -1.964380000e+00  -1.391210000e-01
   9.754930000e-01  -1.964380000e+00   3.004430000e-01
   8.945080000e-01  -1.964380000e+00   7.280710000e-01
   8.217980000e-01  -1.964380000e+00   1.189003000e+00
   7.331820000e-01  -1.964380000e+00   1.773410000e+00
   5.045200000e-01  -1.964380000e+00   2.498870000e+00
  -1.247900000e-01  -1.046960000e+00   3.051430000e+00
  -8.695300000e-01  -1.046960000e+00   3.137250000e+00
  -1.616820000e+00  -1.046960000e+00   3.030690000e+00
  -2.330170000e+00  -1.046960000e+00   2.752630000e+00
  -2.964020000e+00  -1.046960000e+00   2.306420000e+00
  -3.417340000e+00  -1.046960000e+00   1.662011000e+00
  -3.623630000e+00  -1.046960000e+00   9.132550000e-01
  -3.631860000e+00  -1.046960000e+00   1.555820000e-01
  -3.480810000e+00  -1.046960000e+00  -5.745900000e-01
  -3.177140000e+00  -1.046960000e+00  -1.251100000e+00
  -2.694750000e+00  -1.046960000e+00  -1.814330000e+00
  -1.988720000e+00  -1.046960000e+00  -2.047720000e+00
  -1.287790000e+00  -1.046960000e+00  -2.014320000e+00
  -6.881575000e-01  -1.046960000e+00  -1.885430000e+00
  -1.554030000e-01  -1.046960000e+00  -1.728230000e+00
   3.147660000e-01  -1.046960000e+00  -1.465300000e+00
   5.959660000e-01  -1.046960000e+00  -1.007344000e+00
   7.682030000e-01  -1.046960000e+00  -5.539380000e-01
   8.548350000e-01  -1.046960000e+00  -1.127450000e-01
   8.025370000e-01  -1.046960000e+00   3.160410000e-01
   7.273420000e-01  -1.046960000e+00   7.177110000e-01
   6.864740000e-01  -1.046960000e+00   1.169519000e+00
   6.444980000e-01  -1.046960000e+00   1.774540000e+00
   4.602020000e-01  -1.046960000e+00   2.570830000e+00
  -1.926040000e-01  -3.545410000e-01   3.142920000e+00
   4.171790000e-01  -3.545410000e-01   2.667500000e+00
   5.671060000e-01  -3.545410000e-01   1.803330000e+00
   5.637300000e-01  -3.545410000e-01   1.167040000e+00
   5.733140000e-01  -3.545410000e-01   7.188270000e-01
   6.206230000e-01  -3.545410000e-01   3.355790000e-01
   7.119060000e-01  -3.545410000e-01  -7.629400000e-02
   6.602870000e-01  -3.545410000e-01  -5.172310000e-01
   4.891980000e-01  -3.545410000e-01  -9.622100000e-01
   1.902500000e-01  -3.545410000e-01  -1.376150000e+00
  -2.728090000e-01  -3.545410000e-01  -1.592640000e+00
  -7.738674000e-01  -3.545410000e-01  -1.781830000e+00
  -1.366604000e+00  -3.545410000e-01  -1.972930000e+00
  -2.112150000e+00  -3.545410000e-01  -2.100170000e+00
  -2.885530000e+00  -3.545410000e-01  -1.912460000e+00
  -3.402070000e+00  -3.545410000e-01  -1.317760000e+00
  -3.682710000e+00  -3.545410000e-01  -5.883500000e-01
  -3.778550000e+00  -3.545410000e-01   1.738050000e-01
  -3.714280000e+00  -3.545410000e-01   9.407060000e-01
  -3.475580000e+00  -3.545410000e-01   1.671634000e+00
  -3.027310000e+00  -3.545410000e-01   2.308010000e+00
  -2.410820000e+00  -3.545410000e-01   2.777920000e+00
  -1.707320000e+00  -3.545410000e-01   3.076490000e+00
  -9.544100000e-01  -3.545410000e-01   3.213470000e+00
  -2.351010000e+00  -3.833410000e-01  -1.508560000e+00
  -2.855700000e+00  -3.801410000e-01  -1.279080000e+00
  -1.453620000e+00  -3.780410000e-01   2.786280000e+00
  -9.658800000e-01  -3.906410000e-01   2.540420000e+00
  -2.136380000e+00  -4.215410000e-01   7.506180000e-01
  -2.095130000e+00  -4.191410000e-01   1.063107500e+00
  -1.758400000e+00  -4.224410000e-01   1.076310800e+00
  -7.094957000e-01  -3.790410000e-01  -1.407020000e+00
  -1.747390000e+00  -4.268410000e-01   3.474400000e-01
  -1.420660000e+00  -4.250410000e-01   1.089514000e+00
  -1.119120000e+00  -4.258410000e-01   3.925310000e-01
  -2.610880000e+00  -4.077410000e-01   1.010340000e+00
  -2.675460000e+00  -4.094410000e-01   4.115950000e-01
  -3.180710000e+00  -3.883410000e-01   6.490870000e-01
  -2.642280000e+00  -3.943410000e-01   1.668005000e+00
  -2.791140000e+00  -3.952410000e-01   1.390366000e+00
  -2.773800000e+00  -3.905410000e-01   1.620249000e+00
  -2.084840000e-01  -3.855410000e-01   2.319377000e+00
  -7.998630000e-01  -4.105410000e-01   1.745407000e+00
  -1.946850000e+00  -4.004410000e-01  -1.163060000e+00
  -1.853510000e+00  -4.079410000e-01  -9.316100000e-01
  -1.650948000e+00  -4.055410000e-01  -1.028360000e+00
  -1.832400000e+00  -4.085410000e-01   1.877501000e+00
  -1.719520000e+00  -3.955410000e-01   2.344297000e+00
  -1.612130000e+00  -4.039410000e-01   2.115365000e+00
  -3.057570000e+00  -3.865410000e-01  -7.071400000e-01
  -2.401030000e+00  -4.035410000e-01  -8.403800000e-01
  -1.158793000e+00  -3.834410000e-01  -1.477390000e+00
  -1.448384000e+00  -4.029410000e-01  -1.121120000e+00
  -8.998300000e-01  -3.986410000e-01  -1.090060000e+00
  -2.023680000e+00  -3.905410000e-01   2.331328000e+00
  -1.916230000e+00  -3.772410000e-01   2.657950000e+00
  -1.816930000e+00  -3.865410000e-01   2.511120000e+00
  -1.734533000e+00  -3.839410000e-01  -1.569810000e+00
  -2.321000000e+00  -3.836410000e-01   2.308359000e+00
  -1.059100000e-02  -3.787410000e-01  -9.830700000e-01
   1.189000000e-01  -3.837410000e-01  -5.475960000e-01
   2.722290000e-01  -3.811410000e-01   1.355120000e-01
  -2.255640000e+00  -4.199410000e-01   2.245240000e-01
  -2.620940000e+00  -4.085410000e-01  -1.893200000e-01
   1.037341000e-01  -3.889410000e-01   9.469250000e-01
  -2.244370000e-01  -4.055410000e-01   4.388570000e-01
  -3.050190000e+00  -3.865410000e-01   1.284854900e+00
  -3.184480000e+00  -3.887410000e-01  -2.401100000e-02
  -3.729150000e-01  -3.822410000e-01  -1.208360000e+00
  -4.973240000e-01  -4.026410000e-01  -7.022900000e-01
   2.359210000e-01  -3.778410000e-01   1.723704000e+00
  -2.302530000e-01  -3.996410000e-01   1.562561000e+00
  -2.050730000e+00  -4.199410000e-01  -2.244780000e-01
  -2.453810000e+00  -3.954410000e-01   1.859350000e+00
  -2.528090000e+00  -4.023410000e-01   1.495877000e+00
  -8.258150000e-01  -4.098410000e-01  -6.684400000e-01
  -8.442650000e-01  -4.147410000e-01  -4.220790000e-01
  -1.159450000e+00  -4.119410000e-01   1.815920000e+00
  -1.232460000e+00  -4.029410000e-01   2.188426000e+00
  -1.016660000e+00  -4.070410000e-01   1.981916000e+00
  -2.235330000e+00  -3.936410000e-01   2.103463000e+00
  -2.387060000e+00  -3.897410000e-01   2.093855000e+00
  -2.147150000e+00  -4.031410000e-01   1.888567000e+00
  -2.059890000e+00  -4.159410000e-01   1.365597000e+00
  -2.295490000e+00  -4.099410000e-01   1.425737000e+00
  -1.601850000e+00  -4.258410000e-01   8.365300000e-02
  -1.826290000e+00  -4.234410000e-01  -6.841300000e-02
  -1.455300000e+00  -4.241410000e-01  -1.721340000e-01
  -1.289210000e+00  -4.256410000e-01   1.046980000e-01
  -1.074463000e+00  -4.228410000e-01  -2.900900000e-02
  -5.978880000e-01  -4.160410000e-01   9.487197000e-01
  -1.578420000e+00  -3.874410000e-01   2.565290000e+00
  -1.274650000e+00  -3.892410000e-01   2.557850000e+00
  -1.754180000e+00  -4.144410000e-01  -7.081600000e-01
  -1.453241000e+00  -4.153410000e-01  -6.773800000e-01
  -1.454813000e+00  -4.094410000e-01  -9.017500000e-01
  -1.457850000e+00  -4.190410000e-01   1.482974000e+00
  -1.130610000e+00  -4.154410000e-01   1.619191000e+00
  -2.958590000e-01  -4.057410000e-01  -1.016780000e-01
  -2.337380000e+00  -4.128410000e-01   1.187968780e+00
  -2.235380000e+00  -4.174410000e-01   9.742930000e-01
  -1.904450000e+00  -4.176410000e-01  -4.728200000e-01
  -2.077600000e+00  -4.099410000e-01  -7.702700000e-01
  -2.066160000e+00  -4.152410000e-01  -5.003700000e-01
  -1.784970000e+00  -4.152410000e-01   1.606015000e+00
  -1.760620000e+00  -4.182410000e-01   1.419286000e+00
  -2.757470000e+00  -3.856410000e-01   1.840132000e+00
  -6.216610000e-01  -4.174410000e-01   3.007900000e-01
  -5.742870000e-01  -4.134410000e-01  -1.271970000e-01
  -1.027567000e+00  -4.068410000e-01  -8.923300000e-01
  -8.633220000e-01  -4.044410000e-01  -8.887500000e-01
  -1.307302000e+00  -4.197410000e-01  -4.278600000e-01
  -1.530740000e+00  -4.176410000e-01  -5.625100000e-01
  -1.475340000e+00  -3.993410000e-01   2.281361000e+00
  -2.083910000e+00  -3.971410000e-01   2.109948000e+00
  -9.914180000e-01  -4.230410000e-01   1.079070000e-01
  -7.406880000e-01  -4.186410000e-01   6.553700000e-02
  -1.679880000e+00  -4.213410000e-01  -3.194800000e-01
  -1.308845000e+00  -4.093410000e-01  -8.898600000e-01
  -1.240976000e+00  -4.054410000e-01  -1.000720000e+00
  -8.597160000e-01  -4.192410000e-01  -1.627170000e-01
  -5.368060000e-01  -4.081410000e-01  -4.177420000e-01
  -1.517800000e+00  -4.265410000e-01   2.265690000e-01
  -1.011510000e+00  -4.172410000e-01  -4.176560000e-01
  -1.084009000e+00  -4.199410000e-01  -2.937910000e-01
  -1.512440000e+00  -4.116410000e-01   1.856434000e+00
  -1.157305000e+00  -4.141410000e-01  -6.635900000e-01
  -1.752510000e+00  -4.227410000e-01  -1.953060000e-01
  -2.337620000e+00  -4.033410000e-01   1.687222000e+00
  -2.568980000e+00  -4.053410000e-01   1.248108900e+00
C Number of facets
  786
C  Size  Node 1  ......Node N Marker
    3    0    1    2    3
    3    0    2    3    3
    3    0    3    4    3
    3    0    4    5    3
    3    0    5    6    3
    3    0    6    7    3
    3    0    7    8    3
    3    0    8    9    3
    3    0    9   10    3
    3    0   10   11    3
    3    0   11   12    3
    3    0   12   13    3
    3    0   13   14    3
    3    0   14   15    3
    3    0   15   16    3
    3    0   16   17    3
    3    0   17   18    3
    3    0   18   19    3
    3    0   19   20    3
    3    0   20   21    3
    3    0   21   22    3
    3    0   22   23    3
    3    0   23   24    3
    3    0   24    1    3
    3    1   25   26    3
    3    1   26    2    3
    3    2   26   27    3
    3    2   27    3    3
    3    3   27   28    3
    3    3   28    4    3
    3    4   28   29    3
    3    4   29    5    3
    3    5   29   30    3
    3    5   30    6    3
    3    6   30   31    3
    3    6   31    7    3
    3    7   31   32    3
    3    7   32    8    3
    3    8   32   33    3
    3    8   33    9    3
    3    9   33   34    3
    3    9   34   10    3
    3   10   34   35    3
    3   10   35   11    3
    3   11   35   36    3
    3   11   36   12    3
    3   12   36   37    3
    3   12   37   13    3
    3   13   37   38    3
    3   13   38   14    3
    3   14   38   39    3
    3   14   39   15    3
    3   15   39   40    3
    3   15   40   16    3
    3   16   40   41    3
    3   16   41   17    3
    3   17   41   42    3
    3   17   42   18    3
    3   18   42   43    3
    3   18   43   19    3
    3   19   43   44    3
    3   19   44   20    3
    3   20   44   45    3
    3   20   45   21    3
    3   21   45   46    3
    3   21   46   22    3
    3   22   46   47    3
    3   22   47   23    3
    3   23   47   48    3
    3   23   48   24    3
    3   24   48   25    3
    3   24   25    1    3
    3   25   49   50    3
    3   25   50   26    3
    3   26   50   51    3
    3   26   51   27    3
    3   27   51   52    3
    3   27   52   28    3
    3   28   52   53    3
    3   28   53   29    3
    3   29   53   54    3
    3   29   54   30    3
    3   30   54   55    3
    3   30   55   31    3
    3   31   55   56    3
    3   31   56   32    3
    3   32   56   57    3
    3   32   57   33    3
    3   33   57   58    3
    3   33   58   34    3
    3   34   58   59    3
    3   34   59   35    3
    3   35   59   60    3
    3   35   60   36    3
    3   36   60   61    3
    3   36   61   37    3
    3   37   61   62    3
    3   37   62   38    3
    3   38   62   63    3
    3   38   63   39    3
    3   39   63   64    3
    3   39   64   40    3
    3   40   64   65    3
    3   40   65   41    3
    3   41   65   66    3
    3   41   66   42    3
    3   42   66   67    3
    3   42   67   43    3
    3   43   67   68    3
    3   43   68   44    3
    3   44   68   69    3
    3   44   69   45    3
    3   45   69   70    3
    3   45   70   46    3
    3   46   70   71    3
    3   46   71   47    3
    3   47   71   72    3
    3   47   72   48    3
    3   48   72   49    3
    3   48   49   25    3
    3   49   73   74    3
    3   49   74   50    3
    3   50   74   75    3
    3   50   75   51    3
    3   51   75   76    3
    3   51   76   52    3
    3   52   76   77    3
    3   52   77   53    3
    3   53   77   78    3
    3   53   78   54    3
    3   54   78   79    3
    3   54   79   55    3
    3   55   79   80    3
    3   55   80   56    3
    3   56   80   81    3
    3   56   81   57    3
    3   57   81   82    3
    3   57   82   58    3
    3   58   82   83    3
    3   58   83   59    3
    3   59   83   84    3
    3   59   84   60    3
    3   60   84   85    3
    3   60   85   61    3
    3   61   85   86    3
    3   61   86   62    3
    3   62   86   87    3
    3   62   87   63    3
    3   63   87   88    3
    3   63   88   64    3
    3   64   88   89    3
    3   64   89   65    3
    3   65   89   90    3
    3   65   90   66    3
    3   66   90   91    3
    3   66   91   67    3
    3   67   91   92    3
    3   67   92   68    3
    3   68   92   93    3
    3   68   93   69    3
    3   69   93   94    3
    3   69   94   70    3
    3   70   94   95    3
    3   70   95   71    3
    3   71   95   96    3
    3   71   96   72    3
    3   72   96   73    3
    3   72   73   49    3
    3   73   97   98    3
    3   73   98   74    3
    3   74   98   99    3
    3   74   99   75    3
    3   75   99  100    3
    3   75  100   76    3
    3   76  100  101    3
    3   76  101   77    3
    3   77  101  102    3
    3   77  102   78    3
    3   78  102  103    3
    3   78  103   79    3
    3   79  103  104    3
    3   79  104   80    3
    3   80  104  105    3
    3   80  105   81    3
    3   81  105  106    3
    3   81  106   82    3
    3   82  106  107    3
    3   82  107   83    3
    3   83  107  108    3
    3   83  108   84    3
    3   84  108  109    3
    3   84  109   85    3
    3   85  109  110    3
    3   85  110   86    3
    3   86  110  111    3
    3   86  111   87    3
    3   87  111  112    3
    3   87  112   88    3
    3   88  112  113    3
    3   88  113   89    3
    3   89  113  114    3
    3   89  114   90    3
    3   90  114  115    3
    3   90  115   91    3
    3   91  115  116    3
    3   91  116   92    3
    3   92  116  117    3
    3   92  117   93    3
    3   93  117  118    3
    3   93  118   94    3
    3   94  118  119    3
    3   94  119   95    3
    3   95  119  120    3
    3   95  120   96    3
    3   96  120   97    3
    3   96   97   73    3
    3   97  121  122    3
    3   97  122   98    3
    3   98  122  123    3
    3   98  123   99    3
    3   99  123  124    3
    3   99  124  100    3
    3  100  124  125    3
    3  100  125  101    3
    3  101  125  126    3
    3  101  126  102    3
    3  102  126  127    3
    3  102  127  103    3
    3  103  127  128    3
    3  103  128  104    3
    3  104  128  129    3
    3  104  129  105    3
    3  105  129  130    3
    3  105  130  106    3
    3  106  130  131    3
    3  106  131  107    3
    3  107  131  132    3
    3  107  132  108    3
    3  108  132  133    3
    3  108  133  109    3
    3  109  133  134    3
    3  109  134  110    3
    3  110  134  135    3
    3  110  135  111    3
    3  111  135  136    3
    3  111  136  112    3
    3  112  136  137    3
    3  112  137  113    3
    3  113  137  138    3
    3  113  138  114    3
    3  114  138  139    3
    3  114  139  115    3
    3  115  139  140    3
    3  115  140  116    3
    3  116  140  141    3
    3  116  141  117    3
    3  117  141  142    3
    3  117  142  118    3
    3  118  142  143    3
    3  118  143  119    3
    3  119  143  144    3
    3  119  144  120    3
    3  120  144  121    3
    3  120  121   97    3
    3  121  145  146    3
    3  121  146  122    3
    3  122  146  147    3
    3  122  147  123    3
    3  123  147  148    3
    3  123  148  124    3
    3  124  148  149    3
    3  124  149  125    3
    3  125  149  150    3
    3  125  150  126    3
    3  126  150  151    3
    3  126  151  127    3
    3  127  151  152    3
    3  127  152  128    3
    3  128  152  153    3
    3  128  153  129    3
    3  129  153  154    3
    3  129  154  130    3
    3  130  154  155    3
    3  130  155  131    3
    3  131  155  156    3
    3  131  156  132    3
    3  132  156  157    3
    3  132  157  133    3
    3  133  157  158    3
    3  133  158  134    3
    3  134  158  159    3
    3  134  159  135    3
    3  135  159  160    3
    3  135  160  136    3
    3  136  160  161    3
    3  136  161  137    3
    3  137  161  162    3
    3  137  162  138    3
    3  138  162  163    3
    3  138  163  139    3
    3  139  163  164    3
    3  139  164  140    3
    3  140  164  165    3
    3  140  165  141    3
    3  141  165  166    3
    3  141  166  142    3
    3  142  166  167    3
    3  142  167  143    3
    3  143  167  168    3
    3  143  168  144    3
    3  144  168  145    3
    3  144  145  121    3
    3  145  169  170    3
    3  145  170  146    3
    3  146  170  171    3
    3  146  171  147    3
    3  147  171  172    3
    3  147  172  148    3
    3  148  172  173    3
    3  148  173  149    3
    3  149  173  174    3
    3  149  174  150    3
    3  150  174  175    3
    3  150  175  151    3
    3  151  175  176    3
    3  151  176  152    3
    3  152  176  177    3
    3  152  177  153    3
    3  153  177  178    3
    3  153  178  154    3
    3  154  178  179    3
    3  154  179  155    3
    3  155  179  180    3
    3  155  180  156    3
    3  156  180  181    3
    3  156  181  157    3
    3  157  181  182    3
    3  157  182  158    3
    3  158  182  183    3
    3  158  183  159    3
    3  159  183  184    3
    3  159  184  160    3
    3  160  184  185    3
    3  160  185  161    3
    3  161  185  186    3
    3  161  186  162    3
    3  162  186  187    3
    3  162  187  163    3
    3  163  187  188    3
    3  163  188  164    3
    3  164  188  189    3
    3  164  189  165    3
    3  165  189  190    3
    3  165  190  166    3
    3  166  190  191    3
    3  166  191  167    3
    3  167  191  192    3
    3  167  192  168    3
    3  168  192  169    3
    3  168  169  145    3
    3  169  193  194    3
    3  169  194  170    3
    3  170  194  195    3
    3  170  195  171    3
    3  171  195  196    3
    3  171  196  172    3
    3  172  196  197    3
    3  172  197  173    3
    3  173  197  198    3
    3  173  198  174    3
    3  174  198  199    3
    3  174  199  175    3
    3  175  199  200    3
    3  175  200  176    3
    3  176  200  201    3
    3  176  201  177    3
    3  177  201  202    3
    3  177  202  178    3
    3  178  202  203    3
    3  178  203  179    3
    3  179  203  204    3
    3  179  204  180    3
    3  180  204  205    3
    3  180  205  181    3
    3  181  205  206    3
    3  181  206  182    3
    3  182  206  207    3
    3  182  207  183    3
    3  183  207  208    3
    3  183  208  184    3
    3  184  208  209    3
    3  184  209  185    3
    3  185  209  210    3
    3  185  210  186    3
    3  186  210  211    3
    3  186  211  187    3
    3  187  211  212    3
    3  187  212  188    3
    3  188  212  213    3
    3  188  213  189    3
    3  189  213  214    3
    3  189  214  190    3
    3  190  214  215    3
    3  190  215  191    3
    3  191  215  216    3
    3  191  216  192    3
    3  192  216  193    3
    3  192  193  169    3
    3  193  217  218    3
    3  193  218  194    3
    3  194  218  219    3
    3  194  219  195    3
    3  195  219  220    3
    3  195  220  196    3
    3  196  220  221    3
    3  196  221  197    3
    3  197  221  222    3
    3  197  222  198    3
    3  198  222  223    3
    3  198  223  199    3
    3  199  223  224    3
    3  199  224  200    3
    3  200  224  225    3
    3  200  225  201    3
    3  201  225  226    3
    3  201  226  202    3
    3  202  226  227    3
    3  202  227  203    3
    3  203  227  228    3
    3  203  228  204    3
    3  204  228  229    3
    3  204  229  205    3
    3  205  229  230    3
    3  205  230  206    3
    3  206  230  231    3
    3  206  231  207    3
    3  207  231  232    3
    3  207  232  208    3
    3  208  232  233    3
    3  208  233  209    3
    3  209  233  234    3
    3  209  234  210    3
    3  210  234  235    3
    3  210  235  211    3
    3  211  235  236    3
    3  211  236  212    3
    3  212  236  237    3
    3  212  237  213    3
    3  213  237  238    3
    3  213  238  214    3
    3  214  238  239    3
    3  214  239  215    3
    3  215  239  240    3
    3  215  240  216    3
    3  216  240  217    3
    3  216  217  193    3
    3  217  241  242    3
    3  217  242  218    3
    3  218  242  243    3
    3  218  243  219    3
    3  219  243  244    3
    3  219  244  220    3
    3  220  244  245    3
    3  220  245  221    3
    3  221  245  246    3
    3  221  246  222    3
    3  222  246  247    3
    3  222  247  223    3
    3  223  247  248    3
    3  223  248  224    3
    3  224  248  249    3
    3  224  249  225    3
    3  225  249  250    3
    3  225  250  226    3
    3  226  250  251    3
    3  226  251  227    3
    3  227  251  252    3
    3  227  252  228    3
    3  228  252  253    3
    3  228  253  229    3
    3  229  253  254    3
    3  229  254  230    3
    3  230  254  255    3
    3  230  255  231    3
    3  231  255  256    3
    3  231  256  232    3
    3  232  256  257    3
    3  232  257  233    3
    3  233  257  258    3
    3  233  258  234    3
    3  234  258  259    3
    3  234  259  235    3
    3  235  259  260    3
    3  235  260  236    3
    3  236  260  261    3
    3  236  261  237    3
    3  237  261  262    3
    3  237  262  238    3
    3  238  262  263    3
    3  238  263  239    3
    3  239  263  264    3
    3  239  264  240    3
    3  240  264  241    3
    3  240  241  217    3
    3  264  265  241    3
    3  264  266  265    3
    3  263  266  264    3
    3  263  267  266    3
    3  262  267  263    3
    3  262  268  267    3
    3  261  268  262    3
    3  261  269  268    3
    3  260  269  261    3
    3  260  270  269    3
    3  259  270  260    3
    3  259  271  270    3
    3  258  271  259    3
    3  258  272  271    3
    3  257  272  258    3
    3  257  273  272    3
    3  256  273  257    3
    3  256  274  273    3
    3  255  274  256    3
    3  255  275  274    3
    3  254  275  255    3
    3  254  276  275    3
    3  253  276  254    3
    3  253  277  276    3
    3  252  277  253    3
    3  252  278  277    3
    3  251  278  252    3
    3  251  279  278    3
    3  250  279  251    3
    3  250  280  279    3
    3  249  280  250    3
    3  249  281  280    3
    3  248  281  249    3
    3  248  282  281    3
    3  247  282  248    3
    3  247  283  282    3
    3  246  283  247    3
    3  246  284  283    3
    3  245  284  246    3
    3  245  285  284    3
    3  244  285  245    3
    3  244  286  285    3
    3  243  286  244    3
    3  243  287  286    3
    3  242  287  243    3
    3  242  288  287    3
    3  241  288  242    3
    3  241  265  288    3
    3  289  279  290    1
    3  291  288  292    1
    3  293  294  295    3
    3  296  275  276    1
    3  297  298  299    1
    3  300  301  302    1
    3  303  304  305    3
    3  292  306  307    1
    3  308  309  310    4
    3  300  293  301    1
    3  311  312  313    3
    3  290  314  315    1
    3  316  317  318    1
    3  319  320  321    3
    3  317  322  308    1
    3  286  323  285    1
    3  286  287  320    1
    3  298  297  293    1
    3  324  325  273    1
    3  326  271  272    1
    3  327  328  301    1
    3  329  326  330    1
    3  300  331  304    1
    3  332  282  302    1
    3  272  325  326    1
    3  296  276  316    1
    3  296  333  275    1
    3  324  334  325    1
    3  335  329  336    1
    3  315  328  337    1
    3  338  339  303    3
    3  334  340  341    4
    3  279  289  278    1
    3  274  275  333    1
    3  322  278  289    1
    3  342  343  344    3
    3  332  301  328    1
    3  314  290  280    1
    3  345  338  346    3
    3  324  333  334    1
    3  277  316  276    1
    3  266  267  335    1
    3  288  291  287    1
    3  347  348  349    3
    3  316  322  317    1
    3  297  350  351    4
    3  327  301  293    1
    3  283  331  302    1
    3  352  353  354    4
    3  326  269  270    1
    3  332  302  301    1
    3  355  299  298    1
    3  312  356  357    3
    3  330  355  329    1
    3  336  306  335    1
    3  271  326  270    1
    3  358  359  360    4
    3  298  361  362    3
    3  283  302  282    1
    3  336  329  355    1
    3  326  363  330    1
    3  265  292  288    1
    3  300  364  365    3
    3  366  367  368    4
    3  333  318  334    1
    3  369  361  370    3
    3  327  293  297    1
    3  278  322  277    1
    3  320  291  356    3
    3  371  285  323    1
    3  363  325  334    1
    3  371  331  284    1
    3  364  339  349    3
    3  268  335  267    1
    3  372  363  373    4
    3  280  290  279    1
    3  266  306  265    1
    3  316  277  322    1
    3  328  315  314    1
    3  308  315  367    1
    3  355  330  372    1
    3  327  297  337    1
    3  280  281  314    1
    3  374  340  375    4
    3  296  316  318    1
    3  352  376  377    4
    3  355  307  336    1
    3  292  343  378    3
    3  326  325  363    1
    3  320  287  291    1
    3  345  319  379    3
    3  380  372  381    4
    3  358  366  382    4
    3  268  329  335    1
    3  273  274  324    1
    3  336  307  306    1
    3  265  306  292    1
    3  296  318  333    1
    3  383  374  384    4
    3  329  268  269    1
    3  385  373  386    4
    3  333  324  274    1
    3  283  284  331    1
    3  298  307  355    1
    3  299  353  387    4
    3  308  289  315    1
    3  273  325  272    1
    3  327  337  328    1
    3  388  376  389    4
    3  314  332  328    1
    3  281  282  332    1
    3  315  289  290    1
    3  363  372  330    1
    3  355  372  299    1
    3  285  371  284    1
    3  314  281  332    1
    3  269  326  329    1
    3  369  347  311    3
    3  266  335  306    1
    3  286  320  323    1
    3  308  322  289    1
    3  300  302  331    1
    3  343  390  313    3
    3  292  307  344    3
    3  298  348  370    3
    3  361  390  342    3
    3  343  342  390    3
    3  342  307  362    3
    3  347  369  348    3
    3  361  369  390    3
    3  369  311  390    3
    3  312  311  347    3
    3  311  313  390    3
    3  313  312  378    3
    3  298  362  307    3
    3  342  362  361    3
    3  342  344  307    3
    3  292  344  343    3
    3  369  370  348    3
    3  298  370  361    3
    3  292  378  312    3
    3  313  378  343    3
    3  334  318  375    4
    3  340  391  388    4
    3  318  317  384    4
    3  340  374  391    4
    3  352  385  389    4
    3  376  391  359    4
    3  376  388  391    4
    3  388  385  341    4
    3  359  391  383    4
    3  359  358  377    4
    3  374  383  391    4
    3  383  317  360    4
    3  374  375  318    4
    3  334  375  340    4
    3  334  341  385    4
    3  388  341  340    4
    3  388  389  385    4
    3  352  389  376    4
    3  352  377  358    4
    3  359  377  376    4
    3  358  360  317    4
    3  383  360  359    4
    3  383  384  317    4
    3  318  384  374    4
    3  367  358  309    4
    3  315  337  368    1
    3  353  352  350    4
    3  353  299  380    4
    3  372  380  299    4
    3  380  385  354    4
    3  350  352  392    4
    3  350  297  387    4
    3  366  337  392    4
    3  367  366  358    4
    3  363  334  386    4
    3  373  385  381    4
    3  392  337  351    4
    3  392  352  382    4
    3  380  381  385    4
    3  373  381  372    4
    3  358  317  310    4
    3  367  309  308    4
    3  385  386  334    4
    3  363  386  373    4
    3  366  368  337    4
    3  315  368  367    1
    3  299  387  297    4
    3  350  387  353    4
    3  352  354  385    4
    3  380  354  353    4
    3  358  382  352    4
    3  392  382  366    4
    3  297  351  337    4
    3  392  351  350    4
    3  308  310  317    4
    3  358  310  309    4
    3  312  347  379    3
    3  320  319  323    3
    3  371  323  346    3
    3  338  347  393    3
    3  364  300  394    3
    3  364  348  294    3
    3  319  345  323    3
    3  338  345  347    3
    3  348  298  295    3
    3  294  293  365    3
    3  304  339  394    3
    3  331  371  305    1
    3  364  349  348    3
    3  349  339  393    3
    3  338  393  339    3
    3  349  393  347    3
    3  338  303  371    3
    3  304  303  339    3
    3  356  312  321    3
    3  291  292  357    3
    3  364  394  339    3
    3  304  394  300    3
    3  319  321  312    3
    3  356  321  320    3
    3  293  295  298    3
    3  348  295  294    3
    3  312  357  292    3
    3  291  357  356    3
    3  345  346  323    3
    3  371  346  338    3
    3  303  305  371    3
    3  331  305  304    1
    3  345  379  347    3
    3  312  379  319    3
    3  300  365  293    3
    3  294  365  364    3
C Prescribed Values(Inlet, Outlet), InteractionSurface(Inlet, Outlet)
       1        0        0        2        2        2
C Inlet Pressure, FunID (E18.9,I5)
   1.000000000e+00    3
C Outlet Velocity
C     Vx,           Vy,            Vz,    indVx,indVy,indVz, FunID(3E18.9, 4I5)
   0.000000000e+00   1.000000000e+00   0.000000000e+00    1    0    0    4
C Inlet Velocity
C nNodeID,    Vx,           Vy,            Vz (I5, 3E18.9)
  265
    1   2.350000000e+00   2.250000000e+00   9.000000000e-01
    2   1.750000000e+00   2.100000000e+00   2.000000000e-01
    3   1.850000000e+00   2.100000000e+00   1.450000000e+00
    4   1.550000000e+00   2.100000000e+00   1.750000000e+00
    5   1.500000000e+00   2.100000000e+00   1.250000000e+00
    6   1.800000000e+00   2.100000000e+00   7.500000000e-01
    7   2.200000000e+00   2.100000000e+00   5.000000000e-01
    8   2.750000000e+00   2.100000000e+00   5.000000000e-01
    9   4.200000000e+00   2.100000000e+00   8.500000000e-01
   10   5.300000000e+00   2.100000000e+00   1.800000000e+00
   11   5.400000000e+00   2.100000000e+00   3.000000000e+00
   12   4.350000000e+00   2.100000000e+00   3.600000000e+00
   13   2.950000000e+00   2.100000000e+00   3.100000000e+00
   14   1.900000000e+00   2.100000000e+00   1.900000000e+00
   15   1.600000000e+00   2.100000000e+00   1.250000000e+00
   16   1.650000000e+00   2.100000000e+00   6.500000000e-01
   17   2.150000000e+00   2.100000000e+00  -2.500000000e-01
   18   2.950000000e+00   2.100000000e+00  -7.000000000e-01
   19   3.200000000e+00   2.100000000e+00  -3.000000000e-01
   20   2.300000000e+00   2.100000000e+00   4.000000000e-01
   21   1.400000000e+00   2.100000000e+00   5.500000000e-01
   22   9.500000000e-01   2.100000000e+00   3.000000000e-01
   23   8.500000000e-01   2.100000000e+00   0.000000000e+00
   24   1.000000000e+00   2.100000000e+00  -3.000000000e-01
   25   1.300000000e+00   2.100000000e+00  -4.500000000e-01
   26   1.300000000e+00   2.000000000e+00  -6.500000000e-01
   27   1.500000000e+00   2.000000000e+00   1.000000000e-01
   28   1.500000000e+00   2.000000000e+00   3.500000000e-01
   29   1.600000000e+00   2.000000000e+00   1.000000000e-01
   30   1.850000000e+00   2.000000000e+00  -5.000000000e-02
   31   2.150000000e+00   2.000000000e+00   0.000000000e+00
   32   2.550000000e+00   2.000000000e+00   1.500000000e-01
   33   3.050000000e+00   2.000000000e+00   5.000000000e-01
   34   3.700000000e+00   2.000000000e+00   1.150000000e+00
   35   3.750000000e+00   2.000000000e+00   2.000000000e+00
   36   3.050000000e+00   2.000000000e+00   2.350000000e+00
   37   2.150000000e+00   2.000000000e+00   2.100000000e+00
   38   1.450000000e+00   2.000000000e+00   1.600000000e+00
   39   1.150000000e+00   2.000000000e+00   1.200000000e+00
   40   1.000000000e+00   2.000000000e+00   8.000000000e-01
   41   1.250000000e+00   2.000000000e+00   1.000000000e-01
   42   1.850000000e+00   2.000000000e+00  -4.500000000e-01
   43   2.350000000e+00   2.000000000e+00  -4.500000000e-01
   44   2.000000000e+00   2.000000000e+00  -5.000000000e-02
   45   1.450000000e+00   2.000000000e+00   1.500000000e-01
   46   1.100000000e+00   2.000000000e+00   5.000000000e-02
   47   9.500000000e-01   2.000000000e+00  -1.000000000e-01
   48   8.500000000e-01   2.000000000e+00  -4.500000000e-01
   49   9.500000000e-01   2.000000000e+00  -8.000000000e-01
   50   1.500000000e+00   1.900000000e+00  -5.000000000e-02
   51   1.600000000e+00   1.900000000e+00   6.500000000e-01
   52   1.600000000e+00   1.900000000e+00   4.500000000e-01
   53   1.900000000e+00   1.900000000e+00  -5.000000000e-02
   54   2.350000000e+00   1.900000000e+00  -2.500000000e-01
   55   2.750000000e+00   1.900000000e+00  -1.500000000e-01
   56   3.100000000e+00   1.900000000e+00   1.500000000e-01
   57   3.550000000e+00   1.900000000e+00   6.500000000e-01
   58   3.850000000e+00   1.900000000e+00   1.350000000e+00
   59   3.750000000e+00   1.900000000e+00   2.100000000e+00
   60   3.050000000e+00   1.900000000e+00   2.450000000e+00
   61   2.100000000e+00   1.900000000e+00   2.200000000e+00
   62   1.500000000e+00   1.900000000e+00   1.800000000e+00
   63   1.150000000e+00   1.900000000e+00   1.350000000e+00
   64   9.500000000e-01   1.900000000e+00   1.100000000e+00
   65   1.100000000e+00   1.900000000e+00   5.500000000e-01
   66   1.500000000e+00   1.900000000e+00   5.000000000e-02
   67   1.850000000e+00   1.900000000e+00  -5.000000000e-02
   68   1.700000000e+00   1.900000000e+00   1.500000000e-01
   69   1.450000000e+00   1.900000000e+00   2.500000000e-01
   70   1.350000000e+00   1.900000000e+00   2.500000000e-01
   71   1.250000000e+00   1.900000000e+00   1.000000000e-01
   72   1.150000000e+00   1.900000000e+00  -5.000000000e-02
   73   1.150000000e+00   1.900000000e+00  -3.500000000e-01
   74   2.050000000e+00   1.750000000e+00   8.500000000e-01
   75   1.950000000e+00   1.750000000e+00   1.500000000e+00
   76   1.950000000e+00   1.750000000e+00   4.500000000e-01
   77   2.700000000e+00   1.750000000e+00  -8.000000000e-01
   78   3.700000000e+00   1.750000000e+00  -1.150000000e+00
   79   4.350000000e+00   1.750000000e+00  -7.500000000e-01
   80   4.650000000e+00   1.750000000e+00  -1.000000000e-01
   81   4.750000000e+00   1.750000000e+00   7.000000000e-01
   82   4.400000000e+00   1.750000000e+00   1.450000000e+00
   83   3.850000000e+00   1.750000000e+00   2.000000000e+00
   84   3.100000000e+00   1.750000000e+00   2.250000000e+00
   85   2.250000000e+00   1.750000000e+00   1.900000000e+00
   86   1.700000000e+00   1.750000000e+00   1.350000000e+00
   87   1.500000000e+00   1.750000000e+00   9.500000000e-01
   88   1.350000000e+00   1.750000000e+00   9.500000000e-01
   89   1.350000000e+00   1.750000000e+00   6.000000000e-01
   90   1.600000000e+00   1.750000000e+00   2.500000000e-01
   91   1.850000000e+00   1.750000000e+00   1.000000000e-01
   92   1.800000000e+00   1.750000000e+00   2.000000000e-01
   93   1.750000000e+00   1.750000000e+00   2.500000000e-01
   94   1.800000000e+00   1.750000000e+00   2.500000000e-01
   95   1.750000000e+00   1.750000000e+00   2.500000000e-01
   96   1.700000000e+00   1.750000000e+00   1.500000000e-01
   97   1.800000000e+00   1.750000000e+00   5.000000000e-02
   98   2.600000000e+00   1.600000000e+00   1.350000000e+00
   99   2.300000000e+00   1.600000000e+00   1.850000000e+00
  100   2.450000000e+00   1.600000000e+00   1.500000000e-01
  101   3.550000000e+00   1.600000000e+00  -1.550000000e+00
  102   5.050000000e+00   1.600000000e+00  -2.100000000e+00
  103   5.900000000e+00   1.600000000e+00  -1.450000000e+00
  104   6.150000000e+00   1.600000000e+00  -3.500000000e-01
  105   5.600000000e+00   1.600000000e+00   7.000000000e-01
  106   4.700000000e+00   1.600000000e+00   1.400000000e+00
  107   3.800000000e+00   1.600000000e+00   1.700000000e+00
  108   3.250000000e+00   1.600000000e+00   1.950000000e+00
  109   2.600000000e+00   1.600000000e+00   1.800000000e+00
  110   2.100000000e+00   1.600000000e+00   1.450000000e+00
  111   1.850000000e+00   1.600000000e+00   1.150000000e+00
  112   1.650000000e+00   1.600000000e+00   1.150000000e+00
  113   1.650000000e+00   1.600000000e+00   7.000000000e-01
  114   2.000000000e+00   1.600000000e+00   1.500000000e-01
  115   2.450000000e+00   1.600000000e+00  -5.000000000e-02
  116   2.450000000e+00   1.600000000e+00   1.000000000e-01
  117   2.400000000e+00   1.600000000e+00   1.500000000e-01
  118   2.400000000e+00   1.600000000e+00   3.000000000e-01
  119   2.300000000e+00   1.600000000e+00   2.500000000e-01
  120   2.200000000e+00   1.600000000e+00   1.500000000e-01
  121   2.300000000e+00   1.600000000e+00   2.500000000e-01
  122   2.700000000e+00   1.500000000e+00   1.450000000e+00
  123   2.400000000e+00   1.500000000e+00   2.050000000e+00
  124   2.400000000e+00   1.500000000e+00   4.500000000e-01
  125   3.450000000e+00   1.500000000e+00  -1.200000000e+00
  126   4.850000000e+00   1.500000000e+00  -1.800000000e+00
  127   5.700000000e+00   1.500000000e+00  -1.150000000e+00
  128   5.850000000e+00   1.500000000e+00  -1.500000000e-01
  129   5.500000000e+00   1.500000000e+00   8.000000000e-01
  130   4.800000000e+00   1.500000000e+00   1.500000000e+00
  131   4.000000000e+00   1.500000000e+00   1.950000000e+00
  132   3.450000000e+00   1.500000000e+00   2.200000000e+00
  133   2.750000000e+00   1.500000000e+00   2.150000000e+00
  134   2.250000000e+00   1.500000000e+00   1.850000000e+00
  135   1.900000000e+00   1.500000000e+00   1.550000000e+00
  136   1.600000000e+00   1.500000000e+00   1.400000000e+00
  137   1.700000000e+00   1.500000000e+00   7.500000000e-01
  138   2.350000000e+00   1.500000000e+00  -5.000000000e-02
  139   2.950000000e+00   1.500000000e+00  -2.500000000e-01
  140   2.800000000e+00   1.500000000e+00   5.000000000e-02
  141   2.450000000e+00   1.500000000e+00   2.500000000e-01
  142   2.250000000e+00   1.500000000e+00   2.500000000e-01
  143   2.100000000e+00   1.500000000e+00   2.000000000e-01
  144   2.050000000e+00   1.500000000e+00   0.000000000e+00
  145   2.250000000e+00   1.500000000e+00   1.500000000e-01
  146   2.850000000e+00   1.150000000e+00   1.100000000e+00
  147   2.450000000e+00   1.150000000e+00   1.200000000e+00
  148   2.600000000e+00   1.150000000e+00  -2.500000000e-01
  149   3.950000000e+00   1.150000000e+00  -2.500000000e+00
  150   5.850000000e+00   1.150000000e+00  -3.050000000e+00
  151   6.900000000e+00   1.150000000e+00  -2.300000000e+00
  152   6.700000000e+00   1.150000000e+00  -9.000000000e-01
  153   5.600000000e+00   1.150000000e+00   3.000000000e-01
  154   4.200000000e+00   1.150000000e+00   7.500000000e-01
  155   3.150000000e+00   1.150000000e+00   8.000000000e-01
  156   2.850000000e+00   1.150000000e+00   1.000000000e+00
  157   2.600000000e+00   1.150000000e+00   1.200000000e+00
  158   2.250000000e+00   1.150000000e+00   1.250000000e+00
  159   1.900000000e+00   1.150000000e+00   1.050000000e+00
  160   1.700000000e+00   1.150000000e+00   8.000000000e-01
  161   1.900000000e+00   1.150000000e+00  -5.000000000e-02
  162   2.850000000e+00   1.150000000e+00  -1.050000000e+00
  163   3.650000000e+00   1.150000000e+00  -1.100000000e+00
  164   3.300000000e+00   1.150000000e+00  -6.000000000e-01
  165   2.250000000e+00   1.150000000e+00  -3.500000000e-01
  166   1.700000000e+00   1.150000000e+00  -4.500000000e-01
  167   1.600000000e+00   1.150000000e+00  -7.500000000e-01
  168   1.650000000e+00   1.150000000e+00  -1.050000000e+00
  169   2.200000000e+00   1.150000000e+00  -7.500000000e-01
  170   2.450000000e+00   8.500000000e-01   0.000000000e+00
  171   2.350000000e+00   8.500000000e-01   5.000000000e-01
  172   2.600000000e+00   8.500000000e-01  -1.000000000e+00
  173   3.800000000e+00   8.500000000e-01  -2.500000000e+00
  174   5.450000000e+00   8.500000000e-01  -3.000000000e+00
  175   6.400000000e+00   8.500000000e-01  -2.200000000e+00
  176   5.950000000e+00   8.500000000e-01  -9.500000000e-01
  177   4.550000000e+00   8.500000000e-01   5.000000000e-02
  178   2.950000000e+00   8.500000000e-01   2.500000000e-01
  179   1.950000000e+00   8.500000000e-01  -5.000000000e-02
  180   1.950000000e+00   8.500000000e-01   5.000000000e-02
  181   2.200000000e+00   8.500000000e-01   6.000000000e-01
  182   2.050000000e+00   8.500000000e-01   1.100000000e+00
  183   1.700000000e+00   8.500000000e-01   1.200000000e+00
  184   1.350000000e+00   8.500000000e-01   1.000000000e+00
  185   1.600000000e+00   8.500000000e-01  -1.500000000e-01
  186   2.800000000e+00   8.500000000e-01  -1.350000000e+00
  187   3.700000000e+00   8.500000000e-01  -1.500000000e+00
  188   3.400000000e+00   8.500000000e-01  -9.000000000e-01
  189   2.450000000e+00   8.500000000e-01  -5.000000000e-01
  190   2.000000000e+00   8.500000000e-01  -5.500000000e-01
  191   1.700000000e+00   8.500000000e-01  -8.000000000e-01
  192   1.600000000e+00   8.500000000e-01  -1.100000000e+00
  193   1.900000000e+00   8.500000000e-01  -1.100000000e+00
  194   2.500000000e+00   5.500000000e-01   5.000000000e-01
  195   2.400000000e+00   5.500000000e-01   5.000000000e-01
  196   2.750000000e+00   5.500000000e-01  -1.500000000e+00
  197   4.050000000e+00   5.500000000e-01  -2.500000000e+00
  198   5.800000000e+00   5.500000000e-01  -3.000000000e+00
  199   6.750000000e+00   5.500000000e-01  -2.000000000e+00
  200   6.250000000e+00   5.500000000e-01  -6.500000000e-01
  201   4.700000000e+00   5.500000000e-01   4.000000000e-01
  202   3.100000000e+00   5.500000000e-01   6.000000000e-01
  203   2.050000000e+00   5.500000000e-01   3.500000000e-01
  204   2.000000000e+00   5.500000000e-01   3.500000000e-01
  205   2.300000000e+00   5.500000000e-01   1.050000000e+00
  206   2.200000000e+00   5.500000000e-01   1.700000000e+00
  207   1.750000000e+00   5.500000000e-01   2.000000000e+00
  208   1.250000000e+00   5.500000000e-01   1.800000000e+00
  209   1.250000000e+00   5.500000000e-01   8.000000000e-01
  210   2.250000000e+00   5.500000000e-01  -5.000000000e-01
  211   3.050000000e+00   5.500000000e-01  -8.000000000e-01
  212   3.000000000e+00   5.500000000e-01  -5.000000000e-01
  213   2.700000000e+00   5.500000000e-01  -2.000000000e-01
  214   2.600000000e+00   5.500000000e-01  -1.000000000e-01
  215   2.250000000e+00   5.500000000e-01  -2.000000000e-01
  216   2.000000000e+00   5.500000000e-01  -5.000000000e-01
  217   2.050000000e+00   5.500000000e-01  -7.000000000e-01
  218   2.550000000e+00   2.500000000e-01   1.500000000e+00
  219   2.200000000e+00   2.500000000e-01   1.500000000e+00
  220   2.400000000e+00   2.500000000e-01  -5.000000000e-01
  221   3.550000000e+00   2.500000000e-01  -2.000000000e+00
  222   5.200000000e+00   2.500000000e-01  -2.500000000e+00
  223   6.050000000e+00   2.500000000e-01  -1.500000000e+00
  224   5.450000000e+00   2.500000000e-01  -5.000000000e-01
  225   3.900000000e+00   2.500000000e-01   5.500000000e-01
  226   2.300000000e+00   2.500000000e-01   6.500000000e-01
  227   1.250000000e+00   2.500000000e-01   1.500000000e-01
  228   1.250000000e+00   2.500000000e-01  -5.000000000e-02
  229   1.700000000e+00   2.500000000e-01   4.500000000e-01
  230   1.750000000e+00   2.500000000e-01   9.500000000e-01
  231   1.600000000e+00   2.500000000e-01   1.200000000e+00
  232   1.250000000e+00   2.500000000e-01   1.200000000e+00
  233   1.150000000e+00   2.500000000e-01   7.500000000e-01
  234   1.850000000e+00   2.500000000e-01  -1.500000000e-01
  235   2.500000000e+00   2.500000000e-01  -4.500000000e-01
  236   2.850000000e+00   2.500000000e-01  -3.500000000e-01
  237   3.100000000e+00   2.500000000e-01  -5.000000000e-02
  238   3.200000000e+00   2.500000000e-01   2.500000000e-01
  239   2.800000000e+00   2.500000000e-01   4.500000000e-01
  240   2.350000000e+00   2.500000000e-01   2.500000000e-01
  241   2.250000000e+00   2.500000000e-01   1.000000000e-01
  242   2.500000000e+00  -5.000000000e-02   5.000000000e-01
  243   2.400000000e+00  -5.000000000e-02   5.000000000e-01
  244   2.650000000e+00  -5.000000000e-02  -1.000000000e+00
  245   3.750000000e+00  -5.000000000e-02  -2.000000000e+00
  246   5.150000000e+00  -5.000000000e-02  -2.500000000e+00
  247   5.850000000e+00  -5.000000000e-02  -1.500000000e+00
  248   5.300000000e+00  -5.000000000e-02  -5.000000000e-01
  249   3.850000000e+00  -5.000000000e-02   3.500000000e-01
  250   2.200000000e+00  -5.000000000e-02   3.500000000e-01
  251   1.150000000e+00  -5.000000000e-02  -2.000000000e-01
  252   1.350000000e+00  -5.000000000e-02  -3.000000000e-01
  253   2.050000000e+00  -5.000000000e-02   7.000000000e-01
  254   2.100000000e+00  -5.000000000e-02   1.550000000e+00
  255   1.700000000e+00  -5.000000000e-02   1.750000000e+00
  256   1.250000000e+00  -5.000000000e-02   1.500000000e+00
  257   1.200000000e+00  -5.000000000e-02   7.000000000e-01
  258   2.400000000e+00  -5.000000000e-02  -8.000000000e-01
  259   3.650000000e+00  -5.000000000e-02  -1.250000000e+00
  260   3.800000000e+00  -5.000000000e-02  -7.500000000e-01
  261   3.550000000e+00  -5.000000000e-02  -2.500000000e-01
  262   3.100000000e+00  -5.000000000e-02   0.000000000e+00
  263   2.600000000e+00  -5.000000000e-02  -5.000000000e-02
  264   2.050000000e+00  -5.000000000e-02  -4.500000000e-01
  265   1.950000000e+00  -5.000000000e-02  -1.000000000e+00
C Region List
