C PointsNum,MaxElemVol,TetGenParams,nAtrib,IndMov,MDMaxVolume,MDomDiv,MDOnly,MDDivF,MDPrescP
  395    1.000000e+00 YYpznno2q1.414a     0     0    1.000000e+00     1     0     0     0     0     0 YYpznno2q1.414a
  -2.212148000e-01  -8.693570000e+00  -6.118100000e-02
   8.087710000e-02  -8.207820000e+00   8.349840000e-01
  -1.544590000e-01  -8.207820000e+00   8.950480000e-01
  -4.048280000e-01  -8.207820000e+00   8.922330000e-01
  -6.612570000e-01  -8.207820000e+00   8.352300000e-01
  -9.044580000e-01  -8.207820000e+00   7.068930000e-01
  -1.074834000e+00  -8.207820000e+00   4.884290000e-01
  -1.151789000e+00  -8.207820000e+00   2.250960000e-01
  -1.159068000e+00  -8.207820000e+00  -4.178800000e-02
  -1.111557000e+00  -8.207820000e+00  -2.987610000e-01
  -1.011087000e+00  -8.207820000e+00  -5.358680000e-01
  -8.535420000e-01  -8.207820000e+00  -7.407370000e-01
  -6.497010000e-01  -8.207820000e+00  -8.985250000e-01
  -4.141229000e-01  -8.207820000e+00  -1.008389000e+00
  -1.554480000e-01  -8.207820000e+00  -1.059834000e+00
   1.083440000e-01  -8.207820000e+00  -1.027361000e+00
   3.234660000e-01  -8.207820000e+00  -8.734930000e-01
   4.715370000e-01  -8.207820000e+00  -6.708660000e-01
   5.737250000e-01  -8.207820000e+00  -4.654650000e-01
   6.351810000e-01  -8.207820000e+00  -2.559040000e-01
   6.034040000e-01  -8.207820000e+00  -4.390200000e-02
   5.289050000e-01  -8.207820000e+00   1.402130000e-01
   4.461650000e-01  -8.207820000e+00   3.033840000e-01
   3.637470000e-01  -8.207820000e+00   4.750700000e-01
   2.556420000e-01  -8.207820000e+00   6.669680000e-01
   1.189166000e-01  -7.722070000e+00   1.200310000e+00
  -2.134520000e-01  -7.722070000e+00   1.273125000e+00
  -5.536990000e-01  -7.722070000e+00   1.232763000e+00
  -8.764050000e-01  -7.722070000e+00   1.111935000e+00
  -1.162928000e+00  -7.722070000e+00   9.116800000e-01
  -1.370520000e+00  -7.722070000e+00   6.303960000e-01
  -1.486600000e+00  -7.722070000e+00   3.046132000e-01
  -1.526030000e+00  -7.722070000e+00  -3.701500000e-02
  -1.494650000e+00  -7.722070000e+00  -3.798790000e-01
  -1.377598000e+00  -7.722070000e+00  -7.079010000e-01
  -1.165129000e+00  -7.722070000e+00  -9.873400000e-01
  -8.827920000e-01  -7.722070000e+00  -1.192840000e+00
  -5.600834000e-01  -7.722070000e+00  -1.325650000e+00
  -2.148710000e-01  -7.722070000e+00  -1.380470000e+00
   1.305210000e-01  -7.722070000e+00  -1.326909000e+00
   4.039010000e-01  -7.722070000e+00  -1.110371000e+00
   5.817500000e-01  -7.722070000e+00  -8.349380000e-01
   7.011340000e-01  -7.722070000e+00  -5.672580000e-01
   7.789860000e-01  -7.722070000e+00  -3.043868000e-01
   7.532410000e-01  -7.722070000e+00  -3.779700000e-02
   6.731710000e-01  -7.722070000e+00   1.993610000e-01
   5.766970000e-01  -7.722070000e+00   4.183930000e-01
   4.825450000e-01  -7.722070000e+00   6.587270000e-01
   3.529450000e-01  -7.722070000e+00   9.430340000e-01
   1.197290000e-01  -7.236310000e+00   1.502160000e+00
  -2.859520000e-01  -7.236310000e+00   1.579930000e+00
  -6.957170000e-01  -7.236310000e+00   1.518374000e+00
  -1.078431000e+00  -7.236310000e+00   1.361688000e+00
  -1.414160000e+00  -7.236310000e+00   1.115894000e+00
  -1.662030000e+00  -7.236310000e+00   7.830600000e-01
  -1.807430000e+00  -7.236310000e+00   3.965288000e-01
  -1.866910000e+00  -7.236310000e+00  -1.031900000e-02
  -1.840080000e+00  -7.236310000e+00  -4.265190000e-01
  -1.706860000e+00  -7.236310000e+00  -8.300640000e-01
  -1.447643000e+00  -7.236310000e+00  -1.171050000e+00
  -1.093412000e+00  -7.236310000e+00  -1.406200000e+00
  -6.972710000e-01  -7.236310000e+00  -1.539670000e+00
  -2.880850000e-01  -7.236310000e+00  -1.582310000e+00
   1.143810000e-01  -7.236310000e+00  -1.516105000e+00
   4.239140000e-01  -7.236310000e+00  -1.245656000e+00
   6.082660000e-01  -7.236310000e+00  -9.082660000e-01
   7.308670000e-01  -7.236310000e+00  -6.001500000e-01
   8.241260000e-01  -7.236310000e+00  -3.104712000e-01
   8.330710000e-01  -7.236310000e+00  -1.238300000e-02
   7.751910000e-01  -7.236310000e+00   2.721430000e-01
   6.740120000e-01  -7.236310000e+00   5.418120000e-01
   5.654670000e-01  -7.236310000e+00   8.403000000e-01
   4.083980000e-01  -7.236310000e+00   1.191800000e+00
   1.240940000e-01  -6.757560000e+00   1.753210000e+00
  -3.467960000e-01  -6.757560000e+00   1.827460000e+00
  -8.140470000e-01  -6.757560000e+00   1.735660000e+00
  -1.236810000e+00  -6.757560000e+00   1.535637000e+00
  -1.600090000e+00  -6.757560000e+00   1.248342000e+00
  -1.874580000e+00  -6.757560000e+00   8.775060000e-01
  -2.060380000e+00  -6.757560000e+00   4.547276000e-01
  -2.165640000e+00  -6.757560000e+00  -2.847000000e-03
  -2.175630000e+00  -6.757560000e+00  -4.922860000e-01
  -2.044090000e+00  -6.757560000e+00  -9.814600000e-01
  -1.733030000e+00  -6.757560000e+00  -1.386750000e+00
  -1.291791000e+00  -6.757560000e+00  -1.634720000e+00
  -8.179060000e-01  -6.757560000e+00  -1.749640000e+00
  -3.504300000e-01  -6.757560000e+00  -1.765400000e+00
   9.915500000e-02  -6.757560000e+00  -1.681250000e+00
   4.428320000e-01  -6.757560000e+00  -1.379010000e+00
   6.424680000e-01  -6.757560000e+00  -9.975840000e-01
   7.730970000e-01  -6.757560000e+00  -6.536180000e-01
   8.819920000e-01  -6.757560000e+00  -3.352724000e-01
   9.125360000e-01  -6.757560000e+00  -5.343000000e-03
   8.688740000e-01  -6.757560000e+00   3.208790000e-01
   7.606160000e-01  -6.757560000e+00   6.352490000e-01
   6.406960000e-01  -6.757560000e+00   9.837100000e-01
   4.599540000e-01  -6.757560000e+00   1.394800000e+00
   1.257950000e-01  -6.274800000e+00   1.928060000e+00
  -3.915600000e-01  -6.274800000e+00   2.001910000e+00
  -9.024370000e-01  -6.274800000e+00   1.898890000e+00
  -1.364770000e+00  -6.274800000e+00   1.679361000e+00
  -1.760770000e+00  -6.274800000e+00   1.363382000e+00
  -2.061940000e+00  -6.274800000e+00   9.598580000e-01
  -2.273730000e+00  -6.274800000e+00   4.998001000e-01
  -2.406890000e+00  -6.274800000e+00  -3.547000000e-03
  -2.434990000e+00  -6.274800000e+00  -5.502160000e-01
  -2.298810000e+00  -6.274800000e+00  -1.102810000e+00
  -1.944990000e+00  -6.274800000e+00  -1.554390000e+00
  -1.440682000e+00  -6.274800000e+00  -1.814810000e+00
  -9.092050000e-01  -6.274800000e+00  -1.921370000e+00
  -3.949680000e-01  -6.274800000e+00  -1.923200000e+00
   9.251700000e-02  -6.274800000e+00  -1.827170000e+00
   4.705360000e-01  -6.274800000e+00  -1.504940000e+00
   6.880970000e-01  -6.274800000e+00  -1.088854000e+00
   8.305120000e-01  -6.274800000e+00  -7.138530000e-01
   9.520680000e-01  -6.274800000e+00  -3.671999000e-01
   9.959090000e-01  -6.274800000e+00  -5.994000000e-03
   9.526970000e-01  -6.274800000e+00   3.553950000e-01
   8.364360000e-01  -6.274800000e+00   7.044410000e-01
   7.043280000e-01  -6.274800000e+00   1.092280000e+00
   5.028210000e-01  -6.274800000e+00   1.546470000e+00
   1.221610000e-01  -5.792050000e+00   2.096360000e+00
  -4.362700000e-01  -5.792050000e+00   2.181020000e+00
  -9.921100000e-01  -5.792050000e+00   2.084090000e+00
  -1.503750000e+00  -5.792050000e+00   1.859486000e+00
  -1.949280000e+00  -5.792050000e+00   1.523312000e+00
  -2.285130000e+00  -5.792050000e+00   1.078111000e+00
  -2.505210000e+00  -5.792050000e+00   5.655741000e-01
  -2.624890000e+00  -5.792050000e+00   1.178000000e-02
  -2.630590000e+00  -5.792050000e+00  -5.753500000e-01
  -2.469430000e+00  -5.792050000e+00  -1.160020000e+00
  -2.094250000e+00  -5.792050000e+00  -1.642450000e+00
  -1.558796000e+00  -5.792050000e+00  -1.926080000e+00
  -9.908390000e-01  -5.792050000e+00  -2.045270000e+00
  -4.395400000e-01  -5.792050000e+00  -2.049720000e+00
   8.566000000e-02  -5.792050000e+00  -1.949900000e+00
   4.927640000e-01  -5.792050000e+00  -1.606030000e+00
   7.245960000e-01  -5.792050000e+00  -1.154870000e+00
   8.756100000e-01  -5.792050000e+00  -7.501370000e-01
   1.003743000e+00  -5.792050000e+00  -3.774259000e-01
   1.049371000e+00  -5.792050000e+00   9.327000000e-03
   1.003744000e+00  -5.792050000e+00   3.966150000e-01
   8.814040000e-01  -5.792050000e+00   7.718170000e-01
   7.444280000e-01  -5.792050000e+00   1.191310000e+00
   5.307446000e-01  -5.792050000e+00   1.685250000e+00
   1.233960000e-01  -4.847630000e+00   2.412170000e+00
  -5.034260000e-01  -4.847630000e+00   2.508810000e+00
  -1.132000000e+00  -4.847630000e+00   2.412470000e+00
  -1.720710000e+00  -4.847630000e+00   2.176270000e+00
  -2.239240000e+00  -4.847630000e+00   1.807446000e+00
  -2.625890000e+00  -4.847630000e+00   1.297322000e+00
  -2.852560000e+00  -4.847630000e+00   7.021583000e-01
  -2.941340000e+00  -4.847630000e+00   7.314500000e-02
  -2.898450000e+00  -4.847630000e+00  -5.677300000e-01
  -2.696690000e+00  -4.847630000e+00  -1.190930000e+00
  -2.297530000e+00  -4.847630000e+00  -1.717320000e+00
  -1.722278000e+00  -4.847630000e+00  -2.032530000e+00
  -1.106604000e+00  -4.847630000e+00  -2.165040000e+00
  -5.075888000e-01  -4.847630000e+00  -2.169430000e+00
   6.454000000e-02  -4.847630000e+00  -2.061680000e+00
   5.038500000e-01  -4.847630000e+00  -1.680296000e+00
   7.406460000e-01  -4.847630000e+00  -1.176510000e+00
   8.967600000e-01  -4.847630000e+00  -7.396590000e-01
   1.038281000e+00  -4.847630000e+00  -3.438417000e-01
   1.120008000e+00  -4.847630000e+00   7.104400000e-02
   1.099447000e+00  -4.847630000e+00   5.006880000e-01
   9.752810000e-01  -4.847630000e+00   9.260430000e-01
   8.289780000e-01  -4.847630000e+00   1.405170000e+00
   5.866162900e-01  -4.847630000e+00   1.962440000e+00
   1.148470000e-01  -3.902210000e+00   2.677100000e+00
  -5.619590000e-01  -3.902210000e+00   2.789100000e+00
  -1.244980000e+00  -3.902210000e+00   2.706090000e+00
  -1.893220000e+00  -3.902210000e+00   2.456630000e+00
  -2.469990000e+00  -3.902210000e+00   2.056959000e+00
  -2.897310000e+00  -3.902210000e+00   1.503271000e+00
  -3.102540000e+00  -3.902210000e+00   8.365661000e-01
  -3.122270000e+00  -3.902210000e+00   1.557740000e-01
  -3.001900000e+00  -3.902210000e+00  -4.974400000e-01
  -2.753050000e+00  -3.902210000e+00  -1.108330000e+00
  -2.362520000e+00  -3.902210000e+00  -1.641850000e+00
  -1.803200000e+00  -3.902210000e+00  -1.988790000e+00
  -1.183153000e+00  -3.902210000e+00  -2.152030000e+00
  -5.656358000e-01  -3.902210000e+00  -2.175100000e+00
   3.136200000e-02  -3.902210000e+00  -2.072070000e+00
   4.803120000e-01  -3.902210000e+00  -1.656900000e+00
   6.957290000e-01  -3.902210000e+00  -1.107666000e+00
   8.393270000e-01  -3.902210000e+00  -6.569530000e-01
   9.889830000e-01  -3.902210000e+00  -2.634339000e-01
   1.103012000e+00  -3.902210000e+00   1.526240000e-01
   1.091208000e+00  -3.902210000e+00   5.966060000e-01
   9.809370000e-01  -3.902210000e+00   1.044660000e+00
   8.501460000e-01  -3.902210000e+00   1.566350000e+00
   6.127498000e-01  -3.902210000e+00   2.188890000e+00
   8.540300000e-02  -2.957800000e+00   2.885380000e+00
  -6.350400000e-01  -2.957800000e+00   3.004140000e+00
  -1.368120000e+00  -2.957800000e+00   2.923500000e+00
  -2.073750000e+00  -2.957800000e+00   2.685610000e+00
  -2.712220000e+00  -2.957800000e+00   2.272050000e+00
  -3.186390000e+00  -2.957800000e+00   1.667489000e+00
  -3.404530000e+00  -2.957800000e+00   9.364598000e-01
  -3.409860000e+00  -2.957800000e+00   1.948740000e-01
  -3.260750000e+00  -2.957800000e+00  -5.076500000e-01
  -2.982310000e+00  -2.957800000e+00  -1.158250000e+00
  -2.559030000e+00  -2.957800000e+00  -1.726020000e+00
  -1.953910000e+00  -2.957800000e+00  -2.083590000e+00
  -1.288597000e+00  -2.957800000e+00  -2.230180000e+00
  -6.389577000e-01  -2.957800000e+00  -2.230940000e+00
  -2.002800000e-02  -2.957800000e+00  -2.115580000e+00
   4.644200000e-01  -2.957800000e+00  -1.717560000e+00
   6.920360000e-01  -2.957800000e+00  -1.138692000e+00
   8.429280000e-01  -2.957800000e+00  -6.640050000e-01
   1.002816000e+00  -2.957800000e+00  -2.475402000e-01
   1.127447000e+00  -2.957800000e+00   1.921120000e-01
   1.104271000e+00  -2.957800000e+00   6.590300000e-01
   9.973320000e-01  -2.957800000e+00   1.136390000e+00
   8.687340000e-01  -2.957800000e+00   1.697720000e+00
   6.195627000e-01  -2.957800000e+00   2.368660000e+00
   2.967400000e-02  -2.012380000e+00   2.991200000e+00
  -7.222400000e-01  -2.012380000e+00   3.129590000e+00
  -1.494650000e+00  -2.012380000e+00   3.065840000e+00
  -2.254030000e+00  -2.012380000e+00   2.838580000e+00
  -2.950820000e+00  -2.012380000e+00   2.419100000e+00
  -3.460740000e+00  -2.012380000e+00   1.764914000e+00
  -3.681190000e+00  -2.012380000e+00   9.838790000e-01
  -3.669510000e+00  -2.012380000e+00   1.885710000e-01
  -3.497080000e+00  -2.012380000e+00  -5.548800000e-01
  -3.192990000e+00  -2.012380000e+00  -1.236780000e+00
  -2.747350000e+00  -2.012380000e+00  -1.832770000e+00
  -2.110730000e+00  -2.012380000e+00  -2.210960000e+00
  -1.410326000e+00  -2.012380000e+00  -2.364930000e+00
  -7.264214000e-01  -2.012380000e+00  -2.367160000e+00
  -7.418200000e-02  -2.012380000e+00  -2.248220000e+00
   4.499560000e-01  -2.012380000e+00  -1.851400000e+00
   6.928180000e-01  -2.012380000e+00  -1.233149000e+00
   8.367020000e-01  -2.012380000e+00  -7.165870000e-01
   9.810850000e-01  -2.012380000e+00  -2.721210000e-01
   1.062493000e+00  -2.012380000e+00   1.854430000e-01
   1.007508000e+00  -2.012380000e+00   6.490710000e-01
   9.137980000e-01  -2.012380000e+00   1.131003000e+00
   8.101820000e-01  -2.012380000e+00   1.719410000e+00
   5.845200000e-01  -2.012380000e+00   2.450870000e+00
  -9.579000000e-02  -1.067960000e+00   2.991430000e+00
  -8.515300000e-01  -1.067960000e+00   3.137250000e+00
  -1.636820000e+00  -1.067960000e+00   3.110690000e+00
  -2.424170000e+00  -1.067960000e+00   2.892630000e+00
  -3.153020000e+00  -1.067960000e+00   2.476420000e+00
  -3.684340000e+00  -1.067960000e+00   1.812011000e+00
  -3.939630000e+00  -1.067960000e+00   1.003255000e+00
  -3.976860000e+00  -1.067960000e+00   1.755820000e-01
  -3.834810000e+00  -1.067960000e+00  -6.235900000e-01
  -3.534140000e+00  -1.067960000e+00  -1.371100000e+00
  -3.034750000e+00  -1.067960000e+00  -2.009330000e+00
  -2.312720000e+00  -1.067960000e+00  -2.344720000e+00
  -1.543790000e+00  -1.067960000e+00  -2.395320000e+00
  -8.551575000e-01  -1.067960000e+00  -2.309430000e+00
  -2.314030000e-01  -1.067960000e+00  -2.155230000e+00
   3.227660000e-01  -1.067960000e+00  -1.866300000e+00
   6.189660000e-01  -1.067960000e+00  -1.301344000e+00
   7.712030000e-01  -1.067960000e+00  -7.659380000e-01
   8.878350000e-01  -1.067960000e+00  -2.947450000e-01
   8.575370000e-01  -1.067960000e+00   1.730410000e-01
   7.563420000e-01  -1.067960000e+00   6.047110000e-01
   6.984740000e-01  -1.067960000e+00   1.069519000e+00
   6.494980000e-01  -1.067960000e+00   1.675540000e+00
   4.762020000e-01  -1.067960000e+00   2.470830000e+00
  -2.386040000e-01  -3.545410000e-01   2.992920000e+00
   3.661790000e-01  -3.545410000e-01   2.527500000e+00
   5.161060000e-01  -3.545410000e-01   1.685330000e+00
   5.127300000e-01  -3.545410000e-01   1.044040000e+00
   5.293140000e-01  -3.545410000e-01   5.818270000e-01
   6.176230000e-01  -3.545410000e-01   1.725790000e-01
   7.189060000e-01  -3.545410000e-01  -2.882940000e-01
   6.272870000e-01  -3.545410000e-01  -7.662310000e-01
   4.861980000e-01  -3.545410000e-01  -1.312210000e+00
   1.402500000e-01  -3.545410000e-01  -1.801150000e+00
  -4.058090000e-01  -3.545410000e-01  -2.041640000e+00
  -9.988674000e-01  -3.545410000e-01  -2.243830000e+00
  -1.693604000e+00  -3.545410000e-01  -2.419930000e+00
  -2.528150000e+00  -3.545410000e-01  -2.482170000e+00
  -3.365530000e+00  -3.545410000e-01  -2.192460000e+00
  -3.912070000e+00  -3.545410000e-01  -1.504760000e+00
  -4.199710000e+00  -3.545410000e-01  -6.823500000e-01
  -4.290550000e+00  -3.545410000e-01   1.738050000e-01
  -4.187280000e+00  -3.545410000e-01   1.030706000e+00
  -3.893580000e+00  -3.545410000e-01   1.851634000e+00
  -3.347310000e+00  -3.545410000e-01   2.528010000e+00
  -2.592820000e+00  -3.545410000e-01   2.937920000e+00
  -1.787320000e+00  -3.545410000e-01   3.136490000e+00
  -9.954100000e-01  -3.545410000e-01   3.143470000e+00
  -2.814010000e+00  -3.758410000e-01  -1.838560000e+00
  -3.358700000e+00  -3.734410000e-01  -1.531080000e+00
  -1.571120000e+00  -3.719410000e-01   2.786280000e+00
  -1.092880000e+00  -3.812410000e-01   2.460420000e+00
  -2.543380000e+00  -4.039410000e-01   6.746180000e-01
  -2.480130000e+00  -4.021410000e-01   1.013107500e+00
  -2.099400000e+00  -4.046410000e-01   9.963108000e-01
  -9.124957000e-01  -3.726410000e-01  -1.852920000e+00
  -2.117390000e+00  -4.078410000e-01   1.794400000e-01
  -1.716660000e+00  -4.065410000e-01   9.715140000e-01
  -1.393120000e+00  -4.071410000e-01   1.905310000e-01
  -3.055880000e+00  -3.937410000e-01   1.020340000e+00
  -3.152460000e+00  -3.950410000e-01   3.445950000e-01
  -3.681710000e+00  -3.794410000e-01   6.690870000e-01
  -3.029280000e+00  -3.838410000e-01   1.778005000e+00
  -3.219140000e+00  -3.845410000e-01   1.470366000e+00
  -3.175800000e+00  -3.811410000e-01   1.730249000e+00
  -3.104840000e-01  -3.773410000e-01   2.179377000e+00
  -9.833130000e-01  -3.958410000e-01   1.635407000e+00
  -2.364850000e+00  -3.883410000e-01  -1.505060000e+00
  -2.250510000e+00  -3.939410000e-01  -1.255610000e+00
  -2.019948000e+00  -3.921410000e-01  -1.380360000e+00
  -2.113600000e+00  -3.943410000e-01   1.887501000e+00
  -1.923220000e+00  -3.847410000e-01   2.374297000e+00
  -1.840130000e+00  -3.909410000e-01   2.115365000e+00
  -3.581570000e+00  -3.781410000e-01  -8.821400000e-01
  -2.869030000e+00  -3.906410000e-01  -1.100380000e+00
  -1.448793000e+00  -3.758410000e-01  -1.916390000e+00
  -1.786384000e+00  -3.902410000e-01  -1.501120000e+00
  -1.137830000e+00  -3.871410000e-01  -1.494360000e+00
  -2.258260000e+00  -3.811410000e-01   2.411328000e+00
  -2.082130000e+00  -3.713410000e-01   2.737950000e+00
  -2.002330000e+00  -3.781410000e-01   2.571120000e+00
  -2.117533000e+00  -3.762410000e-01  -1.970910000e+00
  -2.586300000e+00  -3.760410000e-01   2.438359000e+00
  -8.659100000e-02  -3.724410000e-01  -1.361070000e+00
   4.390000000e-02  -3.760410000e-01  -8.471960000e-01
   2.241690000e-01  -3.742410000e-01  -7.048800000e-02
  -2.697640000e+00  -4.027410000e-01   8.552400000e-02
  -3.106940000e+00  -3.943410000e-01  -3.473200000e-01
   4.534100000e-03  -3.799410000e-01   7.879250000e-01
  -3.580170000e-01  -3.921410000e-01   2.348570000e-01
  -3.503190000e+00  -3.781410000e-01   1.384854900e+00
  -3.705480000e+00  -3.797410000e-01  -1.030110000e-01
  -5.099150000e-01  -3.749410000e-01  -1.629460000e+00
  -6.633240000e-01  -3.899410000e-01  -1.050090000e+00
   1.519210000e-01  -3.717410000e-01   1.586704000e+00
  -3.622530000e-01  -3.878410000e-01   1.410561000e+00
  -2.475730000e+00  -4.028410000e-01  -4.414780000e-01
  -2.800810000e+00  -3.847410000e-01   1.959350000e+00
  -2.925090000e+00  -3.898410000e-01   1.555877000e+00
  -1.050815000e+00  -3.952410000e-01  -1.011440000e+00
  -1.074265000e+00  -3.989410000e-01  -7.310790000e-01
  -1.374450000e+00  -3.968410000e-01   1.735920000e+00
  -1.417960000e+00  -3.902410000e-01   2.128426000e+00
  -1.201660000e+00  -3.932410000e-01   1.891916000e+00
  -2.525730000e+00  -3.833410000e-01   2.203463000e+00
  -2.693060000e+00  -3.805410000e-01   2.203855000e+00
  -2.461150000e+00  -3.903410000e-01   1.948567000e+00
  -2.418890000e+00  -3.998410000e-01   1.355597000e+00
  -2.674490000e+00  -3.954410000e-01   1.455737000e+00
  -1.955850000e+00  -4.071410000e-01  -1.273470000e-01
  -2.216290000e+00  -4.053410000e-01  -2.824130000e-01
  -1.790300000e+00  -4.058410000e-01  -4.261340000e-01
  -1.594210000e+00  -4.070410000e-01  -1.213020000e-01
  -1.344463000e+00  -4.049410000e-01  -2.810090000e-01
  -7.852880000e-01  -3.999410000e-01   7.767197000e-01
  -1.737820000e+00  -3.788410000e-01   2.585290000e+00
  -1.417450000e+00  -3.801410000e-01   2.527850000e+00
  -2.140180000e+00  -3.987410000e-01  -1.013160000e+00
  -1.790241000e+00  -3.993410000e-01  -9.983800000e-01
  -1.791813000e+00  -3.950410000e-01  -1.252750000e+00
  -1.734350000e+00  -4.021410000e-01   1.402974000e+00
  -1.359610000e+00  -3.994410000e-01   1.519191000e+00
  -4.358590000e-01  -3.922410000e-01  -3.636780000e-01
  -2.741380000e+00  -3.975410000e-01   1.187968780e+00
  -2.641380000e+00  -4.009410000e-01   9.342930000e-01
  -2.310450000e+00  -4.011410000e-01  -7.338200000e-01
  -2.507600000e+00  -3.954410000e-01  -1.054270000e+00
  -2.496160000e+00  -3.993410000e-01  -7.513700000e-01
  -2.089470000e+00  -3.992410000e-01   1.586015000e+00
  -2.077620000e+00  -4.015410000e-01   1.379286000e+00
  -3.133470000e+00  -3.774410000e-01   1.980132000e+00
  -8.166610000e-01  -4.009410000e-01   7.679000000e-02
  -7.602870000e-01  -3.979410000e-01  -3.971970000e-01
  -1.289567000e+00  -3.930410000e-01  -1.263330000e+00
  -1.095322000e+00  -3.913410000e-01  -1.263750000e+00
  -1.619302000e+00  -4.026410000e-01  -7.228600000e-01
  -1.879740000e+00  -4.011410000e-01  -8.635100000e-01
  -1.670940000e+00  -3.876410000e-01   2.261361000e+00
  -2.358210000e+00  -3.859410000e-01   2.179948000e+00
  -1.246418000e+00  -4.050410000e-01  -1.300930000e-01
  -9.556880000e-01  -4.018410000e-01  -1.834630000e-01
  -2.050880000e+00  -4.038410000e-01  -5.774800000e-01
  -1.621845000e+00  -3.949410000e-01  -1.247860000e+00
  -1.540976000e+00  -3.920410000e-01  -1.377720000e+00
  -1.094716000e+00  -4.022410000e-01  -4.367170000e-01
  -7.128060000e-01  -3.941410000e-01  -7.267420000e-01
  -1.855800000e+00  -4.076410000e-01   2.856900000e-02
  -1.271510000e+00  -4.008410000e-01  -7.226560000e-01
  -1.357009000e+00  -4.027410000e-01  -5.787910000e-01
  -1.762040000e+00  -3.966410000e-01   1.816434000e+00
  -1.443305000e+00  -3.984410000e-01  -9.985900000e-01
  -2.133510000e+00  -4.048410000e-01  -4.323060000e-01
  -2.694620000e+00  -3.905410000e-01   1.747222000e+00
  -2.990980000e+00  -3.920410000e-01   1.288108900e+00
C Number of facets
  786
C  Size  Node 1  ......Node N Marker
    3    0    1    2    3
    3    0    2    3    3
    3    0    3    4    3
    3    0    4    5    3
    3    0    5    6    3
    3    0    6    7    3
    3    0    7    8    3
    3    0    8    9    3
    3    0    9   10    3
    3    0   10   11    3
    3    0   11   12    3
    3    0   12   13    3
    3    0   13   14    3
    3    0   14   15    3
    3    0   15   16    3
    3    0   16   17    3
    3    0   17   18    3
    3    0   18   19    3
    3    0   19   20    3
    3    0   20   21    3
    3    0   21   22    3
    3    0   22   23    3
    3    0   23   24    3
    3    0   24    1    3
    3    1   25   26    3
    3    1   26    2    3
    3    2   26   27    3
    3    2   27    3    3
    3    3   27   28    3
    3    3   28    4    3
    3    4   28   29    3
    3    4   29    5    3
    3    5   29   30    3
    3    5   30    6    3
    3    6   30   31    3
    3    6   31    7    3
    3    7   31   32    3
    3    7   32    8    3
    3    8   32   33    3
    3    8   33    9    3
    3    9   33   34    3
    3    9   34   10    3
    3   10   34   35    3
    3   10   35   11    3
    3   11   35   36    3
    3   11   36   12    3
    3   12   36   37    3
    3   12   37   13    3
    3   13   37   38    3
    3   13   38   14    3
    3   14   38   39    3
    3   14   39   15    3
    3   15   39   40    3
    3   15   40   16    3
    3   16   40   41    3
    3   16   41   17    3
    3   17   41   42    3
    3   17   42   18    3
    3   18   42   43    3
    3   18   43   19    3
    3   19   43   44    3
    3   19   44   20    3
    3   20   44   45    3
    3   20   45   21    3
    3   21   45   46    3
    3   21   46   22    3
    3   22   46   47    3
    3   22   47   23    3
    3   23   47   48    3
    3   23   48   24    3
    3   24   48   25    3
    3   24   25    1    3
    3   25   49   50    3
    3   25   50   26    3
    3   26   50   51    3
    3   26   51   27    3
    3   27   51   52    3
    3   27   52   28    3
    3   28   52   53    3
    3   28   53   29    3
    3   29   53   54    3
    3   29   54   30    3
    3   30   54   55    3
    3   30   55   31    3
    3   31   55   56    3
    3   31   56   32    3
    3   32   56   57    3
    3   32   57   33    3
    3   33   57   58    3
    3   33   58   34    3
    3   34   58   59    3
    3   34   59   35    3
    3   35   59   60    3
    3   35   60   36    3
    3   36   60   61    3
    3   36   61   37    3
    3   37   61   62    3
    3   37   62   38    3
    3   38   62   63    3
    3   38   63   39    3
    3   39   63   64    3
    3   39   64   40    3
    3   40   64   65    3
    3   40   65   41    3
    3   41   65   66    3
    3   41   66   42    3
    3   42   66   67    3
    3   42   67   43    3
    3   43   67   68    3
    3   43   68   44    3
    3   44   68   69    3
    3   44   69   45    3
    3   45   69   70    3
    3   45   70   46    3
    3   46   70   71    3
    3   46   71   47    3
    3   47   71   72    3
    3   47   72   48    3
    3   48   72   49    3
    3   48   49   25    3
    3   49   73   74    3
    3   49   74   50    3
    3   50   74   75    3
    3   50   75   51    3
    3   51   75   76    3
    3   51   76   52    3
    3   52   76   77    3
    3   52   77   53    3
    3   53   77   78    3
    3   53   78   54    3
    3   54   78   79    3
    3   54   79   55    3
    3   55   79   80    3
    3   55   80   56    3
    3   56   80   81    3
    3   56   81   57    3
    3   57   81   82    3
    3   57   82   58    3
    3   58   82   83    3
    3   58   83   59    3
    3   59   83   84    3
    3   59   84   60    3
    3   60   84   85    3
    3   60   85   61    3
    3   61   85   86    3
    3   61   86   62    3
    3   62   86   87    3
    3   62   87   63    3
    3   63   87   88    3
    3   63   88   64    3
    3   64   88   89    3
    3   64   89   65    3
    3   65   89   90    3
    3   65   90   66    3
    3   66   90   91    3
    3   66   91   67    3
    3   67   91   92    3
    3   67   92   68    3
    3   68   92   93    3
    3   68   93   69    3
    3   69   93   94    3
    3   69   94   70    3
    3   70   94   95    3
    3   70   95   71    3
    3   71   95   96    3
    3   71   96   72    3
    3   72   96   73    3
    3   72   73   49    3
    3   73   97   98    3
    3   73   98   74    3
    3   74   98   99    3
    3   74   99   75    3
    3   75   99  100    3
    3   75  100   76    3
    3   76  100  101    3
    3   76  101   77    3
    3   77  101  102    3
    3   77  102   78    3
    3   78  102  103    3
    3   78  103   79    3
    3   79  103  104    3
    3   79  104   80    3
    3   80  104  105    3
    3   80  105   81    3
    3   81  105  106    3
    3   81  106   82    3
    3   82  106  107    3
    3   82  107   83    3
    3   83  107  108    3
    3   83  108   84    3
    3   84  108  109    3
    3   84  109   85    3
    3   85  109  110    3
    3   85  110   86    3
    3   86  110  111    3
    3   86  111   87    3
    3   87  111  112    3
    3   87  112   88    3
    3   88  112  113    3
    3   88  113   89    3
    3   89  113  114    3
    3   89  114   90    3
    3   90  114  115    3
    3   90  115   91    3
    3   91  115  116    3
    3   91  116   92    3
    3   92  116  117    3
    3   92  117   93    3
    3   93  117  118    3
    3   93  118   94    3
    3   94  118  119    3
    3   94  119   95    3
    3   95  119  120    3
    3   95  120   96    3
    3   96  120   97    3
    3   96   97   73    3
    3   97  121  122    3
    3   97  122   98    3
    3   98  122  123    3
    3   98  123   99    3
    3   99  123  124    3
    3   99  124  100    3
    3  100  124  125    3
    3  100  125  101    3
    3  101  125  126    3
    3  101  126  102    3
    3  102  126  127    3
    3  102  127  103    3
    3  103  127  128    3
    3  103  128  104    3
    3  104  128  129    3
    3  104  129  105    3
    3  105  129  130    3
    3  105  130  106    3
    3  106  130  131    3
    3  106  131  107    3
    3  107  131  132    3
    3  107  132  108    3
    3  108  132  133    3
    3  108  133  109    3
    3  109  133  134    3
    3  109  134  110    3
    3  110  134  135    3
    3  110  135  111    3
    3  111  135  136    3
    3  111  136  112    3
    3  112  136  137    3
    3  112  137  113    3
    3  113  137  138    3
    3  113  138  114    3
    3  114  138  139    3
    3  114  139  115    3
    3  115  139  140    3
    3  115  140  116    3
    3  116  140  141    3
    3  116  141  117    3
    3  117  141  142    3
    3  117  142  118    3
    3  118  142  143    3
    3  118  143  119    3
    3  119  143  144    3
    3  119  144  120    3
    3  120  144  121    3
    3  120  121   97    3
    3  121  145  146    3
    3  121  146  122    3
    3  122  146  147    3
    3  122  147  123    3
    3  123  147  148    3
    3  123  148  124    3
    3  124  148  149    3
    3  124  149  125    3
    3  125  149  150    3
    3  125  150  126    3
    3  126  150  151    3
    3  126  151  127    3
    3  127  151  152    3
    3  127  152  128    3
    3  128  152  153    3
    3  128  153  129    3
    3  129  153  154    3
    3  129  154  130    3
    3  130  154  155    3
    3  130  155  131    3
    3  131  155  156    3
    3  131  156  132    3
    3  132  156  157    3
    3  132  157  133    3
    3  133  157  158    3
    3  133  158  134    3
    3  134  158  159    3
    3  134  159  135    3
    3  135  159  160    3
    3  135  160  136    3
    3  136  160  161    3
    3  136  161  137    3
    3  137  161  162    3
    3  137  162  138    3
    3  138  162  163    3
    3  138  163  139    3
    3  139  163  164    3
    3  139  164  140    3
    3  140  164  165    3
    3  140  165  141    3
    3  141  165  166    3
    3  141  166  142    3
    3  142  166  167    3
    3  142  167  143    3
    3  143  167  168    3
    3  143  168  144    3
    3  144  168  145    3
    3  144  145  121    3
    3  145  169  170    3
    3  145  170  146    3
    3  146  170  171    3
    3  146  171  147    3
    3  147  171  172    3
    3  147  172  148    3
    3  148  172  173    3
    3  148  173  149    3
    3  149  173  174    3
    3  149  174  150    3
    3  150  174  175    3
    3  150  175  151    3
    3  151  175  176    3
    3  151  176  152    3
    3  152  176  177    3
    3  152  177  153    3
    3  153  177  178    3
    3  153  178  154    3
    3  154  178  179    3
    3  154  179  155    3
    3  155  179  180    3
    3  155  180  156    3
    3  156  180  181    3
    3  156  181  157    3
    3  157  181  182    3
    3  157  182  158    3
    3  158  182  183    3
    3  158  183  159    3
    3  159  183  184    3
    3  159  184  160    3
    3  160  184  185    3
    3  160  185  161    3
    3  161  185  186    3
    3  161  186  162    3
    3  162  186  187    3
    3  162  187  163    3
    3  163  187  188    3
    3  163  188  164    3
    3  164  188  189    3
    3  164  189  165    3
    3  165  189  190    3
    3  165  190  166    3
    3  166  190  191    3
    3  166  191  167    3
    3  167  191  192    3
    3  167  192  168    3
    3  168  192  169    3
    3  168  169  145    3
    3  169  193  194    3
    3  169  194  170    3
    3  170  194  195    3
    3  170  195  171    3
    3  171  195  196    3
    3  171  196  172    3
    3  172  196  197    3
    3  172  197  173    3
    3  173  197  198    3
    3  173  198  174    3
    3  174  198  199    3
    3  174  199  175    3
    3  175  199  200    3
    3  175  200  176    3
    3  176  200  201    3
    3  176  201  177    3
    3  177  201  202    3
    3  177  202  178    3
    3  178  202  203    3
    3  178  203  179    3
    3  179  203  204    3
    3  179  204  180    3
    3  180  204  205    3
    3  180  205  181    3
    3  181  205  206    3
    3  181  206  182    3
    3  182  206  207    3
    3  182  207  183    3
    3  183  207  208    3
    3  183  208  184    3
    3  184  208  209    3
    3  184  209  185    3
    3  185  209  210    3
    3  185  210  186    3
    3  186  210  211    3
    3  186  211  187    3
    3  187  211  212    3
    3  187  212  188    3
    3  188  212  213    3
    3  188  213  189    3
    3  189  213  214    3
    3  189  214  190    3
    3  190  214  215    3
    3  190  215  191    3
    3  191  215  216    3
    3  191  216  192    3
    3  192  216  193    3
    3  192  193  169    3
    3  193  217  218    3
    3  193  218  194    3
    3  194  218  219    3
    3  194  219  195    3
    3  195  219  220    3
    3  195  220  196    3
    3  196  220  221    3
    3  196  221  197    3
    3  197  221  222    3
    3  197  222  198    3
    3  198  222  223    3
    3  198  223  199    3
    3  199  223  224    3
    3  199  224  200    3
    3  200  224  225    3
    3  200  225  201    3
    3  201  225  226    3
    3  201  226  202    3
    3  202  226  227    3
    3  202  227  203    3
    3  203  227  228    3
    3  203  228  204    3
    3  204  228  229    3
    3  204  229  205    3
    3  205  229  230    3
    3  205  230  206    3
    3  206  230  231    3
    3  206  231  207    3
    3  207  231  232    3
    3  207  232  208    3
    3  208  232  233    3
    3  208  233  209    3
    3  209  233  234    3
    3  209  234  210    3
    3  210  234  235    3
    3  210  235  211    3
    3  211  235  236    3
    3  211  236  212    3
    3  212  236  237    3
    3  212  237  213    3
    3  213  237  238    3
    3  213  238  214    3
    3  214  238  239    3
    3  214  239  215    3
    3  215  239  240    3
    3  215  240  216    3
    3  216  240  217    3
    3  216  217  193    3
    3  217  241  242    3
    3  217  242  218    3
    3  218  242  243    3
    3  218  243  219    3
    3  219  243  244    3
    3  219  244  220    3
    3  220  244  245    3
    3  220  245  221    3
    3  221  245  246    3
    3  221  246  222    3
    3  222  246  247    3
    3  222  247  223    3
    3  223  247  248    3
    3  223  248  224    3
    3  224  248  249    3
    3  224  249  225    3
    3  225  249  250    3
    3  225  250  226    3
    3  226  250  251    3
    3  226  251  227    3
    3  227  251  252    3
    3  227  252  228    3
    3  228  252  253    3
    3  228  253  229    3
    3  229  253  254    3
    3  229  254  230    3
    3  230  254  255    3
    3  230  255  231    3
    3  231  255  256    3
    3  231  256  232    3
    3  232  256  257    3
    3  232  257  233    3
    3  233  257  258    3
    3  233  258  234    3
    3  234  258  259    3
    3  234  259  235    3
    3  235  259  260    3
    3  235  260  236    3
    3  236  260  261    3
    3  236  261  237    3
    3  237  261  262    3
    3  237  262  238    3
    3  238  262  263    3
    3  238  263  239    3
    3  239  263  264    3
    3  239  264  240    3
    3  240  264  241    3
    3  240  241  217    3
    3  264  265  241    3
    3  264  266  265    3
    3  263  266  264    3
    3  263  267  266    3
    3  262  267  263    3
    3  262  268  267    3
    3  261  268  262    3
    3  261  269  268    3
    3  260  269  261    3
    3  260  270  269    3
    3  259  270  260    3
    3  259  271  270    3
    3  258  271  259    3
    3  258  272  271    3
    3  257  272  258    3
    3  257  273  272    3
    3  256  273  257    3
    3  256  274  273    3
    3  255  274  256    3
    3  255  275  274    3
    3  254  275  255    3
    3  254  276  275    3
    3  253  276  254    3
    3  253  277  276    3
    3  252  277  253    3
    3  252  278  277    3
    3  251  278  252    3
    3  251  279  278    3
    3  250  279  251    3
    3  250  280  279    3
    3  249  280  250    3
    3  249  281  280    3
    3  248  281  249    3
    3  248  282  281    3
    3  247  282  248    3
    3  247  283  282    3
    3  246  283  247    3
    3  246  284  283    3
    3  245  284  246    3
    3  245  285  284    3
    3  244  285  245    3
    3  244  286  285    3
    3  243  286  244    3
    3  243  287  286    3
    3  242  287  243    3
    3  242  288  287    3
    3  241  288  242    3
    3  241  265  288    3
    3  289  279  290    1
    3  291  288  292    1
    3  293  294  295    3
    3  296  275  276    1
    3  297  298  299    1
    3  300  301  302    1
    3  303  304  305    3
    3  292  306  307    1
    3  308  309  310    4
    3  300  293  301    1
    3  311  312  313    3
    3  290  314  315    1
    3  316  317  318    1
    3  319  320  321    3
    3  317  322  308    1
    3  286  323  285    1
    3  286  287  320    1
    3  298  297  293    1
    3  324  325  273    1
    3  326  271  272    1
    3  327  328  301    1
    3  329  326  330    1
    3  300  331  304    1
    3  332  282  302    1
    3  272  325  326    1
    3  296  276  316    1
    3  296  333  275    1
    3  324  334  325    1
    3  335  329  336    1
    3  315  328  337    1
    3  338  339  303    3
    3  334  340  341    4
    3  279  289  278    1
    3  274  275  333    1
    3  322  278  289    1
    3  342  343  344    3
    3  332  301  328    1
    3  314  290  280    1
    3  345  338  346    3
    3  324  333  334    1
    3  277  316  276    1
    3  266  267  335    1
    3  288  291  287    1
    3  347  348  349    3
    3  316  322  317    1
    3  297  350  351    4
    3  327  301  293    1
    3  283  331  302    1
    3  352  353  354    4
    3  326  269  270    1
    3  332  302  301    1
    3  355  299  298    1
    3  312  356  357    3
    3  330  355  329    1
    3  336  306  335    1
    3  271  326  270    1
    3  358  359  360    4
    3  298  361  362    3
    3  283  302  282    1
    3  336  329  355    1
    3  326  363  330    1
    3  265  292  288    1
    3  300  364  365    3
    3  366  367  368    4
    3  333  318  334    1
    3  369  361  370    3
    3  327  293  297    1
    3  278  322  277    1
    3  320  291  356    3
    3  371  285  323    1
    3  363  325  334    1
    3  371  331  284    1
    3  364  339  349    3
    3  268  335  267    1
    3  372  363  373    4
    3  280  290  279    1
    3  266  306  265    1
    3  316  277  322    1
    3  328  315  314    1
    3  308  315  367    1
    3  355  330  372    1
    3  327  297  337    1
    3  280  281  314    1
    3  374  340  375    4
    3  296  316  318    1
    3  352  376  377    4
    3  355  307  336    1
    3  292  343  378    3
    3  326  325  363    1
    3  320  287  291    1
    3  345  319  379    3
    3  380  372  381    4
    3  358  366  382    4
    3  268  329  335    1
    3  273  274  324    1
    3  336  307  306    1
    3  265  306  292    1
    3  296  318  333    1
    3  383  374  384    4
    3  329  268  269    1
    3  385  373  386    4
    3  333  324  274    1
    3  283  284  331    1
    3  298  307  355    1
    3  299  353  387    4
    3  308  289  315    1
    3  273  325  272    1
    3  327  337  328    1
    3  388  376  389    4
    3  314  332  328    1
    3  281  282  332    1
    3  315  289  290    1
    3  363  372  330    1
    3  355  372  299    1
    3  285  371  284    1
    3  314  281  332    1
    3  269  326  329    1
    3  369  347  311    3
    3  266  335  306    1
    3  286  320  323    1
    3  308  322  289    1
    3  300  302  331    1
    3  343  390  313    3
    3  292  307  344    3
    3  298  348  370    3
    3  361  390  342    3
    3  343  342  390    3
    3  342  307  362    3
    3  347  369  348    3
    3  361  369  390    3
    3  369  311  390    3
    3  312  311  347    3
    3  311  313  390    3
    3  313  312  378    3
    3  298  362  307    3
    3  342  362  361    3
    3  342  344  307    3
    3  292  344  343    3
    3  369  370  348    3
    3  298  370  361    3
    3  292  378  312    3
    3  313  378  343    3
    3  334  318  375    4
    3  340  391  388    4
    3  318  317  384    4
    3  340  374  391    4
    3  352  385  389    4
    3  376  391  359    4
    3  376  388  391    4
    3  388  385  341    4
    3  359  391  383    4
    3  359  358  377    4
    3  374  383  391    4
    3  383  317  360    4
    3  374  375  318    4
    3  334  375  340    4
    3  334  341  385    4
    3  388  341  340    4
    3  388  389  385    4
    3  352  389  376    4
    3  352  377  358    4
    3  359  377  376    4
    3  358  360  317    4
    3  383  360  359    4
    3  383  384  317    4
    3  318  384  374    4
    3  367  358  309    4
    3  315  337  368    1
    3  353  352  350    4
    3  353  299  380    4
    3  372  380  299    4
    3  380  385  354    4
    3  350  352  392    4
    3  350  297  387    4
    3  366  337  392    4
    3  367  366  358    4
    3  363  334  386    4
    3  373  385  381    4
    3  392  337  351    4
    3  392  352  382    4
    3  380  381  385    4
    3  373  381  372    4
    3  358  317  310    4
    3  367  309  308    4
    3  385  386  334    4
    3  363  386  373    4
    3  366  368  337    4
    3  315  368  367    1
    3  299  387  297    4
    3  350  387  353    4
    3  352  354  385    4
    3  380  354  353    4
    3  358  382  352    4
    3  392  382  366    4
    3  297  351  337    4
    3  392  351  350    4
    3  308  310  317    4
    3  358  310  309    4
    3  312  347  379    3
    3  320  319  323    3
    3  371  323  346    3
    3  338  347  393    3
    3  364  300  394    3
    3  364  348  294    3
    3  319  345  323    3
    3  338  345  347    3
    3  348  298  295    3
    3  294  293  365    3
    3  304  339  394    3
    3  331  371  305    1
    3  364  349  348    3
    3  349  339  393    3
    3  338  393  339    3
    3  349  393  347    3
    3  338  303  371    3
    3  304  303  339    3
    3  356  312  321    3
    3  291  292  357    3
    3  364  394  339    3
    3  304  394  300    3
    3  319  321  312    3
    3  356  321  320    3
    3  293  295  298    3
    3  348  295  294    3
    3  312  357  292    3
    3  291  357  356    3
    3  345  346  323    3
    3  371  346  338    3
    3  303  305  371    3
    3  331  305  304    1
    3  345  379  347    3
    3  312  379  319    3
    3  300  365  293    3
    3  294  365  364    3
C Prescribed Values(Inlet, Outlet), InteractionSurface(Inlet, Outlet)
       3        1        0        2        2        2
C Inlet Velocity
C     Vx,           Vy,            Vz,    indVx,indVy,indVz, FunID (3E18.9, 4I5)
   0.000000000e+00   1.000000000e+00   0.000000000e+00    1    0    1    4
C Inlet Pressure, FunID (E18.9,I5)
   1.000000000e+00    3
C Outlet Pressure (E18.9,I5)
   1.000000000e+00    2
C Inlet Velocity
C nNodeID,    Vx,           Vy,            Vz (I5, 3E18.9)
  265
    1  -1.200000000e+00  -1.000000000e+00   1.300000000e+00
    2  -1.100000000e+00  -1.000000000e+00   3.000000000e-01
    3  -9.000000000e-01  -1.000000000e+00  -1.000000000e-01
    4  -8.000000000e-01  -1.000000000e+00   4.000000000e-01
    5  -1.200000000e+00  -1.000000000e+00   1.200000000e+00
    6  -1.800000000e+00  -1.000000000e+00   1.600000000e+00
    7  -2.200000000e+00  -1.000000000e+00   1.500000000e+00
    8  -1.800000000e+00  -1.000000000e+00   9.000000000e-01
    9  -9.000000000e-01  -1.000000000e+00   7.000000000e-01
   10  -2.000000000e-01  -1.000000000e+00   9.000000000e-01
   11   1.000000000e-01  -1.000000000e+00   1.200000000e+00
   12  -1.000000000e-01  -1.000000000e+00   1.500000000e+00
   13  -3.000000000e-01  -1.000000000e+00   1.600000000e+00
   14  -5.000000000e-01  -1.000000000e+00   1.800000000e+00
   15  -8.000000000e-01  -1.000000000e+00   1.800000000e+00
   16  -1.100000000e+00  -1.000000000e+00   1.900000000e+00
   17  -1.500000000e+00  -1.000000000e+00   2.200000000e+00
   18  -2.300000000e+00  -1.000000000e+00   2.500000000e+00
   19  -3.000000000e+00  -1.000000000e+00   2.200000000e+00
   20  -3.100000000e+00  -1.000000000e+00   1.500000000e+00
   21  -2.100000000e+00  -1.000000000e+00   9.000000000e-01
   22  -1.200000000e+00  -1.000000000e+00   8.000000000e-01
   23  -8.000000000e-01  -1.000000000e+00   1.000000000e+00
   24  -7.000000000e-01  -1.000000000e+00   1.100000000e+00
   25  -9.000000000e-01  -1.000000000e+00   9.000000000e-01
   26  -1.100000000e+00  -2.000000000e+00   8.000000000e-01
   27  -1.000000000e+00  -2.000000000e+00   5.000000000e-01
   28  -1.000000000e+00  -2.000000000e+00   1.000000000e+00
   29  -1.400000000e+00  -2.000000000e+00   1.600000000e+00
   30  -1.900000000e+00  -2.000000000e+00   2.000000000e+00
   31  -2.300000000e+00  -2.000000000e+00   1.700000000e+00
   32  -1.900000000e+00  -2.000000000e+00   1.100000000e+00
   33  -1.000000000e+00  -2.000000000e+00   9.000000000e-01
   34  -1.000000000e-01  -2.000000000e+00   1.100000000e+00
   35   3.000000000e-01  -2.000000000e+00   1.500000000e+00
   36   0.000000000e+00  -2.000000000e+00   1.700000000e+00
   37  -1.000000000e-01  -2.000000000e+00   2.000000000e+00
   38  -4.000000000e-01  -2.000000000e+00   2.300000000e+00
   39  -7.000000000e-01  -2.000000000e+00   2.500000000e+00
   40  -1.100000000e+00  -2.000000000e+00   2.300000000e+00
   41  -1.500000000e+00  -2.000000000e+00   2.500000000e+00
   42  -2.200000000e+00  -2.000000000e+00   2.600000000e+00
   43  -2.700000000e+00  -2.000000000e+00   2.200000000e+00
   44  -2.800000000e+00  -2.000000000e+00   1.600000000e+00
   45  -2.100000000e+00  -2.000000000e+00   1.100000000e+00
   46  -1.400000000e+00  -2.000000000e+00   1.000000000e+00
   47  -9.000000000e-01  -2.000000000e+00   1.100000000e+00
   48  -7.000000000e-01  -2.000000000e+00   1.200000000e+00
   49  -9.000000000e-01  -2.000000000e+00   1.300000000e+00
   50  -1.000000000e+00  -2.000000000e+00   8.000000000e-01
   51  -9.000000000e-01  -2.000000000e+00   3.000000000e-01
   52  -8.000000000e-01  -2.000000000e+00   1.000000000e+00
   53  -1.200000000e+00  -2.000000000e+00   1.800000000e+00
   54  -1.900000000e+00  -2.000000000e+00   2.300000000e+00
   55  -2.300000000e+00  -2.000000000e+00   2.100000000e+00
   56  -2.000000000e+00  -2.000000000e+00   1.500000000e+00
   57  -1.100000000e+00  -2.000000000e+00   1.200000000e+00
   58  -2.000000000e-01  -2.000000000e+00   1.300000000e+00
   59   3.000000000e-01  -2.000000000e+00   1.800000000e+00
   60   1.000000000e-01  -2.000000000e+00   2.000000000e+00
   61   1.000000000e-01  -2.000000000e+00   2.400000000e+00
   62  -2.000000000e-01  -2.000000000e+00   2.900000000e+00
   63  -6.000000000e-01  -2.000000000e+00   3.400000000e+00
   64  -1.100000000e+00  -2.000000000e+00   3.300000000e+00
   65  -1.700000000e+00  -2.000000000e+00   3.400000000e+00
   66  -2.600000000e+00  -2.000000000e+00   3.300000000e+00
   67  -3.100000000e+00  -2.000000000e+00   2.800000000e+00
   68  -3.000000000e+00  -2.000000000e+00   2.100000000e+00
   69  -1.700000000e+00  -2.000000000e+00   1.500000000e+00
   70  -3.000000000e-01  -2.000000000e+00   1.600000000e+00
   71   1.000000000e-01  -2.000000000e+00   2.000000000e+00
   72   1.000000000e-01  -2.000000000e+00   2.300000000e+00
   73  -5.000000000e-01  -2.000000000e+00   2.000000000e+00
   74  -1.000000000e+00  -1.300000000e+00   4.000000000e-01
   75  -7.000000000e-01  -1.300000000e+00  -1.000000000e-01
   76  -4.000000000e-01  -1.300000000e+00   6.000000000e-01
   77  -8.000000000e-01  -1.300000000e+00   1.600000000e+00
   78  -1.400000000e+00  -1.300000000e+00   2.100000000e+00
   79  -1.700000000e+00  -1.300000000e+00   2.000000000e+00
   80  -1.400000000e+00  -1.300000000e+00   1.600000000e+00
   81  -8.000000000e-01  -1.300000000e+00   1.200000000e+00
   82   0.000000000e+00  -1.300000000e+00   1.400000000e+00
   83   4.000000000e-01  -1.300000000e+00   1.700000000e+00
   84   3.000000000e-01  -1.300000000e+00   2.000000000e+00
   85   4.000000000e-01  -1.300000000e+00   2.600000000e+00
   86   2.000000000e-01  -1.300000000e+00   3.400000000e+00
   87  -3.000000000e-01  -1.300000000e+00   4.100000000e+00
   88  -1.100000000e+00  -1.300000000e+00   4.200000000e+00
   89  -1.700000000e+00  -1.300000000e+00   3.900000000e+00
   90  -2.600000000e+00  -1.300000000e+00   3.700000000e+00
   91  -3.000000000e+00  -1.300000000e+00   3.100000000e+00
   92  -2.900000000e+00  -1.300000000e+00   2.200000000e+00
   93  -1.200000000e+00  -1.300000000e+00   1.600000000e+00
   94   4.000000000e-01  -1.300000000e+00   1.900000000e+00
   95   8.000000000e-01  -1.300000000e+00   2.400000000e+00
   96   5.000000000e-01  -1.300000000e+00   2.700000000e+00
   97  -2.000000000e-01  -1.300000000e+00   2.200000000e+00
   98  -9.000000000e-01  -1.300000000e+00   3.000000000e-01
   99  -6.000000000e-01  -1.300000000e+00  -1.000000000e-01
  100  -3.000000000e-01  -1.300000000e+00   6.000000000e-01
  101  -5.000000000e-01  -1.300000000e+00   1.200000000e+00
  102  -1.000000000e+00  -1.300000000e+00   1.800000000e+00
  103  -1.300000000e+00  -1.300000000e+00   1.700000000e+00
  104  -1.000000000e+00  -1.300000000e+00   1.400000000e+00
  105  -4.000000000e-01  -1.300000000e+00   1.200000000e+00
  106   4.000000000e-01  -1.300000000e+00   1.400000000e+00
  107   7.000000000e-01  -1.300000000e+00   1.800000000e+00
  108   6.000000000e-01  -1.300000000e+00   2.100000000e+00
  109   7.000000000e-01  -1.300000000e+00   2.800000000e+00
  110   5.000000000e-01  -1.300000000e+00   3.600000000e+00
  111  -2.000000000e-01  -1.300000000e+00   4.300000000e+00
  112  -9.000000000e-01  -1.300000000e+00   4.300000000e+00
  113  -1.700000000e+00  -1.300000000e+00   4.000000000e+00
  114  -2.400000000e+00  -1.300000000e+00   3.600000000e+00
  115  -2.700000000e+00  -1.300000000e+00   3.000000000e+00
  116  -2.700000000e+00  -1.300000000e+00   2.200000000e+00
  117  -1.200000000e+00  -1.300000000e+00   1.600000000e+00
  118   3.000000000e-01  -1.300000000e+00   1.700000000e+00
  119   6.000000000e-01  -1.300000000e+00   2.200000000e+00
  120   4.000000000e-01  -1.300000000e+00   2.400000000e+00
  121  -3.000000000e-01  -1.300000000e+00   1.800000000e+00
  122  -1.200000000e+00  -1.200000000e+00  -7.000000000e-01
  123  -7.000000000e-01  -1.200000000e+00  -1.000000000e+00
  124  -3.000000000e-01  -1.200000000e+00  -1.000000000e-01
  125  -7.000000000e-01  -1.200000000e+00   1.100000000e+00
  126  -1.400000000e+00  -1.200000000e+00   1.900000000e+00
  127  -1.800000000e+00  -1.200000000e+00   1.700000000e+00
  128  -1.500000000e+00  -1.200000000e+00   1.300000000e+00
  129  -7.000000000e-01  -1.200000000e+00   1.000000000e+00
  130   3.000000000e-01  -1.200000000e+00   1.200000000e+00
  131   8.000000000e-01  -1.200000000e+00   1.700000000e+00
  132   8.000000000e-01  -1.200000000e+00   2.000000000e+00
  133   7.000000000e-01  -1.200000000e+00   2.700000000e+00
  134   3.000000000e-01  -1.200000000e+00   3.400000000e+00
  135  -3.000000000e-01  -1.200000000e+00   3.900000000e+00
  136  -1.000000000e+00  -1.200000000e+00   4.000000000e+00
  137  -1.600000000e+00  -1.200000000e+00   3.600000000e+00
  138  -2.300000000e+00  -1.200000000e+00   3.300000000e+00
  139  -2.700000000e+00  -1.200000000e+00   2.700000000e+00
  140  -2.600000000e+00  -1.200000000e+00   2.000000000e+00
  141  -1.200000000e+00  -1.200000000e+00   1.400000000e+00
  142   2.000000000e-01  -1.200000000e+00   1.500000000e+00
  143   4.000000000e-01  -1.200000000e+00   1.900000000e+00
  144   1.000000000e-01  -1.200000000e+00   2.100000000e+00
  145  -7.000000000e-01  -1.200000000e+00   1.300000000e+00
  146  -1.300000000e+00  -1.000000000e+00  -3.000000000e-01
  147  -1.000000000e+00  -1.000000000e+00  -7.000000000e-01
  148  -6.000000000e-01  -1.000000000e+00   0.000000000e+00
  149  -7.000000000e-01  -1.000000000e+00   1.000000000e+00
  150  -1.000000000e+00  -1.000000000e+00   6.000000000e-01
  151  -1.300000000e+00  -1.000000000e+00   1.100000000e+00
  152  -1.200000000e+00  -1.000000000e+00   9.000000000e-01
  153  -8.000000000e-01  -1.000000000e+00   8.000000000e-01
  154  -3.000000000e-01  -1.000000000e+00   9.000000000e-01
  155  -1.000000000e-01  -1.000000000e+00   1.100000000e+00
  156  -1.000000000e-01  -1.000000000e+00   1.200000000e+00
  157  -1.000000000e-01  -1.000000000e+00   1.600000000e+00
  158  -2.000000000e-01  -1.000000000e+00   2.200000000e+00
  159  -5.000000000e-01  -1.000000000e+00   2.800000000e+00
  160  -1.000000000e+00  -1.000000000e+00   2.900000000e+00
  161  -1.700000000e+00  -1.000000000e+00   3.200000000e+00
  162  -2.800000000e+00  -1.000000000e+00   3.400000000e+00
  163  -3.600000000e+00  -1.000000000e+00   2.800000000e+00
  164  -3.400000000e+00  -1.000000000e+00   1.900000000e+00
  165  -1.700000000e+00  -1.000000000e+00   1.100000000e+00
  166   0.000000000e+00  -1.000000000e+00   1.400000000e+00
  167   3.000000000e-01  -1.000000000e+00   1.700000000e+00
  168   0.000000000e+00  -1.000000000e+00   2.000000000e+00
  169  -7.000000000e-01  -1.000000000e+00   1.400000000e+00
  170  -1.200000000e+00  -1.000000000e+00   2.000000000e+00
  171  -1.200000000e+00  -1.000000000e+00   1.000000000e+00
  172  -1.100000000e+00  -1.000000000e+00   1.000000000e+00
  173  -1.200000000e+00  -1.000000000e+00   2.000000000e+00
  174  -1.600000000e+00  -1.000000000e+00   2.000000000e+00
  175  -1.800000000e+00  -1.000000000e+00   1.000000000e+00
  176  -1.600000000e+00  -1.000000000e+00   1.100000000e+00
  177  -1.000000000e+00  -1.000000000e+00   9.000000000e-01
  178  -3.000000000e-01  -1.000000000e+00   1.100000000e+00
  179   0.000000000e+00  -1.000000000e+00   1.500000000e+00
  180  -1.000000000e-01  -1.000000000e+00   1.600000000e+00
  181  -3.000000000e-01  -1.000000000e+00   1.700000000e+00
  182  -5.000000000e-01  -1.000000000e+00   2.000000000e+00
  183  -6.000000000e-01  -1.000000000e+00   2.300000000e+00
  184  -1.000000000e+00  -1.000000000e+00   2.500000000e+00
  185  -1.700000000e+00  -1.000000000e+00   3.000000000e+00
  186  -3.000000000e+00  -1.000000000e+00   3.500000000e+00
  187  -3.800000000e+00  -1.000000000e+00   3.000000000e+00
  188  -3.600000000e+00  -1.000000000e+00   2.100000000e+00
  189  -1.900000000e+00  -1.000000000e+00   1.400000000e+00
  190  -8.000000000e-01  -1.000000000e+00   1.400000000e+00
  191  -5.000000000e-01  -1.000000000e+00   1.700000000e+00
  192  -4.000000000e-01  -1.000000000e+00   2.000000000e+00
  193  -7.000000000e-01  -1.000000000e+00   2.000000000e+00
  194  -1.600000000e+00  -8.000000000e-01   1.000000000e+00
  195  -1.600000000e+00  -8.000000000e-01   1.000000000e+00
  196  -1.400000000e+00  -8.000000000e-01   1.000000000e+00
  197  -1.500000000e+00  -8.000000000e-01   1.000000000e+00
  198  -1.600000000e+00  -8.000000000e-01   1.000000000e+00
  199  -1.600000000e+00  -8.000000000e-01   1.000000000e+00
  200  -1.500000000e+00  -8.000000000e-01   1.000000000e+00
  201  -1.300000000e+00  -8.000000000e-01   1.000000000e+00
  202  -1.100000000e+00  -8.000000000e-01   1.000000000e+00
  203  -1.000000000e+00  -8.000000000e-01   1.100000000e+00
  204  -1.000000000e+00  -8.000000000e-01   1.100000000e+00
  205  -9.000000000e-01  -8.000000000e-01   1.300000000e+00
  206  -8.000000000e-01  -8.000000000e-01   1.900000000e+00
  207  -1.000000000e+00  -8.000000000e-01   2.500000000e+00
  208  -1.500000000e+00  -8.000000000e-01   2.800000000e+00
  209  -2.200000000e+00  -8.000000000e-01   3.300000000e+00
  210  -3.800000000e+00  -8.000000000e-01   4.000000000e+00
  211  -4.900000000e+00  -8.000000000e-01   3.600000000e+00
  212  -4.700000000e+00  -8.000000000e-01   2.300000000e+00
  213  -2.600000000e+00  -8.000000000e-01   1.400000000e+00
  214  -1.200000000e+00  -8.000000000e-01   1.400000000e+00
  215  -8.000000000e-01  -8.000000000e-01   1.700000000e+00
  216  -7.000000000e-01  -8.000000000e-01   2.100000000e+00
  217  -9.000000000e-01  -8.000000000e-01   2.200000000e+00
  218  -1.600000000e+00  -7.000000000e-01   1.000000000e+00
  219  -1.400000000e+00  -7.000000000e-01   0.000000000e+00
  220  -1.300000000e+00  -7.000000000e-01   1.000000000e+00
  221  -1.200000000e+00  -7.000000000e-01   1.000000000e+00
  222  -1.100000000e+00  -7.000000000e-01   0.000000000e+00
  223  -1.100000000e+00  -7.000000000e-01   1.000000000e+00
  224  -1.100000000e+00  -7.000000000e-01   1.000000000e+00
  225  -9.000000000e-01  -7.000000000e-01   1.000000000e+00
  226  -7.000000000e-01  -7.000000000e-01   1.200000000e+00
  227  -2.000000000e-01  -7.000000000e-01   1.300000000e+00
  228  -1.000000000e+00  -7.000000000e-01   1.400000000e+00
  229  -6.000000000e-01  -7.000000000e-01   1.800000000e+00
  230  -5.000000000e-01  -7.000000000e-01   2.600000000e+00
  231  -9.000000000e-01  -7.000000000e-01   3.600000000e+00
  232  -1.600000000e+00  -7.000000000e-01   4.000000000e+00
  233  -2.300000000e+00  -7.000000000e-01   3.800000000e+00
  234  -3.700000000e+00  -7.000000000e-01   4.200000000e+00
  235  -4.700000000e+00  -7.000000000e-01   3.600000000e+00
  236  -4.500000000e+00  -7.000000000e-01   2.400000000e+00
  237  -2.600000000e+00  -7.000000000e-01   1.500000000e+00
  238  -1.400000000e+00  -7.000000000e-01   1.500000000e+00
  239  -9.000000000e-01  -7.000000000e-01   1.700000000e+00
  240  -6.000000000e-01  -7.000000000e-01   2.100000000e+00
  241  -1.000000000e+00  -7.000000000e-01   2.100000000e+00
  242  -1.700000000e+00  -6.000000000e-01   2.000000000e+00
  243  -1.700000000e+00  -6.000000000e-01   1.000000000e+00
  244  -1.600000000e+00  -6.000000000e-01   1.000000000e+00
  245  -1.700000000e+00  -6.000000000e-01   2.000000000e+00
  246  -2.000000000e+00  -6.000000000e-01   2.000000000e+00
  247  -2.200000000e+00  -6.000000000e-01   2.000000000e+00
  248  -2.100000000e+00  -6.000000000e-01   1.000000000e+00
  249  -2.000000000e+00  -6.000000000e-01   1.200000000e+00
  250  -2.000000000e+00  -6.000000000e-01   1.200000000e+00
  251  -1.000000000e+00  -6.000000000e-01   1.300000000e+00
  252  -2.000000000e+00  -6.000000000e-01   1.300000000e+00
  253  -1.000000000e+00  -6.000000000e-01   1.700000000e+00
  254  -8.000000000e-01  -6.000000000e-01   2.600000000e+00
  255  -1.100000000e+00  -6.000000000e-01   3.500000000e+00
  256  -1.800000000e+00  -6.000000000e-01   4.000000000e+00
  257  -2.300000000e+00  -6.000000000e-01   3.500000000e+00
  258  -3.400000000e+00  -6.000000000e-01   3.800000000e+00
  259  -4.400000000e+00  -6.000000000e-01   3.500000000e+00
  260  -4.600000000e+00  -6.000000000e-01   2.600000000e+00
  261  -2.600000000e+00  -6.000000000e-01   1.600000000e+00
  262  -1.300000000e+00  -6.000000000e-01   1.600000000e+00
  263  -8.000000000e-01  -6.000000000e-01   2.000000000e+00
  264  -5.000000000e-01  -6.000000000e-01   2.700000000e+00
  265  -1.000000000e+00  -6.000000000e-01   3.000000000e+00
C Region List
