C PointsNum,MaxElemVol,TetGenParams,nAtrib,IndMov,MDMaxVolume,MDomDiv,MDOnly,MDDivF,MDPrescP
  395    1.000000e+00 YYpznno2q1.414a     0     0    1.000000e+00     1     0     0     0     0     0 YYpznno2q1.414a
  -7.321480000e-02  -7.847570000e+00  -9.618100000e-02
   4.877100000e-03  -7.411820000e+00   6.249840000e-01
  -1.804590000e-01  -7.411820000e+00   6.440480000e-01
  -3.748280000e-01  -7.411820000e+00   6.202330000e-01
  -5.662570000e-01  -7.411820000e+00   5.452300000e-01
  -7.204580000e-01  -7.411820000e+00   4.048930000e-01
  -8.008340000e-01  -7.411820000e+00   2.104290000e-01
  -8.027890000e-01  -7.411820000e+00   1.096000000e-03
  -7.530680000e-01  -7.411820000e+00  -1.927880000e-01
  -6.745570000e-01  -7.411820000e+00  -3.627610000e-01
  -5.760870000e-01  -7.411820000e+00  -5.158680000e-01
  -4.555420000e-01  -7.411820000e+00  -6.577370000e-01
  -3.017010000e-01  -7.411820000e+00  -7.825250000e-01
  -1.121229000e-01  -7.411820000e+00  -8.643890000e-01
   9.755200000e-02  -7.411820000e+00  -8.748340000e-01
   3.013440000e-01  -7.411820000e+00  -8.133610000e-01
   4.824660000e-01  -7.411820000e+00  -6.954930000e-01
   6.255370000e-01  -7.411820000e+00  -5.348660000e-01
   6.967250000e-01  -7.411820000e+00  -3.354650000e-01
   6.451810000e-01  -7.411820000e+00  -1.279040000e-01
   5.254040000e-01  -7.411820000e+00   3.809800000e-02
   4.229050000e-01  -7.411820000e+00   1.612130000e-01
   3.421650000e-01  -7.411820000e+00   2.743840000e-01
   2.617470000e-01  -7.411820000e+00   3.970700000e-01
   1.566420000e-01  -7.411820000e+00   5.289680000e-01
  -1.408340000e-02  -6.976070000e+00   9.193100000e-01
  -2.684520000e-01  -6.976070000e+00   9.281250000e-01
  -5.256990000e-01  -6.976070000e+00   8.777630000e-01
  -7.724050000e-01  -6.976070000e+00   7.649350000e-01
  -9.749280000e-01  -6.976070000e+00   5.766800000e-01
  -1.095520000e+00  -6.976070000e+00   3.233960000e-01
  -1.122600000e+00  -6.976070000e+00   4.461320000e-02
  -1.079030000e+00  -6.976070000e+00  -2.250150000e-01
  -9.796500000e-01  -6.976070000e+00  -4.698790000e-01
  -8.305980000e-01  -6.976070000e+00  -6.799010000e-01
  -6.421290000e-01  -6.976070000e+00  -8.523400000e-01
  -4.187920000e-01  -6.976070000e+00  -9.818400000e-01
  -1.670834000e-01  -6.976070000e+00  -1.057650000e+00
   9.812900000e-02  -6.976070000e+00  -1.055470000e+00
   3.505210000e-01  -6.976070000e+00  -9.709090000e-01
   5.699010000e-01  -6.976070000e+00  -8.183710000e-01
   7.417500000e-01  -6.976070000e+00  -6.169380000e-01
   8.371340000e-01  -6.976070000e+00  -3.742580000e-01
   8.179860000e-01  -6.976070000e+00  -1.183868000e-01
   7.142410000e-01  -6.976070000e+00   1.072030000e-01
   6.011710000e-01  -6.976070000e+00   2.923610000e-01
   4.916970000e-01  -6.976070000e+00   4.643930000e-01
   3.695450000e-01  -6.976070000e+00   6.397270000e-01
   2.069450000e-01  -6.976070000e+00   8.110340000e-01
  -2.727100000e-02  -6.540310000e+00   1.156160000e+00
  -3.399520000e-01  -6.540310000e+00   1.150930000e+00
  -6.467170000e-01  -6.540310000e+00   1.073374000e+00
  -9.364310000e-01  -6.540310000e+00   9.286880000e-01
  -1.177160000e+00  -6.540310000e+00   7.018940000e-01
  -1.320030000e+00  -6.540310000e+00   3.990600000e-01
  -1.359430000e+00  -6.540310000e+00   6.652880000e-02
  -1.318910000e+00  -6.540310000e+00  -2.583190000e-01
  -1.207080000e+00  -6.540310000e+00  -5.595190000e-01
  -1.026860000e+00  -6.540310000e+00  -8.180640000e-01
  -7.906430000e-01  -6.540310000e+00  -1.023050000e+00
  -5.154120000e-01  -6.540310000e+00  -1.172200000e+00
  -2.102710000e-01  -6.540310000e+00  -1.256670000e+00
   1.099150000e-01  -6.540310000e+00  -1.254310000e+00
   4.143810000e-01  -6.540310000e+00  -1.150105000e+00
   6.729140000e-01  -6.540310000e+00  -9.566560000e-01
   8.672660000e-01  -6.540310000e+00  -7.052660000e-01
   9.658670000e-01  -6.540310000e+00  -4.141500000e-01
   9.521260000e-01  -6.540310000e+00  -1.194712000e-01
   8.620710000e-01  -6.540310000e+00   1.466170000e-01
   7.451910000e-01  -6.540310000e+00   3.781430000e-01
   6.190120000e-01  -6.540310000e+00   5.998120000e-01
   4.674670000e-01  -6.540310000e+00   8.263000000e-01
   2.563980000e-01  -6.540310000e+00   1.040800000e+00
  -4.990600000e-02  -6.103560000e+00   1.324210000e+00
  -4.027960000e-01  -6.103560000e+00   1.314460000e+00
  -7.500470000e-01  -6.103560000e+00   1.230660000e+00
  -1.081810000e+00  -6.103560000e+00   1.071637000e+00
  -1.359090000e+00  -6.103560000e+00   8.163420000e-01
  -1.519580000e+00  -6.103560000e+00   4.705060000e-01
  -1.561380000e+00  -6.103560000e+00   9.372760000e-02
  -1.513640000e+00  -6.103560000e+00  -2.748470000e-01
  -1.390630000e+00  -6.103560000e+00  -6.172860000e-01
  -1.190090000e+00  -6.103560000e+00  -9.174600000e-01
  -9.200300000e-01  -6.103560000e+00  -1.154750000e+00
  -6.027910000e-01  -6.103560000e+00  -1.322720000e+00
  -2.509060000e-01  -6.103560000e+00  -1.413640000e+00
   1.115700000e-01  -6.103560000e+00  -1.397400000e+00
   4.441550000e-01  -6.103560000e+00  -1.258250000e+00
   7.118320000e-01  -6.103560000e+00  -1.022010000e+00
   9.074680000e-01  -6.103560000e+00  -7.385840000e-01
   1.021097000e+00  -6.103560000e+00  -4.276180000e-01
   1.041992000e+00  -6.103560000e+00  -1.112724000e-01
   9.855360000e-01  -6.103560000e+00   1.906570000e-01
   8.748740000e-01  -6.103560000e+00   4.698790000e-01
   7.296160000e-01  -6.103560000e+00   7.332490000e-01
   5.396960000e-01  -6.103560000e+00   9.907100000e-01
   2.809540000e-01  -6.103560000e+00   1.215800000e+00
  -8.420500000e-02  -5.667800000e+00   1.450060000e+00
  -4.675600000e-01  -5.667800000e+00   1.442910000e+00
  -8.514370000e-01  -5.667800000e+00   1.364890000e+00
  -1.226770000e+00  -5.667800000e+00   1.205361000e+00
  -1.544770000e+00  -5.667800000e+00   9.303820000e-01
  -1.720940000e+00  -5.667800000e+00   5.438580000e-01
  -1.757730000e+00  -5.667800000e+00   1.228001000e-01
  -1.694890000e+00  -5.667800000e+00  -2.825470000e-01
  -1.552990000e+00  -5.667800000e+00  -6.582160000e-01
  -1.332810000e+00  -5.667800000e+00  -9.868100000e-01
  -1.036990000e+00  -5.667800000e+00  -1.246390000e+00
  -6.866820000e-01  -5.667800000e+00  -1.427810000e+00
  -3.012050000e-01  -5.667800000e+00  -1.521370000e+00
   9.203200000e-02  -5.667800000e+00  -1.495200000e+00
   4.425170000e-01  -5.667800000e+00  -1.328170000e+00
   7.115360000e-01  -5.667800000e+00  -1.058940000e+00
   9.070970000e-01  -5.667800000e+00  -7.538540000e-01
   1.032512000e+00  -5.667800000e+00  -4.328530000e-01
   1.077068000e+00  -5.667800000e+00  -1.031999000e-01
   1.042909000e+00  -5.667800000e+00   2.240060000e-01
   9.386970000e-01  -5.667800000e+00   5.333950000e-01
   7.824360000e-01  -5.667800000e+00   8.274410000e-01
   5.693280000e-01  -5.667800000e+00   1.109280000e+00
   2.788210000e-01  -5.667800000e+00   1.345470000e+00
  -1.248390000e-01  -5.232050000e+00   1.567360000e+00
  -5.352700000e-01  -5.232050000e+00   1.563020000e+00
  -9.491100000e-01  -5.232050000e+00   1.486090000e+00
  -1.358750000e+00  -5.232050000e+00   1.321486000e+00
  -1.708280000e+00  -5.232050000e+00   1.030312000e+00
  -1.905130000e+00  -5.232050000e+00   6.121110000e-01
  -1.950210000e+00  -5.232050000e+00   1.535741000e-01
  -1.883890000e+00  -5.232050000e+00  -2.892200000e-01
  -1.731590000e+00  -5.232050000e+00  -7.003500000e-01
  -1.489430000e+00  -5.232050000e+00  -1.060020000e+00
  -1.156250000e+00  -5.232050000e+00  -1.330450000e+00
  -7.677960000e-01  -5.232050000e+00  -1.503080000e+00
  -3.548390000e-01  -5.232050000e+00  -1.581270000e+00
   5.846000000e-02  -5.232050000e+00  -1.545720000e+00
   4.206600000e-01  -5.232050000e+00  -1.363900000e+00
   6.967640000e-01  -5.232050000e+00  -1.083030000e+00
   8.995960000e-01  -5.232050000e+00  -7.698700000e-01
   1.036610000e+00  -5.232050000e+00  -4.401370000e-01
   1.095743000e+00  -5.232050000e+00  -9.542590000e-02
   1.070371000e+00  -5.232050000e+00   2.493270000e-01
   9.657440000e-01  -5.232050000e+00   5.806150000e-01
   8.054040000e-01  -5.232050000e+00   8.988170000e-01
   5.804280000e-01  -5.232050000e+00   1.208310000e+00
   2.677446000e-01  -5.232050000e+00   1.463250000e+00
  -1.856040000e-01  -4.382630000e+00   1.838170000e+00
  -6.544260000e-01  -4.382630000e+00   1.831810000e+00
  -1.124000000e+00  -4.382630000e+00   1.739470000e+00
  -1.583710000e+00  -4.382630000e+00   1.545270000e+00
  -1.975240000e+00  -4.382630000e+00   1.213446000e+00
  -2.202890000e+00  -4.382630000e+00   7.453220000e-01
  -2.254560000e+00  -4.382630000e+00   2.261583000e-01
  -2.175340000e+00  -4.382630000e+00  -2.748550000e-01
  -1.998450000e+00  -4.382630000e+00  -7.377300000e-01
  -1.721690000e+00  -4.382630000e+00  -1.137930000e+00
  -1.342530000e+00  -4.382630000e+00  -1.429320000e+00
  -9.022780000e-01  -4.382630000e+00  -1.594530000e+00
  -4.486040000e-01  -4.382630000e+00  -1.653040000e+00
  -2.588800000e-03  -4.382630000e+00  -1.608430000e+00
   3.815400000e-01  -4.382630000e+00  -1.406680000e+00
   6.658500000e-01  -4.382630000e+00  -1.095296000e+00
   8.666460000e-01  -4.382630000e+00  -7.545100000e-01
   1.008760000e+00  -4.382630000e+00  -4.096590000e-01
   1.079281000e+00  -4.382630000e+00  -5.184170000e-02
   1.069008000e+00  -4.382630000e+00   3.130440000e-01
   9.744470000e-01  -4.382630000e+00   6.696880000e-01
   8.202810000e-01  -4.382630000e+00   1.030043000e+00
   5.979780000e-01  -4.382630000e+00   1.400170000e+00
   2.586162900e-01  -4.382630000e+00   1.713440000e+00
  -2.111530000e-01  -3.533210000e+00   1.987100000e+00
  -7.199590000e-01  -3.533210000e+00   2.007100000e+00
  -1.245980000e+00  -3.533210000e+00   1.931090000e+00
  -1.768220000e+00  -3.533210000e+00   1.729630000e+00
  -2.199990000e+00  -3.533210000e+00   1.354959000e+00
  -2.425310000e+00  -3.533210000e+00   8.272710000e-01
  -2.431540000e+00  -3.533210000e+00   2.575661000e-01
  -2.295270000e+00  -3.533210000e+00  -2.702260000e-01
  -2.077900000e+00  -3.533210000e+00  -7.364400000e-01
  -1.790050000e+00  -3.533210000e+00  -1.143330000e+00
  -1.418520000e+00  -3.533210000e+00  -1.463850000e+00
  -9.782000000e-01  -3.533210000e+00  -1.675790000e+00
  -5.001530000e-01  -3.533210000e+00  -1.775030000e+00
  -1.663580000e-02  -3.533210000e+00  -1.742100000e+00
   3.943620000e-01  -3.533210000e+00  -1.508070000e+00
   6.813120000e-01  -3.533210000e+00  -1.148900000e+00
   8.747290000e-01  -3.533210000e+00  -7.736660000e-01
   1.015327000e+00  -3.533210000e+00  -4.089530000e-01
   1.084983000e+00  -3.533210000e+00  -3.643390000e-02
   1.071012000e+00  -3.533210000e+00   3.416240000e-01
   9.682080000e-01  -3.533210000e+00   7.086060000e-01
   8.149370000e-01  -3.533210000e+00   1.083660000e+00
   5.981460000e-01  -3.533210000e+00   1.482350000e+00
   2.547498000e-01  -3.533210000e+00   1.830890000e+00
  -2.425970000e-01  -2.683800000e+00   2.051380000e+00
  -7.790400000e-01  -2.683800000e+00   2.100140000e+00
  -1.352120000e+00  -2.683800000e+00   2.046500000e+00
  -1.928750000e+00  -2.683800000e+00   1.841610000e+00
  -2.383220000e+00  -2.683800000e+00   1.425050000e+00
  -2.599390000e+00  -2.683800000e+00   8.514890000e-01
  -2.587530000e+00  -2.683800000e+00   2.474598000e-01
  -2.435860000e+00  -2.683800000e+00  -3.041260000e-01
  -2.205750000e+00  -2.683800000e+00  -7.896500000e-01
  -1.908310000e+00  -2.683800000e+00  -1.217250000e+00
  -1.525030000e+00  -2.683800000e+00  -1.564020000e+00
  -1.064910000e+00  -2.683800000e+00  -1.803590000e+00
  -5.565970000e-01  -2.683800000e+00  -1.924180000e+00
  -3.595770000e-02  -2.683800000e+00  -1.894940000e+00
   4.019720000e-01  -2.683800000e+00  -1.635580000e+00
   6.944200000e-01  -2.683800000e+00  -1.234560000e+00
   8.820360000e-01  -2.683800000e+00  -8.246920000e-01
   1.019928000e+00  -2.683800000e+00  -4.410050000e-01
   1.082816000e+00  -2.683800000e+00  -5.354020000e-02
   1.056447000e+00  -2.683800000e+00   3.341120000e-01
   9.462710000e-01  -2.683800000e+00   7.080300000e-01
   7.933320000e-01  -2.683800000e+00   1.091390000e+00
   5.787340000e-01  -2.683800000e+00   1.504720000e+00
   2.335627000e-01  -2.683800000e+00   1.867660000e+00
  -2.953260000e-01  -1.835380000e+00   2.055200000e+00
  -8.462400000e-01  -1.835380000e+00   2.111590000e+00
  -1.436650000e+00  -1.835380000e+00   2.062840000e+00
  -2.028030000e+00  -1.835380000e+00   1.853580000e+00
  -2.490820000e+00  -1.835380000e+00   1.423100000e+00
  -2.735740000e+00  -1.835380000e+00   8.409140000e-01
  -2.769190000e+00  -1.835380000e+00   2.158790000e-01
  -2.650510000e+00  -1.835380000e+00  -3.744290000e-01
  -2.426080000e+00  -1.835380000e+00  -9.098800000e-01
  -2.097990000e+00  -1.835380000e+00  -1.371780000e+00
  -1.668350000e+00  -1.835380000e+00  -1.722770000e+00
  -1.162730000e+00  -1.835380000e+00  -1.940960000e+00
  -6.263260000e-01  -1.835380000e+00  -2.032930000e+00
  -8.842140000e-02  -1.835380000e+00  -1.996160000e+00
   3.738180000e-01  -1.835380000e+00  -1.748220000e+00
   6.899560000e-01  -1.835380000e+00  -1.344400000e+00
   8.888180000e-01  -1.835380000e+00  -9.151490000e-01
   1.024702000e+00  -1.835380000e+00  -5.065870000e-01
   1.048085000e+00  -1.835380000e+00  -1.011210000e-01
   9.774930000e-01  -1.835380000e+00   2.844430000e-01
   8.585080000e-01  -1.835380000e+00   6.490710000e-01
   7.217980000e-01  -1.835380000e+00   1.037003000e+00
   5.291820000e-01  -1.835380000e+00   1.474410000e+00
   1.895200000e-01  -1.835380000e+00   1.861870000e+00
  -3.677900000e-01  -9.859600000e-01   2.003430000e+00
  -9.145300000e-01  -9.859600000e-01   2.059250000e+00
  -1.500820000e+00  -9.859600000e-01   2.012690000e+00
  -2.084170000e+00  -9.859600000e-01   1.802630000e+00
  -2.543020000e+00  -9.859600000e-01   1.377420000e+00
  -2.823340000e+00  -9.859600000e-01   8.100110000e-01
  -2.924630000e+00  -9.859600000e-01   1.832550000e-01
  -2.870860000e+00  -9.859600000e-01  -4.434180000e-01
  -2.672810000e+00  -9.859600000e-01  -1.034590000e+00
  -2.315140000e+00  -9.859600000e-01  -1.535100000e+00
  -1.823750000e+00  -9.859600000e-01  -1.880330000e+00
  -1.261720000e+00  -9.859600000e-01  -2.054720000e+00
  -6.967900000e-01  -9.859600000e-01  -2.091320000e+00
  -1.561575000e-01  -9.859600000e-01  -2.022430000e+00
   3.075970000e-01  -9.859600000e-01  -1.776230000e+00
   6.257660000e-01  -9.859600000e-01  -1.378300000e+00
   8.099660000e-01  -9.859600000e-01  -9.373440000e-01
   9.352030000e-01  -9.859600000e-01  -5.279380000e-01
   9.568350000e-01  -9.859600000e-01  -1.277450000e-01
   8.895370000e-01  -9.859600000e-01   2.480410000e-01
   7.773420000e-01  -9.859600000e-01   6.097110000e-01
   6.514740000e-01  -9.859600000e-01   1.002519000e+00
   4.674980000e-01  -9.859600000e-01   1.451540000e+00
   1.212020000e-01  -9.859600000e-01   1.828830000e+00
  -4.786040000e-01  -3.545410000e-01   1.891920000e+00
   1.790000000e-04  -3.545410000e-01   1.721500000e+00
   3.371060000e-01  -3.545410000e-01   1.361330000e+00
   4.577300000e-01  -3.545410000e-01   8.690400000e-01
   5.293140000e-01  -3.545410000e-01   4.838270000e-01
   6.266230000e-01  -3.545410000e-01   1.615790000e-01
   7.509060000e-01  -3.545410000e-01  -1.712940000e-01
   7.812870000e-01  -3.545410000e-01  -5.592310000e-01
   6.791980000e-01  -3.545410000e-01  -9.702100000e-01
   5.042500000e-01  -3.545410000e-01  -1.409150000e+00
   1.811910000e-01  -3.545410000e-01  -1.775640000e+00
  -2.788674000e-01  -3.545410000e-01  -1.995830000e+00
  -8.056040000e-01  -3.545410000e-01  -2.099930000e+00
  -1.386150000e+00  -3.545410000e-01  -2.129170000e+00
  -2.000530000e+00  -3.545410000e-01  -2.014460000e+00
  -2.549070000e+00  -3.545410000e-01  -1.684760000e+00
  -2.926710000e+00  -3.545410000e-01  -1.152350000e+00
  -3.088550000e+00  -3.545410000e-01  -5.141950000e-01
  -3.074280000e+00  -3.545410000e-01   1.357060000e-01
  -2.915580000e+00  -3.545410000e-01   7.536340000e-01
  -2.612310000e+00  -3.545410000e-01   1.303010000e+00
  -2.163820000e+00  -3.545410000e-01   1.722920000e+00
  -1.592320000e+00  -3.545410000e-01   1.932490000e+00
  -1.012410000e+00  -3.545410000e-01   1.963470000e+00
  -1.609010000e+00  -4.053410000e-01  -1.668560000e+00
  -2.051700000e+00  -3.996410000e-01  -1.551080000e+00
  -1.391620000e+00  -3.960410000e-01   1.603280000e+00
  -1.020880000e+00  -4.182410000e-01   1.384420000e+00
  -1.737580000e+00  -4.725410000e-01  -3.820000000e-04
  -1.742230000e+00  -4.685410000e-01   2.311075000e-01
  -1.483000000e+00  -4.745410000e-01   2.613108000e-01
  -2.614957000e-01  -3.976410000e-01  -1.602020000e+00
  -1.379780000e+00  -4.815410000e-01  -2.625600000e-01
  -1.223660000e+00  -4.785410000e-01   2.925140000e-01
  -8.947200000e-01  -4.805410000e-01  -1.584690000e-01
  -2.145580000e+00  -4.483410000e-01   1.723400000e-01
  -2.134500000e+00  -4.512410000e-01  -2.864050000e-01
  -2.586910000e+00  -4.140410000e-01  -1.169130000e-01
  -2.232280000e+00  -4.246410000e-01   7.060050000e-01
  -2.326140000e+00  -4.262410000e-01   4.773660000e-01
  -2.332800000e+00  -4.180410000e-01   6.672490000e-01
  -4.444840000e-01  -4.091410000e-01   1.312377000e+00
  -8.308630000e-01  -4.531410000e-01   8.314070000e-01
  -1.327850000e+00  -4.353410000e-01  -1.389060000e+00
  -1.283510000e+00  -4.486410000e-01  -1.209610000e+00
  -1.107948000e+00  -4.445410000e-01  -1.275360000e+00
  -1.621600000e+00  -4.497410000e-01   8.555010000e-01
  -1.573220000e+00  -4.267410000e-01   1.237297000e+00
  -1.475130000e+00  -4.415410000e-01   1.047365000e+00
  -2.312570000e+00  -4.109410000e-01  -1.165140000e+00
  -1.736030000e+00  -4.408410000e-01  -1.183380000e+00
  -6.517930000e-01  -4.055410000e-01  -1.660390000e+00
  -9.323840000e-01  -4.397410000e-01  -1.340120000e+00
  -4.808300000e-01  -4.323410000e-01  -1.297060000e+00
  -1.806260000e+00  -4.180410000e-01   1.237328000e+00
  -1.745430000e+00  -3.946410000e-01   1.533950000e+00
  -1.659330000e+00  -4.108410000e-01   1.388120000e+00
  -1.119533000e+00  -4.063410000e-01  -1.709810000e+00
  -2.039300000e+00  -4.058410000e-01   1.245359000e+00
   2.465090000e-01  -3.972410000e-01  -1.074070000e+00
   2.836000000e-01  -4.060410000e-01  -6.765960000e-01
   3.089690000e-01  -4.015410000e-01  -8.548800000e-02
  -1.767040000e+00  -4.695410000e-01  -3.974760000e-01
  -2.011140000e+00  -4.497410000e-01  -7.333200000e-01
   2.673410000e-02  -4.151410000e-01   4.979250000e-01
  -1.785170000e-01  -4.444410000e-01   3.385700000e-02
  -2.528190000e+00  -4.110410000e-01   4.008549000e-01
  -2.521280000e+00  -4.147410000e-01  -6.580110000e-01
  -1.191500000e-02  -4.034410000e-01  -1.349360000e+00
  -2.147240000e-01  -4.392410000e-01  -9.062900000e-01
   1.192100000e-02  -3.956410000e-01   1.096704000e+00
  -3.602530000e-01  -4.340410000e-01   8.165610000e-01
  -1.540630000e+00  -4.695410000e-01  -7.034780000e-01
  -2.100810000e+00  -4.266410000e-01   8.583500000e-01
  -2.125090000e+00  -4.388410000e-01   5.558770000e-01
  -4.907150000e-01  -4.519410000e-01  -9.234400000e-01
  -5.464650000e-01  -4.605410000e-01  -7.290790000e-01
  -1.108450000e+00  -4.555410000e-01   8.419200000e-01
  -1.195460000e+00  -4.398410000e-01   1.107426000e+00
  -1.015660000e+00  -4.471410000e-01   9.729160000e-01
  -1.952730000e+00  -4.234410000e-01   1.058463000e+00
  -2.069060000e+00  -4.165410000e-01   1.052855000e+00
  -1.864150000e+00  -4.401410000e-01   8.665670000e-01
  -1.747890000e+00  -4.625410000e-01   4.605970000e-01
  -1.936490000e+00  -4.522410000e-01   5.067370000e-01
  -1.228550000e+00  -4.805410000e-01  -4.373470000e-01
  -1.384490000e+00  -4.755410000e-01  -5.694130000e-01
  -1.075500000e+00  -4.775410000e-01  -6.081340000e-01
  -9.855600000e-01  -4.795410000e-01  -3.863020000e-01
  -7.946630000e-01  -4.745410000e-01  -4.570090000e-01
  -5.670880000e-01  -4.625410000e-01   3.147197000e-01
  -1.478420000e+00  -4.125410000e-01   1.419290000e+00
  -1.250650000e+00  -4.157410000e-01   1.401850000e+00
  -1.234080000e+00  -4.605410000e-01  -1.033160000e+00
  -9.979410000e-01  -4.615410000e-01  -9.883800000e-01
  -9.668130000e-01  -4.513410000e-01  -1.165750000e+00
  -1.299350000e+00  -4.685410000e-01   5.739740000e-01
  -1.066610000e+00  -4.615410000e-01   7.031910000e-01
  -1.489590000e-01  -4.447410000e-01  -3.916780000e-01
  -1.945180000e+00  -4.575410000e-01   3.159687800e-01
  -1.841680000e+00  -4.655410000e-01   1.582930000e-01
  -1.388050000e+00  -4.655410000e-01  -8.708200000e-01
  -1.484200000e+00  -4.522410000e-01  -1.104270000e+00
  -1.513360000e+00  -4.615410000e-01  -9.063700000e-01
  -1.560470000e+00  -4.615410000e-01   6.500150000e-01
  -1.522620000e+00  -4.665410000e-01   5.152860000e-01
  -2.339470000e+00  -4.092410000e-01   8.571320000e-01
  -4.845610000e-01  -4.655410000e-01  -1.472100000e-01
  -3.761970000e-01  -4.585410000e-01  -4.601970000e-01
  -6.196670000e-01  -4.466410000e-01  -1.129330000e+00
  -4.852220000e-01  -4.424410000e-01  -1.113750000e+00
  -9.189020000e-01  -4.695410000e-01  -7.838600000e-01
  -1.076840000e+00  -4.655410000e-01  -9.055100000e-01
  -1.384340000e+00  -4.335410000e-01   1.175361000e+00
  -1.834210000e+00  -4.295410000e-01   1.052948000e+00
  -7.498310000e-01  -4.755410000e-01  -3.460930000e-01
  -5.432780000e-01  -4.675410000e-01  -3.414630000e-01
  -1.231680000e+00  -4.725410000e-01  -7.384800000e-01
  -8.503450000e-01  -4.510410000e-01  -1.145860000e+00
  -7.779760000e-01  -4.442410000e-01  -1.232720000e+00
  -6.029160000e-01  -4.685410000e-01  -5.287170000e-01
  -2.956060000e-01  -4.490410000e-01  -6.837420000e-01
  -1.183040000e+00  -4.815410000e-01  -3.244310000e-01
  -6.826100000e-01  -4.655410000e-01  -7.446560000e-01
  -7.612090000e-01  -4.695410000e-01  -6.567910000e-01
  -1.378040000e+00  -4.555410000e-01   8.474340000e-01
  -7.616050000e-01  -4.595410000e-01  -9.535900000e-01
  -1.307410000e+00  -4.745410000e-01  -6.543060000e-01
  -1.993620000e+00  -4.405410000e-01   7.102220000e-01
  -2.134980000e+00  -4.440410000e-01   3.651089000e-01
C Number of facets
  786
C  Size  Node 1  ......Node N Marker
    3    0    1    2    3
    3    0    2    3    3
    3    0    3    4    3
    3    0    4    5    3
    3    0    5    6    3
    3    0    6    7    3
    3    0    7    8    3
    3    0    8    9    3
    3    0    9   10    3
    3    0   10   11    3
    3    0   11   12    3
    3    0   12   13    3
    3    0   13   14    3
    3    0   14   15    3
    3    0   15   16    3
    3    0   16   17    3
    3    0   17   18    3
    3    0   18   19    3
    3    0   19   20    3
    3    0   20   21    3
    3    0   21   22    3
    3    0   22   23    3
    3    0   23   24    3
    3    0   24    1    3
    3    1   25   26    3
    3    1   26    2    3
    3    2   26   27    3
    3    2   27    3    3
    3    3   27   28    3
    3    3   28    4    3
    3    4   28   29    3
    3    4   29    5    3
    3    5   29   30    3
    3    5   30    6    3
    3    6   30   31    3
    3    6   31    7    3
    3    7   31   32    3
    3    7   32    8    3
    3    8   32   33    3
    3    8   33    9    3
    3    9   33   34    3
    3    9   34   10    3
    3   10   34   35    3
    3   10   35   11    3
    3   11   35   36    3
    3   11   36   12    3
    3   12   36   37    3
    3   12   37   13    3
    3   13   37   38    3
    3   13   38   14    3
    3   14   38   39    3
    3   14   39   15    3
    3   15   39   40    3
    3   15   40   16    3
    3   16   40   41    3
    3   16   41   17    3
    3   17   41   42    3
    3   17   42   18    3
    3   18   42   43    3
    3   18   43   19    3
    3   19   43   44    3
    3   19   44   20    3
    3   20   44   45    3
    3   20   45   21    3
    3   21   45   46    3
    3   21   46   22    3
    3   22   46   47    3
    3   22   47   23    3
    3   23   47   48    3
    3   23   48   24    3
    3   24   48   25    3
    3   24   25    1    3
    3   25   49   50    3
    3   25   50   26    3
    3   26   50   51    3
    3   26   51   27    3
    3   27   51   52    3
    3   27   52   28    3
    3   28   52   53    3
    3   28   53   29    3
    3   29   53   54    3
    3   29   54   30    3
    3   30   54   55    3
    3   30   55   31    3
    3   31   55   56    3
    3   31   56   32    3
    3   32   56   57    3
    3   32   57   33    3
    3   33   57   58    3
    3   33   58   34    3
    3   34   58   59    3
    3   34   59   35    3
    3   35   59   60    3
    3   35   60   36    3
    3   36   60   61    3
    3   36   61   37    3
    3   37   61   62    3
    3   37   62   38    3
    3   38   62   63    3
    3   38   63   39    3
    3   39   63   64    3
    3   39   64   40    3
    3   40   64   65    3
    3   40   65   41    3
    3   41   65   66    3
    3   41   66   42    3
    3   42   66   67    3
    3   42   67   43    3
    3   43   67   68    3
    3   43   68   44    3
    3   44   68   69    3
    3   44   69   45    3
    3   45   69   70    3
    3   45   70   46    3
    3   46   70   71    3
    3   46   71   47    3
    3   47   71   72    3
    3   47   72   48    3
    3   48   72   49    3
    3   48   49   25    3
    3   49   73   74    3
    3   49   74   50    3
    3   50   74   75    3
    3   50   75   51    3
    3   51   75   76    3
    3   51   76   52    3
    3   52   76   77    3
    3   52   77   53    3
    3   53   77   78    3
    3   53   78   54    3
    3   54   78   79    3
    3   54   79   55    3
    3   55   79   80    3
    3   55   80   56    3
    3   56   80   81    3
    3   56   81   57    3
    3   57   81   82    3
    3   57   82   58    3
    3   58   82   83    3
    3   58   83   59    3
    3   59   83   84    3
    3   59   84   60    3
    3   60   84   85    3
    3   60   85   61    3
    3   61   85   86    3
    3   61   86   62    3
    3   62   86   87    3
    3   62   87   63    3
    3   63   87   88    3
    3   63   88   64    3
    3   64   88   89    3
    3   64   89   65    3
    3   65   89   90    3
    3   65   90   66    3
    3   66   90   91    3
    3   66   91   67    3
    3   67   91   92    3
    3   67   92   68    3
    3   68   92   93    3
    3   68   93   69    3
    3   69   93   94    3
    3   69   94   70    3
    3   70   94   95    3
    3   70   95   71    3
    3   71   95   96    3
    3   71   96   72    3
    3   72   96   73    3
    3   72   73   49    3
    3   73   97   98    3
    3   73   98   74    3
    3   74   98   99    3
    3   74   99   75    3
    3   75   99  100    3
    3   75  100   76    3
    3   76  100  101    3
    3   76  101   77    3
    3   77  101  102    3
    3   77  102   78    3
    3   78  102  103    3
    3   78  103   79    3
    3   79  103  104    3
    3   79  104   80    3
    3   80  104  105    3
    3   80  105   81    3
    3   81  105  106    3
    3   81  106   82    3
    3   82  106  107    3
    3   82  107   83    3
    3   83  107  108    3
    3   83  108   84    3
    3   84  108  109    3
    3   84  109   85    3
    3   85  109  110    3
    3   85  110   86    3
    3   86  110  111    3
    3   86  111   87    3
    3   87  111  112    3
    3   87  112   88    3
    3   88  112  113    3
    3   88  113   89    3
    3   89  113  114    3
    3   89  114   90    3
    3   90  114  115    3
    3   90  115   91    3
    3   91  115  116    3
    3   91  116   92    3
    3   92  116  117    3
    3   92  117   93    3
    3   93  117  118    3
    3   93  118   94    3
    3   94  118  119    3
    3   94  119   95    3
    3   95  119  120    3
    3   95  120   96    3
    3   96  120   97    3
    3   96   97   73    3
    3   97  121  122    3
    3   97  122   98    3
    3   98  122  123    3
    3   98  123   99    3
    3   99  123  124    3
    3   99  124  100    3
    3  100  124  125    3
    3  100  125  101    3
    3  101  125  126    3
    3  101  126  102    3
    3  102  126  127    3
    3  102  127  103    3
    3  103  127  128    3
    3  103  128  104    3
    3  104  128  129    3
    3  104  129  105    3
    3  105  129  130    3
    3  105  130  106    3
    3  106  130  131    3
    3  106  131  107    3
    3  107  131  132    3
    3  107  132  108    3
    3  108  132  133    3
    3  108  133  109    3
    3  109  133  134    3
    3  109  134  110    3
    3  110  134  135    3
    3  110  135  111    3
    3  111  135  136    3
    3  111  136  112    3
    3  112  136  137    3
    3  112  137  113    3
    3  113  137  138    3
    3  113  138  114    3
    3  114  138  139    3
    3  114  139  115    3
    3  115  139  140    3
    3  115  140  116    3
    3  116  140  141    3
    3  116  141  117    3
    3  117  141  142    3
    3  117  142  118    3
    3  118  142  143    3
    3  118  143  119    3
    3  119  143  144    3
    3  119  144  120    3
    3  120  144  121    3
    3  120  121   97    3
    3  121  145  146    3
    3  121  146  122    3
    3  122  146  147    3
    3  122  147  123    3
    3  123  147  148    3
    3  123  148  124    3
    3  124  148  149    3
    3  124  149  125    3
    3  125  149  150    3
    3  125  150  126    3
    3  126  150  151    3
    3  126  151  127    3
    3  127  151  152    3
    3  127  152  128    3
    3  128  152  153    3
    3  128  153  129    3
    3  129  153  154    3
    3  129  154  130    3
    3  130  154  155    3
    3  130  155  131    3
    3  131  155  156    3
    3  131  156  132    3
    3  132  156  157    3
    3  132  157  133    3
    3  133  157  158    3
    3  133  158  134    3
    3  134  158  159    3
    3  134  159  135    3
    3  135  159  160    3
    3  135  160  136    3
    3  136  160  161    3
    3  136  161  137    3
    3  137  161  162    3
    3  137  162  138    3
    3  138  162  163    3
    3  138  163  139    3
    3  139  163  164    3
    3  139  164  140    3
    3  140  164  165    3
    3  140  165  141    3
    3  141  165  166    3
    3  141  166  142    3
    3  142  166  167    3
    3  142  167  143    3
    3  143  167  168    3
    3  143  168  144    3
    3  144  168  145    3
    3  144  145  121    3
    3  145  169  170    3
    3  145  170  146    3
    3  146  170  171    3
    3  146  171  147    3
    3  147  171  172    3
    3  147  172  148    3
    3  148  172  173    3
    3  148  173  149    3
    3  149  173  174    3
    3  149  174  150    3
    3  150  174  175    3
    3  150  175  151    3
    3  151  175  176    3
    3  151  176  152    3
    3  152  176  177    3
    3  152  177  153    3
    3  153  177  178    3
    3  153  178  154    3
    3  154  178  179    3
    3  154  179  155    3
    3  155  179  180    3
    3  155  180  156    3
    3  156  180  181    3
    3  156  181  157    3
    3  157  181  182    3
    3  157  182  158    3
    3  158  182  183    3
    3  158  183  159    3
    3  159  183  184    3
    3  159  184  160    3
    3  160  184  185    3
    3  160  185  161    3
    3  161  185  186    3
    3  161  186  162    3
    3  162  186  187    3
    3  162  187  163    3
    3  163  187  188    3
    3  163  188  164    3
    3  164  188  189    3
    3  164  189  165    3
    3  165  189  190    3
    3  165  190  166    3
    3  166  190  191    3
    3  166  191  167    3
    3  167  191  192    3
    3  167  192  168    3
    3  168  192  169    3
    3  168  169  145    3
    3  169  193  194    3
    3  169  194  170    3
    3  170  194  195    3
    3  170  195  171    3
    3  171  195  196    3
    3  171  196  172    3
    3  172  196  197    3
    3  172  197  173    3
    3  173  197  198    3
    3  173  198  174    3
    3  174  198  199    3
    3  174  199  175    3
    3  175  199  200    3
    3  175  200  176    3
    3  176  200  201    3
    3  176  201  177    3
    3  177  201  202    3
    3  177  202  178    3
    3  178  202  203    3
    3  178  203  179    3
    3  179  203  204    3
    3  179  204  180    3
    3  180  204  205    3
    3  180  205  181    3
    3  181  205  206    3
    3  181  206  182    3
    3  182  206  207    3
    3  182  207  183    3
    3  183  207  208    3
    3  183  208  184    3
    3  184  208  209    3
    3  184  209  185    3
    3  185  209  210    3
    3  185  210  186    3
    3  186  210  211    3
    3  186  211  187    3
    3  187  211  212    3
    3  187  212  188    3
    3  188  212  213    3
    3  188  213  189    3
    3  189  213  214    3
    3  189  214  190    3
    3  190  214  215    3
    3  190  215  191    3
    3  191  215  216    3
    3  191  216  192    3
    3  192  216  193    3
    3  192  193  169    3
    3  193  217  218    3
    3  193  218  194    3
    3  194  218  219    3
    3  194  219  195    3
    3  195  219  220    3
    3  195  220  196    3
    3  196  220  221    3
    3  196  221  197    3
    3  197  221  222    3
    3  197  222  198    3
    3  198  222  223    3
    3  198  223  199    3
    3  199  223  224    3
    3  199  224  200    3
    3  200  224  225    3
    3  200  225  201    3
    3  201  225  226    3
    3  201  226  202    3
    3  202  226  227    3
    3  202  227  203    3
    3  203  227  228    3
    3  203  228  204    3
    3  204  228  229    3
    3  204  229  205    3
    3  205  229  230    3
    3  205  230  206    3
    3  206  230  231    3
    3  206  231  207    3
    3  207  231  232    3
    3  207  232  208    3
    3  208  232  233    3
    3  208  233  209    3
    3  209  233  234    3
    3  209  234  210    3
    3  210  234  235    3
    3  210  235  211    3
    3  211  235  236    3
    3  211  236  212    3
    3  212  236  237    3
    3  212  237  213    3
    3  213  237  238    3
    3  213  238  214    3
    3  214  238  239    3
    3  214  239  215    3
    3  215  239  240    3
    3  215  240  216    3
    3  216  240  217    3
    3  216  217  193    3
    3  217  241  242    3
    3  217  242  218    3
    3  218  242  243    3
    3  218  243  219    3
    3  219  243  244    3
    3  219  244  220    3
    3  220  244  245    3
    3  220  245  221    3
    3  221  245  246    3
    3  221  246  222    3
    3  222  246  247    3
    3  222  247  223    3
    3  223  247  248    3
    3  223  248  224    3
    3  224  248  249    3
    3  224  249  225    3
    3  225  249  250    3
    3  225  250  226    3
    3  226  250  251    3
    3  226  251  227    3
    3  227  251  252    3
    3  227  252  228    3
    3  228  252  253    3
    3  228  253  229    3
    3  229  253  254    3
    3  229  254  230    3
    3  230  254  255    3
    3  230  255  231    3
    3  231  255  256    3
    3  231  256  232    3
    3  232  256  257    3
    3  232  257  233    3
    3  233  257  258    3
    3  233  258  234    3
    3  234  258  259    3
    3  234  259  235    3
    3  235  259  260    3
    3  235  260  236    3
    3  236  260  261    3
    3  236  261  237    3
    3  237  261  262    3
    3  237  262  238    3
    3  238  262  263    3
    3  238  263  239    3
    3  239  263  264    3
    3  239  264  240    3
    3  240  264  241    3
    3  240  241  217    3
    3  264  265  241    3
    3  264  266  265    3
    3  263  266  264    3
    3  263  267  266    3
    3  262  267  263    3
    3  262  268  267    3
    3  261  268  262    3
    3  261  269  268    3
    3  260  269  261    3
    3  260  270  269    3
    3  259  270  260    3
    3  259  271  270    3
    3  258  271  259    3
    3  258  272  271    3
    3  257  272  258    3
    3  257  273  272    3
    3  256  273  257    3
    3  256  274  273    3
    3  255  274  256    3
    3  255  275  274    3
    3  254  275  255    3
    3  254  276  275    3
    3  253  276  254    3
    3  253  277  276    3
    3  252  277  253    3
    3  252  278  277    3
    3  251  278  252    3
    3  251  279  278    3
    3  250  279  251    3
    3  250  280  279    3
    3  249  280  250    3
    3  249  281  280    3
    3  248  281  249    3
    3  248  282  281    3
    3  247  282  248    3
    3  247  283  282    3
    3  246  283  247    3
    3  246  284  283    3
    3  245  284  246    3
    3  245  285  284    3
    3  244  285  245    3
    3  244  286  285    3
    3  243  286  244    3
    3  243  287  286    3
    3  242  287  243    3
    3  242  288  287    3
    3  241  288  242    3
    3  241  265  288    3
    3  289  279  290    1
    3  291  288  292    1
    3  293  294  295    3
    3  296  275  276    1
    3  297  298  299    1
    3  300  301  302    1
    3  303  304  305    3
    3  292  306  307    1
    3  308  309  310    4
    3  300  293  301    1
    3  311  312  313    3
    3  290  314  315    1
    3  316  317  318    1
    3  319  320  321    3
    3  317  322  308    1
    3  286  323  285    1
    3  286  287  320    1
    3  298  297  293    1
    3  324  325  273    1
    3  326  271  272    1
    3  327  328  301    1
    3  329  326  330    1
    3  300  331  304    1
    3  332  282  302    1
    3  272  325  326    1
    3  296  276  316    1
    3  296  333  275    1
    3  324  334  325    1
    3  335  329  336    1
    3  315  328  337    1
    3  338  339  303    3
    3  334  340  341    4
    3  279  289  278    1
    3  274  275  333    1
    3  322  278  289    1
    3  342  343  344    3
    3  332  301  328    1
    3  314  290  280    1
    3  345  338  346    3
    3  324  333  334    1
    3  277  316  276    1
    3  266  267  335    1
    3  288  291  287    1
    3  347  348  349    3
    3  316  322  317    1
    3  297  350  351    4
    3  327  301  293    1
    3  283  331  302    1
    3  352  353  354    4
    3  326  269  270    1
    3  332  302  301    1
    3  355  299  298    1
    3  312  356  357    3
    3  330  355  329    1
    3  336  306  335    1
    3  271  326  270    1
    3  358  359  360    4
    3  298  361  362    3
    3  283  302  282    1
    3  336  329  355    1
    3  326  363  330    1
    3  265  292  288    1
    3  300  364  365    3
    3  366  367  368    4
    3  333  318  334    1
    3  369  361  370    3
    3  327  293  297    1
    3  278  322  277    1
    3  320  291  356    3
    3  371  285  323    1
    3  363  325  334    1
    3  371  331  284    1
    3  364  339  349    3
    3  268  335  267    1
    3  372  363  373    4
    3  280  290  279    1
    3  266  306  265    1
    3  316  277  322    1
    3  328  315  314    1
    3  308  315  367    1
    3  355  330  372    1
    3  327  297  337    1
    3  280  281  314    1
    3  374  340  375    4
    3  296  316  318    1
    3  352  376  377    4
    3  355  307  336    1
    3  292  343  378    3
    3  326  325  363    1
    3  320  287  291    1
    3  345  319  379    3
    3  380  372  381    4
    3  358  366  382    4
    3  268  329  335    1
    3  273  274  324    1
    3  336  307  306    1
    3  265  306  292    1
    3  296  318  333    1
    3  383  374  384    4
    3  329  268  269    1
    3  385  373  386    4
    3  333  324  274    1
    3  283  284  331    1
    3  298  307  355    1
    3  299  353  387    4
    3  308  289  315    1
    3  273  325  272    1
    3  327  337  328    1
    3  388  376  389    4
    3  314  332  328    1
    3  281  282  332    1
    3  315  289  290    1
    3  363  372  330    1
    3  355  372  299    1
    3  285  371  284    1
    3  314  281  332    1
    3  269  326  329    1
    3  369  347  311    3
    3  266  335  306    1
    3  286  320  323    1
    3  308  322  289    1
    3  300  302  331    1
    3  343  390  313    3
    3  292  307  344    3
    3  298  348  370    3
    3  361  390  342    3
    3  343  342  390    3
    3  342  307  362    3
    3  347  369  348    3
    3  361  369  390    3
    3  369  311  390    3
    3  312  311  347    3
    3  311  313  390    3
    3  313  312  378    3
    3  298  362  307    3
    3  342  362  361    3
    3  342  344  307    3
    3  292  344  343    3
    3  369  370  348    3
    3  298  370  361    3
    3  292  378  312    3
    3  313  378  343    3
    3  334  318  375    4
    3  340  391  388    4
    3  318  317  384    4
    3  340  374  391    4
    3  352  385  389    4
    3  376  391  359    4
    3  376  388  391    4
    3  388  385  341    4
    3  359  391  383    4
    3  359  358  377    4
    3  374  383  391    4
    3  383  317  360    4
    3  374  375  318    4
    3  334  375  340    4
    3  334  341  385    4
    3  388  341  340    4
    3  388  389  385    4
    3  352  389  376    4
    3  352  377  358    4
    3  359  377  376    4
    3  358  360  317    4
    3  383  360  359    4
    3  383  384  317    4
    3  318  384  374    4
    3  367  358  309    4
    3  315  337  368    1
    3  353  352  350    4
    3  353  299  380    4
    3  372  380  299    4
    3  380  385  354    4
    3  350  352  392    4
    3  350  297  387    4
    3  366  337  392    4
    3  367  366  358    4
    3  363  334  386    4
    3  373  385  381    4
    3  392  337  351    4
    3  392  352  382    4
    3  380  381  385    4
    3  373  381  372    4
    3  358  317  310    4
    3  367  309  308    4
    3  385  386  334    4
    3  363  386  373    4
    3  366  368  337    4
    3  315  368  367    1
    3  299  387  297    4
    3  350  387  353    4
    3  352  354  385    4
    3  380  354  353    4
    3  358  382  352    4
    3  392  382  366    4
    3  297  351  337    4
    3  392  351  350    4
    3  308  310  317    4
    3  358  310  309    4
    3  312  347  379    3
    3  320  319  323    3
    3  371  323  346    3
    3  338  347  393    3
    3  364  300  394    3
    3  364  348  294    3
    3  319  345  323    3
    3  338  345  347    3
    3  348  298  295    3
    3  294  293  365    3
    3  304  339  394    3
    3  331  371  305    1
    3  364  349  348    3
    3  349  339  393    3
    3  338  393  339    3
    3  349  393  347    3
    3  338  303  371    3
    3  304  303  339    3
    3  356  312  321    3
    3  291  292  357    3
    3  364  394  339    3
    3  304  394  300    3
    3  319  321  312    3
    3  356  321  320    3
    3  293  295  298    3
    3  348  295  294    3
    3  312  357  292    3
    3  291  357  356    3
    3  345  346  323    3
    3  371  346  338    3
    3  303  305  371    3
    3  331  305  304    1
    3  345  379  347    3
    3  312  379  319    3
    3  300  365  293    3
    3  294  365  364    3
C Prescribed Values(Inlet, Outlet), InteractionSurface(Inlet, Outlet)
       3        1        0        2        2        2
C Inlet Velocity
C     Vx,           Vy,            Vz,    indVx,indVy,indVz, FunID (3E18.9, 4I5)
   0.000000000e+00   1.000000000e+00   0.000000000e+00    1    0    1    4
C Inlet Pressure, FunID (E18.9,I5)
   1.000000000e+00    3
C Outlet Pressure (E18.9,I5)
   1.000000000e+00    2
C Inlet Velocity
C nNodeID,    Vx,           Vy,            Vz (I5, 3E18.9)
  265
    1   1.000000000e+00   7.400000000e+00  -5.000000000e-01
    2  -1.200000000e+00   7.000000000e+00  -9.000000000e-01
    3  -1.000000000e+00   7.000000000e+00  -1.600000000e+00
    4  -7.000000000e-01   7.000000000e+00  -2.200000000e+00
    5   0.000000000e+00   7.000000000e+00  -2.900000000e+00
    6   1.200000000e+00   7.000000000e+00  -3.500000000e+00
    7   2.300000000e+00   7.000000000e+00  -3.300000000e+00
    8   2.400000000e+00   7.000000000e+00  -2.600000000e+00
    9   2.100000000e+00   7.000000000e+00  -2.000000000e+00
   10   1.900000000e+00   7.000000000e+00  -1.700000000e+00
   11   1.900000000e+00   7.000000000e+00  -1.600000000e+00
   12   2.100000000e+00   7.000000000e+00  -1.500000000e+00
   13   2.400000000e+00   7.000000000e+00  -1.200000000e+00
   14   2.700000000e+00   7.000000000e+00  -6.000000000e-01
   15   2.700000000e+00   7.000000000e+00   5.000000000e-01
   16   2.400000000e+00   7.000000000e+00   1.200000000e+00
   17   1.900000000e+00   7.000000000e+00   1.600000000e+00
   18   1.300000000e+00   7.000000000e+00   1.800000000e+00
   19   5.000000000e-01   7.000000000e+00   1.900000000e+00
   20  -6.000000000e-01   7.000000000e+00   1.700000000e+00
   21  -2.000000000e-01   7.000000000e+00   1.100000000e+00
   22   1.000000000e-01   7.000000000e+00   9.000000000e-01
   23   2.000000000e-01   7.000000000e+00   9.000000000e-01
   24  -1.000000000e-01   7.000000000e+00   8.000000000e-01
   25  -8.000000000e-01   7.000000000e+00   4.000000000e-01
   26  -1.700000000e+00   6.600000000e+00  -2.000000000e-01
   27  -1.600000000e+00   6.600000000e+00  -1.100000000e+00
   28  -1.200000000e+00   6.600000000e+00  -2.100000000e+00
   29  -4.000000000e-01   6.600000000e+00  -3.100000000e+00
   30   8.000000000e-01   6.600000000e+00  -3.800000000e+00
   31   2.000000000e+00   6.600000000e+00  -3.700000000e+00
   32   2.300000000e+00   6.600000000e+00  -3.100000000e+00
   33   2.100000000e+00   6.600000000e+00  -2.600000000e+00
   34   2.000000000e+00   6.600000000e+00  -2.400000000e+00
   35   2.300000000e+00   6.600000000e+00  -2.200000000e+00
   36   2.800000000e+00   6.600000000e+00  -1.700000000e+00
   37   3.200000000e+00   6.600000000e+00  -1.200000000e+00
   38   3.400000000e+00   6.600000000e+00  -4.000000000e-01
   39   3.400000000e+00   6.600000000e+00   7.000000000e-01
   40   3.000000000e+00   6.600000000e+00   1.700000000e+00
   41   2.400000000e+00   6.600000000e+00   2.100000000e+00
   42   1.800000000e+00   6.600000000e+00   2.400000000e+00
   43   9.000000000e-01   6.600000000e+00   2.600000000e+00
   44   1.000000000e-01   6.600000000e+00   2.400000000e+00
   45   5.000000000e-01   6.600000000e+00   1.900000000e+00
   46   8.000000000e-01   6.600000000e+00   2.000000000e+00
   47   7.000000000e-01   6.600000000e+00   2.100000000e+00
   48   0.000000000e+00   6.600000000e+00   2.100000000e+00
   49  -1.000000000e+00   6.600000000e+00   1.300000000e+00
   50  -2.000000000e+00   6.200000000e+00   1.500000000e+00
   51  -2.200000000e+00   6.200000000e+00   4.000000000e-01
   52  -2.000000000e+00   6.200000000e+00  -9.000000000e-01
   53  -1.200000000e+00   6.200000000e+00  -2.400000000e+00
   54   2.000000000e-01   6.200000000e+00  -3.500000000e+00
   55   1.500000000e+00   6.200000000e+00  -3.600000000e+00
   56   2.000000000e+00   6.200000000e+00  -3.100000000e+00
   57   2.200000000e+00   6.200000000e+00  -2.700000000e+00
   58   2.400000000e+00   6.200000000e+00  -2.400000000e+00
   59   3.000000000e+00   6.200000000e+00  -2.000000000e+00
   60   3.600000000e+00   6.200000000e+00  -1.400000000e+00
   61   4.000000000e+00   6.200000000e+00  -5.000000000e-01
   62   4.100000000e+00   6.200000000e+00   5.000000000e-01
   63   3.900000000e+00   6.200000000e+00   1.700000000e+00
   64   3.500000000e+00   6.200000000e+00   2.500000000e+00
   65   3.100000000e+00   6.200000000e+00   2.600000000e+00
   66   2.800000000e+00   6.200000000e+00   2.600000000e+00
   67   2.200000000e+00   6.200000000e+00   2.900000000e+00
   68   9.000000000e-01   6.200000000e+00   3.100000000e+00
   69   4.000000000e-01   6.200000000e+00   2.700000000e+00
   70   3.000000000e-01   6.200000000e+00   2.600000000e+00
   71   1.000000000e-01   6.200000000e+00   2.700000000e+00
   72  -4.000000000e-01   6.200000000e+00   2.800000000e+00
   73  -1.200000000e+00   6.200000000e+00   2.500000000e+00
   74  -2.100000000e+00   5.700000000e+00   2.700000000e+00
   75  -2.500000000e+00   5.700000000e+00   1.600000000e+00
   76  -2.600000000e+00   5.700000000e+00   1.000000000e-01
   77  -1.900000000e+00   5.700000000e+00  -1.700000000e+00
   78  -5.000000000e-01   5.700000000e+00  -3.100000000e+00
   79   1.000000000e+00   5.700000000e+00  -3.600000000e+00
   80   1.900000000e+00   5.700000000e+00  -3.300000000e+00
   81   2.400000000e+00   5.700000000e+00  -2.800000000e+00
   82   3.000000000e+00   5.700000000e+00  -2.500000000e+00
   83   3.600000000e+00   5.700000000e+00  -1.800000000e+00
   84   4.100000000e+00   5.700000000e+00  -1.100000000e+00
   85   4.500000000e+00   5.700000000e+00  -3.000000000e-01
   86   4.500000000e+00   5.700000000e+00   6.000000000e-01
   87   4.400000000e+00   5.700000000e+00   1.800000000e+00
   88   3.800000000e+00   5.700000000e+00   2.900000000e+00
   89   3.300000000e+00   5.700000000e+00   3.100000000e+00
   90   3.100000000e+00   5.700000000e+00   3.000000000e+00
   91   2.600000000e+00   5.700000000e+00   3.200000000e+00
   92   1.500000000e+00   5.700000000e+00   3.600000000e+00
   93   7.000000000e-01   5.700000000e+00   3.500000000e+00
   94   3.000000000e-01   5.700000000e+00   3.300000000e+00
   95  -1.000000000e-01   5.700000000e+00   3.500000000e+00
   96  -5.000000000e-01   5.700000000e+00   3.600000000e+00
   97  -1.300000000e+00   5.700000000e+00   3.500000000e+00
   98  -2.500000000e+00   5.400000000e+00   3.100000000e+00
   99  -3.000000000e+00   5.400000000e+00   2.100000000e+00
  100  -3.200000000e+00   5.400000000e+00   5.000000000e-01
  101  -2.500000000e+00   5.400000000e+00  -1.700000000e+00
  102  -7.000000000e-01   5.400000000e+00  -3.500000000e+00
  103   1.100000000e+00   5.400000000e+00  -4.100000000e+00
  104   2.200000000e+00   5.400000000e+00  -3.700000000e+00
  105   2.900000000e+00   5.400000000e+00  -3.100000000e+00
  106   3.400000000e+00   5.400000000e+00  -2.500000000e+00
  107   4.000000000e+00   5.400000000e+00  -1.900000000e+00
  108   4.500000000e+00   5.400000000e+00  -1.100000000e+00
  109   4.700000000e+00   5.400000000e+00  -4.000000000e-01
  110   4.800000000e+00   5.400000000e+00   5.000000000e-01
  111   4.700000000e+00   5.400000000e+00   1.700000000e+00
  112   3.900000000e+00   5.400000000e+00   3.300000000e+00
  113   3.200000000e+00   5.400000000e+00   3.600000000e+00
  114   2.700000000e+00   5.400000000e+00   3.400000000e+00
  115   2.300000000e+00   5.400000000e+00   3.600000000e+00
  116   1.300000000e+00   5.400000000e+00   3.900000000e+00
  117   4.000000000e-01   5.400000000e+00   3.800000000e+00
  118  -3.000000000e-01   5.400000000e+00   3.500000000e+00
  119  -6.000000000e-01   5.400000000e+00   3.600000000e+00
  120  -9.000000000e-01   5.400000000e+00   3.800000000e+00
  121  -1.600000000e+00   5.400000000e+00   3.800000000e+00
  122  -2.800000000e+00   5.000000000e+00   3.400000000e+00
  123  -3.400000000e+00   5.000000000e+00   2.300000000e+00
  124  -3.600000000e+00   5.000000000e+00   5.000000000e-01
  125  -2.800000000e+00   5.000000000e+00  -1.900000000e+00
  126  -8.000000000e-01   5.000000000e+00  -4.100000000e+00
  127   1.300000000e+00   5.000000000e+00  -4.600000000e+00
  128   2.700000000e+00   5.000000000e+00  -4.100000000e+00
  129   3.500000000e+00   5.000000000e+00  -3.400000000e+00
  130   4.100000000e+00   5.000000000e+00  -2.600000000e+00
  131   4.600000000e+00   5.000000000e+00  -1.700000000e+00
  132   4.900000000e+00   5.000000000e+00  -8.000000000e-01
  133   4.900000000e+00   5.000000000e+00   0.000000000e+00
  134   4.900000000e+00   5.000000000e+00   7.000000000e-01
  135   4.700000000e+00   5.000000000e+00   1.600000000e+00
  136   3.900000000e+00   5.000000000e+00   3.400000000e+00
  137   2.900000000e+00   5.000000000e+00   4.000000000e+00
  138   2.100000000e+00   5.000000000e+00   4.100000000e+00
  139   1.500000000e+00   5.000000000e+00   4.200000000e+00
  140   4.000000000e-01   5.000000000e+00   4.200000000e+00
  141  -5.000000000e-01   5.000000000e+00   4.000000000e+00
  142  -1.200000000e+00   5.000000000e+00   3.500000000e+00
  143  -1.400000000e+00   5.000000000e+00   3.500000000e+00
  144  -1.400000000e+00   5.000000000e+00   3.800000000e+00
  145  -2.000000000e+00   5.000000000e+00   4.000000000e+00
  146  -3.400000000e+00   3.800000000e+00   2.100000000e+00
  147  -3.800000000e+00   3.800000000e+00   8.000000000e-01
  148  -3.700000000e+00   3.800000000e+00  -1.200000000e+00
  149  -2.600000000e+00   3.800000000e+00  -3.600000000e+00
  150  -2.000000000e-01   3.800000000e+00  -5.800000000e+00
  151   2.400000000e+00   3.800000000e+00  -6.300000000e+00
  152   3.800000000e+00   3.800000000e+00  -5.400000000e+00
  153   4.400000000e+00   3.800000000e+00  -4.500000000e+00
  154   4.700000000e+00   3.800000000e+00  -3.500000000e+00
  155   5.200000000e+00   3.800000000e+00  -2.600000000e+00
  156   5.700000000e+00   3.800000000e+00  -1.200000000e+00
  157   5.600000000e+00   3.800000000e+00  -2.000000000e-01
  158   5.400000000e+00   3.800000000e+00   3.000000000e-01
  159   5.100000000e+00   3.800000000e+00   1.200000000e+00
  160   4.200000000e+00   3.800000000e+00   3.100000000e+00
  161   2.900000000e+00   3.800000000e+00   3.900000000e+00
  162   2.100000000e+00   3.800000000e+00   3.800000000e+00
  163   1.500000000e+00   3.800000000e+00   3.800000000e+00
  164   4.000000000e-01   3.800000000e+00   3.900000000e+00
  165  -9.000000000e-01   3.800000000e+00   3.500000000e+00
  166  -1.800000000e+00   3.800000000e+00   3.000000000e+00
  167  -1.800000000e+00   3.800000000e+00   2.800000000e+00
  168  -1.900000000e+00   3.800000000e+00   3.200000000e+00
  169  -2.600000000e+00   3.800000000e+00   3.300000000e+00
  170  -4.100000000e+00   2.700000000e+00  -3.000000000e-01
  171  -4.100000000e+00   2.700000000e+00  -1.500000000e+00
  172  -3.900000000e+00   2.700000000e+00  -2.900000000e+00
  173  -2.900000000e+00   2.700000000e+00  -5.000000000e+00
  174  -5.000000000e-01   2.700000000e+00  -6.900000000e+00
  175   2.500000000e+00   2.700000000e+00  -7.500000000e+00
  176   4.200000000e+00   2.700000000e+00  -6.600000000e+00
  177   4.500000000e+00   2.700000000e+00  -5.300000000e+00
  178   4.500000000e+00   2.700000000e+00  -4.500000000e+00
  179   4.700000000e+00   2.700000000e+00  -3.700000000e+00
  180   5.300000000e+00   2.700000000e+00  -2.600000000e+00
  181   5.500000000e+00   2.700000000e+00  -1.700000000e+00
  182   5.600000000e+00   2.700000000e+00  -1.000000000e+00
  183   5.500000000e+00   2.700000000e+00   2.000000000e-01
  184   4.500000000e+00   2.700000000e+00   2.600000000e+00
  185   2.900000000e+00   2.700000000e+00   3.600000000e+00
  186   2.000000000e+00   2.700000000e+00   3.400000000e+00
  187   1.600000000e+00   2.700000000e+00   3.200000000e+00
  188   5.000000000e-01   2.700000000e+00   3.200000000e+00
  189  -7.000000000e-01   2.700000000e+00   2.900000000e+00
  190  -1.600000000e+00   2.700000000e+00   2.600000000e+00
  191  -1.700000000e+00   2.700000000e+00   2.500000000e+00
  192  -2.200000000e+00   2.700000000e+00   2.500000000e+00
  193  -3.300000000e+00   2.700000000e+00   1.700000000e+00
  194  -4.700000000e+00   1.600000000e+00  -2.700000000e+00
  195  -4.500000000e+00   1.600000000e+00  -3.600000000e+00
  196  -4.200000000e+00   1.600000000e+00  -4.300000000e+00
  197  -3.600000000e+00   1.600000000e+00  -5.400000000e+00
  198  -1.800000000e+00   1.600000000e+00  -7.100000000e+00
  199   1.300000000e+00   1.600000000e+00  -8.100000000e+00
  200   3.400000000e+00   1.600000000e+00  -7.400000000e+00
  201   4.200000000e+00   1.600000000e+00  -6.100000000e+00
  202   4.500000000e+00   1.600000000e+00  -5.200000000e+00
  203   4.900000000e+00   1.600000000e+00  -4.400000000e+00
  204   5.400000000e+00   1.600000000e+00  -3.300000000e+00
  205   5.600000000e+00   1.600000000e+00  -2.500000000e+00
  206   5.700000000e+00   1.600000000e+00  -1.800000000e+00
  207   5.700000000e+00   1.600000000e+00  -8.000000000e-01
  208   4.600000000e+00   1.600000000e+00   2.000000000e+00
  209   2.900000000e+00   1.600000000e+00   3.100000000e+00
  210   2.100000000e+00   1.600000000e+00   2.700000000e+00
  211   1.700000000e+00   1.600000000e+00   2.600000000e+00
  212   6.000000000e-01   1.600000000e+00   2.700000000e+00
  213  -6.000000000e-01   1.600000000e+00   2.500000000e+00
  214  -1.400000000e+00   1.600000000e+00   2.100000000e+00
  215  -1.800000000e+00   1.600000000e+00   2.000000000e+00
  216  -2.800000000e+00   1.600000000e+00   1.600000000e+00
  217  -4.200000000e+00   1.600000000e+00  -1.000000000e-01
  218  -4.900000000e+00   6.000000000e-01  -4.000000000e+00
  219  -4.400000000e+00   6.000000000e-01  -4.900000000e+00
  220  -3.900000000e+00   6.000000000e-01  -5.500000000e+00
  221  -3.100000000e+00   6.000000000e-01  -6.800000000e+00
  222  -8.000000000e-01   6.000000000e-01  -8.500000000e+00
  223   2.100000000e+00   6.000000000e-01  -9.100000000e+00
  224   3.800000000e+00   6.000000000e-01  -8.100000000e+00
  225   4.400000000e+00   6.000000000e-01  -7.000000000e+00
  226   4.600000000e+00   6.000000000e-01  -6.100000000e+00
  227   5.100000000e+00   6.000000000e-01  -5.200000000e+00
  228   6.100000000e+00   6.000000000e-01  -3.700000000e+00
  229   6.200000000e+00   6.000000000e-01  -2.500000000e+00
  230   6.100000000e+00   6.000000000e-01  -1.700000000e+00
  231   6.000000000e+00   6.000000000e-01  -8.000000000e-01
  232   4.900000000e+00   6.000000000e-01   1.700000000e+00
  233   3.100000000e+00   6.000000000e-01   3.000000000e+00
  234   2.100000000e+00   6.000000000e-01   2.700000000e+00
  235   1.600000000e+00   6.000000000e-01   2.400000000e+00
  236   1.000000000e-01   6.000000000e-01   2.400000000e+00
  237  -1.200000000e+00   6.000000000e-01   1.900000000e+00
  238  -1.900000000e+00   6.000000000e-01   1.400000000e+00
  239  -2.200000000e+00   6.000000000e-01   1.200000000e+00
  240  -3.000000000e+00   6.000000000e-01   9.000000000e-01
  241  -4.600000000e+00   6.000000000e-01  -1.100000000e+00
  242  -4.400000000e+00  -5.000000000e-01  -4.100000000e+00
  243  -4.000000000e+00  -5.000000000e-01  -4.800000000e+00
  244  -3.500000000e+00  -5.000000000e-01  -5.700000000e+00
  245  -2.600000000e+00  -5.000000000e-01  -7.300000000e+00
  246  -2.000000000e-01  -5.000000000e-01  -9.100000000e+00
  247   2.200000000e+00  -5.000000000e-01  -9.400000000e+00
  248   3.500000000e+00  -5.000000000e-01  -8.700000000e+00
  249   4.000000000e+00  -5.000000000e-01  -7.900000000e+00
  250   4.500000000e+00  -5.000000000e-01  -7.300000000e+00
  251   5.700000000e+00  -5.000000000e-01  -6.200000000e+00
  252   7.100000000e+00  -5.000000000e-01  -4.100000000e+00
  253   7.000000000e+00  -5.000000000e-01  -2.700000000e+00
  254   6.600000000e+00  -5.000000000e-01  -2.100000000e+00
  255   6.400000000e+00  -5.000000000e-01  -1.700000000e+00
  256   5.600000000e+00  -5.000000000e-01   2.000000000e-01
  257   4.000000000e+00  -5.000000000e-01   1.800000000e+00
  258   3.500000000e+00  -5.000000000e-01   1.500000000e+00
  259   3.300000000e+00  -5.000000000e-01   1.300000000e+00
  260   1.800000000e+00  -5.000000000e-01   1.700000000e+00
  261  -2.000000000e-01  -5.000000000e-01   1.600000000e+00
  262  -1.200000000e+00  -5.000000000e-01   1.000000000e+00
  263  -1.600000000e+00  -5.000000000e-01   8.000000000e-01
  264  -2.500000000e+00  -5.000000000e-01   5.000000000e-01
  265  -4.100000000e+00  -5.000000000e-01  -1.700000000e+00
C Region List
