C PointsNum,MaxElemVol,TetGenParams,nAtrib,IndMov,MDMaxVolume,MDomDiv,MDOnly,MDDivF,MDPrescP
  395    1.000000e+00 YYpznno2q1.414a     0     0    1.000000e+00     1     0     0     0     0     0 YYpznno2q1.414a
   3.778520000e-02  -8.278570000e+00   8.281900000e-02
   2.718771000e-01  -7.817820000e+00   1.033984000e+00
   8.541000000e-03  -7.817820000e+00   1.176048000e+00
  -2.708280000e-01  -7.817820000e+00   1.104233000e+00
  -4.802570000e-01  -7.817820000e+00   9.072300000e-01
  -6.214580000e-01  -7.817820000e+00   6.868930000e-01
  -7.178340000e-01  -7.817820000e+00   4.724290000e-01
  -7.617890000e-01  -7.817820000e+00   2.550960000e-01
  -7.090680000e-01  -7.817820000e+00   4.521200000e-02
  -6.305570000e-01  -7.817820000e+00  -1.317610000e-01
  -5.480870000e-01  -7.817820000e+00  -2.898680000e-01
  -4.535420000e-01  -7.817820000e+00  -4.447370000e-01
  -3.367010000e-01  -7.817820000e+00  -6.085250000e-01
  -1.721229000e-01  -7.817820000e+00  -7.683890000e-01
   5.055200000e-02  -7.817820000e+00  -8.308340000e-01
   2.883440000e-01  -7.817820000e+00  -8.223610000e-01
   5.244660000e-01  -7.817820000e+00  -7.534930000e-01
   7.345370000e-01  -7.817820000e+00  -6.128660000e-01
   8.577250000e-01  -7.817820000e+00  -3.934650000e-01
   8.451810000e-01  -7.817820000e+00  -1.399040000e-01
   7.684040000e-01  -7.817820000e+00   7.509800000e-02
   6.869050000e-01  -7.817820000e+00   2.502130000e-01
   6.081650000e-01  -7.817820000e+00   4.083840000e-01
   5.317470000e-01  -7.817820000e+00   5.810700000e-01
   4.336420000e-01  -7.817820000e+00   7.899680000e-01
   2.549166000e-01  -7.358070000e+00   1.331310000e+00
  -9.845200000e-02  -7.358070000e+00   1.429125000e+00
  -4.356990000e-01  -7.358070000e+00   1.277763000e+00
  -6.794050000e-01  -7.358070000e+00   1.022935000e+00
  -8.529280000e-01  -7.358070000e+00   7.676800000e-01
  -9.925200000e-01  -7.358070000e+00   5.233960000e-01
  -1.112600000e+00  -7.358070000e+00   2.726132000e-01
  -1.208030000e+00  -7.358070000e+00  -8.015000000e-03
  -1.249650000e+00  -7.358070000e+00  -3.268790000e-01
  -1.171598000e+00  -7.358070000e+00  -6.519010000e-01
  -9.481290000e-01  -7.358070000e+00  -9.003400000e-01
  -6.547920000e-01  -7.358070000e+00  -1.047840000e+00
  -3.480834000e-01  -7.358070000e+00  -1.118650000e+00
  -4.587100000e-02  -7.358070000e+00  -1.134470000e+00
   2.515210000e-01  -7.358070000e+00  -1.090909000e+00
   5.289010000e-01  -7.358070000e+00  -9.733710000e-01
   7.707500000e-01  -7.358070000e+00  -7.909380000e-01
   9.471340000e-01  -7.358070000e+00  -5.442580000e-01
   9.989860000e-01  -7.358070000e+00  -2.473868000e-01
   9.442410000e-01  -7.358070000e+00   3.620300000e-02
   8.491710000e-01  -7.358070000e+00   2.813610000e-01
   7.446970000e-01  -7.358070000e+00   5.073930000e-01
   6.375450000e-01  -7.358070000e+00   7.507270000e-01
   4.939450000e-01  -7.358070000e+00   1.039034000e+00
   2.687290000e-01  -6.898310000e+00   1.630160000e+00
  -1.589520000e-01  -6.898310000e+00   1.719930000e+00
  -5.567170000e-01  -6.898310000e+00   1.521374000e+00
  -8.414310000e-01  -6.898310000e+00   1.216688000e+00
  -1.047160000e+00  -6.898310000e+00   9.168940000e-01
  -1.213030000e+00  -6.898310000e+00   6.310600000e-01
  -1.362430000e+00  -6.898310000e+00   3.365288000e-01
  -1.488910000e+00  -6.898310000e+00   3.681000000e-03
  -1.560080000e+00  -6.898310000e+00  -3.845190000e-01
  -1.482860000e+00  -6.898310000e+00  -7.900640000e-01
  -1.208643000e+00  -6.898310000e+00  -1.098050000e+00
  -8.384120000e-01  -6.898310000e+00  -1.266200000e+00
  -4.612710000e-01  -6.898310000e+00  -1.333670000e+00
  -9.708500000e-02  -6.898310000e+00  -1.338310000e+00
   2.523810000e-01  -6.898310000e+00  -1.269105000e+00
   5.589140000e-01  -6.898310000e+00  -1.097656000e+00
   8.062660000e-01  -6.898310000e+00  -8.622660000e-01
   9.888670000e-01  -6.898310000e+00  -5.811500000e-01
   1.069126000e+00  -6.898310000e+00  -2.624712000e-01
   1.046071000e+00  -6.898310000e+00   5.561700000e-02
   9.671910000e-01  -6.898310000e+00   3.481430000e-01
   8.560120000e-01  -6.898310000e+00   6.248120000e-01
   7.344670000e-01  -6.898310000e+00   9.263000000e-01
   5.633980000e-01  -6.898310000e+00   1.281800000e+00
   2.790940000e-01  -6.438560000e+00   1.877210000e+00
  -2.127960000e-01  -6.438560000e+00   1.965460000e+00
  -6.610470000e-01  -6.438560000e+00   1.721660000e+00
  -9.768100000e-01  -6.438560000e+00   1.369637000e+00
  -1.205090000e+00  -6.438560000e+00   1.031342000e+00
  -1.391580000e+00  -6.438560000e+00   7.115060000e-01
  -1.562380000e+00  -6.438560000e+00   3.827276000e-01
  -1.713640000e+00  -6.438560000e+00   9.153000000e-03
  -1.806630000e+00  -6.438560000e+00  -4.332860000e-01
  -1.732090000e+00  -6.438560000e+00  -9.024600000e-01
  -1.426030000e+00  -6.438560000e+00  -1.263750000e+00
  -1.000791000e+00  -6.438560000e+00  -1.462720000e+00
  -5.629060000e-01  -6.438560000e+00  -1.541640000e+00
  -1.414300000e-01  -6.438560000e+00  -1.541400000e+00
   2.571550000e-01  -6.438560000e+00  -1.444250000e+00
   5.838320000e-01  -6.438560000e+00  -1.212010000e+00
   8.264680000e-01  -6.438560000e+00  -9.195840000e-01
   1.005097000e+00  -6.438560000e+00  -6.076180000e-01
   1.105992000e+00  -6.438560000e+00  -2.742724000e-01
   1.111536000e+00  -6.438560000e+00   6.665700000e-02
   1.049874000e+00  -6.438560000e+00   3.948790000e-01
   9.366160000e-01  -6.438560000e+00   7.122490000e-01
   8.066960000e-01  -6.438560000e+00   1.061710000e+00
   6.179540000e-01  -6.438560000e+00   1.478800000e+00
   2.787950000e-01  -5.978800000e+00   2.086060000e+00
  -2.645600000e-01  -5.978800000e+00   2.168910000e+00
  -7.564370000e-01  -5.978800000e+00   1.899890000e+00
  -1.106770000e+00  -5.978800000e+00   1.518361000e+00
  -1.360770000e+00  -5.978800000e+00   1.149382000e+00
  -1.569940000e+00  -5.978800000e+00   7.978580000e-01
  -1.760730000e+00  -5.978800000e+00   4.338001000e-01
  -1.931890000e+00  -5.978800000e+00   2.045300000e-02
  -2.039990000e+00  -5.978800000e+00  -4.722160000e-01
  -1.961810000e+00  -5.978800000e+00  -9.978100000e-01
  -1.618990000e+00  -5.978800000e+00  -1.399390000e+00
  -1.134682000e+00  -5.978800000e+00  -1.603810000e+00
  -6.462050000e-01  -5.978800000e+00  -1.670370000e+00
  -1.869680000e-01  -5.978800000e+00  -1.654200000e+00
   2.435170000e-01  -5.978800000e+00  -1.549170000e+00
   5.955360000e-01  -5.978800000e+00  -1.295940000e+00
   8.530970000e-01  -5.978800000e+00  -9.758540000e-01
   1.042512000e+00  -5.978800000e+00  -6.398530000e-01
   1.153068000e+00  -5.978800000e+00  -2.831999000e-01
   1.164909000e+00  -5.978800000e+00   8.400600000e-02
   1.101697000e+00  -5.978800000e+00   4.393950000e-01
   9.844360000e-01  -5.978800000e+00   7.844410000e-01
   8.513280000e-01  -5.978800000e+00   1.173280000e+00
   6.518210000e-01  -5.978800000e+00   1.642470000e+00
   2.711610000e-01  -5.519050000e+00   2.255360000e+00
  -3.102700000e-01  -5.519050000e+00   2.344020000e+00
  -8.451100000e-01  -5.519050000e+00   2.084090000e+00
  -1.243750000e+00  -5.519050000e+00   1.699486000e+00
  -1.541280000e+00  -5.519050000e+00   1.305312000e+00
  -1.779130000e+00  -5.519050000e+00   9.141110000e-01
  -1.980210000e+00  -5.519050000e+00   5.025741000e-01
  -2.141890000e+00  -5.519050000e+00   4.078000000e-02
  -2.222590000e+00  -5.519050000e+00  -4.883500000e-01
  -2.119430000e+00  -5.519050000e+00  -1.042020000e+00
  -1.752250000e+00  -5.519050000e+00  -1.470450000e+00
  -1.231796000e+00  -5.519050000e+00  -1.678080000e+00
  -7.108390000e-01  -5.519050000e+00  -1.735270000e+00
  -2.275400000e-01  -5.519050000e+00  -1.711720000e+00
   2.256600000e-01  -5.519050000e+00  -1.609900000e+00
   6.067640000e-01  -5.519050000e+00  -1.361030000e+00
   8.925960000e-01  -5.519050000e+00  -1.030870000e+00
   1.100610000e+00  -5.519050000e+00  -6.711370000e-01
   1.211743000e+00  -5.519050000e+00  -2.834259000e-01
   1.206371000e+00  -5.519050000e+00   1.093270000e-01
   1.125744000e+00  -5.519050000e+00   4.826150000e-01
   1.003404000e+00  -5.519050000e+00   8.458170000e-01
   8.704280000e-01  -5.519050000e+00   1.261310000e+00
   6.677446000e-01  -5.519050000e+00   1.772250000e+00
   2.623960000e-01  -4.622630000e+00   2.511170000e+00
  -3.774260000e-01  -4.622630000e+00   2.605810000e+00
  -9.760000000e-01  -4.622630000e+00   2.356470000e+00
  -1.444710000e+00  -4.622630000e+00   1.964270000e+00
  -1.804240000e+00  -4.622630000e+00   1.535446000e+00
  -2.087890000e+00  -4.622630000e+00   1.086322000e+00
  -2.304560000e+00  -4.622630000e+00   6.041583000e-01
  -2.454340000e+00  -4.622630000e+00   7.314500000e-02
  -2.500450000e+00  -4.622630000e+00  -5.137300000e-01
  -2.360690000e+00  -4.622630000e+00  -1.113930000e+00
  -1.957530000e+00  -4.622630000e+00  -1.582320000e+00
  -1.379278000e+00  -4.622630000e+00  -1.795530000e+00
  -8.076040000e-01  -4.622630000e+00  -1.839040000e+00
  -2.875888000e-01  -4.622630000e+00  -1.801430000e+00
   2.005400000e-01  -4.622630000e+00  -1.700680000e+00
   6.218500000e-01  -4.622630000e+00  -1.451296000e+00
   9.466460000e-01  -4.622630000e+00  -1.104510000e+00
   1.182760000e+00  -4.622630000e+00  -7.136590000e-01
   1.294281000e+00  -4.622630000e+00  -2.818417000e-01
   1.273008000e+00  -4.622630000e+00   1.490440000e-01
   1.175447000e+00  -4.622630000e+00   5.526880000e-01
   1.046281000e+00  -4.622630000e+00   9.470430000e-01
   9.099780000e-01  -4.622630000e+00   1.405170000e+00
   6.976162900e-01  -4.622630000e+00   1.977440000e+00
   2.328470000e-01  -3.727210000e+00   2.707100000e+00
  -4.429590000e-01  -3.727210000e+00   2.799100000e+00
  -1.084980000e+00  -3.727210000e+00   2.575090000e+00
  -1.613220000e+00  -3.727210000e+00   2.201630000e+00
  -2.036990000e+00  -3.727210000e+00   1.759959000e+00
  -2.364310000e+00  -3.727210000e+00   1.265271000e+00
  -2.584540000e+00  -3.727210000e+00   7.185661000e-01
  -2.701270000e+00  -3.727210000e+00   1.307740000e-01
  -2.696900000e+00  -3.727210000e+00  -4.914400000e-01
  -2.518050000e+00  -3.727210000e+00  -1.109330000e+00
  -2.100520000e+00  -3.727210000e+00  -1.603850000e+00
  -1.487200000e+00  -3.727210000e+00  -1.815790000e+00
  -8.851530000e-01  -3.727210000e+00  -1.836030000e+00
  -3.496358000e-01  -3.727210000e+00  -1.778100000e+00
   1.473620000e-01  -3.727210000e+00  -1.674070000e+00
   5.813120000e-01  -3.727210000e+00  -1.425900000e+00
   9.127290000e-01  -3.727210000e+00  -1.070666000e+00
   1.157327000e+00  -3.727210000e+00  -6.729530000e-01
   1.285983000e+00  -3.727210000e+00  -2.334339000e-01
   1.292012000e+00  -3.727210000e+00   2.126240000e-01
   1.205208000e+00  -3.727210000e+00   6.406060000e-01
   1.077937000e+00  -3.727210000e+00   1.065660000e+00
   9.371460000e-01  -3.727210000e+00   1.560350000e+00
   7.057498000e-01  -3.727210000e+00   2.168890000e+00
   2.224030000e-01  -2.830800000e+00   2.915380000e+00
  -4.910400000e-01  -2.830800000e+00   3.004140000e+00
  -1.174120000e+00  -2.830800000e+00   2.793500000e+00
  -1.751750000e+00  -2.830800000e+00   2.420610000e+00
  -2.221220000e+00  -2.830800000e+00   1.959050000e+00
  -2.583390000e+00  -2.830800000e+00   1.427489000e+00
  -2.806530000e+00  -2.830800000e+00   8.284598000e-01
  -2.896860000e+00  -2.830800000e+00   1.938740000e-01
  -2.852750000e+00  -2.830800000e+00  -4.566500000e-01
  -2.641310000e+00  -2.830800000e+00  -1.090250000e+00
  -2.212030000e+00  -2.830800000e+00  -1.607020000e+00
  -1.570910000e+00  -2.830800000e+00  -1.818590000e+00
  -9.425970000e-01  -2.830800000e+00  -1.818180000e+00
  -3.949577000e-01  -2.830800000e+00  -1.739940000e+00
   1.089720000e-01  -2.830800000e+00  -1.632580000e+00
   5.514200000e-01  -2.830800000e+00  -1.387560000e+00
   8.950360000e-01  -2.830800000e+00  -1.032692000e+00
   1.147928000e+00  -2.830800000e+00  -6.270050000e-01
   1.294816000e+00  -2.830800000e+00  -1.815402000e-01
   1.325447000e+00  -2.830800000e+00   2.801120000e-01
   1.246271000e+00  -2.830800000e+00   7.320300000e-01
   1.121332000e+00  -2.830800000e+00   1.185390000e+00
   9.777340000e-01  -2.830800000e+00   1.715720000e+00
   7.295627000e-01  -2.830800000e+00   2.359660000e+00
   1.736740000e-01  -1.935380000e+00   3.101200000e+00
  -5.862400000e-01  -1.935380000e+00   3.189590000e+00
  -1.310650000e+00  -1.935380000e+00   2.965840000e+00
  -1.928030000e+00  -1.935380000e+00   2.568580000e+00
  -2.433820000e+00  -1.935380000e+00   2.089100000e+00
  -2.821740000e+00  -1.935380000e+00   1.514914000e+00
  -3.057190000e+00  -1.935380000e+00   8.738790000e-01
  -3.152510000e+00  -1.935380000e+00   2.015710000e-01
  -3.104080000e+00  -1.935380000e+00  -4.918800000e-01
  -2.881990000e+00  -1.935380000e+00  -1.169780000e+00
  -2.431350000e+00  -1.935380000e+00  -1.728770000e+00
  -1.749730000e+00  -1.935380000e+00  -1.966960000e+00
  -1.073326000e+00  -1.935380000e+00  -1.966930000e+00
  -4.824214000e-01  -1.935380000e+00  -1.878160000e+00
   5.581800000e-02  -1.935380000e+00  -1.751220000e+00
   5.139560000e-01  -1.935380000e+00  -1.463400000e+00
   8.378180000e-01  -1.935380000e+00  -1.054149000e+00
   1.073702000e+00  -1.935380000e+00  -6.255870000e-01
   1.222085000e+00  -1.935380000e+00  -1.751210000e-01
   1.254493000e+00  -1.935380000e+00   2.914430000e-01
   1.175508000e+00  -1.935380000e+00   7.490710000e-01
   1.066798000e+00  -1.935380000e+00   1.219003000e+00
   9.441820000e-01  -1.935380000e+00   1.786410000e+00
   7.105200000e-01  -1.935380000e+00   2.501870000e+00
   1.112100000e-01  -1.038960000e+00   3.111430000e+00
  -6.525300000e-01  -1.038960000e+00   3.187250000e+00
  -1.378820000e+00  -1.038960000e+00   2.960690000e+00
  -1.997170000e+00  -1.038960000e+00   2.572630000e+00
  -2.506020000e+00  -1.038960000e+00   2.086420000e+00
  -2.899340000e+00  -1.038960000e+00   1.522011000e+00
  -3.162630000e+00  -1.038960000e+00   8.832550000e-01
  -3.306860000e+00  -1.038960000e+00   1.925820000e-01
  -3.310810000e+00  -1.038960000e+00  -5.405900000e-01
  -3.107140000e+00  -1.038960000e+00  -1.273100000e+00
  -2.608750000e+00  -1.038960000e+00  -1.852330000e+00
  -1.832720000e+00  -1.038960000e+00  -2.005720000e+00
  -1.121790000e+00  -1.038960000e+00  -1.898320000e+00
  -5.521575000e-01  -1.038960000e+00  -1.748430000e+00
  -5.440300000e-02  -1.038960000e+00  -1.610230000e+00
   4.147660000e-01  -1.038960000e+00  -1.419300000e+00
   8.069660000e-01  -1.038960000e+00  -1.096344000e+00
   1.095203000e+00  -1.038960000e+00  -6.819380000e-01
   1.192835000e+00  -1.038960000e+00  -1.917450000e-01
   1.110537000e+00  -1.038960000e+00   2.820410000e-01
   9.923420000e-01  -1.038960000e+00   7.067110000e-01
   9.054740000e-01  -1.038960000e+00   1.153519000e+00
   8.194980000e-01  -1.038960000e+00   1.718540000e+00
   6.382020000e-01  -1.038960000e+00   2.480830000e+00
   2.439600000e-02  -3.545410000e-01   3.112920000e+00
   5.571790000e-01  -3.545410000e-01   2.497500000e+00
   6.921060000e-01  -3.545410000e-01   1.680330000e+00
   7.387300000e-01  -3.545410000e-01   1.109040000e+00
   7.993140000e-01  -3.545410000e-01   6.798270000e-01
   9.166230000e-01  -3.545410000e-01   2.825790000e-01
   1.100906000e+00  -3.545410000e-01  -1.882940000e-01
   1.052287000e+00  -3.545410000e-01  -7.042310000e-01
   7.121980000e-01  -3.545410000e-01  -1.087210000e+00
   2.742500000e-01  -3.545410000e-01  -1.329150000e+00
  -1.808090000e-01  -3.545410000e-01  -1.475640000e+00
  -6.428674000e-01  -3.545410000e-01  -1.636830000e+00
  -1.195604000e+00  -3.545410000e-01  -1.837930000e+00
  -1.942150000e+00  -3.545410000e-01  -2.040170000e+00
  -2.803530000e+00  -3.545410000e-01  -1.961460000e+00
  -3.341070000e+00  -3.545410000e-01  -1.358760000e+00
  -3.538710000e+00  -3.545410000e-01  -5.783500000e-01
  -3.504550000e+00  -3.545410000e-01   1.938050000e-01
  -3.330280000e+00  -3.545410000e-01   9.007060000e-01
  -3.043580000e+00  -3.545410000e-01   1.551634000e+00
  -2.633310000e+00  -3.545410000e-01   2.128010000e+00
  -2.103820000e+00  -3.545410000e-01   2.597920000e+00
  -1.470320000e+00  -3.545410000e-01   2.976490000e+00
  -7.404100000e-01  -3.545410000e-01   3.183470000e+00
  -2.219010000e+00  -3.862410000e-01  -1.507560000e+00
  -2.757700000e+00  -3.827410000e-01  -1.315080000e+00
  -1.219620000e+00  -3.804410000e-01   2.696280000e+00
  -7.468800000e-01  -3.943410000e-01   2.470420000e+00
  -1.897380000e+00  -4.282410000e-01   6.856180000e-01
  -1.840030000e+00  -4.255410000e-01   9.831075000e-01
  -1.517900000e+00  -4.292410000e-01   9.963108000e-01
  -5.854957000e-01  -3.814410000e-01  -1.308020000e+00
  -1.536390000e+00  -4.340410000e-01   2.874400000e-01
  -1.192660000e+00  -4.320410000e-01   1.000514000e+00
  -9.049200000e-01  -4.329410000e-01   3.195310000e-01
  -2.326880000e+00  -4.130410000e-01   9.403400000e-01
  -2.441460000e+00  -4.149410000e-01   3.705950000e-01
  -2.887710000e+00  -3.917410000e-01   6.190870000e-01
  -2.309780000e+00  -3.983410000e-01   1.558005000e+00
  -2.458910000e+00  -3.992410000e-01   1.300366000e+00
  -2.430100000e+00  -3.941410000e-01   1.510249000e+00
  -2.248400000e-02  -3.886410000e-01   2.209377000e+00
  -5.888630000e-01  -4.160410000e-01   1.645407000e+00
  -1.795850000e+00  -4.049410000e-01  -1.149060000e+00
  -1.696510000e+00  -4.132410000e-01  -9.286100000e-01
  -1.491948000e+00  -4.107410000e-01  -1.008360000e+00
  -1.566600000e+00  -4.139410000e-01   1.767501000e+00
  -1.462220000e+00  -3.996410000e-01   2.234297000e+00
  -1.360130000e+00  -4.088410000e-01   2.015365000e+00
  -2.934570000e+00  -3.897410000e-01  -7.351400000e-01
  -2.262030000e+00  -4.084410000e-01  -8.633800000e-01
  -1.009793000e+00  -3.863410000e-01  -1.378390000e+00
  -1.289384000e+00  -4.077410000e-01  -1.085120000e+00
  -7.518300000e-01  -4.031410000e-01  -1.045060000e+00
  -1.741260000e+00  -3.941410000e-01   2.201328000e+00
  -1.650430000e+00  -3.795410000e-01   2.527950000e+00
  -1.554330000e+00  -3.896410000e-01   2.391120000e+00
  -1.573533000e+00  -3.868410000e-01  -1.504810000e+00
  -2.009300000e+00  -3.865410000e-01   2.168359000e+00
   1.624090000e-01  -3.812410000e-01  -1.029070000e+00
   3.949000000e-01  -3.866410000e-01  -6.705960000e-01
   5.795690000e-01  -3.838410000e-01   4.451200000e-02
  -2.048640000e+00  -4.264410000e-01   1.755240000e-01
  -2.444940000e+00  -4.139410000e-01  -2.233200000e-01
   3.117341000e-01  -3.923410000e-01   8.629250000e-01
   1.698300000e-02  -4.106410000e-01   3.498570000e-01
  -2.698790000e+00  -3.897410000e-01   1.204854900e+00
  -2.981480000e+00  -3.921410000e-01  -3.901100000e-02
  -2.499150000e-01  -3.850410000e-01  -1.164360000e+00
  -3.053240000e-01  -4.074410000e-01  -7.422900000e-01
   3.889210000e-01  -3.801410000e-01   1.601704000e+00
  -4.125300000e-02  -4.041410000e-01   1.452561000e+00
  -1.869730000e+00  -4.265410000e-01  -2.604780000e-01
  -2.132810000e+00  -3.995410000e-01   1.739350000e+00
  -2.216390000e+00  -4.071410000e-01   1.395877000e+00
  -6.428150000e-01  -4.153410000e-01  -6.894400000e-01
  -6.472650000e-01  -4.207410000e-01  -4.640790000e-01
  -9.334500000e-01  -4.176410000e-01   1.725920000e+00
  -1.000460000e+00  -4.078410000e-01   2.098426000e+00
  -7.966600000e-01  -4.123410000e-01   1.891916000e+00
  -1.932730000e+00  -3.975410000e-01   1.983463000e+00
  -2.069060000e+00  -3.932410000e-01   1.953855000e+00
  -1.855150000e+00  -4.079410000e-01   1.768567000e+00
  -1.792890000e+00  -4.221410000e-01   1.275597000e+00
  -2.007090000e+00  -4.155410000e-01   1.335737000e+00
  -1.401850000e+00  -4.330410000e-01   3.065300000e-02
  -1.636290000e+00  -4.303410000e-01  -1.114130000e-01
  -1.264300000e+00  -4.310410000e-01  -2.141340000e-01
  -1.084210000e+00  -4.327410000e-01   4.569800000e-02
  -8.671630000e-01  -4.296410000e-01  -8.800900000e-02
  -3.832880000e-01  -4.221410000e-01   8.547197000e-01
  -1.331420000e+00  -3.907410000e-01   2.465290000e+00
  -1.041650000e+00  -3.927410000e-01   2.467850000e+00
  -1.589180000e+00  -4.204410000e-01  -7.191600000e-01
  -1.281241000e+00  -4.213410000e-01  -6.853800000e-01
  -1.290813000e+00  -4.149410000e-01  -8.877500000e-01
  -1.221350000e+00  -4.255410000e-01   1.382974000e+00
  -9.076100000e-01  -4.215410000e-01   1.529191000e+00
  -4.685900000e-02  -4.108410000e-01  -1.936780000e-01
  -2.059780000e+00  -4.187410000e-01   1.097968780e+00
  -1.976780000e+00  -4.236410000e-01   8.942930000e-01
  -1.733450000e+00  -4.240410000e-01  -4.988200000e-01
  -1.923600000e+00  -4.155410000e-01  -7.842700000e-01
  -1.900160000e+00  -4.213410000e-01  -5.273700000e-01
  -1.528470000e+00  -4.212410000e-01   1.506015000e+00
  -1.508620000e+00  -4.246410000e-01   1.329286000e+00
  -2.402470000e+00  -3.887410000e-01   1.710132000e+00
  -3.946610000e-01  -4.237410000e-01   2.187900000e-01
  -3.487870000e-01  -4.193410000e-01  -2.011970000e-01
  -8.625670000e-01  -4.120410000e-01  -8.793300000e-01
  -6.973220000e-01  -4.094410000e-01  -8.797500000e-01
  -1.122302000e+00  -4.262410000e-01  -4.568600000e-01
  -1.355740000e+00  -4.239410000e-01  -5.805100000e-01
  -1.231340000e+00  -4.038410000e-01   2.181361000e+00
  -1.796210000e+00  -4.013410000e-01   1.989948000e+00
  -7.780180000e-01  -4.299410000e-01   4.090700000e-02
  -5.207880000e-01  -4.251410000e-01  -7.463000000e-03
  -1.498880000e+00  -4.280410000e-01  -3.524800000e-01
  -1.143845000e+00  -4.147410000e-01  -8.758600000e-01
  -1.080976000e+00  -4.105410000e-01  -9.747200000e-01
  -6.499160000e-01  -4.256410000e-01  -2.207170000e-01
  -3.266060000e-01  -4.135410000e-01  -4.757420000e-01
  -1.310800000e+00  -4.337410000e-01   1.675690000e-01
  -8.185100000e-01  -4.235410000e-01  -4.546560000e-01
  -8.870090000e-01  -4.264410000e-01  -3.377910000e-01
  -1.268040000e+00  -4.173410000e-01   1.756434000e+00
  -9.813050000e-01  -4.200410000e-01  -6.755900000e-01
  -1.566510000e+00  -4.295410000e-01  -2.333060000e-01
  -2.035620000e+00  -4.082410000e-01   1.577222000e+00
  -2.268780000e+00  -4.104410000e-01   1.168108900e+00
C Number of facets
  786
C  Size  Node 1  ......Node N Marker
    3    0    1    2    3
    3    0    2    3    3
    3    0    3    4    3
    3    0    4    5    3
    3    0    5    6    3
    3    0    6    7    3
    3    0    7    8    3
    3    0    8    9    3
    3    0    9   10    3
    3    0   10   11    3
    3    0   11   12    3
    3    0   12   13    3
    3    0   13   14    3
    3    0   14   15    3
    3    0   15   16    3
    3    0   16   17    3
    3    0   17   18    3
    3    0   18   19    3
    3    0   19   20    3
    3    0   20   21    3
    3    0   21   22    3
    3    0   22   23    3
    3    0   23   24    3
    3    0   24    1    3
    3    1   25   26    3
    3    1   26    2    3
    3    2   26   27    3
    3    2   27    3    3
    3    3   27   28    3
    3    3   28    4    3
    3    4   28   29    3
    3    4   29    5    3
    3    5   29   30    3
    3    5   30    6    3
    3    6   30   31    3
    3    6   31    7    3
    3    7   31   32    3
    3    7   32    8    3
    3    8   32   33    3
    3    8   33    9    3
    3    9   33   34    3
    3    9   34   10    3
    3   10   34   35    3
    3   10   35   11    3
    3   11   35   36    3
    3   11   36   12    3
    3   12   36   37    3
    3   12   37   13    3
    3   13   37   38    3
    3   13   38   14    3
    3   14   38   39    3
    3   14   39   15    3
    3   15   39   40    3
    3   15   40   16    3
    3   16   40   41    3
    3   16   41   17    3
    3   17   41   42    3
    3   17   42   18    3
    3   18   42   43    3
    3   18   43   19    3
    3   19   43   44    3
    3   19   44   20    3
    3   20   44   45    3
    3   20   45   21    3
    3   21   45   46    3
    3   21   46   22    3
    3   22   46   47    3
    3   22   47   23    3
    3   23   47   48    3
    3   23   48   24    3
    3   24   48   25    3
    3   24   25    1    3
    3   25   49   50    3
    3   25   50   26    3
    3   26   50   51    3
    3   26   51   27    3
    3   27   51   52    3
    3   27   52   28    3
    3   28   52   53    3
    3   28   53   29    3
    3   29   53   54    3
    3   29   54   30    3
    3   30   54   55    3
    3   30   55   31    3
    3   31   55   56    3
    3   31   56   32    3
    3   32   56   57    3
    3   32   57   33    3
    3   33   57   58    3
    3   33   58   34    3
    3   34   58   59    3
    3   34   59   35    3
    3   35   59   60    3
    3   35   60   36    3
    3   36   60   61    3
    3   36   61   37    3
    3   37   61   62    3
    3   37   62   38    3
    3   38   62   63    3
    3   38   63   39    3
    3   39   63   64    3
    3   39   64   40    3
    3   40   64   65    3
    3   40   65   41    3
    3   41   65   66    3
    3   41   66   42    3
    3   42   66   67    3
    3   42   67   43    3
    3   43   67   68    3
    3   43   68   44    3
    3   44   68   69    3
    3   44   69   45    3
    3   45   69   70    3
    3   45   70   46    3
    3   46   70   71    3
    3   46   71   47    3
    3   47   71   72    3
    3   47   72   48    3
    3   48   72   49    3
    3   48   49   25    3
    3   49   73   74    3
    3   49   74   50    3
    3   50   74   75    3
    3   50   75   51    3
    3   51   75   76    3
    3   51   76   52    3
    3   52   76   77    3
    3   52   77   53    3
    3   53   77   78    3
    3   53   78   54    3
    3   54   78   79    3
    3   54   79   55    3
    3   55   79   80    3
    3   55   80   56    3
    3   56   80   81    3
    3   56   81   57    3
    3   57   81   82    3
    3   57   82   58    3
    3   58   82   83    3
    3   58   83   59    3
    3   59   83   84    3
    3   59   84   60    3
    3   60   84   85    3
    3   60   85   61    3
    3   61   85   86    3
    3   61   86   62    3
    3   62   86   87    3
    3   62   87   63    3
    3   63   87   88    3
    3   63   88   64    3
    3   64   88   89    3
    3   64   89   65    3
    3   65   89   90    3
    3   65   90   66    3
    3   66   90   91    3
    3   66   91   67    3
    3   67   91   92    3
    3   67   92   68    3
    3   68   92   93    3
    3   68   93   69    3
    3   69   93   94    3
    3   69   94   70    3
    3   70   94   95    3
    3   70   95   71    3
    3   71   95   96    3
    3   71   96   72    3
    3   72   96   73    3
    3   72   73   49    3
    3   73   97   98    3
    3   73   98   74    3
    3   74   98   99    3
    3   74   99   75    3
    3   75   99  100    3
    3   75  100   76    3
    3   76  100  101    3
    3   76  101   77    3
    3   77  101  102    3
    3   77  102   78    3
    3   78  102  103    3
    3   78  103   79    3
    3   79  103  104    3
    3   79  104   80    3
    3   80  104  105    3
    3   80  105   81    3
    3   81  105  106    3
    3   81  106   82    3
    3   82  106  107    3
    3   82  107   83    3
    3   83  107  108    3
    3   83  108   84    3
    3   84  108  109    3
    3   84  109   85    3
    3   85  109  110    3
    3   85  110   86    3
    3   86  110  111    3
    3   86  111   87    3
    3   87  111  112    3
    3   87  112   88    3
    3   88  112  113    3
    3   88  113   89    3
    3   89  113  114    3
    3   89  114   90    3
    3   90  114  115    3
    3   90  115   91    3
    3   91  115  116    3
    3   91  116   92    3
    3   92  116  117    3
    3   92  117   93    3
    3   93  117  118    3
    3   93  118   94    3
    3   94  118  119    3
    3   94  119   95    3
    3   95  119  120    3
    3   95  120   96    3
    3   96  120   97    3
    3   96   97   73    3
    3   97  121  122    3
    3   97  122   98    3
    3   98  122  123    3
    3   98  123   99    3
    3   99  123  124    3
    3   99  124  100    3
    3  100  124  125    3
    3  100  125  101    3
    3  101  125  126    3
    3  101  126  102    3
    3  102  126  127    3
    3  102  127  103    3
    3  103  127  128    3
    3  103  128  104    3
    3  104  128  129    3
    3  104  129  105    3
    3  105  129  130    3
    3  105  130  106    3
    3  106  130  131    3
    3  106  131  107    3
    3  107  131  132    3
    3  107  132  108    3
    3  108  132  133    3
    3  108  133  109    3
    3  109  133  134    3
    3  109  134  110    3
    3  110  134  135    3
    3  110  135  111    3
    3  111  135  136    3
    3  111  136  112    3
    3  112  136  137    3
    3  112  137  113    3
    3  113  137  138    3
    3  113  138  114    3
    3  114  138  139    3
    3  114  139  115    3
    3  115  139  140    3
    3  115  140  116    3
    3  116  140  141    3
    3  116  141  117    3
    3  117  141  142    3
    3  117  142  118    3
    3  118  142  143    3
    3  118  143  119    3
    3  119  143  144    3
    3  119  144  120    3
    3  120  144  121    3
    3  120  121   97    3
    3  121  145  146    3
    3  121  146  122    3
    3  122  146  147    3
    3  122  147  123    3
    3  123  147  148    3
    3  123  148  124    3
    3  124  148  149    3
    3  124  149  125    3
    3  125  149  150    3
    3  125  150  126    3
    3  126  150  151    3
    3  126  151  127    3
    3  127  151  152    3
    3  127  152  128    3
    3  128  152  153    3
    3  128  153  129    3
    3  129  153  154    3
    3  129  154  130    3
    3  130  154  155    3
    3  130  155  131    3
    3  131  155  156    3
    3  131  156  132    3
    3  132  156  157    3
    3  132  157  133    3
    3  133  157  158    3
    3  133  158  134    3
    3  134  158  159    3
    3  134  159  135    3
    3  135  159  160    3
    3  135  160  136    3
    3  136  160  161    3
    3  136  161  137    3
    3  137  161  162    3
    3  137  162  138    3
    3  138  162  163    3
    3  138  163  139    3
    3  139  163  164    3
    3  139  164  140    3
    3  140  164  165    3
    3  140  165  141    3
    3  141  165  166    3
    3  141  166  142    3
    3  142  166  167    3
    3  142  167  143    3
    3  143  167  168    3
    3  143  168  144    3
    3  144  168  145    3
    3  144  145  121    3
    3  145  169  170    3
    3  145  170  146    3
    3  146  170  171    3
    3  146  171  147    3
    3  147  171  172    3
    3  147  172  148    3
    3  148  172  173    3
    3  148  173  149    3
    3  149  173  174    3
    3  149  174  150    3
    3  150  174  175    3
    3  150  175  151    3
    3  151  175  176    3
    3  151  176  152    3
    3  152  176  177    3
    3  152  177  153    3
    3  153  177  178    3
    3  153  178  154    3
    3  154  178  179    3
    3  154  179  155    3
    3  155  179  180    3
    3  155  180  156    3
    3  156  180  181    3
    3  156  181  157    3
    3  157  181  182    3
    3  157  182  158    3
    3  158  182  183    3
    3  158  183  159    3
    3  159  183  184    3
    3  159  184  160    3
    3  160  184  185    3
    3  160  185  161    3
    3  161  185  186    3
    3  161  186  162    3
    3  162  186  187    3
    3  162  187  163    3
    3  163  187  188    3
    3  163  188  164    3
    3  164  188  189    3
    3  164  189  165    3
    3  165  189  190    3
    3  165  190  166    3
    3  166  190  191    3
    3  166  191  167    3
    3  167  191  192    3
    3  167  192  168    3
    3  168  192  169    3
    3  168  169  145    3
    3  169  193  194    3
    3  169  194  170    3
    3  170  194  195    3
    3  170  195  171    3
    3  171  195  196    3
    3  171  196  172    3
    3  172  196  197    3
    3  172  197  173    3
    3  173  197  198    3
    3  173  198  174    3
    3  174  198  199    3
    3  174  199  175    3
    3  175  199  200    3
    3  175  200  176    3
    3  176  200  201    3
    3  176  201  177    3
    3  177  201  202    3
    3  177  202  178    3
    3  178  202  203    3
    3  178  203  179    3
    3  179  203  204    3
    3  179  204  180    3
    3  180  204  205    3
    3  180  205  181    3
    3  181  205  206    3
    3  181  206  182    3
    3  182  206  207    3
    3  182  207  183    3
    3  183  207  208    3
    3  183  208  184    3
    3  184  208  209    3
    3  184  209  185    3
    3  185  209  210    3
    3  185  210  186    3
    3  186  210  211    3
    3  186  211  187    3
    3  187  211  212    3
    3  187  212  188    3
    3  188  212  213    3
    3  188  213  189    3
    3  189  213  214    3
    3  189  214  190    3
    3  190  214  215    3
    3  190  215  191    3
    3  191  215  216    3
    3  191  216  192    3
    3  192  216  193    3
    3  192  193  169    3
    3  193  217  218    3
    3  193  218  194    3
    3  194  218  219    3
    3  194  219  195    3
    3  195  219  220    3
    3  195  220  196    3
    3  196  220  221    3
    3  196  221  197    3
    3  197  221  222    3
    3  197  222  198    3
    3  198  222  223    3
    3  198  223  199    3
    3  199  223  224    3
    3  199  224  200    3
    3  200  224  225    3
    3  200  225  201    3
    3  201  225  226    3
    3  201  226  202    3
    3  202  226  227    3
    3  202  227  203    3
    3  203  227  228    3
    3  203  228  204    3
    3  204  228  229    3
    3  204  229  205    3
    3  205  229  230    3
    3  205  230  206    3
    3  206  230  231    3
    3  206  231  207    3
    3  207  231  232    3
    3  207  232  208    3
    3  208  232  233    3
    3  208  233  209    3
    3  209  233  234    3
    3  209  234  210    3
    3  210  234  235    3
    3  210  235  211    3
    3  211  235  236    3
    3  211  236  212    3
    3  212  236  237    3
    3  212  237  213    3
    3  213  237  238    3
    3  213  238  214    3
    3  214  238  239    3
    3  214  239  215    3
    3  215  239  240    3
    3  215  240  216    3
    3  216  240  217    3
    3  216  217  193    3
    3  217  241  242    3
    3  217  242  218    3
    3  218  242  243    3
    3  218  243  219    3
    3  219  243  244    3
    3  219  244  220    3
    3  220  244  245    3
    3  220  245  221    3
    3  221  245  246    3
    3  221  246  222    3
    3  222  246  247    3
    3  222  247  223    3
    3  223  247  248    3
    3  223  248  224    3
    3  224  248  249    3
    3  224  249  225    3
    3  225  249  250    3
    3  225  250  226    3
    3  226  250  251    3
    3  226  251  227    3
    3  227  251  252    3
    3  227  252  228    3
    3  228  252  253    3
    3  228  253  229    3
    3  229  253  254    3
    3  229  254  230    3
    3  230  254  255    3
    3  230  255  231    3
    3  231  255  256    3
    3  231  256  232    3
    3  232  256  257    3
    3  232  257  233    3
    3  233  257  258    3
    3  233  258  234    3
    3  234  258  259    3
    3  234  259  235    3
    3  235  259  260    3
    3  235  260  236    3
    3  236  260  261    3
    3  236  261  237    3
    3  237  261  262    3
    3  237  262  238    3
    3  238  262  263    3
    3  238  263  239    3
    3  239  263  264    3
    3  239  264  240    3
    3  240  264  241    3
    3  240  241  217    3
    3  264  265  241    3
    3  264  266  265    3
    3  263  266  264    3
    3  263  267  266    3
    3  262  267  263    3
    3  262  268  267    3
    3  261  268  262    3
    3  261  269  268    3
    3  260  269  261    3
    3  260  270  269    3
    3  259  270  260    3
    3  259  271  270    3
    3  258  271  259    3
    3  258  272  271    3
    3  257  272  258    3
    3  257  273  272    3
    3  256  273  257    3
    3  256  274  273    3
    3  255  274  256    3
    3  255  275  274    3
    3  254  275  255    3
    3  254  276  275    3
    3  253  276  254    3
    3  253  277  276    3
    3  252  277  253    3
    3  252  278  277    3
    3  251  278  252    3
    3  251  279  278    3
    3  250  279  251    3
    3  250  280  279    3
    3  249  280  250    3
    3  249  281  280    3
    3  248  281  249    3
    3  248  282  281    3
    3  247  282  248    3
    3  247  283  282    3
    3  246  283  247    3
    3  246  284  283    3
    3  245  284  246    3
    3  245  285  284    3
    3  244  285  245    3
    3  244  286  285    3
    3  243  286  244    3
    3  243  287  286    3
    3  242  287  243    3
    3  242  288  287    3
    3  241  288  242    3
    3  241  265  288    3
    3  289  279  290    1
    3  291  288  292    1
    3  293  294  295    3
    3  296  275  276    1
    3  297  298  299    1
    3  300  301  302    1
    3  303  304  305    3
    3  292  306  307    1
    3  308  309  310    4
    3  300  293  301    1
    3  311  312  313    3
    3  290  314  315    1
    3  316  317  318    1
    3  319  320  321    3
    3  317  322  308    1
    3  286  323  285    1
    3  286  287  320    1
    3  298  297  293    1
    3  324  325  273    1
    3  326  271  272    1
    3  327  328  301    1
    3  329  326  330    1
    3  300  331  304    1
    3  332  282  302    1
    3  272  325  326    1
    3  296  276  316    1
    3  296  333  275    1
    3  324  334  325    1
    3  335  329  336    1
    3  315  328  337    1
    3  338  339  303    3
    3  334  340  341    4
    3  279  289  278    1
    3  274  275  333    1
    3  322  278  289    1
    3  342  343  344    3
    3  332  301  328    1
    3  314  290  280    1
    3  345  338  346    3
    3  324  333  334    1
    3  277  316  276    1
    3  266  267  335    1
    3  288  291  287    1
    3  347  348  349    3
    3  316  322  317    1
    3  297  350  351    4
    3  327  301  293    1
    3  283  331  302    1
    3  352  353  354    4
    3  326  269  270    1
    3  332  302  301    1
    3  355  299  298    1
    3  312  356  357    3
    3  330  355  329    1
    3  336  306  335    1
    3  271  326  270    1
    3  358  359  360    4
    3  298  361  362    3
    3  283  302  282    1
    3  336  329  355    1
    3  326  363  330    1
    3  265  292  288    1
    3  300  364  365    3
    3  366  367  368    4
    3  333  318  334    1
    3  369  361  370    3
    3  327  293  297    1
    3  278  322  277    1
    3  320  291  356    3
    3  371  285  323    1
    3  363  325  334    1
    3  371  331  284    1
    3  364  339  349    3
    3  268  335  267    1
    3  372  363  373    4
    3  280  290  279    1
    3  266  306  265    1
    3  316  277  322    1
    3  328  315  314    1
    3  308  315  367    1
    3  355  330  372    1
    3  327  297  337    1
    3  280  281  314    1
    3  374  340  375    4
    3  296  316  318    1
    3  352  376  377    4
    3  355  307  336    1
    3  292  343  378    3
    3  326  325  363    1
    3  320  287  291    1
    3  345  319  379    3
    3  380  372  381    4
    3  358  366  382    4
    3  268  329  335    1
    3  273  274  324    1
    3  336  307  306    1
    3  265  306  292    1
    3  296  318  333    1
    3  383  374  384    4
    3  329  268  269    1
    3  385  373  386    4
    3  333  324  274    1
    3  283  284  331    1
    3  298  307  355    1
    3  299  353  387    4
    3  308  289  315    1
    3  273  325  272    1
    3  327  337  328    1
    3  388  376  389    4
    3  314  332  328    1
    3  281  282  332    1
    3  315  289  290    1
    3  363  372  330    1
    3  355  372  299    1
    3  285  371  284    1
    3  314  281  332    1
    3  269  326  329    1
    3  369  347  311    3
    3  266  335  306    1
    3  286  320  323    1
    3  308  322  289    1
    3  300  302  331    1
    3  343  390  313    3
    3  292  307  344    3
    3  298  348  370    3
    3  361  390  342    3
    3  343  342  390    3
    3  342  307  362    3
    3  347  369  348    3
    3  361  369  390    3
    3  369  311  390    3
    3  312  311  347    3
    3  311  313  390    3
    3  313  312  378    3
    3  298  362  307    3
    3  342  362  361    3
    3  342  344  307    3
    3  292  344  343    3
    3  369  370  348    3
    3  298  370  361    3
    3  292  378  312    3
    3  313  378  343    3
    3  334  318  375    4
    3  340  391  388    4
    3  318  317  384    4
    3  340  374  391    4
    3  352  385  389    4
    3  376  391  359    4
    3  376  388  391    4
    3  388  385  341    4
    3  359  391  383    4
    3  359  358  377    4
    3  374  383  391    4
    3  383  317  360    4
    3  374  375  318    4
    3  334  375  340    4
    3  334  341  385    4
    3  388  341  340    4
    3  388  389  385    4
    3  352  389  376    4
    3  352  377  358    4
    3  359  377  376    4
    3  358  360  317    4
    3  383  360  359    4
    3  383  384  317    4
    3  318  384  374    4
    3  367  358  309    4
    3  315  337  368    1
    3  353  352  350    4
    3  353  299  380    4
    3  372  380  299    4
    3  380  385  354    4
    3  350  352  392    4
    3  350  297  387    4
    3  366  337  392    4
    3  367  366  358    4
    3  363  334  386    4
    3  373  385  381    4
    3  392  337  351    4
    3  392  352  382    4
    3  380  381  385    4
    3  373  381  372    4
    3  358  317  310    4
    3  367  309  308    4
    3  385  386  334    4
    3  363  386  373    4
    3  366  368  337    4
    3  315  368  367    1
    3  299  387  297    4
    3  350  387  353    4
    3  352  354  385    4
    3  380  354  353    4
    3  358  382  352    4
    3  392  382  366    4
    3  297  351  337    4
    3  392  351  350    4
    3  308  310  317    4
    3  358  310  309    4
    3  312  347  379    3
    3  320  319  323    3
    3  371  323  346    3
    3  338  347  393    3
    3  364  300  394    3
    3  364  348  294    3
    3  319  345  323    3
    3  338  345  347    3
    3  348  298  295    3
    3  294  293  365    3
    3  304  339  394    3
    3  331  371  305    1
    3  364  349  348    3
    3  349  339  393    3
    3  338  393  339    3
    3  349  393  347    3
    3  338  303  371    3
    3  304  303  339    3
    3  356  312  321    3
    3  291  292  357    3
    3  364  394  339    3
    3  304  394  300    3
    3  319  321  312    3
    3  356  321  320    3
    3  293  295  298    3
    3  348  295  294    3
    3  312  357  292    3
    3  291  357  356    3
    3  345  346  323    3
    3  371  346  338    3
    3  303  305  371    3
    3  331  305  304    1
    3  345  379  347    3
    3  312  379  319    3
    3  300  365  293    3
    3  294  365  364    3
C Prescribed Values(Inlet, Outlet), InteractionSurface(Inlet, Outlet)
       1        0        0        2        2        2
C Inlet Pressure, FunID (E18.9,I5)
   1.000000000e+00    3
C Outlet Velocity
C     Vx,           Vy,            Vz,    indVx,indVy,indVz, FunID(3E18.9, 4I5)
   0.000000000e+00   1.000000000e+00   0.000000000e+00    1    0    0    4
C Inlet Velocity
C nNodeID,    Vx,           Vy,            Vz (I5, 3E18.9)
  265
    1  -2.700000000e+00  -2.500000000e+00  -1.150000000e+00
    2  -2.050000000e+00  -2.400000000e+00  -1.750000000e+00
    3  -1.750000000e+00  -2.400000000e+00  -3.100000000e+00
    4  -1.150000000e+00  -2.400000000e+00  -3.150000000e+00
    5  -9.500000000e-01  -2.400000000e+00  -2.300000000e+00
    6  -1.050000000e+00  -2.400000000e+00  -1.500000000e+00
    7  -1.350000000e+00  -2.400000000e+00  -1.000000000e+00
    8  -2.000000000e+00  -2.400000000e+00  -6.500000000e-01
    9  -3.550000000e+00  -2.400000000e+00  -7.000000000e-01
   10  -4.950000000e+00  -2.400000000e+00  -1.500000000e+00
   11  -5.300000000e+00  -2.400000000e+00  -2.650000000e+00
   12  -4.400000000e+00  -2.400000000e+00  -3.150000000e+00
   13  -3.000000000e+00  -2.400000000e+00  -2.500000000e+00
   14  -2.150000000e+00  -2.400000000e+00  -1.100000000e+00
   15  -2.100000000e+00  -2.400000000e+00  -3.000000000e-01
   16  -2.350000000e+00  -2.400000000e+00   1.000000000e-01
   17  -3.100000000e+00  -2.400000000e+00   9.000000000e-01
   18  -4.200000000e+00  -2.400000000e+00   1.200000000e+00
   19  -4.650000000e+00  -2.400000000e+00   5.500000000e-01
   20  -3.750000000e+00  -2.400000000e+00  -4.500000000e-01
   21  -2.700000000e+00  -2.400000000e+00  -9.000000000e-01
   22  -2.100000000e+00  -2.400000000e+00  -9.500000000e-01
   23  -1.900000000e+00  -2.400000000e+00  -8.500000000e-01
   24  -1.850000000e+00  -2.400000000e+00  -8.500000000e-01
   25  -1.900000000e+00  -2.400000000e+00  -9.500000000e-01
   26  -1.300000000e+00  -2.250000000e+00  -1.550000000e+00
   27  -1.000000000e+00  -2.250000000e+00  -2.000000000e+00
   28  -7.000000000e-01  -2.250000000e+00  -1.500000000e+00
   29  -9.000000000e-01  -2.250000000e+00  -6.000000000e-01
   30  -1.300000000e+00  -2.250000000e+00  -1.500000000e-01
   31  -1.600000000e+00  -2.250000000e+00  -5.000000000e-02
   32  -1.700000000e+00  -2.250000000e+00  -2.000000000e-01
   33  -1.750000000e+00  -2.250000000e+00  -3.000000000e-01
   34  -1.750000000e+00  -2.250000000e+00  -4.500000000e-01
   35  -1.800000000e+00  -2.250000000e+00  -6.000000000e-01
   36  -1.800000000e+00  -2.250000000e+00  -8.000000000e-01
   37  -1.650000000e+00  -2.250000000e+00  -9.500000000e-01
   38  -1.500000000e+00  -2.250000000e+00  -1.000000000e+00
   39  -1.350000000e+00  -2.250000000e+00  -9.000000000e-01
   40  -1.300000000e+00  -2.250000000e+00  -7.000000000e-01
   41  -1.650000000e+00  -2.250000000e+00   0.000000000e+00
   42  -2.450000000e+00  -2.250000000e+00   5.500000000e-01
   43  -3.000000000e+00  -2.250000000e+00   4.000000000e-01
   44  -2.800000000e+00  -2.250000000e+00  -2.000000000e-01
   45  -2.400000000e+00  -2.250000000e+00  -6.000000000e-01
   46  -2.100000000e+00  -2.250000000e+00  -8.500000000e-01
   47  -1.900000000e+00  -2.250000000e+00  -1.000000000e+00
   48  -1.700000000e+00  -2.250000000e+00  -1.150000000e+00
   49  -1.450000000e+00  -2.250000000e+00  -1.250000000e+00
   50  -1.200000000e+00  -2.150000000e+00  -1.100000000e+00
   51  -1.050000000e+00  -2.150000000e+00  -1.450000000e+00
   52  -9.000000000e-01  -2.150000000e+00  -7.500000000e-01
   53  -1.250000000e+00  -2.150000000e+00   5.000000000e-02
   54  -1.750000000e+00  -2.150000000e+00   4.000000000e-01
   55  -2.100000000e+00  -2.150000000e+00   3.500000000e-01
   56  -2.200000000e+00  -2.150000000e+00   1.000000000e-01
   57  -2.150000000e+00  -2.150000000e+00  -1.500000000e-01
   58  -1.900000000e+00  -2.150000000e+00  -3.000000000e-01
   59  -1.850000000e+00  -2.150000000e+00  -4.000000000e-01
   60  -1.900000000e+00  -2.150000000e+00  -6.500000000e-01
   61  -1.850000000e+00  -2.150000000e+00  -9.000000000e-01
   62  -1.650000000e+00  -2.150000000e+00  -1.050000000e+00
   63  -1.450000000e+00  -2.150000000e+00  -1.000000000e+00
   64  -1.300000000e+00  -2.150000000e+00  -9.000000000e-01
   65  -1.550000000e+00  -2.150000000e+00  -2.000000000e-01
   66  -2.250000000e+00  -2.150000000e+00   4.000000000e-01
   67  -2.850000000e+00  -2.150000000e+00   3.500000000e-01
   68  -2.750000000e+00  -2.150000000e+00  -1.000000000e-01
   69  -2.400000000e+00  -2.150000000e+00  -5.000000000e-01
   70  -2.150000000e+00  -2.150000000e+00  -7.500000000e-01
   71  -1.850000000e+00  -2.150000000e+00  -9.000000000e-01
   72  -1.650000000e+00  -2.150000000e+00  -9.500000000e-01
   73  -1.350000000e+00  -2.150000000e+00  -9.000000000e-01
   74  -1.550000000e+00  -2.000000000e+00  -1.100000000e+00
   75  -1.350000000e+00  -2.000000000e+00  -1.500000000e+00
   76  -1.250000000e+00  -2.000000000e+00  -5.500000000e-01
   77  -1.850000000e+00  -2.000000000e+00   5.000000000e-01
   78  -2.550000000e+00  -2.000000000e+00   9.000000000e-01
   79  -3.050000000e+00  -2.000000000e+00   7.500000000e-01
   80  -3.250000000e+00  -2.000000000e+00   3.500000000e-01
   81  -3.250000000e+00  -2.000000000e+00  -1.000000000e-01
   82  -3.050000000e+00  -2.000000000e+00  -4.500000000e-01
   83  -2.900000000e+00  -2.000000000e+00  -7.500000000e-01
   84  -2.700000000e+00  -2.000000000e+00  -1.050000000e+00
   85  -2.250000000e+00  -2.000000000e+00  -9.500000000e-01
   86  -1.950000000e+00  -2.000000000e+00  -7.000000000e-01
   87  -1.800000000e+00  -2.000000000e+00  -4.000000000e-01
   88  -1.750000000e+00  -2.000000000e+00  -5.000000000e-01
   89  -1.850000000e+00  -2.000000000e+00  -2.500000000e-01
   90  -2.250000000e+00  -2.000000000e+00   1.000000000e-01
   91  -2.700000000e+00  -2.000000000e+00   1.000000000e-01
   92  -2.700000000e+00  -2.000000000e+00  -2.000000000e-01
   93  -2.650000000e+00  -2.000000000e+00  -4.500000000e-01
   94  -2.600000000e+00  -2.000000000e+00  -7.500000000e-01
   95  -2.350000000e+00  -2.000000000e+00  -9.500000000e-01
   96  -2.050000000e+00  -2.000000000e+00  -1.000000000e+00
   97  -1.650000000e+00  -2.000000000e+00  -9.000000000e-01
   98  -1.700000000e+00  -1.850000000e+00  -7.000000000e-01
   99  -1.600000000e+00  -1.850000000e+00  -1.100000000e+00
  100  -1.600000000e+00  -1.850000000e+00  -2.000000000e-01
  101  -2.200000000e+00  -1.850000000e+00   7.500000000e-01
  102  -2.950000000e+00  -1.850000000e+00   1.100000000e+00
  103  -3.450000000e+00  -1.850000000e+00   8.500000000e-01
  104  -3.700000000e+00  -1.850000000e+00   4.500000000e-01
  105  -3.700000000e+00  -1.850000000e+00  -5.000000000e-02
  106  -3.550000000e+00  -1.850000000e+00  -4.000000000e-01
  107  -3.500000000e+00  -1.850000000e+00  -8.500000000e-01
  108  -3.250000000e+00  -1.850000000e+00  -1.250000000e+00
  109  -2.650000000e+00  -1.850000000e+00  -1.100000000e+00
  110  -2.250000000e+00  -1.850000000e+00  -6.500000000e-01
  111  -2.100000000e+00  -1.850000000e+00  -3.000000000e-01
  112  -2.100000000e+00  -1.850000000e+00  -4.000000000e-01
  113  -2.100000000e+00  -1.850000000e+00  -3.000000000e-01
  114  -2.450000000e+00  -1.850000000e+00   0.000000000e+00
  115  -2.900000000e+00  -1.850000000e+00   5.000000000e-02
  116  -2.950000000e+00  -1.850000000e+00  -1.500000000e-01
  117  -3.200000000e+00  -1.850000000e+00  -4.500000000e-01
  118  -3.350000000e+00  -1.850000000e+00  -9.000000000e-01
  119  -3.050000000e+00  -1.850000000e+00  -1.150000000e+00
  120  -2.550000000e+00  -1.850000000e+00  -1.250000000e+00
  121  -1.900000000e+00  -1.850000000e+00  -8.000000000e-01
  122  -1.600000000e+00  -1.700000000e+00  -6.000000000e-01
  123  -1.500000000e+00  -1.700000000e+00  -1.000000000e+00
  124  -1.500000000e+00  -1.700000000e+00  -3.500000000e-01
  125  -1.900000000e+00  -1.700000000e+00   4.500000000e-01
  126  -2.500000000e+00  -1.700000000e+00   8.000000000e-01
  127  -2.950000000e+00  -1.700000000e+00   7.000000000e-01
  128  -3.200000000e+00  -1.700000000e+00   4.000000000e-01
  129  -3.400000000e+00  -1.700000000e+00   5.000000000e-02
  130  -3.550000000e+00  -1.700000000e+00  -4.000000000e-01
  131  -3.600000000e+00  -1.700000000e+00  -9.500000000e-01
  132  -3.400000000e+00  -1.700000000e+00  -1.400000000e+00
  133  -2.750000000e+00  -1.700000000e+00  -1.300000000e+00
  134  -2.250000000e+00  -1.700000000e+00  -8.000000000e-01
  135  -2.050000000e+00  -1.700000000e+00  -4.000000000e-01
  136  -2.050000000e+00  -1.700000000e+00  -3.500000000e-01
  137  -2.150000000e+00  -1.700000000e+00  -5.000000000e-02
  138  -2.750000000e+00  -1.700000000e+00   4.000000000e-01
  139  -3.300000000e+00  -1.700000000e+00   3.500000000e-01
  140  -3.250000000e+00  -1.700000000e+00  -5.000000000e-02
  141  -3.050000000e+00  -1.700000000e+00  -4.000000000e-01
  142  -2.850000000e+00  -1.700000000e+00  -7.000000000e-01
  143  -2.550000000e+00  -1.700000000e+00  -8.500000000e-01
  144  -2.100000000e+00  -1.700000000e+00  -8.500000000e-01
  145  -1.650000000e+00  -1.700000000e+00  -4.500000000e-01
  146  -1.600000000e+00  -1.250000000e+00  -1.450000000e+00
  147  -1.250000000e+00  -1.250000000e+00  -2.000000000e+00
  148  -1.050000000e+00  -1.250000000e+00  -7.500000000e-01
  149  -1.500000000e+00  -1.250000000e+00   5.000000000e-01
  150  -2.350000000e+00  -1.250000000e+00   1.100000000e+00
  151  -2.850000000e+00  -1.250000000e+00   1.000000000e+00
  152  -3.000000000e+00  -1.250000000e+00   6.000000000e-01
  153  -2.900000000e+00  -1.250000000e+00   3.000000000e-01
  154  -2.700000000e+00  -1.250000000e+00   0.000000000e+00
  155  -2.600000000e+00  -1.250000000e+00  -2.000000000e-01
  156  -2.600000000e+00  -1.250000000e+00  -5.500000000e-01
  157  -2.250000000e+00  -1.250000000e+00  -5.500000000e-01
  158  -1.950000000e+00  -1.250000000e+00  -2.000000000e-01
  159  -1.850000000e+00  -1.250000000e+00   1.500000000e-01
  160  -1.950000000e+00  -1.250000000e+00   2.500000000e-01
  161  -2.250000000e+00  -1.250000000e+00   6.500000000e-01
  162  -3.150000000e+00  -1.250000000e+00   1.100000000e+00
  163  -3.800000000e+00  -1.250000000e+00   9.500000000e-01
  164  -3.500000000e+00  -1.250000000e+00   2.000000000e-01
  165  -2.550000000e+00  -1.250000000e+00  -2.500000000e-01
  166  -1.900000000e+00  -1.250000000e+00  -3.500000000e-01
  167  -1.700000000e+00  -1.250000000e+00  -3.500000000e-01
  168  -1.500000000e+00  -1.250000000e+00  -3.000000000e-01
  169  -1.500000000e+00  -1.250000000e+00  -5.000000000e-01
  170  -1.050000000e+00  -7.500000000e-01  -1.500000000e+00
  171  -7.000000000e-01  -7.500000000e-01  -1.500000000e+00
  172  -4.500000000e-01  -7.500000000e-01  -8.000000000e-01
  173  -7.500000000e-01  -7.500000000e-01   1.500000000e-01
  174  -1.250000000e+00  -7.500000000e-01   6.000000000e-01
  175  -1.550000000e+00  -7.500000000e-01   6.500000000e-01
  176  -1.650000000e+00  -7.500000000e-01   4.500000000e-01
  177  -1.500000000e+00  -7.500000000e-01   3.000000000e-01
  178  -1.300000000e+00  -7.500000000e-01   3.000000000e-01
  179  -1.250000000e+00  -7.500000000e-01   3.000000000e-01
  180  -1.350000000e+00  -7.500000000e-01   1.500000000e-01
  181  -1.400000000e+00  -7.500000000e-01   0.000000000e+00
  182  -1.350000000e+00  -7.500000000e-01   5.000000000e-02
  183  -1.300000000e+00  -7.500000000e-01   2.500000000e-01
  184  -1.400000000e+00  -7.500000000e-01   3.500000000e-01
  185  -1.700000000e+00  -7.500000000e-01   6.000000000e-01
  186  -2.400000000e+00  -7.500000000e-01   9.000000000e-01
  187  -2.950000000e+00  -7.500000000e-01   8.000000000e-01
  188  -2.750000000e+00  -7.500000000e-01   1.500000000e-01
  189  -2.100000000e+00  -7.500000000e-01  -2.500000000e-01
  190  -1.650000000e+00  -7.500000000e-01  -4.000000000e-01
  191  -1.450000000e+00  -7.500000000e-01  -5.000000000e-01
  192  -1.250000000e+00  -7.500000000e-01  -6.000000000e-01
  193  -1.100000000e+00  -7.500000000e-01  -8.000000000e-01
  194  -8.000000000e-01  -3.000000000e-01  -5.000000000e-01
  195  -7.000000000e-01  -3.000000000e-01  -5.000000000e-01
  196  -7.500000000e-01  -3.000000000e-01   0.000000000e+00
  197  -1.100000000e+00  -3.000000000e-01   7.500000000e-01
  198  -1.650000000e+00  -3.000000000e-01   1.000000000e+00
  199  -2.050000000e+00  -3.000000000e-01   8.500000000e-01
  200  -2.150000000e+00  -3.000000000e-01   5.500000000e-01
  201  -2.050000000e+00  -3.000000000e-01   3.000000000e-01
  202  -1.800000000e+00  -3.000000000e-01   1.000000000e-01
  203  -1.700000000e+00  -3.000000000e-01   0.000000000e+00
  204  -1.800000000e+00  -3.000000000e-01  -3.000000000e-01
  205  -1.750000000e+00  -3.000000000e-01  -6.000000000e-01
  206  -1.550000000e+00  -3.000000000e-01  -6.500000000e-01
  207  -1.300000000e+00  -3.000000000e-01  -5.500000000e-01
  208  -1.250000000e+00  -3.000000000e-01  -4.000000000e-01
  209  -1.250000000e+00  -3.000000000e-01  -1.500000000e-01
  210  -1.700000000e+00  -3.000000000e-01   2.500000000e-01
  211  -2.100000000e+00  -3.000000000e-01   2.500000000e-01
  212  -2.000000000e+00  -3.000000000e-01  -5.000000000e-02
  213  -1.750000000e+00  -3.000000000e-01  -3.000000000e-01
  214  -1.600000000e+00  -3.000000000e-01  -4.500000000e-01
  215  -1.400000000e+00  -3.000000000e-01  -5.500000000e-01
  216  -1.150000000e+00  -3.000000000e-01  -5.000000000e-01
  217  -8.500000000e-01  -3.000000000e-01  -3.500000000e-01
  218  -6.500000000e-01   2.000000000e-01  -5.000000000e-01
  219  -6.000000000e-01   2.000000000e-01   0.000000000e+00
  220  -8.000000000e-01   2.000000000e-01   5.000000000e-01
  221  -1.450000000e+00   2.000000000e-01   2.000000000e+00
  222  -2.300000000e+00   2.000000000e-01   2.000000000e+00
  223  -2.900000000e+00   2.000000000e-01   2.000000000e+00
  224  -3.000000000e+00   2.000000000e-01   1.000000000e+00
  225  -2.600000000e+00   2.000000000e-01   4.500000000e-01
  226  -2.100000000e+00   2.000000000e-01   2.000000000e-01
  227  -1.700000000e+00   2.000000000e-01   1.500000000e-01
  228  -1.650000000e+00   2.000000000e-01   0.000000000e+00
  229  -1.500000000e+00   2.000000000e-01  -1.000000000e-01
  230  -1.350000000e+00   2.000000000e-01   1.000000000e-01
  231  -1.300000000e+00   2.000000000e-01   3.000000000e-01
  232  -1.400000000e+00   2.000000000e-01   3.500000000e-01
  233  -1.150000000e+00   2.000000000e-01  -2.500000000e-01
  234  -8.500000000e-01   2.000000000e-01  -4.500000000e-01
  235  -7.000000000e-01   2.000000000e-01  -3.500000000e-01
  236  -9.500000000e-01   2.000000000e-01  -2.000000000e-01
  237  -1.550000000e+00   2.000000000e-01  -1.500000000e-01
  238  -1.800000000e+00   2.000000000e-01  -4.000000000e-01
  239  -1.600000000e+00   2.000000000e-01  -5.500000000e-01
  240  -1.250000000e+00   2.000000000e-01  -5.500000000e-01
  241  -8.500000000e-01   2.000000000e-01  -3.000000000e-01
  242  -8.500000000e-01   6.500000000e-01   0.000000000e+00
  243  -1.000000000e+00   6.500000000e-01   5.000000000e-01
  244  -1.350000000e+00   6.500000000e-01   1.000000000e+00
  245  -2.050000000e+00   6.500000000e-01   1.500000000e+00
  246  -2.850000000e+00   6.500000000e-01   1.500000000e+00
  247  -3.400000000e+00   6.500000000e-01   1.000000000e+00
  248  -3.450000000e+00   6.500000000e-01   5.000000000e-01
  249  -3.050000000e+00   6.500000000e-01   0.000000000e+00
  250  -2.550000000e+00   6.500000000e-01   0.000000000e+00
  251  -2.150000000e+00   6.500000000e-01  -1.000000000e-01
  252  -2.350000000e+00   6.500000000e-01  -5.000000000e-01
  253  -2.500000000e+00   6.500000000e-01  -1.300000000e+00
  254  -2.100000000e+00   6.500000000e-01  -1.750000000e+00
  255  -1.650000000e+00   6.500000000e-01  -1.800000000e+00
  256  -1.250000000e+00   6.500000000e-01  -1.600000000e+00
  257  -1.000000000e+00   6.500000000e-01  -1.250000000e+00
  258  -1.350000000e+00   6.500000000e-01  -5.500000000e-01
  259  -1.900000000e+00   6.500000000e-01  -1.500000000e-01
  260  -2.000000000e+00   6.500000000e-01  -2.500000000e-01
  261  -2.400000000e+00   6.500000000e-01  -3.500000000e-01
  262  -2.300000000e+00   6.500000000e-01  -6.000000000e-01
  263  -1.950000000e+00   6.500000000e-01  -7.000000000e-01
  264  -1.450000000e+00   6.500000000e-01  -5.500000000e-01
  265  -8.500000000e-01   6.500000000e-01   5.000000000e-01
C Region List
