C PointsNum,MaxElemVol,TetGenParams,nAtrib,IndMov,MDMaxVolume,MDomDiv,MDOnly,MDDivF,MDPrescP
  395    1.000000e+00 YYpznno2q1.414a     0     0    1.000000e+00     1     0     0     0     0     0 YYpznno2q1.414a
  -2.232148000e-01  -8.623570000e+00  -3.318100000e-02
   6.087710000e-02  -8.147820000e+00   7.949840000e-01
  -1.594590000e-01  -8.147820000e+00   8.500480000e-01
  -3.988280000e-01  -8.147820000e+00   8.652330000e-01
  -6.572570000e-01  -8.147820000e+00   8.352300000e-01
  -9.124580000e-01  -8.147820000e+00   7.248930000e-01
  -1.085834000e+00  -8.147820000e+00   5.064290000e-01
  -1.134789000e+00  -8.147820000e+00   2.320960000e-01
  -1.100068000e+00  -8.147820000e+00  -2.978800000e-02
  -1.023557000e+00  -8.147820000e+00  -2.617610000e-01
  -9.180870000e-01  -8.147820000e+00  -4.698680000e-01
  -7.795420000e-01  -8.147820000e+00  -6.537370000e-01
  -6.007010000e-01  -8.147820000e+00  -8.035250000e-01
  -3.911229000e-01  -8.147820000e+00  -9.153890000e-01
  -1.524480000e-01  -8.147820000e+00  -9.748340000e-01
   9.534400000e-02  -8.147820000e+00  -9.493610000e-01
   2.994660000e-01  -8.147820000e+00  -8.074930000e-01
   4.405370000e-01  -8.147820000e+00  -6.168660000e-01
   5.377250000e-01  -8.147820000e+00  -4.224650000e-01
   5.851810000e-01  -8.147820000e+00  -2.209040000e-01
   5.384040000e-01  -8.147820000e+00  -2.290200000e-02
   4.679050000e-01  -8.147820000e+00   1.442130000e-01
   3.951650000e-01  -8.147820000e+00   2.953840000e-01
   3.217470000e-01  -8.147820000e+00   4.560700000e-01
   2.236420000e-01  -8.147820000e+00   6.369680000e-01
   9.191660000e-02  -7.672070000e+00   1.136310000e+00
  -2.164520000e-01  -7.672070000e+00   1.204125000e+00
  -5.396990000e-01  -7.672070000e+00   1.190763000e+00
  -8.644050000e-01  -7.672070000e+00   1.105935000e+00
  -1.165928000e+00  -7.672070000e+00   9.316800000e-01
  -1.377520000e+00  -7.672070000e+00   6.523960000e-01
  -1.463600000e+00  -7.672070000e+00   3.156132000e-01
  -1.456030000e+00  -7.672070000e+00  -2.001500000e-02
  -1.384650000e+00  -7.672070000e+00  -3.338790000e-01
  -1.257598000e+00  -7.672070000e+00  -6.239010000e-01
  -1.065129000e+00  -7.672070000e+00  -8.753400000e-01
  -8.127920000e-01  -7.672070000e+00  -1.064840000e+00
  -5.220834000e-01  -7.672070000e+00  -1.190650000e+00
  -2.068710000e-01  -7.672070000e+00  -1.247470000e+00
   1.125210000e-01  -7.672070000e+00  -1.205909000e+00
   3.719010000e-01  -7.672070000e+00  -1.016371000e+00
   5.457500000e-01  -7.672070000e+00  -7.669380000e-01
   6.661340000e-01  -7.672070000e+00  -5.162580000e-01
   7.289860000e-01  -7.672070000e+00  -2.623868000e-01
   6.852410000e-01  -7.672070000e+00  -1.179700000e-02
   6.041710000e-01  -7.672070000e+00   2.073610000e-01
   5.176970000e-01  -7.672070000e+00   4.093930000e-01
   4.325450000e-01  -7.672070000e+00   6.347270000e-01
   3.129450000e-01  -7.672070000e+00   9.010340000e-01
   9.372900000e-02  -7.189310000e+00   1.384160000e+00
  -2.759520000e-01  -7.189310000e+00   1.449930000e+00
  -6.567170000e-01  -7.189310000e+00   1.425374000e+00
  -1.037431000e+00  -7.189310000e+00   1.319688000e+00
  -1.388160000e+00  -7.189310000e+00   1.112894000e+00
  -1.640030000e+00  -7.189310000e+00   7.870600000e-01
  -1.758430000e+00  -7.189310000e+00   3.965288000e-01
  -1.771910000e+00  -7.189310000e+00  -2.319000000e-03
  -1.705080000e+00  -7.189310000e+00  -3.865190000e-01
  -1.560860000e+00  -7.189310000e+00  -7.480640000e-01
  -1.323643000e+00  -7.189310000e+00  -1.057050000e+00
  -1.002412000e+00  -7.189310000e+00  -1.275200000e+00
  -6.422710000e-01  -7.189310000e+00  -1.404670000e+00
  -2.650850000e-01  -7.189310000e+00  -1.449310000e+00
   1.093810000e-01  -7.189310000e+00  -1.390105000e+00
   3.979140000e-01  -7.189310000e+00  -1.142656000e+00
   5.722660000e-01  -7.189310000e+00  -8.312660000e-01
   6.898670000e-01  -7.189310000e+00  -5.461500000e-01
   7.801260000e-01  -7.189310000e+00  -2.734712000e-01
   7.980710000e-01  -7.189310000e+00   7.617000000e-03
   7.531910000e-01  -7.189310000e+00   2.821430000e-01
   6.570120000e-01  -7.189310000e+00   5.438120000e-01
   5.444670000e-01  -7.189310000e+00   8.253000000e-01
   3.773980000e-01  -7.189310000e+00   1.135800000e+00
   9.609400000e-02  -6.710560000e+00   1.577210000e+00
  -3.247960000e-01  -6.710560000e+00   1.637460000e+00
  -7.500470000e-01  -6.710560000e+00   1.595660000e+00
  -1.165810000e+00  -6.710560000e+00   1.464637000e+00
  -1.548090000e+00  -6.710560000e+00   1.228342000e+00
  -1.825580000e+00  -6.710560000e+00   8.705060000e-01
  -1.981380000e+00  -6.710560000e+00   4.477276000e-01
  -2.037640000e+00  -6.710560000e+00   2.153000000e-03
  -2.001630000e+00  -6.710560000e+00  -4.492860000e-01
  -1.855090000e+00  -6.710560000e+00  -8.864600000e-01
  -1.569030000e+00  -6.710560000e+00  -1.250750000e+00
  -1.169791000e+00  -6.710560000e+00  -1.478720000e+00
  -7.399060000e-01  -6.710560000e+00  -1.589640000e+00
  -3.124300000e-01  -6.710560000e+00  -1.608400000e+00
   1.001550000e-01  -6.710560000e+00  -1.530250000e+00
   4.168320000e-01  -6.710560000e+00  -1.254010000e+00
   6.024680000e-01  -6.710560000e+00  -9.045840000e-01
   7.280970000e-01  -6.710560000e+00  -5.896180000e-01
   8.359920000e-01  -6.710560000e+00  -2.962724000e-01
   8.925360000e-01  -6.710560000e+00   1.365700000e-02
   8.738740000e-01  -6.710560000e+00   3.328790000e-01
   7.696160000e-01  -6.710560000e+00   6.422490000e-01
   6.336960000e-01  -6.710560000e+00   9.677100000e-01
   4.279540000e-01  -6.710560000e+00   1.312800000e+00
   9.579500000e-02  -6.230800000e+00   1.726060000e+00
  -3.635600000e-01  -6.230800000e+00   1.787910000e+00
  -8.284370000e-01  -6.230800000e+00   1.740890000e+00
  -1.282770000e+00  -6.230800000e+00   1.599361000e+00
  -1.701770000e+00  -6.230800000e+00   1.344382000e+00
  -2.008940000e+00  -6.230800000e+00   9.558580000e-01
  -2.186730000e+00  -6.230800000e+00   4.938001000e-01
  -2.261890000e+00  -6.230800000e+00   3.453000000e-03
  -2.232990000e+00  -6.230800000e+00  -4.992160000e-01
  -2.076810000e+00  -6.230800000e+00  -9.908100000e-01
  -1.752990000e+00  -6.230800000e+00  -1.394390000e+00
  -1.298682000e+00  -6.230800000e+00  -1.632810000e+00
  -8.182050000e-01  -6.230800000e+00  -1.734370000e+00
  -3.509680000e-01  -6.230800000e+00  -1.741200000e+00
   9.551700000e-02  -6.230800000e+00  -1.654170000e+00
   4.425360000e-01  -6.230800000e+00  -1.360940000e+00
   6.460970000e-01  -6.230800000e+00  -9.848540000e-01
   7.855120000e-01  -6.230800000e+00  -6.428530000e-01
   9.070680000e-01  -6.230800000e+00  -3.221999000e-01
   9.759090000e-01  -6.230800000e+00   1.600600000e-02
   9.606970000e-01  -6.230800000e+00   3.693950000e-01
   8.464360000e-01  -6.230800000e+00   7.124410000e-01
   6.923280000e-01  -6.230800000e+00   1.069280000e+00
   4.628210000e-01  -6.230800000e+00   1.444470000e+00
   8.216100000e-02  -5.752050000e+00   1.854360000e+00
  -4.082700000e-01  -5.752050000e+00   1.927020000e+00
  -9.111100000e-01  -5.752050000e+00   1.894090000e+00
  -1.415750000e+00  -5.752050000e+00   1.762486000e+00
  -1.891280000e+00  -5.752050000e+00   1.498312000e+00
  -2.238130000e+00  -5.752050000e+00   1.072111000e+00
  -2.428210000e+00  -5.752050000e+00   5.555741000e-01
  -2.490890000e+00  -5.752050000e+00   1.278000000e-02
  -2.438590000e+00  -5.752050000e+00  -5.333500000e-01
  -2.254430000e+00  -5.752050000e+00  -1.058020000e+00
  -1.902250000e+00  -5.752050000e+00  -1.491450000e+00
  -1.411796000e+00  -5.752050000e+00  -1.744080000e+00
  -8.948390000e-01  -5.752050000e+00  -1.849270000e+00
  -3.945400000e-01  -5.752050000e+00  -1.851720000e+00
   8.366000000e-02  -5.752050000e+00  -1.761900000e+00
   4.607640000e-01  -5.752050000e+00  -1.458030000e+00
   6.835960000e-01  -5.752050000e+00  -1.055870000e+00
   8.366100000e-01  -5.752050000e+00  -6.871370000e-01
   9.677430000e-01  -5.752050000e+00  -3.394259000e-01
   1.040371000e+00  -5.752050000e+00   2.732700000e-02
   1.020744000e+00  -5.752050000e+00   4.086150000e-01
   8.964040000e-01  -5.752050000e+00   7.768170000e-01
   7.284280000e-01  -5.752050000e+00   1.160310000e+00
   4.797446000e-01  -5.752050000e+00   1.560250000e+00
   7.439600000e-02  -4.810630000e+00   2.190170000e+00
  -4.884260000e-01  -4.810630000e+00   2.273810000e+00
  -1.064000000e+00  -4.810630000e+00   2.232470000e+00
  -1.639710000e+00  -4.810630000e+00   2.076270000e+00
  -2.179240000e+00  -4.810630000e+00   1.771446000e+00
  -2.577890000e+00  -4.810630000e+00   1.286322000e+00
  -2.778560000e+00  -4.810630000e+00   6.921583000e-01
  -2.819340000e+00  -4.810630000e+00   7.714500000e-02
  -2.732450000e+00  -4.810630000e+00  -5.257300000e-01
  -2.513690000e+00  -4.810630000e+00  -1.097930000e+00
  -2.133530000e+00  -4.810630000e+00  -1.579320000e+00
  -1.595278000e+00  -4.810630000e+00  -1.861530000e+00
  -1.023604000e+00  -4.810630000e+00  -1.973040000e+00
  -4.725888000e-01  -4.810630000e+00  -1.968430000e+00
   5.154000000e-02  -4.810630000e+00  -1.867680000e+00
   4.558500000e-01  -4.810630000e+00  -1.520296000e+00
   6.746460000e-01  -4.810630000e+00  -1.059510000e+00
   8.237600000e-01  -4.810630000e+00  -6.596590000e-01
   9.702810000e-01  -4.810630000e+00  -2.958417000e-01
   1.088008000e+00  -4.810630000e+00   9.304400000e-02
   1.099447000e+00  -4.810630000e+00   5.166880000e-01
   9.722810000e-01  -4.810630000e+00   9.330430000e-01
   7.999780000e-01  -4.810630000e+00   1.377170000e+00
   5.276162900e-01  -4.810630000e+00   1.848440000e+00
   7.784700000e-02  -3.869210000e+00   2.502100000e+00
  -5.469590000e-01  -3.869210000e+00   2.603100000e+00
  -1.186980000e+00  -3.869210000e+00   2.554090000e+00
  -1.821220000e+00  -3.869210000e+00   2.366630000e+00
  -2.410990000e+00  -3.869210000e+00   2.026959000e+00
  -2.846310000e+00  -3.869210000e+00   1.493271000e+00
  -3.021540000e+00  -3.869210000e+00   8.235661000e-01
  -2.988270000e+00  -3.869210000e+00   1.597740000e-01
  -2.825900000e+00  -3.869210000e+00  -4.534400000e-01
  -2.564050000e+00  -3.869210000e+00  -1.010330000e+00
  -2.194520000e+00  -3.869210000e+00  -1.499850000e+00
  -1.678200000e+00  -3.869210000e+00  -1.822790000e+00
  -1.104153000e+00  -3.869210000e+00  -1.976030000e+00
  -5.296358000e-01  -3.869210000e+00  -1.999100000e+00
   2.636200000e-02  -3.869210000e+00  -1.904070000e+00
   4.443120000e-01  -3.869210000e+00  -1.516900000e+00
   6.437290000e-01  -3.869210000e+00  -1.003666000e+00
   7.813270000e-01  -3.869210000e+00  -5.859530000e-01
   9.319830000e-01  -3.869210000e+00  -2.184339000e-01
   1.067012000e+00  -3.869210000e+00   1.756240000e-01
   1.070208000e+00  -3.869210000e+00   6.066060000e-01
   9.579370000e-01  -3.869210000e+00   1.040660000e+00
   8.141460000e-01  -3.869210000e+00   1.532350000e+00
   5.607498000e-01  -3.869210000e+00   2.088890000e+00
   5.440300000e-02  -2.927800000e+00   2.716380000e+00
  -6.180400000e-01  -2.927800000e+00   2.824140000e+00
  -1.306120000e+00  -2.927800000e+00   2.773500000e+00
  -1.983750000e+00  -2.927800000e+00   2.565610000e+00
  -2.609220000e+00  -2.927800000e+00   2.192050000e+00
  -3.071390000e+00  -2.927800000e+00   1.617489000e+00
  -3.262530000e+00  -2.927800000e+00   9.044598000e-01
  -3.233860000e+00  -2.927800000e+00   1.948740000e-01
  -3.061750000e+00  -2.927800000e+00  -4.626500000e-01
  -2.782310000e+00  -2.927800000e+00  -1.061250000e+00
  -2.386030000e+00  -2.927800000e+00  -1.586020000e+00
  -1.824910000e+00  -2.927800000e+00  -1.920590000e+00
  -1.205597000e+00  -2.927800000e+00  -2.060180000e+00
  -5.999577000e-01  -2.927800000e+00  -2.061940000e+00
  -2.102800000e-02  -2.927800000e+00  -1.952580000e+00
   4.254200000e-01  -2.927800000e+00  -1.568560000e+00
   6.250360000e-01  -2.927800000e+00  -1.018692000e+00
   7.589280000e-01  -2.927800000e+00  -5.770050000e-01
   9.158160000e-01  -2.927800000e+00  -1.965402000e-01
   1.063447000e+00  -2.927800000e+00   2.111120000e-01
   1.060271000e+00  -2.927800000e+00   6.590300000e-01
   9.583320000e-01  -2.927800000e+00   1.117390000e+00
   8.257340000e-01  -2.927800000e+00   1.650720000e+00
   5.725627000e-01  -2.927800000e+00   2.267660000e+00
   3.674000000e-03  -1.986380000e+00   2.811200000e+00
  -6.972400000e-01  -1.986380000e+00   2.939590000e+00
  -1.420650000e+00  -1.986380000e+00   2.895840000e+00
  -2.145030000e+00  -1.986380000e+00   2.698580000e+00
  -2.819820000e+00  -1.986380000e+00   2.319100000e+00
  -3.311740000e+00  -1.986380000e+00   1.704914000e+00
  -3.509190000e+00  -1.986380000e+00   9.438790000e-01
  -3.473510000e+00  -1.986380000e+00   1.885710000e-01
  -3.288080000e+00  -1.986380000e+00  -5.088800000e-01
  -2.986990000e+00  -1.986380000e+00  -1.140780000e+00
  -2.565350000e+00  -1.986380000e+00  -1.693770000e+00
  -1.968730000e+00  -1.986380000e+00  -2.039960000e+00
  -1.312326000e+00  -1.986380000e+00  -2.173930000e+00
  -6.774214000e-01  -1.986380000e+00  -2.166160000e+00
  -7.418200000e-02  -1.986380000e+00  -2.050220000e+00
   4.089560000e-01  -1.986380000e+00  -1.681400000e+00
   6.278180000e-01  -1.986380000e+00  -1.105149000e+00
   7.607020000e-01  -1.986380000e+00  -6.285870000e-01
   9.030850000e-01  -1.986380000e+00  -2.201210000e-01
   1.008493000e+00  -1.986380000e+00   2.064430000e-01
   9.725080000e-01  -1.986380000e+00   6.510710000e-01
   8.827980000e-01  -1.986380000e+00   1.114003000e+00
   7.751820000e-01  -1.986380000e+00   1.672410000e+00
   5.405200000e-01  -1.986380000e+00   2.342870000e+00
  -1.217900000e-01  -1.044960000e+00   2.811430000e+00
  -8.225300000e-01  -1.044960000e+00   2.937250000e+00
  -1.554820000e+00  -1.044960000e+00   2.920690000e+00
  -2.302170000e+00  -1.044960000e+00   2.752630000e+00
  -3.008020000e+00  -1.044960000e+00   2.366420000e+00
  -3.520340000e+00  -1.044960000e+00   1.742011000e+00
  -3.751630000e+00  -1.044960000e+00   9.732550000e-01
  -3.763860000e+00  -1.044960000e+00   1.805820000e-01
  -3.610810000e+00  -1.044960000e+00  -5.695900000e-01
  -3.314140000e+00  -1.044960000e+00  -1.264100000e+00
  -2.844750000e+00  -1.044960000e+00  -1.857330000e+00
  -2.161720000e+00  -1.044960000e+00  -2.166720000e+00
  -1.444790000e+00  -1.044960000e+00  -2.204320000e+00
  -8.031575000e-01  -1.044960000e+00  -2.114430000e+00
  -2.254030000e-01  -1.044960000e+00  -1.963230000e+00
   2.807660000e-01  -1.044960000e+00  -1.684300000e+00
   5.329660000e-01  -1.044960000e+00  -1.142344000e+00
   6.582030000e-01  -1.044960000e+00  -6.489380000e-01
   7.748350000e-01  -1.044960000e+00  -2.257450000e-01
   8.165370000e-01  -1.044960000e+00   1.990410000e-01
   7.583420000e-01  -1.044960000e+00   6.197110000e-01
   7.014740000e-01  -1.044960000e+00   1.074519000e+00
   6.384980000e-01  -1.044960000e+00   1.653540000e+00
   4.362020000e-01  -1.044960000e+00   2.370830000e+00
  -2.666040000e-01  -3.545410000e-01   2.782920000e+00
   3.231790000e-01  -3.545410000e-01   2.417500000e+00
   5.211060000e-01  -3.545410000e-01   1.673330000e+00
   5.407300000e-01  -3.545410000e-01   1.059040000e+00
   5.603140000e-01  -3.545410000e-01   6.018270000e-01
   6.026230000e-01  -3.545410000e-01   1.965790000e-01
   5.899060000e-01  -3.545410000e-01  -2.152940000e-01
   4.982870000e-01  -3.545410000e-01  -6.392310000e-01
   3.941980000e-01  -3.545410000e-01  -1.143210000e+00
   1.012500000e-01  -3.545410000e-01  -1.614150000e+00
  -3.968090000e-01  -3.545410000e-01  -1.843640000e+00
  -9.418674000e-01  -3.545410000e-01  -2.043830000e+00
  -1.588604000e+00  -3.545410000e-01  -2.226930000e+00
  -2.378150000e+00  -3.545410000e-01  -2.308170000e+00
  -3.175530000e+00  -3.545410000e-01  -2.047460000e+00
  -3.692070000e+00  -3.545410000e-01  -1.403760000e+00
  -3.969710000e+00  -3.545410000e-01  -6.313500000e-01
  -4.060550000e+00  -3.545410000e-01   1.738050000e-01
  -3.983280000e+00  -3.545410000e-01   9.907060000e-01
  -3.705580000e+00  -3.545410000e-01   1.771634000e+00
  -3.181310000e+00  -3.545410000e-01   2.408010000e+00
  -2.455820000e+00  -3.545410000e-01   2.777920000e+00
  -1.694320000e+00  -3.545410000e-01   2.926490000e+00
  -9.604100000e-01  -3.545410000e-01   2.923470000e+00
  -2.644010000e+00  -3.841410000e-01  -1.694560000e+00
  -3.168700000e+00  -3.807410000e-01  -1.415080000e+00
  -1.494620000e+00  -3.786410000e-01   2.586280000e+00
  -1.051880000e+00  -3.915410000e-01   2.280420000e+00
  -2.404380000e+00  -4.232410000e-01   6.466180000e-01
  -2.345130000e+00  -4.207410000e-01   9.631075000e-01
  -1.987400000e+00  -4.241410000e-01   9.423108000e-01
  -8.784957000e-01  -3.796410000e-01  -1.664020000e+00
  -2.006390000e+00  -4.286410000e-01   1.934400000e-01
  -1.629660000e+00  -4.267410000e-01   9.205140000e-01
  -1.330120000e+00  -4.276410000e-01   2.095310000e-01
  -2.887880000e+00  -4.090410000e-01   9.703400000e-01
  -2.980460000e+00  -4.108410000e-01   3.425950000e-01
  -3.483710000e+00  -3.891410000e-01   6.490870000e-01
  -2.866280000e+00  -3.953410000e-01   1.678005000e+00
  -3.045140000e+00  -3.962410000e-01   1.390366000e+00
  -3.005800000e+00  -3.914410000e-01   1.640249000e+00
  -3.144840000e-01  -3.862410000e-01   2.039377000e+00
  -9.406630000e-01  -4.119410000e-01   1.530407000e+00
  -2.234850000e+00  -4.015410000e-01  -1.369060000e+00
  -2.132510000e+00  -4.092410000e-01  -1.132610000e+00
  -1.913948000e+00  -4.068410000e-01  -1.244360000e+00
  -2.001600000e+00  -4.099410000e-01   1.757501000e+00
  -1.822220000e+00  -3.965410000e-01   2.204297000e+00
  -1.745530000e+00  -4.051410000e-01   1.965365000e+00
  -3.381570000e+00  -3.873410000e-01  -8.071400000e-01
  -2.709030000e+00  -4.047410000e-01  -1.000380000e+00
  -1.373793000e+00  -3.842410000e-01  -1.733390000e+00
  -1.695384000e+00  -4.041410000e-01  -1.352120000e+00
  -1.096830000e+00  -3.997410000e-01  -1.331060000e+00
  -2.137260000e+00  -3.914410000e-01   2.251328000e+00
  -1.970630000e+00  -3.778410000e-01   2.557950000e+00
  -1.896230000e+00  -3.873410000e-01   2.391120000e+00
  -1.997533000e+00  -3.846410000e-01  -1.803810000e+00
  -2.447300000e+00  -3.843410000e-01   2.288359000e+00
  -1.335910000e-01  -3.794410000e-01  -1.195588000e+00
  -2.310000000e-02  -3.844410000e-01  -7.204960000e-01
   1.804690000e-01  -3.818410000e-01  -2.248800000e-02
  -2.548640000e+00  -4.215410000e-01   1.045240000e-01
  -2.935940000e+00  -4.099410000e-01  -3.013200000e-01
   2.273410000e-02  -3.898410000e-01   7.859250000e-01
  -3.540170000e-01  -4.068410000e-01   2.618570000e-01
  -3.318190000e+00  -3.873410000e-01   1.314854900e+00
  -3.505480000e+00  -3.895410000e-01  -7.901100000e-02
  -5.149150000e-01  -3.829410000e-01  -1.450360000e+00
  -6.683240000e-01  -4.038410000e-01  -9.142900000e-01
   1.559210000e-01  -3.784410000e-01   1.542704000e+00
  -3.452530000e-01  -4.007410000e-01   1.346561000e+00
  -2.340730000e+00  -4.216410000e-01  -3.804780000e-01
  -2.648810000e+00  -3.964410000e-01   1.849350000e+00
  -2.766090000e+00  -4.035410000e-01   1.465877000e+00
  -1.022815000e+00  -4.111410000e-01  -8.854400000e-01
  -1.043265000e+00  -4.162410000e-01  -6.280790000e-01
  -1.309250000e+00  -4.133410000e-01   1.615920000e+00
  -1.351860000e+00  -4.041410000e-01   1.978426000e+00
  -1.148060000e+00  -4.083410000e-01   1.761916000e+00
  -2.388730000e+00  -3.946410000e-01   2.063463000e+00
  -2.548060000e+00  -3.906410000e-01   2.073855000e+00
  -2.327150000e+00  -4.043410000e-01   1.818567000e+00
  -2.286890000e+00  -4.174410000e-01   1.275597000e+00
  -2.528490000e+00  -4.113410000e-01   1.375737000e+00
  -1.856850000e+00  -4.276410000e-01  -8.634700000e-02
  -2.099290000e+00  -4.251410000e-01  -2.324130000e-01
  -1.704300000e+00  -4.258410000e-01  -3.581340000e-01
  -1.520210000e+00  -4.274410000e-01  -7.730200000e-02
  -1.289463000e+00  -4.245410000e-01  -2.200090000e-01
  -7.519880000e-01  -4.175410000e-01   7.537197000e-01
  -1.649820000e+00  -3.882410000e-01   2.395290000e+00
  -1.352550000e+00  -3.901410000e-01   2.337850000e+00
  -2.028180000e+00  -4.159410000e-01  -9.051600000e-01
  -1.704241000e+00  -4.168410000e-01  -8.853800000e-01
  -1.703813000e+00  -4.108410000e-01  -1.120750000e+00
  -1.645350000e+00  -4.207410000e-01   1.312974000e+00
  -1.294110000e+00  -4.169410000e-01   1.429191000e+00
  -4.488590000e-01  -4.069410000e-01  -2.856780000e-01
  -2.591380000e+00  -4.143410000e-01   1.117968780e+00
  -2.497380000e+00  -4.189410000e-01   8.842930000e-01
  -2.186450000e+00  -4.192410000e-01  -6.498200000e-01
  -2.370600000e+00  -4.113410000e-01  -9.502700000e-01
  -2.357160000e+00  -4.167410000e-01  -6.693700000e-01
  -1.978470000e+00  -4.167410000e-01   1.486015000e+00
  -1.967620000e+00  -4.198410000e-01   1.299286000e+00
  -2.967470000e+00  -3.863410000e-01   1.880132000e+00
  -7.916610000e-01  -4.189410000e-01   1.127900000e-01
  -7.502870000e-01  -4.149410000e-01  -3.201970000e-01
  -1.240567000e+00  -4.081410000e-01  -1.120330000e+00
  -1.061322000e+00  -4.056410000e-01  -1.117750000e+00
  -1.546302000e+00  -4.213410000e-01  -6.288600000e-01
  -1.786740000e+00  -4.192410000e-01  -7.625100000e-01
  -1.587840000e+00  -4.005410000e-01   2.101361000e+00
  -2.231210000e+00  -3.981410000e-01   2.039948000e+00
  -1.197418000e+00  -4.247410000e-01  -8.109300000e-02
  -9.266880000e-01  -4.203410000e-01  -1.264630000e-01
  -1.945880000e+00  -4.230410000e-01  -5.014800000e-01
  -1.546845000e+00  -4.106410000e-01  -1.112860000e+00
  -1.470976000e+00  -4.067410000e-01  -1.230720000e+00
  -1.059716000e+00  -4.208410000e-01  -3.597170000e-01
  -7.098060000e-01  -4.095410000e-01  -6.197420000e-01
  -1.762800000e+00  -4.283410000e-01   5.756900000e-02
  -1.224510000e+00  -4.188410000e-01  -6.226560000e-01
  -1.304009000e+00  -4.215410000e-01  -4.927910000e-01
  -1.672040000e+00  -4.130410000e-01   1.696434000e+00
  -1.383305000e+00  -4.156410000e-01  -8.785900000e-01
  -2.022510000e+00  -4.244410000e-01  -3.683060000e-01
  -2.547620000e+00  -4.045410000e-01   1.647222000e+00
  -2.827980000e+00  -4.066410000e-01   1.218108900e+00
C Number of facets
  786
C  Size  Node 1  ......Node N Marker
    3    0    1    2    3
    3    0    2    3    3
    3    0    3    4    3
    3    0    4    5    3
    3    0    5    6    3
    3    0    6    7    3
    3    0    7    8    3
    3    0    8    9    3
    3    0    9   10    3
    3    0   10   11    3
    3    0   11   12    3
    3    0   12   13    3
    3    0   13   14    3
    3    0   14   15    3
    3    0   15   16    3
    3    0   16   17    3
    3    0   17   18    3
    3    0   18   19    3
    3    0   19   20    3
    3    0   20   21    3
    3    0   21   22    3
    3    0   22   23    3
    3    0   23   24    3
    3    0   24    1    3
    3    1   25   26    3
    3    1   26    2    3
    3    2   26   27    3
    3    2   27    3    3
    3    3   27   28    3
    3    3   28    4    3
    3    4   28   29    3
    3    4   29    5    3
    3    5   29   30    3
    3    5   30    6    3
    3    6   30   31    3
    3    6   31    7    3
    3    7   31   32    3
    3    7   32    8    3
    3    8   32   33    3
    3    8   33    9    3
    3    9   33   34    3
    3    9   34   10    3
    3   10   34   35    3
    3   10   35   11    3
    3   11   35   36    3
    3   11   36   12    3
    3   12   36   37    3
    3   12   37   13    3
    3   13   37   38    3
    3   13   38   14    3
    3   14   38   39    3
    3   14   39   15    3
    3   15   39   40    3
    3   15   40   16    3
    3   16   40   41    3
    3   16   41   17    3
    3   17   41   42    3
    3   17   42   18    3
    3   18   42   43    3
    3   18   43   19    3
    3   19   43   44    3
    3   19   44   20    3
    3   20   44   45    3
    3   20   45   21    3
    3   21   45   46    3
    3   21   46   22    3
    3   22   46   47    3
    3   22   47   23    3
    3   23   47   48    3
    3   23   48   24    3
    3   24   48   25    3
    3   24   25    1    3
    3   25   49   50    3
    3   25   50   26    3
    3   26   50   51    3
    3   26   51   27    3
    3   27   51   52    3
    3   27   52   28    3
    3   28   52   53    3
    3   28   53   29    3
    3   29   53   54    3
    3   29   54   30    3
    3   30   54   55    3
    3   30   55   31    3
    3   31   55   56    3
    3   31   56   32    3
    3   32   56   57    3
    3   32   57   33    3
    3   33   57   58    3
    3   33   58   34    3
    3   34   58   59    3
    3   34   59   35    3
    3   35   59   60    3
    3   35   60   36    3
    3   36   60   61    3
    3   36   61   37    3
    3   37   61   62    3
    3   37   62   38    3
    3   38   62   63    3
    3   38   63   39    3
    3   39   63   64    3
    3   39   64   40    3
    3   40   64   65    3
    3   40   65   41    3
    3   41   65   66    3
    3   41   66   42    3
    3   42   66   67    3
    3   42   67   43    3
    3   43   67   68    3
    3   43   68   44    3
    3   44   68   69    3
    3   44   69   45    3
    3   45   69   70    3
    3   45   70   46    3
    3   46   70   71    3
    3   46   71   47    3
    3   47   71   72    3
    3   47   72   48    3
    3   48   72   49    3
    3   48   49   25    3
    3   49   73   74    3
    3   49   74   50    3
    3   50   74   75    3
    3   50   75   51    3
    3   51   75   76    3
    3   51   76   52    3
    3   52   76   77    3
    3   52   77   53    3
    3   53   77   78    3
    3   53   78   54    3
    3   54   78   79    3
    3   54   79   55    3
    3   55   79   80    3
    3   55   80   56    3
    3   56   80   81    3
    3   56   81   57    3
    3   57   81   82    3
    3   57   82   58    3
    3   58   82   83    3
    3   58   83   59    3
    3   59   83   84    3
    3   59   84   60    3
    3   60   84   85    3
    3   60   85   61    3
    3   61   85   86    3
    3   61   86   62    3
    3   62   86   87    3
    3   62   87   63    3
    3   63   87   88    3
    3   63   88   64    3
    3   64   88   89    3
    3   64   89   65    3
    3   65   89   90    3
    3   65   90   66    3
    3   66   90   91    3
    3   66   91   67    3
    3   67   91   92    3
    3   67   92   68    3
    3   68   92   93    3
    3   68   93   69    3
    3   69   93   94    3
    3   69   94   70    3
    3   70   94   95    3
    3   70   95   71    3
    3   71   95   96    3
    3   71   96   72    3
    3   72   96   73    3
    3   72   73   49    3
    3   73   97   98    3
    3   73   98   74    3
    3   74   98   99    3
    3   74   99   75    3
    3   75   99  100    3
    3   75  100   76    3
    3   76  100  101    3
    3   76  101   77    3
    3   77  101  102    3
    3   77  102   78    3
    3   78  102  103    3
    3   78  103   79    3
    3   79  103  104    3
    3   79  104   80    3
    3   80  104  105    3
    3   80  105   81    3
    3   81  105  106    3
    3   81  106   82    3
    3   82  106  107    3
    3   82  107   83    3
    3   83  107  108    3
    3   83  108   84    3
    3   84  108  109    3
    3   84  109   85    3
    3   85  109  110    3
    3   85  110   86    3
    3   86  110  111    3
    3   86  111   87    3
    3   87  111  112    3
    3   87  112   88    3
    3   88  112  113    3
    3   88  113   89    3
    3   89  113  114    3
    3   89  114   90    3
    3   90  114  115    3
    3   90  115   91    3
    3   91  115  116    3
    3   91  116   92    3
    3   92  116  117    3
    3   92  117   93    3
    3   93  117  118    3
    3   93  118   94    3
    3   94  118  119    3
    3   94  119   95    3
    3   95  119  120    3
    3   95  120   96    3
    3   96  120   97    3
    3   96   97   73    3
    3   97  121  122    3
    3   97  122   98    3
    3   98  122  123    3
    3   98  123   99    3
    3   99  123  124    3
    3   99  124  100    3
    3  100  124  125    3
    3  100  125  101    3
    3  101  125  126    3
    3  101  126  102    3
    3  102  126  127    3
    3  102  127  103    3
    3  103  127  128    3
    3  103  128  104    3
    3  104  128  129    3
    3  104  129  105    3
    3  105  129  130    3
    3  105  130  106    3
    3  106  130  131    3
    3  106  131  107    3
    3  107  131  132    3
    3  107  132  108    3
    3  108  132  133    3
    3  108  133  109    3
    3  109  133  134    3
    3  109  134  110    3
    3  110  134  135    3
    3  110  135  111    3
    3  111  135  136    3
    3  111  136  112    3
    3  112  136  137    3
    3  112  137  113    3
    3  113  137  138    3
    3  113  138  114    3
    3  114  138  139    3
    3  114  139  115    3
    3  115  139  140    3
    3  115  140  116    3
    3  116  140  141    3
    3  116  141  117    3
    3  117  141  142    3
    3  117  142  118    3
    3  118  142  143    3
    3  118  143  119    3
    3  119  143  144    3
    3  119  144  120    3
    3  120  144  121    3
    3  120  121   97    3
    3  121  145  146    3
    3  121  146  122    3
    3  122  146  147    3
    3  122  147  123    3
    3  123  147  148    3
    3  123  148  124    3
    3  124  148  149    3
    3  124  149  125    3
    3  125  149  150    3
    3  125  150  126    3
    3  126  150  151    3
    3  126  151  127    3
    3  127  151  152    3
    3  127  152  128    3
    3  128  152  153    3
    3  128  153  129    3
    3  129  153  154    3
    3  129  154  130    3
    3  130  154  155    3
    3  130  155  131    3
    3  131  155  156    3
    3  131  156  132    3
    3  132  156  157    3
    3  132  157  133    3
    3  133  157  158    3
    3  133  158  134    3
    3  134  158  159    3
    3  134  159  135    3
    3  135  159  160    3
    3  135  160  136    3
    3  136  160  161    3
    3  136  161  137    3
    3  137  161  162    3
    3  137  162  138    3
    3  138  162  163    3
    3  138  163  139    3
    3  139  163  164    3
    3  139  164  140    3
    3  140  164  165    3
    3  140  165  141    3
    3  141  165  166    3
    3  141  166  142    3
    3  142  166  167    3
    3  142  167  143    3
    3  143  167  168    3
    3  143  168  144    3
    3  144  168  145    3
    3  144  145  121    3
    3  145  169  170    3
    3  145  170  146    3
    3  146  170  171    3
    3  146  171  147    3
    3  147  171  172    3
    3  147  172  148    3
    3  148  172  173    3
    3  148  173  149    3
    3  149  173  174    3
    3  149  174  150    3
    3  150  174  175    3
    3  150  175  151    3
    3  151  175  176    3
    3  151  176  152    3
    3  152  176  177    3
    3  152  177  153    3
    3  153  177  178    3
    3  153  178  154    3
    3  154  178  179    3
    3  154  179  155    3
    3  155  179  180    3
    3  155  180  156    3
    3  156  180  181    3
    3  156  181  157    3
    3  157  181  182    3
    3  157  182  158    3
    3  158  182  183    3
    3  158  183  159    3
    3  159  183  184    3
    3  159  184  160    3
    3  160  184  185    3
    3  160  185  161    3
    3  161  185  186    3
    3  161  186  162    3
    3  162  186  187    3
    3  162  187  163    3
    3  163  187  188    3
    3  163  188  164    3
    3  164  188  189    3
    3  164  189  165    3
    3  165  189  190    3
    3  165  190  166    3
    3  166  190  191    3
    3  166  191  167    3
    3  167  191  192    3
    3  167  192  168    3
    3  168  192  169    3
    3  168  169  145    3
    3  169  193  194    3
    3  169  194  170    3
    3  170  194  195    3
    3  170  195  171    3
    3  171  195  196    3
    3  171  196  172    3
    3  172  196  197    3
    3  172  197  173    3
    3  173  197  198    3
    3  173  198  174    3
    3  174  198  199    3
    3  174  199  175    3
    3  175  199  200    3
    3  175  200  176    3
    3  176  200  201    3
    3  176  201  177    3
    3  177  201  202    3
    3  177  202  178    3
    3  178  202  203    3
    3  178  203  179    3
    3  179  203  204    3
    3  179  204  180    3
    3  180  204  205    3
    3  180  205  181    3
    3  181  205  206    3
    3  181  206  182    3
    3  182  206  207    3
    3  182  207  183    3
    3  183  207  208    3
    3  183  208  184    3
    3  184  208  209    3
    3  184  209  185    3
    3  185  209  210    3
    3  185  210  186    3
    3  186  210  211    3
    3  186  211  187    3
    3  187  211  212    3
    3  187  212  188    3
    3  188  212  213    3
    3  188  213  189    3
    3  189  213  214    3
    3  189  214  190    3
    3  190  214  215    3
    3  190  215  191    3
    3  191  215  216    3
    3  191  216  192    3
    3  192  216  193    3
    3  192  193  169    3
    3  193  217  218    3
    3  193  218  194    3
    3  194  218  219    3
    3  194  219  195    3
    3  195  219  220    3
    3  195  220  196    3
    3  196  220  221    3
    3  196  221  197    3
    3  197  221  222    3
    3  197  222  198    3
    3  198  222  223    3
    3  198  223  199    3
    3  199  223  224    3
    3  199  224  200    3
    3  200  224  225    3
    3  200  225  201    3
    3  201  225  226    3
    3  201  226  202    3
    3  202  226  227    3
    3  202  227  203    3
    3  203  227  228    3
    3  203  228  204    3
    3  204  228  229    3
    3  204  229  205    3
    3  205  229  230    3
    3  205  230  206    3
    3  206  230  231    3
    3  206  231  207    3
    3  207  231  232    3
    3  207  232  208    3
    3  208  232  233    3
    3  208  233  209    3
    3  209  233  234    3
    3  209  234  210    3
    3  210  234  235    3
    3  210  235  211    3
    3  211  235  236    3
    3  211  236  212    3
    3  212  236  237    3
    3  212  237  213    3
    3  213  237  238    3
    3  213  238  214    3
    3  214  238  239    3
    3  214  239  215    3
    3  215  239  240    3
    3  215  240  216    3
    3  216  240  217    3
    3  216  217  193    3
    3  217  241  242    3
    3  217  242  218    3
    3  218  242  243    3
    3  218  243  219    3
    3  219  243  244    3
    3  219  244  220    3
    3  220  244  245    3
    3  220  245  221    3
    3  221  245  246    3
    3  221  246  222    3
    3  222  246  247    3
    3  222  247  223    3
    3  223  247  248    3
    3  223  248  224    3
    3  224  248  249    3
    3  224  249  225    3
    3  225  249  250    3
    3  225  250  226    3
    3  226  250  251    3
    3  226  251  227    3
    3  227  251  252    3
    3  227  252  228    3
    3  228  252  253    3
    3  228  253  229    3
    3  229  253  254    3
    3  229  254  230    3
    3  230  254  255    3
    3  230  255  231    3
    3  231  255  256    3
    3  231  256  232    3
    3  232  256  257    3
    3  232  257  233    3
    3  233  257  258    3
    3  233  258  234    3
    3  234  258  259    3
    3  234  259  235    3
    3  235  259  260    3
    3  235  260  236    3
    3  236  260  261    3
    3  236  261  237    3
    3  237  261  262    3
    3  237  262  238    3
    3  238  262  263    3
    3  238  263  239    3
    3  239  263  264    3
    3  239  264  240    3
    3  240  264  241    3
    3  240  241  217    3
    3  264  265  241    3
    3  264  266  265    3
    3  263  266  264    3
    3  263  267  266    3
    3  262  267  263    3
    3  262  268  267    3
    3  261  268  262    3
    3  261  269  268    3
    3  260  269  261    3
    3  260  270  269    3
    3  259  270  260    3
    3  259  271  270    3
    3  258  271  259    3
    3  258  272  271    3
    3  257  272  258    3
    3  257  273  272    3
    3  256  273  257    3
    3  256  274  273    3
    3  255  274  256    3
    3  255  275  274    3
    3  254  275  255    3
    3  254  276  275    3
    3  253  276  254    3
    3  253  277  276    3
    3  252  277  253    3
    3  252  278  277    3
    3  251  278  252    3
    3  251  279  278    3
    3  250  279  251    3
    3  250  280  279    3
    3  249  280  250    3
    3  249  281  280    3
    3  248  281  249    3
    3  248  282  281    3
    3  247  282  248    3
    3  247  283  282    3
    3  246  283  247    3
    3  246  284  283    3
    3  245  284  246    3
    3  245  285  284    3
    3  244  285  245    3
    3  244  286  285    3
    3  243  286  244    3
    3  243  287  286    3
    3  242  287  243    3
    3  242  288  287    3
    3  241  288  242    3
    3  241  265  288    3
    3  289  279  290    1
    3  291  288  292    1
    3  293  294  295    3
    3  296  275  276    1
    3  297  298  299    1
    3  300  301  302    1
    3  303  304  305    3
    3  292  306  307    1
    3  308  309  310    4
    3  300  293  301    1
    3  311  312  313    3
    3  290  314  315    1
    3  316  317  318    1
    3  319  320  321    3
    3  317  322  308    1
    3  286  323  285    1
    3  286  287  320    1
    3  298  297  293    1
    3  324  325  273    1
    3  326  271  272    1
    3  327  328  301    1
    3  329  326  330    1
    3  300  331  304    1
    3  332  282  302    1
    3  272  325  326    1
    3  296  276  316    1
    3  296  333  275    1
    3  324  334  325    1
    3  335  329  336    1
    3  315  328  337    1
    3  338  339  303    3
    3  334  340  341    4
    3  279  289  278    1
    3  274  275  333    1
    3  322  278  289    1
    3  342  343  344    3
    3  332  301  328    1
    3  314  290  280    1
    3  345  338  346    3
    3  324  333  334    1
    3  277  316  276    1
    3  266  267  335    1
    3  288  291  287    1
    3  347  348  349    3
    3  316  322  317    1
    3  297  350  351    4
    3  327  301  293    1
    3  283  331  302    1
    3  352  353  354    4
    3  326  269  270    1
    3  332  302  301    1
    3  355  299  298    1
    3  312  356  357    3
    3  330  355  329    1
    3  336  306  335    1
    3  271  326  270    1
    3  358  359  360    4
    3  298  361  362    3
    3  283  302  282    1
    3  336  329  355    1
    3  326  363  330    1
    3  265  292  288    1
    3  300  364  365    3
    3  366  367  368    4
    3  333  318  334    1
    3  369  361  370    3
    3  327  293  297    1
    3  278  322  277    1
    3  320  291  356    3
    3  371  285  323    1
    3  363  325  334    1
    3  371  331  284    1
    3  364  339  349    3
    3  268  335  267    1
    3  372  363  373    4
    3  280  290  279    1
    3  266  306  265    1
    3  316  277  322    1
    3  328  315  314    1
    3  308  315  367    1
    3  355  330  372    1
    3  327  297  337    1
    3  280  281  314    1
    3  374  340  375    4
    3  296  316  318    1
    3  352  376  377    4
    3  355  307  336    1
    3  292  343  378    3
    3  326  325  363    1
    3  320  287  291    1
    3  345  319  379    3
    3  380  372  381    4
    3  358  366  382    4
    3  268  329  335    1
    3  273  274  324    1
    3  336  307  306    1
    3  265  306  292    1
    3  296  318  333    1
    3  383  374  384    4
    3  329  268  269    1
    3  385  373  386    4
    3  333  324  274    1
    3  283  284  331    1
    3  298  307  355    1
    3  299  353  387    4
    3  308  289  315    1
    3  273  325  272    1
    3  327  337  328    1
    3  388  376  389    4
    3  314  332  328    1
    3  281  282  332    1
    3  315  289  290    1
    3  363  372  330    1
    3  355  372  299    1
    3  285  371  284    1
    3  314  281  332    1
    3  269  326  329    1
    3  369  347  311    3
    3  266  335  306    1
    3  286  320  323    1
    3  308  322  289    1
    3  300  302  331    1
    3  343  390  313    3
    3  292  307  344    3
    3  298  348  370    3
    3  361  390  342    3
    3  343  342  390    3
    3  342  307  362    3
    3  347  369  348    3
    3  361  369  390    3
    3  369  311  390    3
    3  312  311  347    3
    3  311  313  390    3
    3  313  312  378    3
    3  298  362  307    3
    3  342  362  361    3
    3  342  344  307    3
    3  292  344  343    3
    3  369  370  348    3
    3  298  370  361    3
    3  292  378  312    3
    3  313  378  343    3
    3  334  318  375    4
    3  340  391  388    4
    3  318  317  384    4
    3  340  374  391    4
    3  352  385  389    4
    3  376  391  359    4
    3  376  388  391    4
    3  388  385  341    4
    3  359  391  383    4
    3  359  358  377    4
    3  374  383  391    4
    3  383  317  360    4
    3  374  375  318    4
    3  334  375  340    4
    3  334  341  385    4
    3  388  341  340    4
    3  388  389  385    4
    3  352  389  376    4
    3  352  377  358    4
    3  359  377  376    4
    3  358  360  317    4
    3  383  360  359    4
    3  383  384  317    4
    3  318  384  374    4
    3  367  358  309    4
    3  315  337  368    1
    3  353  352  350    4
    3  353  299  380    4
    3  372  380  299    4
    3  380  385  354    4
    3  350  352  392    4
    3  350  297  387    4
    3  366  337  392    4
    3  367  366  358    4
    3  363  334  386    4
    3  373  385  381    4
    3  392  337  351    4
    3  392  352  382    4
    3  380  381  385    4
    3  373  381  372    4
    3  358  317  310    4
    3  367  309  308    4
    3  385  386  334    4
    3  363  386  373    4
    3  366  368  337    4
    3  315  368  367    1
    3  299  387  297    4
    3  350  387  353    4
    3  352  354  385    4
    3  380  354  353    4
    3  358  382  352    4
    3  392  382  366    4
    3  297  351  337    4
    3  392  351  350    4
    3  308  310  317    4
    3  358  310  309    4
    3  312  347  379    3
    3  320  319  323    3
    3  371  323  346    3
    3  338  347  393    3
    3  364  300  394    3
    3  364  348  294    3
    3  319  345  323    3
    3  338  345  347    3
    3  348  298  295    3
    3  294  293  365    3
    3  304  339  394    3
    3  331  371  305    1
    3  364  349  348    3
    3  349  339  393    3
    3  338  393  339    3
    3  349  393  347    3
    3  338  303  371    3
    3  304  303  339    3
    3  356  312  321    3
    3  291  292  357    3
    3  364  394  339    3
    3  304  394  300    3
    3  319  321  312    3
    3  356  321  320    3
    3  293  295  298    3
    3  348  295  294    3
    3  312  357  292    3
    3  291  357  356    3
    3  345  346  323    3
    3  371  346  338    3
    3  303  305  371    3
    3  331  305  304    1
    3  345  379  347    3
    3  312  379  319    3
    3  300  365  293    3
    3  294  365  364    3
C Prescribed Values(Inlet, Outlet), InteractionSurface(Inlet, Outlet)
       3        1        0        2        2        2
C Inlet Velocity
C     Vx,           Vy,            Vz,    indVx,indVy,indVz, FunID (3E18.9, 4I5)
   0.000000000e+00   1.000000000e+00   0.000000000e+00    1    0    1    4
C Inlet Pressure, FunID (E18.9,I5)
   1.000000000e+00    3
C Outlet Pressure (E18.9,I5)
   1.000000000e+00    2
C Inlet Velocity
C nNodeID,    Vx,           Vy,            Vz (I5, 3E18.9)
  265
    1   1.200000000e+00   3.000000000e+00  -4.000000000e-01
    2   4.000000000e-01   4.000000000e+00  -1.600000000e+00
    3   8.000000000e-01   4.000000000e+00  -1.300000000e+00
    4   1.100000000e+00   4.000000000e+00  -1.300000000e+00
    5   1.300000000e+00   4.000000000e+00  -1.200000000e+00
    6   1.500000000e+00   4.000000000e+00  -1.100000000e+00
    7   1.800000000e+00   4.000000000e+00  -9.000000000e-01
    8   2.400000000e+00   4.000000000e+00  -7.000000000e-01
    9   2.800000000e+00   4.000000000e+00  -3.000000000e-01
   10   3.100000000e+00   4.000000000e+00   3.000000000e-01
   11   3.000000000e+00   4.000000000e+00   1.000000000e+00
   12   2.600000000e+00   4.000000000e+00   1.400000000e+00
   13   1.800000000e+00   4.000000000e+00   1.600000000e+00
   14   1.300000000e+00   4.000000000e+00   1.300000000e+00
   15   9.000000000e-01   4.000000000e+00   1.000000000e+00
   16   6.000000000e-01   4.000000000e+00   8.000000000e-01
   17   7.000000000e-01   4.000000000e+00   0.000000000e+00
   18   1.300000000e+00   4.000000000e+00  -7.000000000e-01
   19   1.800000000e+00   4.000000000e+00  -7.000000000e-01
   20   1.400000000e+00   4.000000000e+00  -4.000000000e-01
   21   0.000000000e+00   4.000000000e+00  -2.000000000e-01
   22  -8.000000000e-01   4.000000000e+00  -7.000000000e-01
   23  -9.000000000e-01   4.000000000e+00  -1.300000000e+00
   24  -7.000000000e-01   4.000000000e+00  -1.800000000e+00
   25  -2.000000000e-01   4.000000000e+00  -1.900000000e+00
   26   2.000000000e-01   3.600000000e+00  -2.900000000e+00
   27   9.000000000e-01   3.600000000e+00  -2.800000000e+00
   28   1.400000000e+00   3.600000000e+00  -2.400000000e+00
   29   1.700000000e+00   3.600000000e+00  -1.800000000e+00
   30   1.900000000e+00   3.600000000e+00  -1.300000000e+00
   31   2.000000000e+00   3.600000000e+00  -1.000000000e+00
   32   2.600000000e+00   3.600000000e+00  -8.000000000e-01
   33   3.300000000e+00   3.600000000e+00  -3.000000000e-01
   34   3.800000000e+00   3.600000000e+00   4.000000000e-01
   35   3.700000000e+00   3.600000000e+00   1.300000000e+00
   36   3.200000000e+00   3.600000000e+00   2.000000000e+00
   37   2.500000000e+00   3.600000000e+00   2.300000000e+00
   38   1.700000000e+00   3.600000000e+00   2.200000000e+00
   39   1.000000000e+00   3.600000000e+00   2.000000000e+00
   40   5.000000000e-01   3.600000000e+00   1.600000000e+00
   41   4.000000000e-01   3.600000000e+00   7.000000000e-01
   42   1.000000000e+00   3.600000000e+00  -2.000000000e-01
   43   1.500000000e+00   3.600000000e+00  -6.000000000e-01
   44   1.200000000e+00   3.600000000e+00  -3.000000000e-01
   45  -1.000000000e-01   3.600000000e+00  -2.000000000e-01
   46  -8.000000000e-01   3.600000000e+00  -7.000000000e-01
   47  -1.000000000e+00   3.600000000e+00  -1.300000000e+00
   48  -9.000000000e-01   3.600000000e+00  -2.100000000e+00
   49  -6.000000000e-01   3.600000000e+00  -2.700000000e+00
   50   2.000000000e-01   3.100000000e+00  -4.700000000e+00
   51   1.200000000e+00   3.100000000e+00  -4.700000000e+00
   52   2.100000000e+00   3.100000000e+00  -4.100000000e+00
   53   2.600000000e+00   3.100000000e+00  -3.200000000e+00
   54   2.800000000e+00   3.100000000e+00  -2.400000000e+00
   55   3.100000000e+00   3.100000000e+00  -2.000000000e+00
   56   3.700000000e+00   3.100000000e+00  -1.600000000e+00
   57   4.300000000e+00   3.100000000e+00  -9.000000000e-01
   58   4.600000000e+00   3.100000000e+00   0.000000000e+00
   59   4.700000000e+00   3.100000000e+00   1.000000000e+00
   60   4.100000000e+00   3.100000000e+00   1.800000000e+00
   61   3.000000000e+00   3.100000000e+00   1.900000000e+00
   62   2.100000000e+00   3.100000000e+00   1.600000000e+00
   63   1.400000000e+00   3.100000000e+00   1.100000000e+00
   64   9.000000000e-01   3.100000000e+00   8.000000000e-01
   65   8.000000000e-01   3.100000000e+00   0.000000000e+00
   66   1.300000000e+00   3.100000000e+00  -8.000000000e-01
   67   1.800000000e+00   3.100000000e+00  -1.000000000e+00
   68   1.500000000e+00   3.100000000e+00  -8.000000000e-01
   69   5.000000000e-01   3.100000000e+00  -8.000000000e-01
   70  -3.000000000e-01   3.100000000e+00  -1.200000000e+00
   71  -6.000000000e-01   3.100000000e+00  -1.900000000e+00
   72  -7.000000000e-01   3.100000000e+00  -2.800000000e+00
   73  -5.000000000e-01   3.100000000e+00  -3.900000000e+00
   74   0.000000000e+00   2.900000000e+00  -6.300000000e+00
   75   1.500000000e+00   2.900000000e+00  -6.200000000e+00
   76   2.600000000e+00   2.900000000e+00  -5.300000000e+00
   77   3.100000000e+00   2.900000000e+00  -4.000000000e+00
   78   3.200000000e+00   2.900000000e+00  -2.700000000e+00
   79   3.400000000e+00   2.900000000e+00  -2.100000000e+00
   80   4.100000000e+00   2.900000000e+00  -1.800000000e+00
   81   5.000000000e+00   2.900000000e+00  -1.100000000e+00
   82   5.800000000e+00   2.900000000e+00   0.000000000e+00
   83   5.900000000e+00   2.900000000e+00   1.500000000e+00
   84   5.200000000e+00   2.900000000e+00   2.500000000e+00
   85   3.700000000e+00   2.900000000e+00   2.500000000e+00
   86   2.400000000e+00   2.900000000e+00   1.900000000e+00
   87   1.700000000e+00   2.900000000e+00   1.200000000e+00
   88   1.100000000e+00   2.900000000e+00   9.000000000e-01
   89   9.000000000e-01   2.900000000e+00   2.000000000e-01
   90   1.200000000e+00   2.900000000e+00  -6.000000000e-01
   91   1.600000000e+00   2.900000000e+00  -1.000000000e+00
   92   1.400000000e+00   2.900000000e+00  -9.000000000e-01
   93   6.000000000e-01   2.900000000e+00  -1.000000000e+00
   94  -3.000000000e-01   2.900000000e+00  -1.400000000e+00
   95  -5.000000000e-01   2.900000000e+00  -2.100000000e+00
   96  -8.000000000e-01   2.900000000e+00  -3.300000000e+00
   97  -7.000000000e-01   2.900000000e+00  -4.900000000e+00
   98  -2.000000000e-01   2.700000000e+00  -7.000000000e+00
   99   1.500000000e+00   2.700000000e+00  -7.000000000e+00
  100   2.900000000e+00   2.700000000e+00  -5.800000000e+00
  101   3.300000000e+00   2.700000000e+00  -4.000000000e+00
  102   2.900000000e+00   2.700000000e+00  -2.400000000e+00
  103   3.000000000e+00   2.700000000e+00  -1.800000000e+00
  104   3.800000000e+00   2.700000000e+00  -1.600000000e+00
  105   5.200000000e+00   2.700000000e+00  -1.000000000e+00
  106   6.300000000e+00   2.700000000e+00   3.000000000e-01
  107   6.600000000e+00   2.700000000e+00   2.000000000e+00
  108   5.800000000e+00   2.700000000e+00   3.200000000e+00
  109   4.100000000e+00   2.700000000e+00   3.300000000e+00
  110   2.600000000e+00   2.700000000e+00   2.500000000e+00
  111   1.700000000e+00   2.700000000e+00   1.800000000e+00
  112   1.100000000e+00   2.700000000e+00   1.400000000e+00
  113   7.000000000e-01   2.700000000e+00   7.000000000e-01
  114   1.000000000e+00   2.700000000e+00  -2.000000000e-01
  115   1.200000000e+00   2.700000000e+00  -6.000000000e-01
  116   1.100000000e+00   2.700000000e+00  -7.000000000e-01
  117   5.000000000e-01   2.700000000e+00  -8.000000000e-01
  118  -1.000000000e-01   2.700000000e+00  -1.200000000e+00
  119  -3.000000000e-01   2.700000000e+00  -1.900000000e+00
  120  -8.000000000e-01   2.700000000e+00  -3.200000000e+00
  121  -1.000000000e+00   2.700000000e+00  -5.300000000e+00
  122  -1.000000000e-01   2.500000000e+00  -7.400000000e+00
  123   1.600000000e+00   2.500000000e+00  -7.500000000e+00
  124   3.100000000e+00   2.500000000e+00  -6.300000000e+00
  125   3.600000000e+00   2.500000000e+00  -4.400000000e+00
  126   3.400000000e+00   2.500000000e+00  -2.600000000e+00
  127   3.400000000e+00   2.500000000e+00  -2.000000000e+00
  128   4.100000000e+00   2.500000000e+00  -1.600000000e+00
  129   5.200000000e+00   2.500000000e+00  -9.000000000e-01
  130   6.100000000e+00   2.500000000e+00   3.000000000e-01
  131   6.300000000e+00   2.500000000e+00   1.700000000e+00
  132   5.700000000e+00   2.500000000e+00   3.000000000e+00
  133   4.200000000e+00   2.500000000e+00   3.400000000e+00
  134   2.800000000e+00   2.500000000e+00   3.200000000e+00
  135   1.800000000e+00   2.500000000e+00   2.700000000e+00
  136   9.000000000e-01   2.500000000e+00   2.300000000e+00
  137   5.000000000e-01   2.500000000e+00   1.200000000e+00
  138   1.000000000e+00   2.500000000e+00   0.000000000e+00
  139   1.400000000e+00   2.500000000e+00  -6.000000000e-01
  140   1.400000000e+00   2.500000000e+00  -7.000000000e-01
  141   9.000000000e-01   2.500000000e+00  -8.000000000e-01
  142   5.000000000e-01   2.500000000e+00  -1.100000000e+00
  143   1.000000000e-01   2.500000000e+00  -1.700000000e+00
  144  -6.000000000e-01   2.500000000e+00  -3.100000000e+00
  145  -1.100000000e+00   2.500000000e+00  -5.400000000e+00
  146  -3.000000000e-01   2.300000000e+00  -7.100000000e+00
  147   1.400000000e+00   2.300000000e+00  -7.200000000e+00
  148   2.900000000e+00   2.300000000e+00  -5.900000000e+00
  149   3.400000000e+00   2.300000000e+00  -4.000000000e+00
  150   3.100000000e+00   2.300000000e+00  -2.200000000e+00
  151   2.900000000e+00   2.300000000e+00  -1.500000000e+00
  152   3.700000000e+00   2.300000000e+00  -1.200000000e+00
  153   4.800000000e+00   2.300000000e+00  -6.000000000e-01
  154   5.900000000e+00   2.300000000e+00   5.000000000e-01
  155   6.200000000e+00   2.300000000e+00   2.100000000e+00
  156   5.500000000e+00   2.300000000e+00   3.400000000e+00
  157   4.300000000e+00   2.300000000e+00   4.100000000e+00
  158   2.800000000e+00   2.300000000e+00   4.200000000e+00
  159   1.600000000e+00   2.300000000e+00   4.000000000e+00
  160   5.000000000e-01   2.300000000e+00   3.500000000e+00
  161   1.000000000e-01   2.300000000e+00   2.200000000e+00
  162   6.000000000e-01   2.300000000e+00   6.000000000e-01
  163   1.100000000e+00   2.300000000e+00  -2.000000000e-01
  164   1.100000000e+00   2.300000000e+00  -3.000000000e-01
  165   6.000000000e-01   2.300000000e+00  -4.000000000e-01
  166   1.000000000e-01   2.300000000e+00  -8.000000000e-01
  167  -3.000000000e-01   2.300000000e+00  -1.500000000e+00
  168  -1.000000000e+00   2.300000000e+00  -2.900000000e+00
  169  -1.300000000e+00   2.300000000e+00  -5.200000000e+00
  170  -1.000000000e-01   2.100000000e+00  -7.100000000e+00
  171   1.600000000e+00   2.100000000e+00  -7.100000000e+00
  172   3.100000000e+00   2.100000000e+00  -5.900000000e+00
  173   3.700000000e+00   2.100000000e+00  -3.800000000e+00
  174   3.500000000e+00   2.100000000e+00  -3.000000000e+00
  175   3.500000000e+00   2.100000000e+00  -2.000000000e+00
  176   4.300000000e+00   2.100000000e+00  -1.500000000e+00
  177   5.400000000e+00   2.100000000e+00  -8.000000000e-01
  178   6.200000000e+00   2.100000000e+00   4.000000000e-01
  179   6.300000000e+00   2.100000000e+00   1.800000000e+00
  180   5.700000000e+00   2.100000000e+00   3.100000000e+00
  181   4.500000000e+00   2.100000000e+00   3.800000000e+00
  182   3.100000000e+00   2.100000000e+00   3.800000000e+00
  183   1.800000000e+00   2.100000000e+00   3.500000000e+00
  184   8.000000000e-01   2.100000000e+00   3.100000000e+00
  185   5.000000000e-01   2.100000000e+00   1.700000000e+00
  186   1.300000000e+00   2.100000000e+00   0.000000000e+00
  187   1.900000000e+00   2.100000000e+00  -6.000000000e-01
  188   1.700000000e+00   2.100000000e+00  -6.000000000e-01
  189   7.000000000e-01   2.100000000e+00  -6.000000000e-01
  190   1.000000000e-01   2.100000000e+00  -1.000000000e+00
  191  -3.000000000e-01   2.100000000e+00  -1.800000000e+00
  192  -8.000000000e-01   2.100000000e+00  -3.200000000e+00
  193  -1.100000000e+00   2.100000000e+00  -5.400000000e+00
  194   5.000000000e-01   1.900000000e+00  -6.700000000e+00
  195   2.100000000e+00   1.900000000e+00  -6.700000000e+00
  196   3.500000000e+00   1.900000000e+00  -6.000000000e+00
  197   4.400000000e+00   1.900000000e+00  -5.000000000e+00
  198   4.900000000e+00   1.900000000e+00  -4.000000000e+00
  199   5.400000000e+00   1.900000000e+00  -3.000000000e+00
  200   6.300000000e+00   1.900000000e+00  -2.000000000e+00
  201   7.200000000e+00   1.900000000e+00  -1.000000000e+00
  202   7.700000000e+00   1.900000000e+00   5.000000000e-01
  203   7.600000000e+00   1.900000000e+00   2.100000000e+00
  204   6.800000000e+00   1.900000000e+00   3.600000000e+00
  205   5.200000000e+00   1.900000000e+00   4.100000000e+00
  206   3.500000000e+00   1.900000000e+00   3.800000000e+00
  207   2.400000000e+00   1.900000000e+00   3.100000000e+00
  208   1.400000000e+00   1.900000000e+00   2.600000000e+00
  209   8.000000000e-01   1.900000000e+00   1.600000000e+00
  210   1.500000000e+00   1.900000000e+00   0.000000000e+00
  211   2.100000000e+00   1.900000000e+00  -7.000000000e-01
  212   1.800000000e+00   1.900000000e+00  -7.000000000e-01
  213   5.000000000e-01   1.900000000e+00  -7.000000000e-01
  214  -2.000000000e-01   1.900000000e+00  -1.400000000e+00
  215  -5.000000000e-01   1.900000000e+00  -2.300000000e+00
  216  -7.000000000e-01   1.900000000e+00  -3.700000000e+00
  217  -7.000000000e-01   1.900000000e+00  -5.600000000e+00
  218   7.000000000e-01   1.600000000e+00  -7.000000000e+00
  219   2.300000000e+00   1.600000000e+00  -7.000000000e+00
  220   3.700000000e+00   1.600000000e+00  -6.000000000e+00
  221   4.800000000e+00   1.600000000e+00  -5.000000000e+00
  222   5.500000000e+00   1.600000000e+00  -5.000000000e+00
  223   6.100000000e+00   1.600000000e+00  -4.000000000e+00
  224   6.800000000e+00   1.600000000e+00  -2.000000000e+00
  225   7.400000000e+00   1.600000000e+00  -1.000000000e+00
  226   7.800000000e+00   1.600000000e+00   4.000000000e-01
  227   7.500000000e+00   1.600000000e+00   1.900000000e+00
  228   6.800000000e+00   1.600000000e+00   3.300000000e+00
  229   5.300000000e+00   1.600000000e+00   3.900000000e+00
  230   3.700000000e+00   1.600000000e+00   3.700000000e+00
  231   2.500000000e+00   1.600000000e+00   3.200000000e+00
  232   1.500000000e+00   1.600000000e+00   2.600000000e+00
  233   9.000000000e-01   1.600000000e+00   1.900000000e+00
  234   1.600000000e+00   1.600000000e+00   1.000000000e-01
  235   2.200000000e+00   1.600000000e+00  -7.000000000e-01
  236   2.000000000e+00   1.600000000e+00  -7.000000000e-01
  237   8.000000000e-01   1.600000000e+00  -9.000000000e-01
  238   3.000000000e-01   1.600000000e+00  -1.400000000e+00
  239  -1.000000000e-01   1.600000000e+00  -2.300000000e+00
  240  -6.000000000e-01   1.600000000e+00  -3.700000000e+00
  241  -5.000000000e-01   1.600000000e+00  -5.700000000e+00
  242   9.000000000e-01   1.400000000e+00  -8.000000000e+00
  243   2.700000000e+00   1.400000000e+00  -8.000000000e+00
  244   4.300000000e+00   1.400000000e+00  -7.000000000e+00
  245   5.700000000e+00   1.400000000e+00  -6.000000000e+00
  246   6.800000000e+00   1.400000000e+00  -5.000000000e+00
  247   7.700000000e+00   1.400000000e+00  -4.000000000e+00
  248   8.400000000e+00   1.400000000e+00  -3.000000000e+00
  249   8.800000000e+00   1.400000000e+00  -1.000000000e+00
  250   8.900000000e+00   1.400000000e+00   7.000000000e-01
  251   8.800000000e+00   1.400000000e+00   2.400000000e+00
  252   7.000000000e+00   1.400000000e+00   3.800000000e+00
  253   5.900000000e+00   1.400000000e+00   4.400000000e+00
  254   4.100000000e+00   1.400000000e+00   3.700000000e+00
  255   2.900000000e+00   1.400000000e+00   3.000000000e+00
  256   2.000000000e+00   1.400000000e+00   2.400000000e+00
  257   9.000000000e-01   1.400000000e+00   2.500000000e+00
  258   6.000000000e-01   1.400000000e+00   1.500000000e+00
  259   6.000000000e-01   1.400000000e+00   4.000000000e-01
  260   9.000000000e-01   1.400000000e+00  -3.000000000e-01
  261   1.300000000e+00   1.400000000e+00  -8.000000000e-01
  262   1.400000000e+00   1.400000000e+00  -1.100000000e+00
  263   9.000000000e-01   1.400000000e+00  -1.900000000e+00
  264   0.000000000e+00   1.400000000e+00  -3.400000000e+00
  265  -4.000000000e-01   1.400000000e+00  -5.800000000e+00
C Region List
