C PointsNum,MaxElemVol,TetGenParams,nAtrib,IndMov,MDMaxVolume,MDomDiv,MDOnly,MDDivF,MDPrescP
  395    1.000000e+00 YYpznno2q1.414a     0     0    1.000000e+00     1     0     0     0     0     0 YYpznno2q1.414a
  -9.221480000e-02  -7.996570000e+00  -8.518100000e-02
   2.887710000e-02  -7.551820000e+00   6.409840000e-01
  -1.584590000e-01  -7.551820000e+00   6.760480000e-01
  -3.608280000e-01  -7.551820000e+00   6.642330000e-01
  -5.662570000e-01  -7.551820000e+00   6.042300000e-01
  -7.444580000e-01  -7.551820000e+00   4.748930000e-01
  -8.468340000e-01  -7.551820000e+00   2.774290000e-01
  -8.507890000e-01  -7.551820000e+00   5.309600000e-02
  -7.950680000e-01  -7.551820000e+00  -1.517880000e-01
  -7.125570000e-01  -7.551820000e+00  -3.277610000e-01
  -6.140870000e-01  -7.551820000e+00  -4.828680000e-01
  -4.965420000e-01  -7.551820000e+00  -6.277370000e-01
  -3.497010000e-01  -7.551820000e+00  -7.575250000e-01
  -1.661229000e-01  -7.551820000e+00  -8.533890000e-01
   4.355200000e-02  -7.551820000e+00  -8.838340000e-01
   2.543440000e-01  -7.551820000e+00  -8.373610000e-01
   4.444660000e-01  -7.551820000e+00  -7.274930000e-01
   5.985370000e-01  -7.551820000e+00  -5.718660000e-01
   6.867250000e-01  -7.551820000e+00  -3.754650000e-01
   6.561810000e-01  -7.551820000e+00  -1.619040000e-01
   5.284040000e-01  -7.551820000e+00   1.609800000e-02
   4.199050000e-01  -7.551820000e+00   1.432130000e-01
   3.391650000e-01  -7.551820000e+00   2.553840000e-01
   2.657470000e-01  -7.551820000e+00   3.790700000e-01
   1.716420000e-01  -7.551820000e+00   5.209680000e-01
   1.991660000e-02  -7.108070000e+00   9.233100000e-01
  -2.364520000e-01  -7.108070000e+00   9.521250000e-01
  -5.006990000e-01  -7.108070000e+00   9.197630000e-01
  -7.644050000e-01  -7.108070000e+00   8.259350000e-01
  -9.929280000e-01  -7.108070000e+00   6.516800000e-01
  -1.135520000e+00  -7.108070000e+00   3.973960000e-01
  -1.167600000e+00  -7.108070000e+00   1.056132000e-01
  -1.120030000e+00  -7.108070000e+00  -1.730150000e-01
  -1.020650000e+00  -7.108070000e+00  -4.218790000e-01
  -8.775980000e-01  -7.108070000e+00  -6.379010000e-01
  -6.971290000e-01  -7.108070000e+00  -8.193400000e-01
  -4.817920000e-01  -7.108070000e+00  -9.598400000e-01
  -2.350834000e-01  -7.108070000e+00  -1.050650000e+00
   3.012900000e-02  -7.108070000e+00  -1.070470000e+00
   2.915210000e-01  -7.108070000e+00  -1.004909000e+00
   5.219010000e-01  -7.108070000e+00  -8.613710000e-01
   7.057500000e-01  -7.108070000e+00  -6.649380000e-01
   8.181340000e-01  -7.108070000e+00  -4.252580000e-01
   8.159860000e-01  -7.108070000e+00  -1.653868000e-01
   7.032410000e-01  -7.108070000e+00   6.920300000e-02
   5.841710000e-01  -7.108070000e+00   2.533610000e-01
   4.786970000e-01  -7.108070000e+00   4.213930000e-01
   3.695450000e-01  -7.108070000e+00   5.977270000e-01
   2.269450000e-01  -7.108070000e+00   7.830340000e-01
   1.072900000e-02  -6.663310000e+00   1.127160000e+00
  -2.969520000e-01  -6.663310000e+00   1.141930000e+00
  -6.077170000e-01  -6.663310000e+00   1.091374000e+00
  -9.134310000e-01  -6.663310000e+00   9.756880000e-01
  -1.182160000e+00  -6.663310000e+00   7.708940000e-01
  -1.350030000e+00  -6.663310000e+00   4.700600000e-01
  -1.400430000e+00  -6.663310000e+00   1.295288000e-01
  -1.362910000e+00  -6.663310000e+00  -2.033190000e-01
  -1.256080000e+00  -6.663310000e+00  -5.105190000e-01
  -1.085860000e+00  -6.663310000e+00  -7.780640000e-01
  -8.626430000e-01  -6.663310000e+00  -9.970500000e-01
  -5.944120000e-01  -6.663310000e+00  -1.162200000e+00
  -2.932710000e-01  -6.663310000e+00  -1.267670000e+00
   2.991500000e-02  -6.663310000e+00  -1.288310000e+00
   3.453810000e-01  -6.663310000e+00  -1.201105000e+00
   6.109140000e-01  -6.663310000e+00  -1.008656000e+00
   8.092660000e-01  -6.663310000e+00  -7.572660000e-01
   9.218670000e-01  -6.663310000e+00  -4.721500000e-01
   9.341260000e-01  -6.663310000e+00  -1.804712000e-01
   8.540710000e-01  -6.663310000e+00   9.061700000e-02
   7.401910000e-01  -6.663310000e+00   3.261430000e-01
   6.170120000e-01  -6.663310000e+00   5.448120000e-01
   4.744670000e-01  -6.663310000e+00   7.693000000e-01
   2.803980000e-01  -6.663310000e+00   9.888000000e-01
  -6.906000000e-03  -6.219560000e+00   1.271210000e+00
  -3.507960000e-01  -6.219560000e+00   1.282460000e+00
  -6.980470000e-01  -6.219560000e+00   1.228660000e+00
  -1.043810000e+00  -6.219560000e+00   1.105637000e+00
  -1.351090000e+00  -6.219560000e+00   8.793420000e-01
  -1.540580000e+00  -6.219560000e+00   5.415060000e-01
  -1.600380000e+00  -6.219560000e+00   1.587276000e-01
  -1.562640000e+00  -6.219560000e+00  -2.178470000e-01
  -1.448630000e+00  -6.219560000e+00  -5.682860000e-01
  -1.261090000e+00  -6.219560000e+00  -8.794600000e-01
  -1.002030000e+00  -6.219560000e+00  -1.131750000e+00
  -6.907910000e-01  -6.219560000e+00  -1.316720000e+00
  -3.429060000e-01  -6.219560000e+00  -1.425640000e+00
   2.257000000e-02  -6.219560000e+00  -1.434400000e+00
   3.681550000e-01  -6.219560000e+00  -1.318250000e+00
   6.458320000e-01  -6.219560000e+00  -1.084010000e+00
   8.444680000e-01  -6.219560000e+00  -7.985840000e-01
   9.680970000e-01  -6.219560000e+00  -4.926180000e-01
   1.010992000e+00  -6.219560000e+00  -1.822724000e-01
   9.695360000e-01  -6.219560000e+00   1.206570000e-01
   8.698740000e-01  -6.219560000e+00   4.018790000e-01
   7.306160000e-01  -6.219560000e+00   6.642490000e-01
   5.506960000e-01  -6.219560000e+00   9.187100000e-01
   3.079540000e-01  -6.219560000e+00   1.144800000e+00
  -3.520500000e-02  -5.774800000e+00   1.388060000e+00
  -4.075600000e-01  -5.774800000e+00   1.401910000e+00
  -7.884370000e-01  -5.774800000e+00   1.356890000e+00
  -1.177770000e+00  -5.774800000e+00   1.238361000e+00
  -1.530770000e+00  -5.774800000e+00   1.001382000e+00
  -1.743940000e+00  -5.774800000e+00   6.248580000e-01
  -1.802730000e+00  -5.774800000e+00   1.968001000e-01
  -1.752890000e+00  -5.774800000e+00  -2.205470000e-01
  -1.619990000e+00  -5.774800000e+00  -6.062160000e-01
  -1.412810000e+00  -5.774800000e+00  -9.488100000e-01
  -1.125990000e+00  -5.774800000e+00  -1.225390000e+00
  -7.796820000e-01  -5.774800000e+00  -1.420810000e+00
  -3.972050000e-01  -5.774800000e+00  -1.530370000e+00
  -9.680000000e-04  -5.774800000e+00  -1.530200000e+00
   3.645170000e-01  -5.774800000e+00  -1.392170000e+00
   6.495360000e-01  -5.774800000e+00  -1.129940000e+00
   8.510970000e-01  -5.774800000e+00  -8.228540000e-01
   9.865120000e-01  -5.774800000e+00  -5.048530000e-01
   1.051068000e+00  -5.774800000e+00  -1.791999000e-01
   1.034909000e+00  -5.774800000e+00   1.480060000e-01
   9.446970000e-01  -5.774800000e+00   4.613950000e-01
   7.954360000e-01  -5.774800000e+00   7.564410000e-01
   5.893280000e-01  -5.774800000e+00   1.034280000e+00
   3.118210000e-01  -5.774800000e+00   1.268470000e+00
  -6.783900000e-02  -5.331050000e+00   1.501360000e+00
  -4.662700000e-01  -5.331050000e+00   1.518020000e+00
  -8.771100000e-01  -5.331050000e+00   1.477090000e+00
  -1.302750000e+00  -5.331050000e+00   1.359486000e+00
  -1.693280000e+00  -5.331050000e+00   1.110312000e+00
  -1.933130000e+00  -5.331050000e+00   7.041110000e-01
  -2.005210000e+00  -5.331050000e+00   2.365741000e-01
  -1.953890000e+00  -5.331050000e+00  -2.222200000e-01
  -1.811590000e+00  -5.331050000e+00  -6.483500000e-01
  -1.581430000e+00  -5.331050000e+00  -1.025020000e+00
  -1.256250000e+00  -5.331050000e+00  -1.316450000e+00
  -8.667960000e-01  -5.331050000e+00  -1.504080000e+00
  -4.518390000e-01  -5.331050000e+00  -1.594270000e+00
  -3.554000000e-02  -5.331050000e+00  -1.579720000e+00
   3.426600000e-01  -5.331050000e+00  -1.430900000e+00
   6.407640000e-01  -5.331050000e+00  -1.165030000e+00
   8.565960000e-01  -5.331050000e+00  -8.508700000e-01
   1.007610000e+00  -5.331050000e+00  -5.221370000e-01
   1.087743000e+00  -5.331050000e+00  -1.794259000e-01
   1.079371000e+00  -5.331050000e+00   1.703270000e-01
   9.897440000e-01  -5.331050000e+00   5.086150000e-01
   8.324040000e-01  -5.331050000e+00   8.308170000e-01
   6.104280000e-01  -5.331050000e+00   1.133310000e+00
   3.077446000e-01  -5.331050000e+00   1.382250000e+00
  -1.176040000e-01  -4.459630000e+00   1.796170000e+00
  -5.774260000e-01  -4.459630000e+00   1.814810000e+00
  -1.049000000e+00  -4.459630000e+00   1.761470000e+00
  -1.530710000e+00  -4.459630000e+00   1.617270000e+00
  -1.972240000e+00  -4.459630000e+00   1.328446000e+00
  -2.251890000e+00  -4.459630000e+00   8.703220000e-01
  -2.330560000e+00  -4.459630000e+00   3.351583000e-01
  -2.262340000e+00  -4.459630000e+00  -1.868550000e-01
  -2.091450000e+00  -4.459630000e+00  -6.667300000e-01
  -1.824690000e+00  -4.459630000e+00  -1.084930000e+00
  -1.457530000e+00  -4.459630000e+00  -1.404320000e+00
  -1.014278000e+00  -4.459630000e+00  -1.589530000e+00
  -5.546040000e-01  -4.459630000e+00  -1.661040000e+00
  -1.045888000e-01  -4.459630000e+00  -1.632430000e+00
   2.985400000e-01  -4.459630000e+00  -1.467680000e+00
   6.078500000e-01  -4.459630000e+00  -1.174296000e+00
   8.236460000e-01  -4.459630000e+00  -8.315100000e-01
   9.787600000e-01  -4.459630000e+00  -4.846590000e-01
   1.070281000e+00  -4.459630000e+00  -1.278417000e-01
   1.086008000e+00  -4.459630000e+00   2.410440000e-01
   1.011447000e+00  -4.459630000e+00   6.096880000e-01
   8.572810000e-01  -4.459630000e+00   9.720430000e-01
   6.369780000e-01  -4.459630000e+00   1.336170000e+00
   3.096162900e-01  -4.459630000e+00   1.648440000e+00
  -1.291530000e-01  -3.588210000e+00   1.992100000e+00
  -6.369590000e-01  -3.588210000e+00   2.036100000e+00
  -1.167980000e+00  -3.588210000e+00   1.990090000e+00
  -1.709220000e+00  -3.588210000e+00   1.827630000e+00
  -2.188990000e+00  -3.588210000e+00   1.493959000e+00
  -2.475310000e+00  -3.588210000e+00   9.792710000e-01
  -2.514540000e+00  -3.588210000e+00   3.895661000e-01
  -2.385270000e+00  -3.588210000e+00  -1.632260000e-01
  -2.167900000e+00  -3.588210000e+00  -6.484400000e-01
  -1.885050000e+00  -3.588210000e+00  -1.069330000e+00
  -1.526520000e+00  -3.588210000e+00  -1.411850000e+00
  -1.088200000e+00  -3.588210000e+00  -1.641790000e+00
  -6.111530000e-01  -3.588210000e+00  -1.755030000e+00
  -1.256358000e-01  -3.588210000e+00  -1.744100000e+00
   3.063620000e-01  -3.588210000e+00  -1.559070000e+00
   6.233120000e-01  -3.588210000e+00  -1.219900000e+00
   8.337290000e-01  -3.588210000e+00  -8.396660000e-01
   9.853270000e-01  -3.588210000e+00  -4.719530000e-01
   1.075983000e+00  -3.588210000e+00  -1.004339000e-01
   1.084012000e+00  -3.588210000e+00   2.816240000e-01
   9.982080000e-01  -3.588210000e+00   6.586060000e-01
   8.499370000e-01  -3.588210000e+00   1.035660000e+00
   6.441460000e-01  -3.588210000e+00   1.433350000e+00
   3.217498000e-01  -3.588210000e+00   1.797890000e+00
  -1.465970000e-01  -2.716800000e+00   2.107380000e+00
  -6.910400000e-01  -2.716800000e+00   2.173140000e+00
  -1.269120000e+00  -2.716800000e+00   2.132500000e+00
  -1.855750000e+00  -2.716800000e+00   1.950610000e+00
  -2.348220000e+00  -2.716800000e+00   1.568050000e+00
  -2.625390000e+00  -2.716800000e+00   1.012489000e+00
  -2.655530000e+00  -2.716800000e+00   3.944598000e-01
  -2.519860000e+00  -2.716800000e+00  -1.801260000e-01
  -2.295750000e+00  -2.716800000e+00  -6.856500000e-01
  -2.005310000e+00  -2.716800000e+00  -1.130250000e+00
  -1.635030000e+00  -2.716800000e+00  -1.499020000e+00
  -1.177910000e+00  -2.716800000e+00  -1.754590000e+00
  -6.705970000e-01  -2.716800000e+00  -1.887180000e+00
  -1.499577000e-01  -2.716800000e+00  -1.880940000e+00
   3.089720000e-01  -2.716800000e+00  -1.674580000e+00
   6.354200000e-01  -2.716800000e+00  -1.296560000e+00
   8.390360000e-01  -2.716800000e+00  -8.806920000e-01
   9.869280000e-01  -2.716800000e+00  -4.930050000e-01
   1.070816000e+00  -2.716800000e+00  -1.075402000e-01
   1.068447000e+00  -2.716800000e+00   2.831120000e-01
   9.752710000e-01  -2.716800000e+00   6.660300000e-01
   8.303320000e-01  -2.716800000e+00   1.052390000e+00
   6.347340000e-01  -2.716800000e+00   1.472720000e+00
   3.175627000e-01  -2.716800000e+00   1.870660000e+00
  -1.963260000e-01  -1.846380000e+00   2.136200000e+00
  -7.582400000e-01  -1.846380000e+00   2.208590000e+00
  -1.357650000e+00  -1.846380000e+00   2.174840000e+00
  -1.965030000e+00  -1.846380000e+00   1.988580000e+00
  -2.474820000e+00  -1.846380000e+00   1.594100000e+00
  -2.778740000e+00  -1.846380000e+00   1.021914000e+00
  -2.845190000e+00  -1.846380000e+00   3.798790000e-01
  -2.736510000e+00  -1.846380000e+00  -2.344290000e-01
  -2.518080000e+00  -1.846380000e+00  -7.868800000e-01
  -2.201990000e+00  -1.846380000e+00  -1.266780000e+00
  -1.790350000e+00  -1.846380000e+00  -1.648770000e+00
  -1.286730000e+00  -1.846380000e+00  -1.890960000e+00
  -7.473260000e-01  -1.846380000e+00  -1.998930000e+00
  -2.064214000e-01  -1.846380000e+00  -1.981160000e+00
   2.768180000e-01  -1.846380000e+00  -1.782220000e+00
   6.279560000e-01  -1.846380000e+00  -1.403400000e+00
   8.448180000e-01  -1.846380000e+00  -9.671490000e-01
   9.917020000e-01  -1.846380000e+00  -5.545870000e-01
   1.045085000e+00  -1.846380000e+00  -1.491210000e-01
   1.002493000e+00  -1.846380000e+00   2.454430000e-01
   8.955080000e-01  -1.846380000e+00   6.220710000e-01
   7.647980000e-01  -1.846380000e+00   1.013003000e+00
   5.891820000e-01  -1.846380000e+00   1.457410000e+00
   2.795200000e-01  -1.846380000e+00   1.885870000e+00
  -2.797900000e-01  -9.749600000e-01   2.084430000e+00
  -8.355300000e-01  -9.749600000e-01   2.156250000e+00
  -1.429820000e+00  -9.749600000e-01   2.127690000e+00
  -2.031170000e+00  -9.749600000e-01   1.946630000e+00
  -2.539020000e+00  -9.749600000e-01   1.558420000e+00
  -2.868340000e+00  -9.749600000e-01   9.980110000e-01
  -2.993630000e+00  -9.749600000e-01   3.572550000e-01
  -2.949860000e+00  -9.749600000e-01  -2.854180000e-01
  -2.763810000e+00  -9.749600000e-01  -8.885900000e-01
  -2.430140000e+00  -9.749600000e-01  -1.411100000e+00
  -1.963750000e+00  -9.749600000e-01  -1.798330000e+00
  -1.400720000e+00  -9.749600000e-01  -2.000720000e+00
  -8.287900000e-01  -9.749600000e-01  -2.048320000e+00
  -2.841575000e-01  -9.749600000e-01  -1.988430000e+00
   1.945970000e-01  -9.749600000e-01  -1.782230000e+00
   5.447660000e-01  -9.749600000e-01  -1.415300000e+00
   7.419660000e-01  -9.749600000e-01  -9.663440000e-01
   8.702030000e-01  -9.749600000e-01  -5.539380000e-01
   9.218350000e-01  -9.749600000e-01  -1.617450000e-01
   8.935370000e-01  -9.749600000e-01   2.180410000e-01
   8.003420000e-01  -9.749600000e-01   5.897110000e-01
   6.834740000e-01  -9.749600000e-01   9.855190000e-01
   5.184980000e-01  -9.749600000e-01   1.441540000e+00
   2.042020000e-01  -9.749600000e-01   1.863830000e+00
  -3.946040000e-01  -3.545410000e-01   1.989920000e+00
   8.717900000e-02  -3.545410000e-01   1.786500000e+00
   3.931060000e-01  -3.545410000e-01   1.373330000e+00
   5.047300000e-01  -3.545410000e-01   8.810400000e-01
   5.743140000e-01  -3.545410000e-01   4.908270000e-01
   6.536230000e-01  -3.545410000e-01   1.515790000e-01
   7.179060000e-01  -3.545410000e-01  -1.912940000e-01
   7.082870000e-01  -3.545410000e-01  -5.712310000e-01
   6.071980000e-01  -3.545410000e-01  -9.852100000e-01
   4.182500000e-01  -3.545410000e-01  -1.429150000e+00
   6.319100000e-02  -3.545410000e-01  -1.754640000e+00
  -4.048674000e-01  -3.545410000e-01  -1.954830000e+00
  -9.396040000e-01  -3.545410000e-01  -2.063930000e+00
  -1.542150000e+00  -3.545410000e-01  -2.093170000e+00
  -2.171530000e+00  -3.545410000e-01  -1.948460000e+00
  -2.692070000e+00  -3.545410000e-01  -1.558760000e+00
  -3.031710000e+00  -3.545410000e-01  -9.923500000e-01
  -3.170550000e+00  -3.545410000e-01  -3.401950000e-01
  -3.141280000e+00  -3.545410000e-01   3.207060000e-01
  -2.960580000e+00  -3.545410000e-01   9.506340000e-01
  -2.616310000e+00  -3.545410000e-01   1.496010000e+00
  -2.117820000e+00  -3.545410000e-01   1.878920000e+00
  -1.525320000e+00  -3.545410000e-01   2.057490000e+00
  -9.384100000e-01  -3.545410000e-01   2.073470000e+00
  -1.762010000e+00  -4.093410000e-01  -1.609560000e+00
  -2.202700000e+00  -4.031410000e-01  -1.459080000e+00
  -1.331620000e+00  -3.992410000e-01   1.729280000e+00
  -9.628800000e-01  -4.232410000e-01   1.497420000e+00
  -1.785470000e+00  -4.815410000e-01   1.316180000e-01
  -1.774830000e+00  -4.775410000e-01   3.701075000e-01
  -1.505500000e+00  -4.835410000e-01   3.853108000e-01
  -3.774957000e-01  -4.010410000e-01  -1.574020000e+00
  -1.436990000e+00  -4.915410000e-01  -1.615600000e-01
  -1.235960000e+00  -4.885410000e-01   4.005140000e-01
  -9.308200000e-01  -4.895410000e-01  -8.446900000e-02
  -2.192980000e+00  -4.555410000e-01   3.323400000e-01
  -2.207960000e+00  -4.585410000e-01  -1.394050000e-01
  -2.656810000e+00  -4.187410000e-01   5.408700000e-02
  -2.253280000e+00  -4.301410000e-01   8.810050000e-01
  -2.362640000e+00  -4.318410000e-01   6.523660000e-01
  -2.358800000e+00  -4.229410000e-01   8.462490000e-01
  -3.774840000e-01  -4.134410000e-01   1.396377000e+00
  -7.958630000e-01  -4.605410000e-01   9.274070000e-01
  -1.460850000e+00  -4.416410000e-01  -1.332060000e+00
  -1.404510000e+00  -4.555410000e-01  -1.147610000e+00
  -1.227948000e+00  -4.515410000e-01  -1.222360000e+00
  -1.610600000e+00  -4.575410000e-01   9.975010000e-01
  -1.535220000e+00  -4.324410000e-01   1.375297000e+00
  -1.446130000e+00  -4.483410000e-01   1.181365000e+00
  -2.438570000e+00  -4.153410000e-01  -1.038140000e+00
  -1.864030000e+00  -4.476410000e-01  -1.095380000e+00
  -7.767930000e-01  -4.095410000e-01  -1.625390000e+00
  -1.052384000e+00  -4.464410000e-01  -1.296120000e+00
  -5.868300000e-01  -4.384410000e-01  -1.267060000e+00
  -1.776260000e+00  -4.229410000e-01   1.389328000e+00
  -1.697430000e+00  -3.977410000e-01   1.675950000e+00
  -1.616330000e+00  -4.152410000e-01   1.529120000e+00
  -1.258533000e+00  -4.103410000e-01  -1.668810000e+00
  -2.018300000e+00  -4.098410000e-01   1.409359000e+00
   1.674090000e-01  -4.006410000e-01  -1.077070000e+00
   2.214000000e-01  -4.100410000e-01  -6.745960000e-01
   3.042690000e-01  -4.051410000e-01  -8.348800000e-02
  -1.842140000e+00  -4.785410000e-01  -2.764760000e-01
  -2.110940000e+00  -4.575410000e-01  -6.093200000e-01
   6.273410000e-02  -4.199410000e-01   5.319250000e-01
  -1.809170000e-01  -4.514410000e-01   6.885700000e-02
  -2.575390000e+00  -4.154410000e-01   5.818549000e-01
  -2.615480000e+00  -4.194410000e-01  -5.030110000e-01
  -1.089150000e-01  -4.072410000e-01  -1.340360000e+00
  -2.923240000e-01  -4.458410000e-01  -8.862900000e-01
   6.992100000e-02  -3.988410000e-01   1.138704000e+00
  -3.162530000e-01  -4.402410000e-01   8.815610000e-01
  -1.633730000e+00  -4.785410000e-01  -6.084780000e-01
  -2.106810000e+00  -4.322410000e-01   1.027350000e+00
  -2.151090000e+00  -4.454410000e-01   7.228770000e-01
  -5.748150000e-01  -4.595410000e-01  -8.904400000e-01
  -6.172650000e-01  -4.685410000e-01  -6.900790000e-01
  -1.081450000e+00  -4.635410000e-01   9.549200000e-01
  -1.155460000e+00  -4.465410000e-01   1.227426000e+00
  -9.776600000e-01  -4.543410000e-01   1.081916000e+00
  -1.939730000e+00  -4.288410000e-01   1.219463000e+00
  -2.062060000e+00  -4.214410000e-01   1.220855000e+00
  -1.860150000e+00  -4.468410000e-01   1.023567000e+00
  -1.765490000e+00  -4.715410000e-01   6.055970000e-01
  -1.957490000e+00  -4.595410000e-01   6.627370000e-01
  -1.294750000e+00  -4.905410000e-01  -3.513470000e-01
  -1.464290000e+00  -4.855410000e-01  -4.784130000e-01
  -1.150300000e+00  -4.865410000e-01  -5.371340000e-01
  -1.041610000e+00  -4.895410000e-01  -3.133020000e-01
  -8.513630000e-01  -4.845410000e-01  -3.980090000e-01
  -5.586880000e-01  -4.715410000e-01   3.807197000e-01
  -1.429420000e+00  -4.170410000e-01   1.552290000e+00
  -1.197650000e+00  -4.204410000e-01   1.524850000e+00
  -1.343180000e+00  -4.685410000e-01  -9.671600000e-01
  -1.098241000e+00  -4.695410000e-01  -9.333800000e-01
  -1.076813000e+00  -4.585410000e-01  -1.115750000e+00
  -1.294350000e+00  -4.775410000e-01   6.939740000e-01
  -1.046610000e+00  -4.705410000e-01   8.101910000e-01
  -1.876590000e-01  -4.517410000e-01  -3.666780000e-01
  -1.978680000e+00  -4.655410000e-01   4.679687800e-01
  -1.881980000e+00  -4.735410000e-01   3.012930000e-01
  -1.489450000e+00  -4.745410000e-01  -7.908200000e-01
  -1.603600000e+00  -4.595410000e-01  -1.028270000e+00
  -1.619160000e+00  -4.695410000e-01  -8.203700000e-01
  -1.559470000e+00  -4.695410000e-01   7.870150000e-01
  -1.529620000e+00  -4.755410000e-01   6.472860000e-01
  -2.356470000e+00  -4.135410000e-01   1.039132000e+00
  -5.088710000e-01  -4.735410000e-01  -9.821000000e-02
  -4.235870000e-01  -4.665410000e-01  -4.241970000e-01
  -7.195670000e-01  -4.538410000e-01  -1.093330000e+00
  -5.813220000e-01  -4.493410000e-01  -1.082750000e+00
  -1.003302000e+00  -4.785410000e-01  -7.268600000e-01
  -1.173740000e+00  -4.745410000e-01  -8.445100000e-01
  -1.346340000e+00  -4.397410000e-01   1.305361000e+00
  -1.818210000e+00  -4.354410000e-01   1.207948000e+00
  -7.966180000e-01  -4.845410000e-01  -2.860930000e-01
  -5.845880000e-01  -4.765410000e-01  -2.934630000e-01
  -1.319880000e+00  -4.815410000e-01  -6.624800000e-01
  -9.568450000e-01  -4.585410000e-01  -1.101860000e+00
  -8.879760000e-01  -4.512410000e-01  -1.192720000e+00
  -6.603160000e-01  -4.775410000e-01  -4.827170000e-01
  -3.584060000e-01  -4.565410000e-01  -6.557420000e-01
  -1.239600000e+00  -4.915410000e-01  -2.374310000e-01
  -7.585100000e-01  -4.735410000e-01  -6.986560000e-01
  -8.320090000e-01  -4.785410000e-01  -6.047910000e-01
  -1.358040000e+00  -4.625410000e-01   9.754340000e-01
  -8.533050000e-01  -4.675410000e-01  -9.085900000e-01
  -1.391510000e+00  -4.845410000e-01  -5.713060000e-01
  -2.004620000e+00  -4.472410000e-01   8.722220000e-01
  -2.171680000e+00  -4.510410000e-01   5.291089000e-01
C Number of facets
  786
C  Size  Node 1  ......Node N Marker
    3    0    1    2    3
    3    0    2    3    3
    3    0    3    4    3
    3    0    4    5    3
    3    0    5    6    3
    3    0    6    7    3
    3    0    7    8    3
    3    0    8    9    3
    3    0    9   10    3
    3    0   10   11    3
    3    0   11   12    3
    3    0   12   13    3
    3    0   13   14    3
    3    0   14   15    3
    3    0   15   16    3
    3    0   16   17    3
    3    0   17   18    3
    3    0   18   19    3
    3    0   19   20    3
    3    0   20   21    3
    3    0   21   22    3
    3    0   22   23    3
    3    0   23   24    3
    3    0   24    1    3
    3    1   25   26    3
    3    1   26    2    3
    3    2   26   27    3
    3    2   27    3    3
    3    3   27   28    3
    3    3   28    4    3
    3    4   28   29    3
    3    4   29    5    3
    3    5   29   30    3
    3    5   30    6    3
    3    6   30   31    3
    3    6   31    7    3
    3    7   31   32    3
    3    7   32    8    3
    3    8   32   33    3
    3    8   33    9    3
    3    9   33   34    3
    3    9   34   10    3
    3   10   34   35    3
    3   10   35   11    3
    3   11   35   36    3
    3   11   36   12    3
    3   12   36   37    3
    3   12   37   13    3
    3   13   37   38    3
    3   13   38   14    3
    3   14   38   39    3
    3   14   39   15    3
    3   15   39   40    3
    3   15   40   16    3
    3   16   40   41    3
    3   16   41   17    3
    3   17   41   42    3
    3   17   42   18    3
    3   18   42   43    3
    3   18   43   19    3
    3   19   43   44    3
    3   19   44   20    3
    3   20   44   45    3
    3   20   45   21    3
    3   21   45   46    3
    3   21   46   22    3
    3   22   46   47    3
    3   22   47   23    3
    3   23   47   48    3
    3   23   48   24    3
    3   24   48   25    3
    3   24   25    1    3
    3   25   49   50    3
    3   25   50   26    3
    3   26   50   51    3
    3   26   51   27    3
    3   27   51   52    3
    3   27   52   28    3
    3   28   52   53    3
    3   28   53   29    3
    3   29   53   54    3
    3   29   54   30    3
    3   30   54   55    3
    3   30   55   31    3
    3   31   55   56    3
    3   31   56   32    3
    3   32   56   57    3
    3   32   57   33    3
    3   33   57   58    3
    3   33   58   34    3
    3   34   58   59    3
    3   34   59   35    3
    3   35   59   60    3
    3   35   60   36    3
    3   36   60   61    3
    3   36   61   37    3
    3   37   61   62    3
    3   37   62   38    3
    3   38   62   63    3
    3   38   63   39    3
    3   39   63   64    3
    3   39   64   40    3
    3   40   64   65    3
    3   40   65   41    3
    3   41   65   66    3
    3   41   66   42    3
    3   42   66   67    3
    3   42   67   43    3
    3   43   67   68    3
    3   43   68   44    3
    3   44   68   69    3
    3   44   69   45    3
    3   45   69   70    3
    3   45   70   46    3
    3   46   70   71    3
    3   46   71   47    3
    3   47   71   72    3
    3   47   72   48    3
    3   48   72   49    3
    3   48   49   25    3
    3   49   73   74    3
    3   49   74   50    3
    3   50   74   75    3
    3   50   75   51    3
    3   51   75   76    3
    3   51   76   52    3
    3   52   76   77    3
    3   52   77   53    3
    3   53   77   78    3
    3   53   78   54    3
    3   54   78   79    3
    3   54   79   55    3
    3   55   79   80    3
    3   55   80   56    3
    3   56   80   81    3
    3   56   81   57    3
    3   57   81   82    3
    3   57   82   58    3
    3   58   82   83    3
    3   58   83   59    3
    3   59   83   84    3
    3   59   84   60    3
    3   60   84   85    3
    3   60   85   61    3
    3   61   85   86    3
    3   61   86   62    3
    3   62   86   87    3
    3   62   87   63    3
    3   63   87   88    3
    3   63   88   64    3
    3   64   88   89    3
    3   64   89   65    3
    3   65   89   90    3
    3   65   90   66    3
    3   66   90   91    3
    3   66   91   67    3
    3   67   91   92    3
    3   67   92   68    3
    3   68   92   93    3
    3   68   93   69    3
    3   69   93   94    3
    3   69   94   70    3
    3   70   94   95    3
    3   70   95   71    3
    3   71   95   96    3
    3   71   96   72    3
    3   72   96   73    3
    3   72   73   49    3
    3   73   97   98    3
    3   73   98   74    3
    3   74   98   99    3
    3   74   99   75    3
    3   75   99  100    3
    3   75  100   76    3
    3   76  100  101    3
    3   76  101   77    3
    3   77  101  102    3
    3   77  102   78    3
    3   78  102  103    3
    3   78  103   79    3
    3   79  103  104    3
    3   79  104   80    3
    3   80  104  105    3
    3   80  105   81    3
    3   81  105  106    3
    3   81  106   82    3
    3   82  106  107    3
    3   82  107   83    3
    3   83  107  108    3
    3   83  108   84    3
    3   84  108  109    3
    3   84  109   85    3
    3   85  109  110    3
    3   85  110   86    3
    3   86  110  111    3
    3   86  111   87    3
    3   87  111  112    3
    3   87  112   88    3
    3   88  112  113    3
    3   88  113   89    3
    3   89  113  114    3
    3   89  114   90    3
    3   90  114  115    3
    3   90  115   91    3
    3   91  115  116    3
    3   91  116   92    3
    3   92  116  117    3
    3   92  117   93    3
    3   93  117  118    3
    3   93  118   94    3
    3   94  118  119    3
    3   94  119   95    3
    3   95  119  120    3
    3   95  120   96    3
    3   96  120   97    3
    3   96   97   73    3
    3   97  121  122    3
    3   97  122   98    3
    3   98  122  123    3
    3   98  123   99    3
    3   99  123  124    3
    3   99  124  100    3
    3  100  124  125    3
    3  100  125  101    3
    3  101  125  126    3
    3  101  126  102    3
    3  102  126  127    3
    3  102  127  103    3
    3  103  127  128    3
    3  103  128  104    3
    3  104  128  129    3
    3  104  129  105    3
    3  105  129  130    3
    3  105  130  106    3
    3  106  130  131    3
    3  106  131  107    3
    3  107  131  132    3
    3  107  132  108    3
    3  108  132  133    3
    3  108  133  109    3
    3  109  133  134    3
    3  109  134  110    3
    3  110  134  135    3
    3  110  135  111    3
    3  111  135  136    3
    3  111  136  112    3
    3  112  136  137    3
    3  112  137  113    3
    3  113  137  138    3
    3  113  138  114    3
    3  114  138  139    3
    3  114  139  115    3
    3  115  139  140    3
    3  115  140  116    3
    3  116  140  141    3
    3  116  141  117    3
    3  117  141  142    3
    3  117  142  118    3
    3  118  142  143    3
    3  118  143  119    3
    3  119  143  144    3
    3  119  144  120    3
    3  120  144  121    3
    3  120  121   97    3
    3  121  145  146    3
    3  121  146  122    3
    3  122  146  147    3
    3  122  147  123    3
    3  123  147  148    3
    3  123  148  124    3
    3  124  148  149    3
    3  124  149  125    3
    3  125  149  150    3
    3  125  150  126    3
    3  126  150  151    3
    3  126  151  127    3
    3  127  151  152    3
    3  127  152  128    3
    3  128  152  153    3
    3  128  153  129    3
    3  129  153  154    3
    3  129  154  130    3
    3  130  154  155    3
    3  130  155  131    3
    3  131  155  156    3
    3  131  156  132    3
    3  132  156  157    3
    3  132  157  133    3
    3  133  157  158    3
    3  133  158  134    3
    3  134  158  159    3
    3  134  159  135    3
    3  135  159  160    3
    3  135  160  136    3
    3  136  160  161    3
    3  136  161  137    3
    3  137  161  162    3
    3  137  162  138    3
    3  138  162  163    3
    3  138  163  139    3
    3  139  163  164    3
    3  139  164  140    3
    3  140  164  165    3
    3  140  165  141    3
    3  141  165  166    3
    3  141  166  142    3
    3  142  166  167    3
    3  142  167  143    3
    3  143  167  168    3
    3  143  168  144    3
    3  144  168  145    3
    3  144  145  121    3
    3  145  169  170    3
    3  145  170  146    3
    3  146  170  171    3
    3  146  171  147    3
    3  147  171  172    3
    3  147  172  148    3
    3  148  172  173    3
    3  148  173  149    3
    3  149  173  174    3
    3  149  174  150    3
    3  150  174  175    3
    3  150  175  151    3
    3  151  175  176    3
    3  151  176  152    3
    3  152  176  177    3
    3  152  177  153    3
    3  153  177  178    3
    3  153  178  154    3
    3  154  178  179    3
    3  154  179  155    3
    3  155  179  180    3
    3  155  180  156    3
    3  156  180  181    3
    3  156  181  157    3
    3  157  181  182    3
    3  157  182  158    3
    3  158  182  183    3
    3  158  183  159    3
    3  159  183  184    3
    3  159  184  160    3
    3  160  184  185    3
    3  160  185  161    3
    3  161  185  186    3
    3  161  186  162    3
    3  162  186  187    3
    3  162  187  163    3
    3  163  187  188    3
    3  163  188  164    3
    3  164  188  189    3
    3  164  189  165    3
    3  165  189  190    3
    3  165  190  166    3
    3  166  190  191    3
    3  166  191  167    3
    3  167  191  192    3
    3  167  192  168    3
    3  168  192  169    3
    3  168  169  145    3
    3  169  193  194    3
    3  169  194  170    3
    3  170  194  195    3
    3  170  195  171    3
    3  171  195  196    3
    3  171  196  172    3
    3  172  196  197    3
    3  172  197  173    3
    3  173  197  198    3
    3  173  198  174    3
    3  174  198  199    3
    3  174  199  175    3
    3  175  199  200    3
    3  175  200  176    3
    3  176  200  201    3
    3  176  201  177    3
    3  177  201  202    3
    3  177  202  178    3
    3  178  202  203    3
    3  178  203  179    3
    3  179  203  204    3
    3  179  204  180    3
    3  180  204  205    3
    3  180  205  181    3
    3  181  205  206    3
    3  181  206  182    3
    3  182  206  207    3
    3  182  207  183    3
    3  183  207  208    3
    3  183  208  184    3
    3  184  208  209    3
    3  184  209  185    3
    3  185  209  210    3
    3  185  210  186    3
    3  186  210  211    3
    3  186  211  187    3
    3  187  211  212    3
    3  187  212  188    3
    3  188  212  213    3
    3  188  213  189    3
    3  189  213  214    3
    3  189  214  190    3
    3  190  214  215    3
    3  190  215  191    3
    3  191  215  216    3
    3  191  216  192    3
    3  192  216  193    3
    3  192  193  169    3
    3  193  217  218    3
    3  193  218  194    3
    3  194  218  219    3
    3  194  219  195    3
    3  195  219  220    3
    3  195  220  196    3
    3  196  220  221    3
    3  196  221  197    3
    3  197  221  222    3
    3  197  222  198    3
    3  198  222  223    3
    3  198  223  199    3
    3  199  223  224    3
    3  199  224  200    3
    3  200  224  225    3
    3  200  225  201    3
    3  201  225  226    3
    3  201  226  202    3
    3  202  226  227    3
    3  202  227  203    3
    3  203  227  228    3
    3  203  228  204    3
    3  204  228  229    3
    3  204  229  205    3
    3  205  229  230    3
    3  205  230  206    3
    3  206  230  231    3
    3  206  231  207    3
    3  207  231  232    3
    3  207  232  208    3
    3  208  232  233    3
    3  208  233  209    3
    3  209  233  234    3
    3  209  234  210    3
    3  210  234  235    3
    3  210  235  211    3
    3  211  235  236    3
    3  211  236  212    3
    3  212  236  237    3
    3  212  237  213    3
    3  213  237  238    3
    3  213  238  214    3
    3  214  238  239    3
    3  214  239  215    3
    3  215  239  240    3
    3  215  240  216    3
    3  216  240  217    3
    3  216  217  193    3
    3  217  241  242    3
    3  217  242  218    3
    3  218  242  243    3
    3  218  243  219    3
    3  219  243  244    3
    3  219  244  220    3
    3  220  244  245    3
    3  220  245  221    3
    3  221  245  246    3
    3  221  246  222    3
    3  222  246  247    3
    3  222  247  223    3
    3  223  247  248    3
    3  223  248  224    3
    3  224  248  249    3
    3  224  249  225    3
    3  225  249  250    3
    3  225  250  226    3
    3  226  250  251    3
    3  226  251  227    3
    3  227  251  252    3
    3  227  252  228    3
    3  228  252  253    3
    3  228  253  229    3
    3  229  253  254    3
    3  229  254  230    3
    3  230  254  255    3
    3  230  255  231    3
    3  231  255  256    3
    3  231  256  232    3
    3  232  256  257    3
    3  232  257  233    3
    3  233  257  258    3
    3  233  258  234    3
    3  234  258  259    3
    3  234  259  235    3
    3  235  259  260    3
    3  235  260  236    3
    3  236  260  261    3
    3  236  261  237    3
    3  237  261  262    3
    3  237  262  238    3
    3  238  262  263    3
    3  238  263  239    3
    3  239  263  264    3
    3  239  264  240    3
    3  240  264  241    3
    3  240  241  217    3
    3  264  265  241    3
    3  264  266  265    3
    3  263  266  264    3
    3  263  267  266    3
    3  262  267  263    3
    3  262  268  267    3
    3  261  268  262    3
    3  261  269  268    3
    3  260  269  261    3
    3  260  270  269    3
    3  259  270  260    3
    3  259  271  270    3
    3  258  271  259    3
    3  258  272  271    3
    3  257  272  258    3
    3  257  273  272    3
    3  256  273  257    3
    3  256  274  273    3
    3  255  274  256    3
    3  255  275  274    3
    3  254  275  255    3
    3  254  276  275    3
    3  253  276  254    3
    3  253  277  276    3
    3  252  277  253    3
    3  252  278  277    3
    3  251  278  252    3
    3  251  279  278    3
    3  250  279  251    3
    3  250  280  279    3
    3  249  280  250    3
    3  249  281  280    3
    3  248  281  249    3
    3  248  282  281    3
    3  247  282  248    3
    3  247  283  282    3
    3  246  283  247    3
    3  246  284  283    3
    3  245  284  246    3
    3  245  285  284    3
    3  244  285  245    3
    3  244  286  285    3
    3  243  286  244    3
    3  243  287  286    3
    3  242  287  243    3
    3  242  288  287    3
    3  241  288  242    3
    3  241  265  288    3
    3  289  279  290    1
    3  291  288  292    1
    3  293  294  295    3
    3  296  275  276    1
    3  297  298  299    1
    3  300  301  302    1
    3  303  304  305    3
    3  292  306  307    1
    3  308  309  310    4
    3  300  293  301    1
    3  311  312  313    3
    3  290  314  315    1
    3  316  317  318    1
    3  319  320  321    3
    3  317  322  308    1
    3  286  323  285    1
    3  286  287  320    1
    3  298  297  293    1
    3  324  325  273    1
    3  326  271  272    1
    3  327  328  301    1
    3  329  326  330    1
    3  300  331  304    1
    3  332  282  302    1
    3  272  325  326    1
    3  296  276  316    1
    3  296  333  275    1
    3  324  334  325    1
    3  335  329  336    1
    3  315  328  337    1
    3  338  339  303    3
    3  334  340  341    4
    3  279  289  278    1
    3  274  275  333    1
    3  322  278  289    1
    3  342  343  344    3
    3  332  301  328    1
    3  314  290  280    1
    3  345  338  346    3
    3  324  333  334    1
    3  277  316  276    1
    3  266  267  335    1
    3  288  291  287    1
    3  347  348  349    3
    3  316  322  317    1
    3  297  350  351    4
    3  327  301  293    1
    3  283  331  302    1
    3  352  353  354    4
    3  326  269  270    1
    3  332  302  301    1
    3  355  299  298    1
    3  312  356  357    3
    3  330  355  329    1
    3  336  306  335    1
    3  271  326  270    1
    3  358  359  360    4
    3  298  361  362    3
    3  283  302  282    1
    3  336  329  355    1
    3  326  363  330    1
    3  265  292  288    1
    3  300  364  365    3
    3  366  367  368    4
    3  333  318  334    1
    3  369  361  370    3
    3  327  293  297    1
    3  278  322  277    1
    3  320  291  356    3
    3  371  285  323    1
    3  363  325  334    1
    3  371  331  284    1
    3  364  339  349    3
    3  268  335  267    1
    3  372  363  373    4
    3  280  290  279    1
    3  266  306  265    1
    3  316  277  322    1
    3  328  315  314    1
    3  308  315  367    1
    3  355  330  372    1
    3  327  297  337    1
    3  280  281  314    1
    3  374  340  375    4
    3  296  316  318    1
    3  352  376  377    4
    3  355  307  336    1
    3  292  343  378    3
    3  326  325  363    1
    3  320  287  291    1
    3  345  319  379    3
    3  380  372  381    4
    3  358  366  382    4
    3  268  329  335    1
    3  273  274  324    1
    3  336  307  306    1
    3  265  306  292    1
    3  296  318  333    1
    3  383  374  384    4
    3  329  268  269    1
    3  385  373  386    4
    3  333  324  274    1
    3  283  284  331    1
    3  298  307  355    1
    3  299  353  387    4
    3  308  289  315    1
    3  273  325  272    1
    3  327  337  328    1
    3  388  376  389    4
    3  314  332  328    1
    3  281  282  332    1
    3  315  289  290    1
    3  363  372  330    1
    3  355  372  299    1
    3  285  371  284    1
    3  314  281  332    1
    3  269  326  329    1
    3  369  347  311    3
    3  266  335  306    1
    3  286  320  323    1
    3  308  322  289    1
    3  300  302  331    1
    3  343  390  313    3
    3  292  307  344    3
    3  298  348  370    3
    3  361  390  342    3
    3  343  342  390    3
    3  342  307  362    3
    3  347  369  348    3
    3  361  369  390    3
    3  369  311  390    3
    3  312  311  347    3
    3  311  313  390    3
    3  313  312  378    3
    3  298  362  307    3
    3  342  362  361    3
    3  342  344  307    3
    3  292  344  343    3
    3  369  370  348    3
    3  298  370  361    3
    3  292  378  312    3
    3  313  378  343    3
    3  334  318  375    4
    3  340  391  388    4
    3  318  317  384    4
    3  340  374  391    4
    3  352  385  389    4
    3  376  391  359    4
    3  376  388  391    4
    3  388  385  341    4
    3  359  391  383    4
    3  359  358  377    4
    3  374  383  391    4
    3  383  317  360    4
    3  374  375  318    4
    3  334  375  340    4
    3  334  341  385    4
    3  388  341  340    4
    3  388  389  385    4
    3  352  389  376    4
    3  352  377  358    4
    3  359  377  376    4
    3  358  360  317    4
    3  383  360  359    4
    3  383  384  317    4
    3  318  384  374    4
    3  367  358  309    4
    3  315  337  368    1
    3  353  352  350    4
    3  353  299  380    4
    3  372  380  299    4
    3  380  385  354    4
    3  350  352  392    4
    3  350  297  387    4
    3  366  337  392    4
    3  367  366  358    4
    3  363  334  386    4
    3  373  385  381    4
    3  392  337  351    4
    3  392  352  382    4
    3  380  381  385    4
    3  373  381  372    4
    3  358  317  310    4
    3  367  309  308    4
    3  385  386  334    4
    3  363  386  373    4
    3  366  368  337    4
    3  315  368  367    1
    3  299  387  297    4
    3  350  387  353    4
    3  352  354  385    4
    3  380  354  353    4
    3  358  382  352    4
    3  392  382  366    4
    3  297  351  337    4
    3  392  351  350    4
    3  308  310  317    4
    3  358  310  309    4
    3  312  347  379    3
    3  320  319  323    3
    3  371  323  346    3
    3  338  347  393    3
    3  364  300  394    3
    3  364  348  294    3
    3  319  345  323    3
    3  338  345  347    3
    3  348  298  295    3
    3  294  293  365    3
    3  304  339  394    3
    3  331  371  305    1
    3  364  349  348    3
    3  349  339  393    3
    3  338  393  339    3
    3  349  393  347    3
    3  338  303  371    3
    3  304  303  339    3
    3  356  312  321    3
    3  291  292  357    3
    3  364  394  339    3
    3  304  394  300    3
    3  319  321  312    3
    3  356  321  320    3
    3  293  295  298    3
    3  348  295  294    3
    3  312  357  292    3
    3  291  357  356    3
    3  345  346  323    3
    3  371  346  338    3
    3  303  305  371    3
    3  331  305  304    1
    3  345  379  347    3
    3  312  379  319    3
    3  300  365  293    3
    3  294  365  364    3
C Prescribed Values(Inlet, Outlet), InteractionSurface(Inlet, Outlet)
       3        1        0        2        2        2
C Inlet Velocity
C     Vx,           Vy,            Vz,    indVx,indVy,indVz, FunID (3E18.9, 4I5)
   0.000000000e+00   1.000000000e+00   0.000000000e+00    1    0    1    4
C Inlet Pressure, FunID (E18.9,I5)
   1.000000000e+00    3
C Outlet Pressure (E18.9,I5)
   1.000000000e+00    2
C Inlet Velocity
C nNodeID,    Vx,           Vy,            Vz (I5, 3E18.9)
  265
    1   9.000000000e-01   7.500000000e+00  -6.000000000e-01
    2  -1.200000000e+00   7.000000000e+00  -8.000000000e-01
    3  -1.100000000e+00   7.000000000e+00  -1.600000000e+00
    4  -7.000000000e-01   7.000000000e+00  -2.200000000e+00
    5   0.000000000e+00   7.000000000e+00  -2.900000000e+00
    6   1.200000000e+00   7.000000000e+00  -3.500000000e+00
    7   2.300000000e+00   7.000000000e+00  -3.300000000e+00
    8   2.400000000e+00   7.000000000e+00  -2.600000000e+00
    9   2.100000000e+00   7.000000000e+00  -2.100000000e+00
   10   1.900000000e+00   7.000000000e+00  -1.700000000e+00
   11   1.900000000e+00   7.000000000e+00  -1.700000000e+00
   12   2.100000000e+00   7.000000000e+00  -1.500000000e+00
   13   2.400000000e+00   7.000000000e+00  -1.200000000e+00
   14   2.700000000e+00   7.000000000e+00  -5.000000000e-01
   15   2.700000000e+00   7.000000000e+00   5.000000000e-01
   16   2.400000000e+00   7.000000000e+00   1.200000000e+00
   17   1.900000000e+00   7.000000000e+00   1.600000000e+00
   18   1.300000000e+00   7.000000000e+00   1.900000000e+00
   19   5.000000000e-01   7.000000000e+00   2.000000000e+00
   20  -6.000000000e-01   7.000000000e+00   1.700000000e+00
   21  -2.000000000e-01   7.000000000e+00   1.100000000e+00
   22   2.000000000e-01   7.000000000e+00   9.000000000e-01
   23   2.000000000e-01   7.000000000e+00   9.000000000e-01
   24  -2.000000000e-01   7.000000000e+00   9.000000000e-01
   25  -8.000000000e-01   7.000000000e+00   4.000000000e-01
   26  -1.700000000e+00   6.600000000e+00  -2.000000000e-01
   27  -1.600000000e+00   6.600000000e+00  -1.200000000e+00
   28  -1.300000000e+00   6.600000000e+00  -2.100000000e+00
   29  -4.000000000e-01   6.600000000e+00  -3.100000000e+00
   30   9.000000000e-01   6.600000000e+00  -3.700000000e+00
   31   2.000000000e+00   6.600000000e+00  -3.700000000e+00
   32   2.300000000e+00   6.600000000e+00  -3.000000000e+00
   33   2.000000000e+00   6.600000000e+00  -2.600000000e+00
   34   2.100000000e+00   6.600000000e+00  -2.400000000e+00
   35   2.400000000e+00   6.600000000e+00  -2.100000000e+00
   36   2.700000000e+00   6.600000000e+00  -1.600000000e+00
   37   3.100000000e+00   6.600000000e+00  -1.100000000e+00
   38   3.400000000e+00   6.600000000e+00  -4.000000000e-01
   39   3.400000000e+00   6.600000000e+00   7.000000000e-01
   40   3.000000000e+00   6.600000000e+00   1.700000000e+00
   41   2.400000000e+00   6.600000000e+00   2.100000000e+00
   42   1.800000000e+00   6.600000000e+00   2.400000000e+00
   43   1.000000000e+00   6.600000000e+00   2.500000000e+00
   44   1.000000000e-01   6.600000000e+00   2.400000000e+00
   45   6.000000000e-01   6.600000000e+00   1.900000000e+00
   46   8.000000000e-01   6.600000000e+00   2.000000000e+00
   47   7.000000000e-01   6.600000000e+00   2.200000000e+00
   48   0.000000000e+00   6.600000000e+00   2.100000000e+00
   49  -1.000000000e+00   6.600000000e+00   1.400000000e+00
   50  -1.900000000e+00   6.200000000e+00   1.500000000e+00
   51  -2.200000000e+00   6.200000000e+00   4.000000000e-01
   52  -2.000000000e+00   6.200000000e+00  -9.000000000e-01
   53  -1.200000000e+00   6.200000000e+00  -2.400000000e+00
   54   2.000000000e-01   6.200000000e+00  -3.500000000e+00
   55   1.500000000e+00   6.200000000e+00  -3.600000000e+00
   56   2.000000000e+00   6.200000000e+00  -3.100000000e+00
   57   2.200000000e+00   6.200000000e+00  -2.700000000e+00
   58   2.400000000e+00   6.200000000e+00  -2.400000000e+00
   59   2.900000000e+00   6.200000000e+00  -2.000000000e+00
   60   3.600000000e+00   6.200000000e+00  -1.300000000e+00
   61   3.900000000e+00   6.200000000e+00  -5.000000000e-01
   62   4.100000000e+00   6.200000000e+00   6.000000000e-01
   63   4.000000000e+00   6.200000000e+00   1.700000000e+00
   64   3.400000000e+00   6.200000000e+00   2.500000000e+00
   65   3.100000000e+00   6.200000000e+00   2.600000000e+00
   66   2.900000000e+00   6.200000000e+00   2.600000000e+00
   67   2.200000000e+00   6.200000000e+00   2.900000000e+00
   68   9.000000000e-01   6.200000000e+00   3.100000000e+00
   69   4.000000000e-01   6.200000000e+00   2.800000000e+00
   70   3.000000000e-01   6.200000000e+00   2.600000000e+00
   71   1.000000000e-01   6.200000000e+00   2.700000000e+00
   72  -4.000000000e-01   6.200000000e+00   2.900000000e+00
   73  -1.200000000e+00   6.200000000e+00   2.600000000e+00
   74  -2.100000000e+00   5.800000000e+00   2.700000000e+00
   75  -2.600000000e+00   5.800000000e+00   1.600000000e+00
   76  -2.600000000e+00   5.800000000e+00   1.000000000e-01
   77  -1.900000000e+00   5.800000000e+00  -1.700000000e+00
   78  -4.000000000e-01   5.800000000e+00  -3.100000000e+00
   79   1.100000000e+00   5.800000000e+00  -3.600000000e+00
   80   2.000000000e+00   5.800000000e+00  -3.300000000e+00
   81   2.400000000e+00   5.800000000e+00  -2.800000000e+00
   82   2.900000000e+00   5.800000000e+00  -2.500000000e+00
   83   3.600000000e+00   5.800000000e+00  -1.900000000e+00
   84   4.100000000e+00   5.800000000e+00  -1.100000000e+00
   85   4.400000000e+00   5.800000000e+00  -3.000000000e-01
   86   4.600000000e+00   5.800000000e+00   6.000000000e-01
   87   4.500000000e+00   5.800000000e+00   1.800000000e+00
   88   3.800000000e+00   5.800000000e+00   3.000000000e+00
   89   3.300000000e+00   5.800000000e+00   3.100000000e+00
   90   3.200000000e+00   5.800000000e+00   3.000000000e+00
   91   2.600000000e+00   5.800000000e+00   3.200000000e+00
   92   1.600000000e+00   5.800000000e+00   3.600000000e+00
   93   8.000000000e-01   5.800000000e+00   3.500000000e+00
   94   2.000000000e-01   5.800000000e+00   3.400000000e+00
   95  -1.000000000e-01   5.800000000e+00   3.500000000e+00
   96  -5.000000000e-01   5.800000000e+00   3.600000000e+00
   97  -1.400000000e+00   5.800000000e+00   3.600000000e+00
   98  -2.500000000e+00   5.300000000e+00   3.100000000e+00
   99  -3.000000000e+00   5.300000000e+00   2.000000000e+00
  100  -3.100000000e+00   5.300000000e+00   4.000000000e-01
  101  -2.400000000e+00   5.300000000e+00  -1.700000000e+00
  102  -7.000000000e-01   5.300000000e+00  -3.500000000e+00
  103   1.200000000e+00   5.300000000e+00  -4.000000000e+00
  104   2.200000000e+00   5.300000000e+00  -3.700000000e+00
  105   2.900000000e+00   5.300000000e+00  -3.100000000e+00
  106   3.300000000e+00   5.300000000e+00  -2.600000000e+00
  107   4.000000000e+00   5.300000000e+00  -1.900000000e+00
  108   4.500000000e+00   5.300000000e+00  -1.000000000e+00
  109   4.700000000e+00   5.300000000e+00  -4.000000000e-01
  110   4.800000000e+00   5.300000000e+00   4.000000000e-01
  111   4.700000000e+00   5.300000000e+00   1.800000000e+00
  112   3.900000000e+00   5.300000000e+00   3.200000000e+00
  113   3.100000000e+00   5.300000000e+00   3.600000000e+00
  114   2.800000000e+00   5.300000000e+00   3.400000000e+00
  115   2.300000000e+00   5.300000000e+00   3.600000000e+00
  116   1.300000000e+00   5.300000000e+00   3.800000000e+00
  117   4.000000000e-01   5.300000000e+00   3.800000000e+00
  118  -3.000000000e-01   5.300000000e+00   3.600000000e+00
  119  -6.000000000e-01   5.300000000e+00   3.600000000e+00
  120  -1.000000000e+00   5.300000000e+00   3.800000000e+00
  121  -1.700000000e+00   5.300000000e+00   3.800000000e+00
  122  -2.800000000e+00   5.000000000e+00   3.300000000e+00
  123  -3.400000000e+00   5.000000000e+00   2.300000000e+00
  124  -3.600000000e+00   5.000000000e+00   5.000000000e-01
  125  -2.800000000e+00   5.000000000e+00  -1.900000000e+00
  126  -8.000000000e-01   5.000000000e+00  -4.000000000e+00
  127   1.400000000e+00   5.000000000e+00  -4.600000000e+00
  128   2.800000000e+00   5.000000000e+00  -4.100000000e+00
  129   3.500000000e+00   5.000000000e+00  -3.400000000e+00
  130   4.000000000e+00   5.000000000e+00  -2.600000000e+00
  131   4.600000000e+00   5.000000000e+00  -1.700000000e+00
  132   5.000000000e+00   5.000000000e+00  -7.000000000e-01
  133   4.900000000e+00   5.000000000e+00   0.000000000e+00
  134   4.800000000e+00   5.000000000e+00   7.000000000e-01
  135   4.700000000e+00   5.000000000e+00   1.700000000e+00
  136   3.900000000e+00   5.000000000e+00   3.400000000e+00
  137   2.800000000e+00   5.000000000e+00   4.100000000e+00
  138   2.100000000e+00   5.000000000e+00   4.000000000e+00
  139   1.500000000e+00   5.000000000e+00   4.100000000e+00
  140   4.000000000e-01   5.000000000e+00   4.200000000e+00
  141  -4.000000000e-01   5.000000000e+00   4.000000000e+00
  142  -1.200000000e+00   5.000000000e+00   3.600000000e+00
  143  -1.400000000e+00   5.000000000e+00   3.400000000e+00
  144  -1.500000000e+00   5.000000000e+00   3.700000000e+00
  145  -2.000000000e+00   5.000000000e+00   4.000000000e+00
  146  -3.400000000e+00   3.800000000e+00   2.100000000e+00
  147  -3.800000000e+00   3.800000000e+00   8.000000000e-01
  148  -3.700000000e+00   3.800000000e+00  -1.100000000e+00
  149  -2.600000000e+00   3.800000000e+00  -3.600000000e+00
  150  -2.000000000e-01   3.800000000e+00  -5.800000000e+00
  151   2.400000000e+00   3.800000000e+00  -6.300000000e+00
  152   3.800000000e+00   3.800000000e+00  -5.400000000e+00
  153   4.400000000e+00   3.800000000e+00  -4.400000000e+00
  154   4.700000000e+00   3.800000000e+00  -3.500000000e+00
  155   5.200000000e+00   3.800000000e+00  -2.700000000e+00
  156   5.700000000e+00   3.800000000e+00  -1.200000000e+00
  157   5.600000000e+00   3.800000000e+00  -2.000000000e-01
  158   5.300000000e+00   3.800000000e+00   4.000000000e-01
  159   5.100000000e+00   3.800000000e+00   1.200000000e+00
  160   4.200000000e+00   3.800000000e+00   3.000000000e+00
  161   2.900000000e+00   3.800000000e+00   4.000000000e+00
  162   2.100000000e+00   3.800000000e+00   3.800000000e+00
  163   1.500000000e+00   3.800000000e+00   3.800000000e+00
  164   4.000000000e-01   3.800000000e+00   3.800000000e+00
  165  -9.000000000e-01   3.800000000e+00   3.600000000e+00
  166  -1.800000000e+00   3.800000000e+00   3.000000000e+00
  167  -1.800000000e+00   3.800000000e+00   2.900000000e+00
  168  -2.000000000e+00   3.800000000e+00   3.200000000e+00
  169  -2.500000000e+00   3.800000000e+00   3.300000000e+00
  170  -4.100000000e+00   2.700000000e+00  -2.000000000e-01
  171  -4.100000000e+00   2.700000000e+00  -1.500000000e+00
  172  -3.900000000e+00   2.700000000e+00  -2.900000000e+00
  173  -2.900000000e+00   2.700000000e+00  -4.900000000e+00
  174  -6.000000000e-01   2.700000000e+00  -7.000000000e+00
  175   2.500000000e+00   2.700000000e+00  -7.600000000e+00
  176   4.200000000e+00   2.700000000e+00  -6.600000000e+00
  177   4.500000000e+00   2.700000000e+00  -5.300000000e+00
  178   4.500000000e+00   2.700000000e+00  -4.400000000e+00
  179   4.800000000e+00   2.700000000e+00  -3.700000000e+00
  180   5.400000000e+00   2.700000000e+00  -2.600000000e+00
  181   5.500000000e+00   2.700000000e+00  -1.700000000e+00
  182   5.600000000e+00   2.700000000e+00  -1.000000000e+00
  183   5.500000000e+00   2.700000000e+00   1.000000000e-01
  184   4.400000000e+00   2.700000000e+00   2.600000000e+00
  185   2.900000000e+00   2.700000000e+00   3.500000000e+00
  186   2.000000000e+00   2.700000000e+00   3.300000000e+00
  187   1.500000000e+00   2.700000000e+00   3.200000000e+00
  188   5.000000000e-01   2.700000000e+00   3.200000000e+00
  189  -7.000000000e-01   2.700000000e+00   3.000000000e+00
  190  -1.500000000e+00   2.700000000e+00   2.500000000e+00
  191  -1.700000000e+00   2.700000000e+00   2.400000000e+00
  192  -2.300000000e+00   2.700000000e+00   2.500000000e+00
  193  -3.400000000e+00   2.700000000e+00   1.600000000e+00
  194  -4.800000000e+00   1.600000000e+00  -2.800000000e+00
  195  -4.400000000e+00   1.600000000e+00  -3.700000000e+00
  196  -4.200000000e+00   1.600000000e+00  -4.300000000e+00
  197  -3.600000000e+00   1.600000000e+00  -5.400000000e+00
  198  -1.800000000e+00   1.600000000e+00  -7.100000000e+00
  199   1.300000000e+00   1.600000000e+00  -8.100000000e+00
  200   3.400000000e+00   1.600000000e+00  -7.400000000e+00
  201   4.200000000e+00   1.600000000e+00  -6.200000000e+00
  202   4.500000000e+00   1.600000000e+00  -5.200000000e+00
  203   4.900000000e+00   1.600000000e+00  -4.400000000e+00
  204   5.500000000e+00   1.600000000e+00  -3.200000000e+00
  205   5.600000000e+00   1.600000000e+00  -2.500000000e+00
  206   5.700000000e+00   1.600000000e+00  -1.800000000e+00
  207   5.700000000e+00   1.600000000e+00  -7.000000000e-01
  208   4.700000000e+00   1.600000000e+00   1.900000000e+00
  209   2.900000000e+00   1.600000000e+00   3.100000000e+00
  210   2.100000000e+00   1.600000000e+00   2.800000000e+00
  211   1.700000000e+00   1.600000000e+00   2.600000000e+00
  212   6.000000000e-01   1.600000000e+00   2.700000000e+00
  213  -6.000000000e-01   1.600000000e+00   2.500000000e+00
  214  -1.500000000e+00   1.600000000e+00   2.100000000e+00
  215  -1.800000000e+00   1.600000000e+00   2.000000000e+00
  216  -2.800000000e+00   1.600000000e+00   1.600000000e+00
  217  -4.200000000e+00   1.600000000e+00  -1.000000000e-01
  218  -4.900000000e+00   6.000000000e-01  -4.100000000e+00
  219  -4.400000000e+00   6.000000000e-01  -4.900000000e+00
  220  -4.000000000e+00   6.000000000e-01  -5.600000000e+00
  221  -3.200000000e+00   6.000000000e-01  -6.800000000e+00
  222  -8.000000000e-01   6.000000000e-01  -8.500000000e+00
  223   2.100000000e+00   6.000000000e-01  -9.000000000e+00
  224   3.800000000e+00   6.000000000e-01  -8.200000000e+00
  225   4.300000000e+00   6.000000000e-01  -7.000000000e+00
  226   4.600000000e+00   6.000000000e-01  -6.100000000e+00
  227   5.200000000e+00   6.000000000e-01  -5.200000000e+00
  228   6.100000000e+00   6.000000000e-01  -3.700000000e+00
  229   6.200000000e+00   6.000000000e-01  -2.500000000e+00
  230   6.100000000e+00   6.000000000e-01  -1.700000000e+00
  231   5.900000000e+00   6.000000000e-01  -8.000000000e-01
  232   4.900000000e+00   6.000000000e-01   1.700000000e+00
  233   3.100000000e+00   6.000000000e-01   3.000000000e+00
  234   2.200000000e+00   6.000000000e-01   2.600000000e+00
  235   1.700000000e+00   6.000000000e-01   2.400000000e+00
  236   2.000000000e-01   6.000000000e-01   2.400000000e+00
  237  -1.300000000e+00   6.000000000e-01   1.900000000e+00
  238  -1.900000000e+00   6.000000000e-01   1.300000000e+00
  239  -2.200000000e+00   6.000000000e-01   1.200000000e+00
  240  -3.000000000e+00   6.000000000e-01   9.000000000e-01
  241  -4.500000000e+00   6.000000000e-01  -1.200000000e+00
  242  -4.400000000e+00  -5.000000000e-01  -4.100000000e+00
  243  -4.000000000e+00  -5.000000000e-01  -4.800000000e+00
  244  -3.500000000e+00  -5.000000000e-01  -5.700000000e+00
  245  -2.600000000e+00  -5.000000000e-01  -7.200000000e+00
  246  -2.000000000e-01  -5.000000000e-01  -9.100000000e+00
  247   2.200000000e+00  -5.000000000e-01  -9.400000000e+00
  248   3.500000000e+00  -5.000000000e-01  -8.700000000e+00
  249   4.000000000e+00  -5.000000000e-01  -7.900000000e+00
  250   4.600000000e+00  -5.000000000e-01  -7.300000000e+00
  251   5.800000000e+00  -5.000000000e-01  -6.200000000e+00
  252   7.000000000e+00  -5.000000000e-01  -4.100000000e+00
  253   6.900000000e+00  -5.000000000e-01  -2.700000000e+00
  254   6.600000000e+00  -5.000000000e-01  -2.100000000e+00
  255   6.400000000e+00  -5.000000000e-01  -1.700000000e+00
  256   5.700000000e+00  -5.000000000e-01   3.000000000e-01
  257   4.000000000e+00  -5.000000000e-01   1.800000000e+00
  258   3.400000000e+00  -5.000000000e-01   1.500000000e+00
  259   3.200000000e+00  -5.000000000e-01   1.300000000e+00
  260   1.700000000e+00  -5.000000000e-01   1.700000000e+00
  261  -2.000000000e-01  -5.000000000e-01   1.500000000e+00
  262  -1.200000000e+00  -5.000000000e-01   1.000000000e+00
  263  -1.600000000e+00  -5.000000000e-01   8.000000000e-01
  264  -2.600000000e+00  -5.000000000e-01   5.000000000e-01
  265  -4.200000000e+00  -5.000000000e-01  -1.800000000e+00
C Region List
