C PointsNum,MaxElemVol,TetGenParams,nAtrib,IndMov,MDMaxVolume,MDomDiv,MDOnly,MDDivF,MDPrescP
  395    1.000000e+00 YYpznno2q1.414a     0     0    1.000000e+00     1     0     0     0     0     0 YYpznno2q1.414a
  -2.332148000e-01  -8.703570000e+00  -4.818100000e-02
   6.987710000e-02  -8.217820000e+00   8.379840000e-01
  -1.634590000e-01  -8.217820000e+00   8.940480000e-01
  -4.128280000e-01  -8.217820000e+00   8.962330000e-01
  -6.732570000e-01  -8.217820000e+00   8.472300000e-01
  -9.224580000e-01  -8.217820000e+00   7.228930000e-01
  -1.096834000e+00  -8.217820000e+00   5.034290000e-01
  -1.169789000e+00  -8.217820000e+00   2.340960000e-01
  -1.168068000e+00  -8.217820000e+00  -3.478800000e-02
  -1.113557000e+00  -8.217820000e+00  -2.897610000e-01
  -1.010087000e+00  -8.217820000e+00  -5.238680000e-01
  -8.545420000e-01  -8.217820000e+00  -7.257370000e-01
  -6.527010000e-01  -8.217820000e+00  -8.825250000e-01
  -4.191229000e-01  -8.217820000e+00  -9.903890000e-01
  -1.634480000e-01  -8.217820000e+00  -1.041834000e+00
   9.734400000e-02  -8.217820000e+00  -1.008361000e+00
   3.084660000e-01  -8.217820000e+00  -8.514930000e-01
   4.485370000e-01  -8.217820000e+00  -6.458660000e-01
   5.437250000e-01  -8.217820000e+00  -4.434650000e-01
   6.041810000e-01  -8.217820000e+00  -2.409040000e-01
   5.824040000e-01  -8.217820000e+00  -3.490200000e-02
   5.169050000e-01  -8.217820000e+00   1.482130000e-01
   4.381650000e-01  -8.217820000e+00   3.133840000e-01
   3.567470000e-01  -8.217820000e+00   4.860700000e-01
   2.466420000e-01  -8.217820000e+00   6.759680000e-01
   1.079166000e-01  -7.742070000e+00   1.208310000e+00
  -2.234520000e-01  -7.742070000e+00   1.278125000e+00
  -5.636990000e-01  -7.742070000e+00   1.242763000e+00
  -8.904050000e-01  -7.742070000e+00   1.127935000e+00
  -1.181928000e+00  -7.742070000e+00   9.316800000e-01
  -1.393520000e+00  -7.742070000e+00   6.473960000e-01
  -1.505600000e+00  -7.742070000e+00   3.156132000e-01
  -1.536030000e+00  -7.742070000e+00  -2.801500000e-02
  -1.495650000e+00  -7.742070000e+00  -3.688790000e-01
  -1.374598000e+00  -7.742070000e+00  -6.929010000e-01
  -1.165129000e+00  -7.742070000e+00  -9.703400000e-01
  -8.837920000e-01  -7.742070000e+00  -1.172840000e+00
  -5.640834000e-01  -7.742070000e+00  -1.302650000e+00
  -2.218710000e-01  -7.742070000e+00  -1.355470000e+00
   1.195210000e-01  -7.742070000e+00  -1.303909000e+00
   3.889010000e-01  -7.742070000e+00  -1.085371000e+00
   5.597500000e-01  -7.742070000e+00  -8.089380000e-01
   6.741340000e-01  -7.742070000e+00  -5.452580000e-01
   7.509860000e-01  -7.742070000e+00  -2.883868000e-01
   7.322410000e-01  -7.742070000e+00  -2.679700000e-02
   6.591710000e-01  -7.742070000e+00   2.093610000e-01
   5.676970000e-01  -7.742070000e+00   4.293930000e-01
   4.755450000e-01  -7.742070000e+00   6.707270000e-01
   3.439450000e-01  -7.742070000e+00   9.560340000e-01
   1.097290000e-01  -7.256310000e+00   1.510160000e+00
  -2.949520000e-01  -7.256310000e+00   1.582930000e+00
  -7.037170000e-01  -7.256310000e+00   1.528374000e+00
  -1.090431000e+00  -7.256310000e+00   1.379688000e+00
  -1.433160000e+00  -7.256310000e+00   1.138894000e+00
  -1.685030000e+00  -7.256310000e+00   8.040600000e-01
  -1.827430000e+00  -7.256310000e+00   4.115288000e-01
  -1.877910000e+00  -7.256310000e+00   1.681000000e-03
  -1.842080000e+00  -7.256310000e+00  -4.135190000e-01
  -1.703860000e+00  -7.256310000e+00  -8.120640000e-01
  -1.446643000e+00  -7.256310000e+00  -1.151050000e+00
  -1.092412000e+00  -7.256310000e+00  -1.382200000e+00
  -6.992710000e-01  -7.256310000e+00  -1.510670000e+00
  -2.940850000e-01  -7.256310000e+00  -1.548310000e+00
   1.033810000e-01  -7.256310000e+00  -1.483105000e+00
   4.069140000e-01  -7.256310000e+00  -1.211656000e+00
   5.822660000e-01  -7.256310000e+00  -8.752660000e-01
   6.998670000e-01  -7.256310000e+00  -5.721500000e-01
   7.941260000e-01  -7.256310000e+00  -2.894712000e-01
   8.160710000e-01  -7.256310000e+00   2.617000000e-03
   7.721910000e-01  -7.256310000e+00   2.881430000e-01
   6.750120000e-01  -7.256310000e+00   5.618120000e-01
   5.664670000e-01  -7.256310000e+00   8.633000000e-01
   4.033980000e-01  -7.256310000e+00   1.211800000e+00
   1.140940000e-01  -6.770560000e+00   1.757210000e+00
  -3.537960000e-01  -6.770560000e+00   1.826460000e+00
  -8.180470000e-01  -6.770560000e+00   1.741660000e+00
  -1.244810000e+00  -6.770560000e+00   1.551637000e+00
  -1.614090000e+00  -6.770560000e+00   1.269342000e+00
  -1.891580000e+00  -6.770560000e+00   8.975060000e-01
  -2.074380000e+00  -6.770560000e+00   4.707276000e-01
  -2.173640000e+00  -6.770560000e+00   9.153000000e-03
  -2.175630000e+00  -6.770560000e+00  -4.782860000e-01
  -2.040090000e+00  -6.770560000e+00  -9.644600000e-01
  -1.730030000e+00  -6.770560000e+00  -1.366750000e+00
  -1.287791000e+00  -6.770560000e+00  -1.608720000e+00
  -8.159060000e-01  -6.770560000e+00  -1.715640000e+00
  -3.534300000e-01  -6.770560000e+00  -1.724400000e+00
   8.815500000e-02  -6.770560000e+00  -1.639250000e+00
   4.258320000e-01  -6.770560000e+00  -1.340010000e+00
   6.164680000e-01  -6.770560000e+00  -9.605840000e-01
   7.430970000e-01  -6.770560000e+00  -6.226180000e-01
   8.529920000e-01  -6.770560000e+00  -3.132724000e-01
   9.005360000e-01  -6.770560000e+00   1.065700000e-02
   8.728740000e-01  -6.770560000e+00   3.398790000e-01
   7.686160000e-01  -6.770560000e+00   6.592490000e-01
   6.456960000e-01  -6.770560000e+00   1.010710000e+00
   4.579540000e-01  -6.770560000e+00   1.416800000e+00
   1.167950000e-01  -6.287800000e+00   1.931060000e+00
  -3.975600000e-01  -6.287800000e+00   2.000910000e+00
  -9.054370000e-01  -6.287800000e+00   1.904890000e+00
  -1.369770000e+00  -6.287800000e+00   1.691361000e+00
  -1.770770000e+00  -6.287800000e+00   1.381382000e+00
  -2.074940000e+00  -6.287800000e+00   9.768580000e-01
  -2.283730000e+00  -6.287800000e+00   5.138001000e-01
  -2.410890000e+00  -6.287800000e+00   8.453000000e-03
  -2.430990000e+00  -6.287800000e+00  -5.362160000e-01
  -2.291810000e+00  -6.287800000e+00  -1.084810000e+00
  -1.938990000e+00  -6.287800000e+00  -1.533390000e+00
  -1.433682000e+00  -6.287800000e+00  -1.786810000e+00
  -9.042050000e-01  -6.287800000e+00  -1.885370000e+00
  -3.969680000e-01  -6.287800000e+00  -1.880200000e+00
   8.351700000e-02  -6.287800000e+00  -1.784170000e+00
   4.535360000e-01  -6.287800000e+00  -1.464940000e+00
   6.640970000e-01  -6.287800000e+00  -1.052854000e+00
   8.035120000e-01  -6.287800000e+00  -6.838530000e-01
   9.250680000e-01  -6.287800000e+00  -3.451999000e-01
   9.839090000e-01  -6.287800000e+00   1.000600000e-02
   9.556970000e-01  -6.287800000e+00   3.723950000e-01
   8.424360000e-01  -6.287800000e+00   7.264410000e-01
   7.083280000e-01  -6.287800000e+00   1.116280000e+00
   4.998210000e-01  -6.287800000e+00   1.564470000e+00
   1.101610000e-01  -5.804050000e+00   2.089360000e+00
  -4.432700000e-01  -5.804050000e+00   2.171020000e+00
  -9.951100000e-01  -5.804050000e+00   2.083090000e+00
  -1.510750000e+00  -5.804050000e+00   1.870486000e+00
  -1.963280000e+00  -5.804050000e+00   1.542312000e+00
  -2.303130000e+00  -5.804050000e+00   1.095111000e+00
  -2.520210000e+00  -5.804050000e+00   5.785741000e-01
  -2.631890000e+00  -5.804050000e+00   2.178000000e-02
  -2.627590000e+00  -5.804050000e+00  -5.633500000e-01
  -2.461430000e+00  -5.804050000e+00  -1.143020000e+00
  -2.086250000e+00  -5.804050000e+00  -1.622450000e+00
  -1.551796000e+00  -5.804050000e+00  -1.899080000e+00
  -9.878390000e-01  -5.804050000e+00  -2.011270000e+00
  -4.425400000e-01  -5.804050000e+00  -2.010720000e+00
   7.566000000e-02  -5.804050000e+00  -1.909900000e+00
   4.767640000e-01  -5.804050000e+00  -1.570030000e+00
   7.015960000e-01  -5.804050000e+00  -1.121870000e+00
   8.486100000e-01  -5.804050000e+00  -7.231370000e-01
   9.777430000e-01  -5.804050000e+00  -3.574259000e-01
   1.037371000e+00  -5.804050000e+00   2.332700000e-02
   1.005744000e+00  -5.804050000e+00   4.116150000e-01
   8.854040000e-01  -5.804050000e+00   7.908170000e-01
   7.454280000e-01  -5.804050000e+00   1.212310000e+00
   5.237446000e-01  -5.804050000e+00   1.698250000e+00
   1.103960000e-01  -4.857630000e+00   2.409170000e+00
  -5.134260000e-01  -4.857630000e+00   2.501810000e+00
  -1.138000000e+00  -4.857630000e+00   2.412470000e+00
  -1.727710000e+00  -4.857630000e+00   2.186270000e+00
  -2.249240000e+00  -4.857630000e+00   1.813446000e+00
  -2.638890000e+00  -4.857630000e+00   1.308322000e+00
  -2.864560000e+00  -4.857630000e+00   7.111583000e-01
  -2.949340000e+00  -4.857630000e+00   8.114500000e-02
  -2.901450000e+00  -4.857630000e+00  -5.587300000e-01
  -2.697690000e+00  -4.857630000e+00  -1.179930000e+00
  -2.298530000e+00  -4.857630000e+00  -1.705320000e+00
  -1.723278000e+00  -4.857630000e+00  -2.016530000e+00
  -1.108604000e+00  -4.857630000e+00  -2.143040000e+00
  -5.125888000e-01  -4.857630000e+00  -2.141430000e+00
   5.454000000e-02  -4.857630000e+00  -2.032680000e+00
   4.868500000e-01  -4.857630000e+00  -1.648296000e+00
   7.126460000e-01  -4.857630000e+00  -1.142510000e+00
   8.607600000e-01  -4.857630000e+00  -7.116590000e-01
   1.004281000e+00  -4.857630000e+00  -3.248417000e-01
   1.103008000e+00  -4.857630000e+00   8.204400000e-02
   1.099447000e+00  -4.857630000e+00   5.146880000e-01
   9.782810000e-01  -4.857630000e+00   9.430430000e-01
   8.289780000e-01  -4.857630000e+00   1.425170000e+00
   5.796162900e-01  -4.857630000e+00   1.976440000e+00
   1.028470000e-01  -3.912210000e+00   2.697100000e+00
  -5.739590000e-01  -3.912210000e+00   2.799100000e+00
  -1.255980000e+00  -3.912210000e+00   2.716090000e+00
  -1.905220000e+00  -3.912210000e+00   2.476630000e+00
  -2.485990000e+00  -3.912210000e+00   2.076959000e+00
  -2.915310000e+00  -3.912210000e+00   1.513271000e+00
  -3.118540000e+00  -3.912210000e+00   8.475661000e-01
  -3.132270000e+00  -3.912210000e+00   1.647740000e-01
  -3.004900000e+00  -3.912210000e+00  -4.864400000e-01
  -2.753050000e+00  -3.912210000e+00  -1.093330000e+00
  -2.363520000e+00  -3.912210000e+00  -1.625850000e+00
  -1.806200000e+00  -3.912210000e+00  -1.971790000e+00
  -1.188153000e+00  -3.912210000e+00  -2.132030000e+00
  -5.716358000e-01  -3.912210000e+00  -2.152100000e+00
   2.136200000e-02  -3.912210000e+00  -2.047070000e+00
   4.633120000e-01  -3.912210000e+00  -1.626900000e+00
   6.657290000e-01  -3.912210000e+00  -1.072666000e+00
   8.013270000e-01  -3.912210000e+00  -6.269530000e-01
   9.529830000e-01  -3.912210000e+00  -2.424339000e-01
   1.084012000e+00  -3.912210000e+00   1.666240000e-01
   1.083208000e+00  -3.912210000e+00   6.106060000e-01
   9.759370000e-01  -3.912210000e+00   1.061660000e+00
   8.461460000e-01  -3.912210000e+00   1.586350000e+00
   6.057498000e-01  -3.912210000e+00   2.208890000e+00
   6.940300000e-02  -2.965800000e+00   2.895380000e+00
  -6.510400000e-01  -2.965800000e+00   3.014140000e+00
  -1.382120000e+00  -2.965800000e+00   2.933500000e+00
  -2.088750000e+00  -2.965800000e+00   2.695610000e+00
  -2.728220000e+00  -2.965800000e+00   2.282050000e+00
  -3.202390000e+00  -2.965800000e+00   1.677489000e+00
  -3.419530000e+00  -2.965800000e+00   9.464598000e-01
  -3.422860000e+00  -2.965800000e+00   2.048740000e-01
  -3.271750000e+00  -2.965800000e+00  -4.976500000e-01
  -2.992310000e+00  -2.965800000e+00  -1.147250000e+00
  -2.569030000e+00  -2.965800000e+00  -1.715020000e+00
  -1.962910000e+00  -2.965800000e+00  -2.070590000e+00
  -1.296597000e+00  -2.965800000e+00  -2.211180000e+00
  -6.489577000e-01  -2.965800000e+00  -2.205940000e+00
  -3.502800000e-02  -2.965800000e+00  -2.087580000e+00
   4.424200000e-01  -2.965800000e+00  -1.684560000e+00
   6.540360000e-01  -2.965800000e+00  -1.098692000e+00
   7.939280000e-01  -2.965800000e+00  -6.280050000e-01
   9.558160000e-01  -2.965800000e+00  -2.245402000e-01
   1.101447000e+00  -2.965800000e+00   2.061120000e-01
   1.092271000e+00  -2.965800000e+00   6.730300000e-01
   9.893320000e-01  -2.965800000e+00   1.153390000e+00
   8.617340000e-01  -2.965800000e+00   1.718720000e+00
   6.105627000e-01  -2.965800000e+00   2.390660000e+00
   1.367400000e-02  -2.019380000e+00   3.001200000e+00
  -7.362400000e-01  -2.019380000e+00   3.129590000e+00
  -1.507650000e+00  -2.019380000e+00   3.075840000e+00
  -2.266030000e+00  -2.019380000e+00   2.848580000e+00
  -2.961820000e+00  -2.019380000e+00   2.419100000e+00
  -3.471740000e+00  -2.019380000e+00   1.774914000e+00
  -3.692190000e+00  -2.019380000e+00   9.938790000e-01
  -3.678510000e+00  -2.019380000e+00   1.985710000e-01
  -3.504080000e+00  -2.019380000e+00  -5.428800000e-01
  -3.194990000e+00  -2.019380000e+00  -1.223780000e+00
  -2.757350000e+00  -2.019380000e+00  -1.818770000e+00
  -2.116730000e+00  -2.019380000e+00  -2.192960000e+00
  -1.415326000e+00  -2.019380000e+00  -2.338930000e+00
  -7.354214000e-01  -2.019380000e+00  -2.331160000e+00
  -9.018200000e-02  -2.019380000e+00  -2.208220000e+00
   4.269560000e-01  -2.019380000e+00  -1.813400000e+00
   6.558180000e-01  -2.019380000e+00  -1.191149000e+00
   7.897020000e-01  -2.019380000e+00  -6.805870000e-01
   9.360850000e-01  -2.019380000e+00  -2.481210000e-01
   1.036493000e+00  -2.019380000e+00   2.004430000e-01
   9.935080000e-01  -2.019380000e+00   6.640710000e-01
   9.047980000e-01  -2.019380000e+00   1.148003000e+00
   8.041820000e-01  -2.019380000e+00   1.740410000e+00
   5.745200000e-01  -2.019380000e+00   2.471870000e+00
  -1.127900000e-01  -1.073960000e+00   3.011430000e+00
  -8.685300000e-01  -1.073960000e+00   3.147250000e+00
  -1.652820000e+00  -1.073960000e+00   3.120690000e+00
  -2.441170000e+00  -1.073960000e+00   2.912630000e+00
  -3.173020000e+00  -1.073960000e+00   2.496420000e+00
  -3.706340000e+00  -1.073960000e+00   1.832011000e+00
  -3.960630000e+00  -1.073960000e+00   1.013255000e+00
  -3.996860000e+00  -1.073960000e+00   1.875820000e-01
  -3.854810000e+00  -1.073960000e+00  -6.115900000e-01
  -3.544140000e+00  -1.073960000e+00  -1.358100000e+00
  -3.054750000e+00  -1.073960000e+00  -1.996330000e+00
  -2.322720000e+00  -1.073960000e+00  -2.327720000e+00
  -1.551790000e+00  -1.073960000e+00  -2.369320000e+00
  -8.661575000e-01  -1.073960000e+00  -2.274430000e+00
  -2.494030000e-01  -1.073960000e+00  -2.115230000e+00
   2.997660000e-01  -1.073960000e+00  -1.831300000e+00
   5.849660000e-01  -1.073960000e+00  -1.263344000e+00
   7.272030000e-01  -1.073960000e+00  -7.309380000e-01
   8.418350000e-01  -1.073960000e+00  -2.687450000e-01
   8.315370000e-01  -1.073960000e+00   1.890410000e-01
   7.433420000e-01  -1.073960000e+00   6.207110000e-01
   6.904740000e-01  -1.073960000e+00   1.089519000e+00
   6.444980000e-01  -1.073960000e+00   1.702540000e+00
   4.662020000e-01  -1.073960000e+00   2.500830000e+00
  -2.596040000e-01  -3.545410000e-01   3.002920000e+00
   3.541790000e-01  -3.545410000e-01   2.557500000e+00
   5.161060000e-01  -3.545410000e-01   1.720330000e+00
   5.097300000e-01  -3.545410000e-01   1.070040000e+00
   5.213140000e-01  -3.545410000e-01   6.018270000e-01
   5.946230000e-01  -3.545410000e-01   1.905790000e-01
   6.689060000e-01  -3.545410000e-01  -2.602940000e-01
   5.802870000e-01  -3.545410000e-01  -7.292310000e-01
   4.511980000e-01  -3.545410000e-01  -1.273210000e+00
   1.132500000e-01  -3.545410000e-01  -1.758150000e+00
  -4.268090000e-01  -3.545410000e-01  -1.996640000e+00
  -1.011867400e+00  -3.545410000e-01  -2.204830000e+00
  -1.703604000e+00  -3.545410000e-01  -2.391930000e+00
  -2.548150000e+00  -3.545410000e-01  -2.468170000e+00
  -3.385530000e+00  -3.545410000e-01  -2.182460000e+00
  -3.922070000e+00  -3.545410000e-01  -1.493760000e+00
  -4.219710000e+00  -3.545410000e-01  -6.713500000e-01
  -4.310550000e+00  -3.545410000e-01   1.838050000e-01
  -4.217280000e+00  -3.545410000e-01   1.050706000e+00
  -3.921580000e+00  -3.545410000e-01   1.871634000e+00
  -3.371310000e+00  -3.545410000e-01   2.548010000e+00
  -2.612820000e+00  -3.545410000e-01   2.957920000e+00
  -1.804320000e+00  -3.545410000e-01   3.146490000e+00
  -1.013410000e+00  -3.545410000e-01   3.153470000e+00
  -2.824010000e+00  -3.736410000e-01  -1.823560000e+00
  -3.378700000e+00  -3.715410000e-01  -1.519080000e+00
  -1.589930000e+00  -3.701410000e-01   2.796280000e+00
  -1.112580000e+00  -3.784410000e-01   2.470420000e+00
  -2.568380000e+00  -3.989410000e-01   6.916180000e-01
  -2.505130000e+00  -3.973410000e-01   1.033107500e+00
  -2.122400000e+00  -3.995410000e-01   1.016310800e+00
  -9.314957000e-01  -3.707410000e-01  -1.813020000e+00
  -2.141390000e+00  -4.024410000e-01   1.984400000e-01
  -1.739660000e+00  -4.012410000e-01   9.905140000e-01
  -1.416120000e+00  -4.017410000e-01   2.125310000e-01
  -3.081880000e+00  -3.897410000e-01   1.030340000e+00
  -3.182460000e+00  -3.909410000e-01   3.605950000e-01
  -3.711710000e+00  -3.769410000e-01   6.790870000e-01
  -3.055280000e+00  -3.809410000e-01   1.788005000e+00
  -3.245140000e+00  -3.814410000e-01   1.490366000e+00
  -3.201800000e+00  -3.784410000e-01   1.750249000e+00
  -3.264840000e-01  -3.750410000e-01   2.189377000e+00
  -1.002263000e+00  -3.916410000e-01   1.655407000e+00
  -2.374850000e+00  -3.849410000e-01  -1.486060000e+00
  -2.270510000e+00  -3.899410000e-01  -1.234610000e+00
  -2.039948000e+00  -3.883410000e-01  -1.357360000e+00
  -2.136600000e+00  -3.903410000e-01   1.897501000e+00
  -1.944220000e+00  -3.817410000e-01   2.384297000e+00
  -1.862130000e+00  -3.872410000e-01   2.125365000e+00
  -3.601570000e+00  -3.757410000e-01  -8.691400000e-01
  -2.889030000e+00  -3.870410000e-01  -1.085380000e+00
  -1.463793000e+00  -3.737410000e-01  -1.883390000e+00
  -1.805384000e+00  -3.865410000e-01  -1.475120000e+00
  -1.158830000e+00  -3.837410000e-01  -1.460060000e+00
  -2.280260000e+00  -3.784410000e-01   2.421328000e+00
  -2.101430000e+00  -3.696410000e-01   2.757950000e+00
  -2.022330000e+00  -3.757410000e-01   2.581120000e+00
  -2.137533000e+00  -3.740410000e-01  -1.948810000e+00
  -2.609300000e+00  -3.738410000e-01   2.458359000e+00
  -1.165910000e-01  -3.706410000e-01  -1.322070000e+00
   8.900000000e-03  -3.738410000e-01  -8.122960000e-01
   1.928690000e-01  -3.722410000e-01  -4.648800000e-02
  -2.721640000e+00  -3.978410000e-01   1.025240000e-01
  -3.136940000e+00  -3.903410000e-01  -3.323200000e-01
  -8.065900000e-03  -3.773410000e-01   8.119250000e-01
  -3.810170000e-01  -3.883410000e-01   2.588570000e-01
  -3.531190000e+00  -3.757410000e-01   1.404854900e+00
  -3.735480000e+00  -3.771410000e-01  -9.001100000e-02
  -5.349150000e-01  -3.729410000e-01  -1.588960000e+00
  -6.913240000e-01  -3.863410000e-01  -1.016290000e+00
   1.449210000e-01  -3.699410000e-01   1.614704000e+00
  -3.772530000e-01  -3.844410000e-01   1.432561000e+00
  -2.494730000e+00  -3.979410000e-01  -4.234780000e-01
  -2.825810000e+00  -3.816410000e-01   1.979350000e+00
  -2.951090000e+00  -3.862410000e-01   1.575877000e+00
  -1.075815000e+00  -3.911410000e-01  -9.804400000e-01
  -1.099265000e+00  -3.944410000e-01  -7.020790000e-01
  -1.395450000e+00  -3.925410000e-01   1.755920000e+00
  -1.438460000e+00  -3.866410000e-01   2.148426000e+00
  -1.221560000e+00  -3.893410000e-01   1.911916000e+00
  -2.548730000e+00  -3.804410000e-01   2.223463000e+00
  -2.717060000e+00  -3.778410000e-01   2.223855000e+00
  -2.485150000e+00  -3.867410000e-01   1.958567000e+00
  -2.442890000e+00  -3.952410000e-01   1.375597000e+00
  -2.699490000e+00  -3.912410000e-01   1.475737000e+00
  -1.978850000e+00  -4.018410000e-01  -1.073470000e-01
  -2.239290000e+00  -4.001410000e-01  -2.634130000e-01
  -1.813300000e+00  -4.006410000e-01  -4.031340000e-01
  -1.617210000e+00  -4.016410000e-01  -9.930200000e-02
  -1.368463000e+00  -3.997410000e-01  -2.570090000e-01
  -8.052880000e-01  -3.952410000e-01   7.987197000e-01
  -1.757720000e+00  -3.763410000e-01   2.595290000e+00
  -1.437200000e+00  -3.775410000e-01   2.537850000e+00
  -2.156180000e+00  -3.942410000e-01  -9.911600000e-01
  -1.812241000e+00  -3.948410000e-01  -9.743800000e-01
  -1.812813000e+00  -3.909410000e-01  -1.227750000e+00
  -1.756350000e+00  -3.973410000e-01   1.422974000e+00
  -1.379610000e+00  -3.948410000e-01   1.539191000e+00
  -4.638590000e-01  -3.884410000e-01  -3.346780000e-01
  -2.767380000e+00  -3.931410000e-01   1.197968780e+00
  -2.667380000e+00  -3.961410000e-01   9.542930000e-01
  -2.335450000e+00  -3.963410000e-01  -7.138200000e-01
  -2.527600000e+00  -3.912410000e-01  -1.035270000e+00
  -2.516160000e+00  -3.947410000e-01  -7.333700000e-01
  -2.112470000e+00  -3.947410000e-01   1.596015000e+00
  -2.101620000e+00  -3.967410000e-01   1.399286000e+00
  -3.159470000e+00  -3.751410000e-01   2.000132000e+00
  -8.406610000e-01  -3.962410000e-01   1.017900000e-01
  -7.872870000e-01  -3.935410000e-01  -3.691970000e-01
  -1.311567000e+00  -3.891410000e-01  -1.233330000e+00
  -1.118322000e+00  -3.876410000e-01  -1.230750000e+00
  -1.642302000e+00  -3.977410000e-01  -6.978600000e-01
  -1.901740000e+00  -3.963410000e-01  -8.405100000e-01
  -1.691340000e+00  -3.842410000e-01   2.271361000e+00
  -2.381210000e+00  -3.827410000e-01   2.199948000e+00
  -1.270418000e+00  -3.999410000e-01  -1.060930000e-01
  -9.806880000e-01  -3.970410000e-01  -1.574630000e-01
  -2.073880000e+00  -3.988410000e-01  -5.564800000e-01
  -1.642845000e+00  -3.908410000e-01  -1.220860000e+00
  -1.561976000e+00  -3.882410000e-01  -1.348720000e+00
  -1.119716000e+00  -3.973410000e-01  -4.107170000e-01
  -7.398060000e-01  -3.900410000e-01  -6.957420000e-01
  -1.879800000e+00  -4.022410000e-01   4.956900000e-02
  -1.295510000e+00  -3.961410000e-01  -6.946560000e-01
  -1.381009000e+00  -3.978410000e-01  -5.527910000e-01
  -1.783040000e+00  -3.923410000e-01   1.836434000e+00
  -1.466305000e+00  -3.940410000e-01  -9.705900000e-01
  -2.156510000e+00  -3.997410000e-01  -4.123060000e-01
  -2.719620000e+00  -3.868410000e-01   1.767222000e+00
  -3.016980000e+00  -3.882410000e-01   1.308108900e+00
C Number of facets
  786
C  Size  Node 1  ......Node N Marker
    3    0    1    2    3
    3    0    2    3    3
    3    0    3    4    3
    3    0    4    5    3
    3    0    5    6    3
    3    0    6    7    3
    3    0    7    8    3
    3    0    8    9    3
    3    0    9   10    3
    3    0   10   11    3
    3    0   11   12    3
    3    0   12   13    3
    3    0   13   14    3
    3    0   14   15    3
    3    0   15   16    3
    3    0   16   17    3
    3    0   17   18    3
    3    0   18   19    3
    3    0   19   20    3
    3    0   20   21    3
    3    0   21   22    3
    3    0   22   23    3
    3    0   23   24    3
    3    0   24    1    3
    3    1   25   26    3
    3    1   26    2    3
    3    2   26   27    3
    3    2   27    3    3
    3    3   27   28    3
    3    3   28    4    3
    3    4   28   29    3
    3    4   29    5    3
    3    5   29   30    3
    3    5   30    6    3
    3    6   30   31    3
    3    6   31    7    3
    3    7   31   32    3
    3    7   32    8    3
    3    8   32   33    3
    3    8   33    9    3
    3    9   33   34    3
    3    9   34   10    3
    3   10   34   35    3
    3   10   35   11    3
    3   11   35   36    3
    3   11   36   12    3
    3   12   36   37    3
    3   12   37   13    3
    3   13   37   38    3
    3   13   38   14    3
    3   14   38   39    3
    3   14   39   15    3
    3   15   39   40    3
    3   15   40   16    3
    3   16   40   41    3
    3   16   41   17    3
    3   17   41   42    3
    3   17   42   18    3
    3   18   42   43    3
    3   18   43   19    3
    3   19   43   44    3
    3   19   44   20    3
    3   20   44   45    3
    3   20   45   21    3
    3   21   45   46    3
    3   21   46   22    3
    3   22   46   47    3
    3   22   47   23    3
    3   23   47   48    3
    3   23   48   24    3
    3   24   48   25    3
    3   24   25    1    3
    3   25   49   50    3
    3   25   50   26    3
    3   26   50   51    3
    3   26   51   27    3
    3   27   51   52    3
    3   27   52   28    3
    3   28   52   53    3
    3   28   53   29    3
    3   29   53   54    3
    3   29   54   30    3
    3   30   54   55    3
    3   30   55   31    3
    3   31   55   56    3
    3   31   56   32    3
    3   32   56   57    3
    3   32   57   33    3
    3   33   57   58    3
    3   33   58   34    3
    3   34   58   59    3
    3   34   59   35    3
    3   35   59   60    3
    3   35   60   36    3
    3   36   60   61    3
    3   36   61   37    3
    3   37   61   62    3
    3   37   62   38    3
    3   38   62   63    3
    3   38   63   39    3
    3   39   63   64    3
    3   39   64   40    3
    3   40   64   65    3
    3   40   65   41    3
    3   41   65   66    3
    3   41   66   42    3
    3   42   66   67    3
    3   42   67   43    3
    3   43   67   68    3
    3   43   68   44    3
    3   44   68   69    3
    3   44   69   45    3
    3   45   69   70    3
    3   45   70   46    3
    3   46   70   71    3
    3   46   71   47    3
    3   47   71   72    3
    3   47   72   48    3
    3   48   72   49    3
    3   48   49   25    3
    3   49   73   74    3
    3   49   74   50    3
    3   50   74   75    3
    3   50   75   51    3
    3   51   75   76    3
    3   51   76   52    3
    3   52   76   77    3
    3   52   77   53    3
    3   53   77   78    3
    3   53   78   54    3
    3   54   78   79    3
    3   54   79   55    3
    3   55   79   80    3
    3   55   80   56    3
    3   56   80   81    3
    3   56   81   57    3
    3   57   81   82    3
    3   57   82   58    3
    3   58   82   83    3
    3   58   83   59    3
    3   59   83   84    3
    3   59   84   60    3
    3   60   84   85    3
    3   60   85   61    3
    3   61   85   86    3
    3   61   86   62    3
    3   62   86   87    3
    3   62   87   63    3
    3   63   87   88    3
    3   63   88   64    3
    3   64   88   89    3
    3   64   89   65    3
    3   65   89   90    3
    3   65   90   66    3
    3   66   90   91    3
    3   66   91   67    3
    3   67   91   92    3
    3   67   92   68    3
    3   68   92   93    3
    3   68   93   69    3
    3   69   93   94    3
    3   69   94   70    3
    3   70   94   95    3
    3   70   95   71    3
    3   71   95   96    3
    3   71   96   72    3
    3   72   96   73    3
    3   72   73   49    3
    3   73   97   98    3
    3   73   98   74    3
    3   74   98   99    3
    3   74   99   75    3
    3   75   99  100    3
    3   75  100   76    3
    3   76  100  101    3
    3   76  101   77    3
    3   77  101  102    3
    3   77  102   78    3
    3   78  102  103    3
    3   78  103   79    3
    3   79  103  104    3
    3   79  104   80    3
    3   80  104  105    3
    3   80  105   81    3
    3   81  105  106    3
    3   81  106   82    3
    3   82  106  107    3
    3   82  107   83    3
    3   83  107  108    3
    3   83  108   84    3
    3   84  108  109    3
    3   84  109   85    3
    3   85  109  110    3
    3   85  110   86    3
    3   86  110  111    3
    3   86  111   87    3
    3   87  111  112    3
    3   87  112   88    3
    3   88  112  113    3
    3   88  113   89    3
    3   89  113  114    3
    3   89  114   90    3
    3   90  114  115    3
    3   90  115   91    3
    3   91  115  116    3
    3   91  116   92    3
    3   92  116  117    3
    3   92  117   93    3
    3   93  117  118    3
    3   93  118   94    3
    3   94  118  119    3
    3   94  119   95    3
    3   95  119  120    3
    3   95  120   96    3
    3   96  120   97    3
    3   96   97   73    3
    3   97  121  122    3
    3   97  122   98    3
    3   98  122  123    3
    3   98  123   99    3
    3   99  123  124    3
    3   99  124  100    3
    3  100  124  125    3
    3  100  125  101    3
    3  101  125  126    3
    3  101  126  102    3
    3  102  126  127    3
    3  102  127  103    3
    3  103  127  128    3
    3  103  128  104    3
    3  104  128  129    3
    3  104  129  105    3
    3  105  129  130    3
    3  105  130  106    3
    3  106  130  131    3
    3  106  131  107    3
    3  107  131  132    3
    3  107  132  108    3
    3  108  132  133    3
    3  108  133  109    3
    3  109  133  134    3
    3  109  134  110    3
    3  110  134  135    3
    3  110  135  111    3
    3  111  135  136    3
    3  111  136  112    3
    3  112  136  137    3
    3  112  137  113    3
    3  113  137  138    3
    3  113  138  114    3
    3  114  138  139    3
    3  114  139  115    3
    3  115  139  140    3
    3  115  140  116    3
    3  116  140  141    3
    3  116  141  117    3
    3  117  141  142    3
    3  117  142  118    3
    3  118  142  143    3
    3  118  143  119    3
    3  119  143  144    3
    3  119  144  120    3
    3  120  144  121    3
    3  120  121   97    3
    3  121  145  146    3
    3  121  146  122    3
    3  122  146  147    3
    3  122  147  123    3
    3  123  147  148    3
    3  123  148  124    3
    3  124  148  149    3
    3  124  149  125    3
    3  125  149  150    3
    3  125  150  126    3
    3  126  150  151    3
    3  126  151  127    3
    3  127  151  152    3
    3  127  152  128    3
    3  128  152  153    3
    3  128  153  129    3
    3  129  153  154    3
    3  129  154  130    3
    3  130  154  155    3
    3  130  155  131    3
    3  131  155  156    3
    3  131  156  132    3
    3  132  156  157    3
    3  132  157  133    3
    3  133  157  158    3
    3  133  158  134    3
    3  134  158  159    3
    3  134  159  135    3
    3  135  159  160    3
    3  135  160  136    3
    3  136  160  161    3
    3  136  161  137    3
    3  137  161  162    3
    3  137  162  138    3
    3  138  162  163    3
    3  138  163  139    3
    3  139  163  164    3
    3  139  164  140    3
    3  140  164  165    3
    3  140  165  141    3
    3  141  165  166    3
    3  141  166  142    3
    3  142  166  167    3
    3  142  167  143    3
    3  143  167  168    3
    3  143  168  144    3
    3  144  168  145    3
    3  144  145  121    3
    3  145  169  170    3
    3  145  170  146    3
    3  146  170  171    3
    3  146  171  147    3
    3  147  171  172    3
    3  147  172  148    3
    3  148  172  173    3
    3  148  173  149    3
    3  149  173  174    3
    3  149  174  150    3
    3  150  174  175    3
    3  150  175  151    3
    3  151  175  176    3
    3  151  176  152    3
    3  152  176  177    3
    3  152  177  153    3
    3  153  177  178    3
    3  153  178  154    3
    3  154  178  179    3
    3  154  179  155    3
    3  155  179  180    3
    3  155  180  156    3
    3  156  180  181    3
    3  156  181  157    3
    3  157  181  182    3
    3  157  182  158    3
    3  158  182  183    3
    3  158  183  159    3
    3  159  183  184    3
    3  159  184  160    3
    3  160  184  185    3
    3  160  185  161    3
    3  161  185  186    3
    3  161  186  162    3
    3  162  186  187    3
    3  162  187  163    3
    3  163  187  188    3
    3  163  188  164    3
    3  164  188  189    3
    3  164  189  165    3
    3  165  189  190    3
    3  165  190  166    3
    3  166  190  191    3
    3  166  191  167    3
    3  167  191  192    3
    3  167  192  168    3
    3  168  192  169    3
    3  168  169  145    3
    3  169  193  194    3
    3  169  194  170    3
    3  170  194  195    3
    3  170  195  171    3
    3  171  195  196    3
    3  171  196  172    3
    3  172  196  197    3
    3  172  197  173    3
    3  173  197  198    3
    3  173  198  174    3
    3  174  198  199    3
    3  174  199  175    3
    3  175  199  200    3
    3  175  200  176    3
    3  176  200  201    3
    3  176  201  177    3
    3  177  201  202    3
    3  177  202  178    3
    3  178  202  203    3
    3  178  203  179    3
    3  179  203  204    3
    3  179  204  180    3
    3  180  204  205    3
    3  180  205  181    3
    3  181  205  206    3
    3  181  206  182    3
    3  182  206  207    3
    3  182  207  183    3
    3  183  207  208    3
    3  183  208  184    3
    3  184  208  209    3
    3  184  209  185    3
    3  185  209  210    3
    3  185  210  186    3
    3  186  210  211    3
    3  186  211  187    3
    3  187  211  212    3
    3  187  212  188    3
    3  188  212  213    3
    3  188  213  189    3
    3  189  213  214    3
    3  189  214  190    3
    3  190  214  215    3
    3  190  215  191    3
    3  191  215  216    3
    3  191  216  192    3
    3  192  216  193    3
    3  192  193  169    3
    3  193  217  218    3
    3  193  218  194    3
    3  194  218  219    3
    3  194  219  195    3
    3  195  219  220    3
    3  195  220  196    3
    3  196  220  221    3
    3  196  221  197    3
    3  197  221  222    3
    3  197  222  198    3
    3  198  222  223    3
    3  198  223  199    3
    3  199  223  224    3
    3  199  224  200    3
    3  200  224  225    3
    3  200  225  201    3
    3  201  225  226    3
    3  201  226  202    3
    3  202  226  227    3
    3  202  227  203    3
    3  203  227  228    3
    3  203  228  204    3
    3  204  228  229    3
    3  204  229  205    3
    3  205  229  230    3
    3  205  230  206    3
    3  206  230  231    3
    3  206  231  207    3
    3  207  231  232    3
    3  207  232  208    3
    3  208  232  233    3
    3  208  233  209    3
    3  209  233  234    3
    3  209  234  210    3
    3  210  234  235    3
    3  210  235  211    3
    3  211  235  236    3
    3  211  236  212    3
    3  212  236  237    3
    3  212  237  213    3
    3  213  237  238    3
    3  213  238  214    3
    3  214  238  239    3
    3  214  239  215    3
    3  215  239  240    3
    3  215  240  216    3
    3  216  240  217    3
    3  216  217  193    3
    3  217  241  242    3
    3  217  242  218    3
    3  218  242  243    3
    3  218  243  219    3
    3  219  243  244    3
    3  219  244  220    3
    3  220  244  245    3
    3  220  245  221    3
    3  221  245  246    3
    3  221  246  222    3
    3  222  246  247    3
    3  222  247  223    3
    3  223  247  248    3
    3  223  248  224    3
    3  224  248  249    3
    3  224  249  225    3
    3  225  249  250    3
    3  225  250  226    3
    3  226  250  251    3
    3  226  251  227    3
    3  227  251  252    3
    3  227  252  228    3
    3  228  252  253    3
    3  228  253  229    3
    3  229  253  254    3
    3  229  254  230    3
    3  230  254  255    3
    3  230  255  231    3
    3  231  255  256    3
    3  231  256  232    3
    3  232  256  257    3
    3  232  257  233    3
    3  233  257  258    3
    3  233  258  234    3
    3  234  258  259    3
    3  234  259  235    3
    3  235  259  260    3
    3  235  260  236    3
    3  236  260  261    3
    3  236  261  237    3
    3  237  261  262    3
    3  237  262  238    3
    3  238  262  263    3
    3  238  263  239    3
    3  239  263  264    3
    3  239  264  240    3
    3  240  264  241    3
    3  240  241  217    3
    3  264  265  241    3
    3  264  266  265    3
    3  263  266  264    3
    3  263  267  266    3
    3  262  267  263    3
    3  262  268  267    3
    3  261  268  262    3
    3  261  269  268    3
    3  260  269  261    3
    3  260  270  269    3
    3  259  270  260    3
    3  259  271  270    3
    3  258  271  259    3
    3  258  272  271    3
    3  257  272  258    3
    3  257  273  272    3
    3  256  273  257    3
    3  256  274  273    3
    3  255  274  256    3
    3  255  275  274    3
    3  254  275  255    3
    3  254  276  275    3
    3  253  276  254    3
    3  253  277  276    3
    3  252  277  253    3
    3  252  278  277    3
    3  251  278  252    3
    3  251  279  278    3
    3  250  279  251    3
    3  250  280  279    3
    3  249  280  250    3
    3  249  281  280    3
    3  248  281  249    3
    3  248  282  281    3
    3  247  282  248    3
    3  247  283  282    3
    3  246  283  247    3
    3  246  284  283    3
    3  245  284  246    3
    3  245  285  284    3
    3  244  285  245    3
    3  244  286  285    3
    3  243  286  244    3
    3  243  287  286    3
    3  242  287  243    3
    3  242  288  287    3
    3  241  288  242    3
    3  241  265  288    3
    3  289  279  290    1
    3  291  288  292    1
    3  293  294  295    3
    3  296  275  276    1
    3  297  298  299    1
    3  300  301  302    1
    3  303  304  305    3
    3  292  306  307    1
    3  308  309  310    4
    3  300  293  301    1
    3  311  312  313    3
    3  290  314  315    1
    3  316  317  318    1
    3  319  320  321    3
    3  317  322  308    1
    3  286  323  285    1
    3  286  287  320    1
    3  298  297  293    1
    3  324  325  273    1
    3  326  271  272    1
    3  327  328  301    1
    3  329  326  330    1
    3  300  331  304    1
    3  332  282  302    1
    3  272  325  326    1
    3  296  276  316    1
    3  296  333  275    1
    3  324  334  325    1
    3  335  329  336    1
    3  315  328  337    1
    3  338  339  303    3
    3  334  340  341    4
    3  279  289  278    1
    3  274  275  333    1
    3  322  278  289    1
    3  342  343  344    3
    3  332  301  328    1
    3  314  290  280    1
    3  345  338  346    3
    3  324  333  334    1
    3  277  316  276    1
    3  266  267  335    1
    3  288  291  287    1
    3  347  348  349    3
    3  316  322  317    1
    3  297  350  351    4
    3  327  301  293    1
    3  283  331  302    1
    3  352  353  354    4
    3  326  269  270    1
    3  332  302  301    1
    3  355  299  298    1
    3  312  356  357    3
    3  330  355  329    1
    3  336  306  335    1
    3  271  326  270    1
    3  358  359  360    4
    3  298  361  362    3
    3  283  302  282    1
    3  336  329  355    1
    3  326  363  330    1
    3  265  292  288    1
    3  300  364  365    3
    3  366  367  368    4
    3  333  318  334    1
    3  369  361  370    3
    3  327  293  297    1
    3  278  322  277    1
    3  320  291  356    3
    3  371  285  323    1
    3  363  325  334    1
    3  371  331  284    1
    3  364  339  349    3
    3  268  335  267    1
    3  372  363  373    4
    3  280  290  279    1
    3  266  306  265    1
    3  316  277  322    1
    3  328  315  314    1
    3  308  315  367    1
    3  355  330  372    1
    3  327  297  337    1
    3  280  281  314    1
    3  374  340  375    4
    3  296  316  318    1
    3  352  376  377    4
    3  355  307  336    1
    3  292  343  378    3
    3  326  325  363    1
    3  320  287  291    1
    3  345  319  379    3
    3  380  372  381    4
    3  358  366  382    4
    3  268  329  335    1
    3  273  274  324    1
    3  336  307  306    1
    3  265  306  292    1
    3  296  318  333    1
    3  383  374  384    4
    3  329  268  269    1
    3  385  373  386    4
    3  333  324  274    1
    3  283  284  331    1
    3  298  307  355    1
    3  299  353  387    4
    3  308  289  315    1
    3  273  325  272    1
    3  327  337  328    1
    3  388  376  389    4
    3  314  332  328    1
    3  281  282  332    1
    3  315  289  290    1
    3  363  372  330    1
    3  355  372  299    1
    3  285  371  284    1
    3  314  281  332    1
    3  269  326  329    1
    3  369  347  311    3
    3  266  335  306    1
    3  286  320  323    1
    3  308  322  289    1
    3  300  302  331    1
    3  343  390  313    3
    3  292  307  344    3
    3  298  348  370    3
    3  361  390  342    3
    3  343  342  390    3
    3  342  307  362    3
    3  347  369  348    3
    3  361  369  390    3
    3  369  311  390    3
    3  312  311  347    3
    3  311  313  390    3
    3  313  312  378    3
    3  298  362  307    3
    3  342  362  361    3
    3  342  344  307    3
    3  292  344  343    3
    3  369  370  348    3
    3  298  370  361    3
    3  292  378  312    3
    3  313  378  343    3
    3  334  318  375    4
    3  340  391  388    4
    3  318  317  384    4
    3  340  374  391    4
    3  352  385  389    4
    3  376  391  359    4
    3  376  388  391    4
    3  388  385  341    4
    3  359  391  383    4
    3  359  358  377    4
    3  374  383  391    4
    3  383  317  360    4
    3  374  375  318    4
    3  334  375  340    4
    3  334  341  385    4
    3  388  341  340    4
    3  388  389  385    4
    3  352  389  376    4
    3  352  377  358    4
    3  359  377  376    4
    3  358  360  317    4
    3  383  360  359    4
    3  383  384  317    4
    3  318  384  374    4
    3  367  358  309    4
    3  315  337  368    1
    3  353  352  350    4
    3  353  299  380    4
    3  372  380  299    4
    3  380  385  354    4
    3  350  352  392    4
    3  350  297  387    4
    3  366  337  392    4
    3  367  366  358    4
    3  363  334  386    4
    3  373  385  381    4
    3  392  337  351    4
    3  392  352  382    4
    3  380  381  385    4
    3  373  381  372    4
    3  358  317  310    4
    3  367  309  308    4
    3  385  386  334    4
    3  363  386  373    4
    3  366  368  337    4
    3  315  368  367    1
    3  299  387  297    4
    3  350  387  353    4
    3  352  354  385    4
    3  380  354  353    4
    3  358  382  352    4
    3  392  382  366    4
    3  297  351  337    4
    3  392  351  350    4
    3  308  310  317    4
    3  358  310  309    4
    3  312  347  379    3
    3  320  319  323    3
    3  371  323  346    3
    3  338  347  393    3
    3  364  300  394    3
    3  364  348  294    3
    3  319  345  323    3
    3  338  345  347    3
    3  348  298  295    3
    3  294  293  365    3
    3  304  339  394    3
    3  331  371  305    1
    3  364  349  348    3
    3  349  339  393    3
    3  338  393  339    3
    3  349  393  347    3
    3  338  303  371    3
    3  304  303  339    3
    3  356  312  321    3
    3  291  292  357    3
    3  364  394  339    3
    3  304  394  300    3
    3  319  321  312    3
    3  356  321  320    3
    3  293  295  298    3
    3  348  295  294    3
    3  312  357  292    3
    3  291  357  356    3
    3  345  346  323    3
    3  371  346  338    3
    3  303  305  371    3
    3  331  305  304    1
    3  345  379  347    3
    3  312  379  319    3
    3  300  365  293    3
    3  294  365  364    3
C Prescribed Values(Inlet, Outlet), InteractionSurface(Inlet, Outlet)
       3        1        0        2        2        2
C Inlet Velocity
C     Vx,           Vy,            Vz,    indVx,indVy,indVz, FunID (3E18.9, 4I5)
   0.000000000e+00   1.000000000e+00   0.000000000e+00    1    0    1    4
C Inlet Pressure, FunID (E18.9,I5)
   1.000000000e+00    3
C Outlet Pressure (E18.9,I5)
   1.000000000e+00    2
C Inlet Velocity
C nNodeID,    Vx,           Vy,            Vz (I5, 3E18.9)
  265
    1  -1.200000000e+00  -2.000000000e+00   1.300000000e+00
    2  -1.100000000e+00  -2.000000000e+00   3.000000000e-01
    3  -1.000000000e+00  -2.000000000e+00  -1.000000000e-01
    4  -9.000000000e-01  -2.000000000e+00   4.000000000e-01
    5  -1.200000000e+00  -2.000000000e+00   1.200000000e+00
    6  -1.800000000e+00  -2.000000000e+00   1.700000000e+00
    7  -2.100000000e+00  -2.000000000e+00   1.400000000e+00
    8  -1.700000000e+00  -2.000000000e+00   1.000000000e+00
    9  -9.000000000e-01  -2.000000000e+00   7.000000000e-01
   10  -1.000000000e-01  -2.000000000e+00   9.000000000e-01
   11   1.000000000e-01  -2.000000000e+00   1.300000000e+00
   12   0.000000000e+00  -2.000000000e+00   1.500000000e+00
   13  -2.000000000e-01  -2.000000000e+00   1.700000000e+00
   14  -5.000000000e-01  -2.000000000e+00   1.800000000e+00
   15  -7.000000000e-01  -2.000000000e+00   1.900000000e+00
   16  -1.000000000e+00  -2.000000000e+00   1.800000000e+00
   17  -1.500000000e+00  -2.000000000e+00   2.200000000e+00
   18  -2.400000000e+00  -2.000000000e+00   2.400000000e+00
   19  -3.000000000e+00  -2.000000000e+00   2.200000000e+00
   20  -3.100000000e+00  -2.000000000e+00   1.600000000e+00
   21  -2.200000000e+00  -2.000000000e+00   1.000000000e+00
   22  -1.300000000e+00  -2.000000000e+00   8.000000000e-01
   23  -8.000000000e-01  -2.000000000e+00   9.000000000e-01
   24  -7.000000000e-01  -2.000000000e+00   1.100000000e+00
   25  -9.000000000e-01  -2.000000000e+00   1.000000000e+00
   26  -1.000000000e+00  -1.000000000e+00   7.000000000e-01
   27  -9.000000000e-01  -1.000000000e+00   4.000000000e-01
   28  -9.000000000e-01  -1.000000000e+00   9.000000000e-01
   29  -1.300000000e+00  -1.000000000e+00   1.600000000e+00
   30  -2.000000000e+00  -1.000000000e+00   1.900000000e+00
   31  -2.200000000e+00  -1.000000000e+00   1.700000000e+00
   32  -1.800000000e+00  -1.000000000e+00   1.200000000e+00
   33  -1.000000000e+00  -1.000000000e+00   9.000000000e-01
   34  -1.000000000e-01  -1.000000000e+00   1.100000000e+00
   35   2.000000000e-01  -1.000000000e+00   1.500000000e+00
   36   1.000000000e-01  -1.000000000e+00   1.800000000e+00
   37  -1.000000000e-01  -1.000000000e+00   2.000000000e+00
   38  -4.000000000e-01  -1.000000000e+00   2.200000000e+00
   39  -7.000000000e-01  -1.000000000e+00   2.400000000e+00
   40  -1.000000000e+00  -1.000000000e+00   2.300000000e+00
   41  -1.500000000e+00  -1.000000000e+00   2.400000000e+00
   42  -2.200000000e+00  -1.000000000e+00   2.500000000e+00
   43  -2.700000000e+00  -1.000000000e+00   2.300000000e+00
   44  -2.800000000e+00  -1.000000000e+00   1.700000000e+00
   45  -2.200000000e+00  -1.000000000e+00   1.100000000e+00
   46  -1.400000000e+00  -1.000000000e+00   1.000000000e+00
   47  -1.000000000e+00  -1.000000000e+00   1.100000000e+00
   48  -8.000000000e-01  -1.000000000e+00   1.300000000e+00
   49  -8.000000000e-01  -1.000000000e+00   1.300000000e+00
   50  -1.100000000e+00  -1.000000000e+00   8.000000000e-01
   51  -9.000000000e-01  -1.000000000e+00   4.000000000e-01
   52  -8.000000000e-01  -1.000000000e+00   1.000000000e+00
   53  -1.300000000e+00  -1.000000000e+00   1.900000000e+00
   54  -1.900000000e+00  -1.000000000e+00   2.400000000e+00
   55  -2.300000000e+00  -1.000000000e+00   2.100000000e+00
   56  -2.000000000e+00  -1.000000000e+00   1.600000000e+00
   57  -1.100000000e+00  -1.000000000e+00   1.200000000e+00
   58  -2.000000000e-01  -1.000000000e+00   1.400000000e+00
   59   2.000000000e-01  -1.000000000e+00   1.700000000e+00
   60   1.000000000e-01  -1.000000000e+00   2.000000000e+00
   61   0.000000000e+00  -1.000000000e+00   2.400000000e+00
   62  -2.000000000e-01  -1.000000000e+00   2.900000000e+00
   63  -6.000000000e-01  -1.000000000e+00   3.300000000e+00
   64  -1.000000000e+00  -1.000000000e+00   3.300000000e+00
   65  -1.800000000e+00  -1.000000000e+00   3.400000000e+00
   66  -2.500000000e+00  -1.000000000e+00   3.400000000e+00
   67  -3.100000000e+00  -1.000000000e+00   2.900000000e+00
   68  -3.100000000e+00  -1.000000000e+00   2.100000000e+00
   69  -1.700000000e+00  -1.000000000e+00   1.400000000e+00
   70  -4.000000000e-01  -1.000000000e+00   1.600000000e+00
   71   1.000000000e-01  -1.000000000e+00   2.000000000e+00
   72   0.000000000e+00  -1.000000000e+00   2.300000000e+00
   73  -4.000000000e-01  -1.000000000e+00   2.100000000e+00
   74  -1.000000000e+00  -1.300000000e+00   4.000000000e-01
   75  -8.000000000e-01  -1.300000000e+00  -1.000000000e-01
   76  -5.000000000e-01  -1.300000000e+00   7.000000000e-01
   77  -7.000000000e-01  -1.300000000e+00   1.500000000e+00
   78  -1.300000000e+00  -1.300000000e+00   2.000000000e+00
   79  -1.700000000e+00  -1.300000000e+00   1.900000000e+00
   80  -1.500000000e+00  -1.300000000e+00   1.500000000e+00
   81  -8.000000000e-01  -1.300000000e+00   1.300000000e+00
   82   0.000000000e+00  -1.300000000e+00   1.300000000e+00
   83   3.000000000e-01  -1.300000000e+00   1.700000000e+00
   84   4.000000000e-01  -1.300000000e+00   2.000000000e+00
   85   4.000000000e-01  -1.300000000e+00   2.700000000e+00
   86   2.000000000e-01  -1.300000000e+00   3.500000000e+00
   87  -3.000000000e-01  -1.300000000e+00   4.000000000e+00
   88  -1.000000000e+00  -1.300000000e+00   4.100000000e+00
   89  -1.800000000e+00  -1.300000000e+00   4.000000000e+00
   90  -2.500000000e+00  -1.300000000e+00   3.700000000e+00
   91  -3.000000000e+00  -1.300000000e+00   3.000000000e+00
   92  -2.900000000e+00  -1.300000000e+00   2.300000000e+00
   93  -1.200000000e+00  -1.300000000e+00   1.600000000e+00
   94   4.000000000e-01  -1.300000000e+00   1.800000000e+00
   95   8.000000000e-01  -1.300000000e+00   2.300000000e+00
   96   6.000000000e-01  -1.300000000e+00   2.700000000e+00
   97  -3.000000000e-01  -1.300000000e+00   2.200000000e+00
   98  -9.000000000e-01  -1.200000000e+00   3.000000000e-01
   99  -6.000000000e-01  -1.200000000e+00  -1.000000000e-01
  100  -4.000000000e-01  -1.200000000e+00   5.000000000e-01
  101  -5.000000000e-01  -1.200000000e+00   1.300000000e+00
  102  -9.000000000e-01  -1.200000000e+00   1.700000000e+00
  103  -1.200000000e+00  -1.200000000e+00   1.700000000e+00
  104  -1.000000000e+00  -1.200000000e+00   1.400000000e+00
  105  -3.000000000e-01  -1.200000000e+00   1.200000000e+00
  106   4.000000000e-01  -1.200000000e+00   1.400000000e+00
  107   7.000000000e-01  -1.200000000e+00   1.800000000e+00
  108   6.000000000e-01  -1.200000000e+00   2.100000000e+00
  109   6.000000000e-01  -1.200000000e+00   2.800000000e+00
  110   4.000000000e-01  -1.200000000e+00   3.700000000e+00
  111  -2.000000000e-01  -1.200000000e+00   4.300000000e+00
  112  -1.000000000e+00  -1.200000000e+00   4.400000000e+00
  113  -1.600000000e+00  -1.200000000e+00   4.000000000e+00
  114  -2.300000000e+00  -1.200000000e+00   3.700000000e+00
  115  -2.700000000e+00  -1.200000000e+00   3.000000000e+00
  116  -2.600000000e+00  -1.200000000e+00   2.200000000e+00
  117  -1.200000000e+00  -1.200000000e+00   1.500000000e+00
  118   3.000000000e-01  -1.200000000e+00   1.800000000e+00
  119   6.000000000e-01  -1.200000000e+00   2.100000000e+00
  120   4.000000000e-01  -1.200000000e+00   2.400000000e+00
  121  -3.000000000e-01  -1.200000000e+00   1.900000000e+00
  122  -1.200000000e+00  -1.100000000e+00  -6.000000000e-01
  123  -7.000000000e-01  -1.100000000e+00  -1.100000000e+00
  124  -4.000000000e-01  -1.100000000e+00  -1.000000000e-01
  125  -7.000000000e-01  -1.100000000e+00   1.200000000e+00
  126  -1.400000000e+00  -1.100000000e+00   1.800000000e+00
  127  -1.800000000e+00  -1.100000000e+00   1.800000000e+00
  128  -1.500000000e+00  -1.100000000e+00   1.200000000e+00
  129  -7.000000000e-01  -1.100000000e+00   1.000000000e+00
  130   3.000000000e-01  -1.100000000e+00   1.200000000e+00
  131   9.000000000e-01  -1.100000000e+00   1.600000000e+00
  132   7.000000000e-01  -1.100000000e+00   2.100000000e+00
  133   6.000000000e-01  -1.100000000e+00   2.600000000e+00
  134   4.000000000e-01  -1.100000000e+00   3.400000000e+00
  135  -3.000000000e-01  -1.100000000e+00   3.900000000e+00
  136  -1.000000000e+00  -1.100000000e+00   3.900000000e+00
  137  -1.700000000e+00  -1.100000000e+00   3.700000000e+00
  138  -2.300000000e+00  -1.100000000e+00   3.300000000e+00
  139  -2.700000000e+00  -1.100000000e+00   2.700000000e+00
  140  -2.700000000e+00  -1.100000000e+00   1.900000000e+00
  141  -1.200000000e+00  -1.100000000e+00   1.300000000e+00
  142   2.000000000e-01  -1.100000000e+00   1.500000000e+00
  143   4.000000000e-01  -1.100000000e+00   1.900000000e+00
  144   1.000000000e-01  -1.100000000e+00   2.000000000e+00
  145  -7.000000000e-01  -1.100000000e+00   1.200000000e+00
  146  -1.300000000e+00  -1.000000000e+00  -2.000000000e-01
  147  -1.000000000e+00  -1.000000000e+00  -7.000000000e-01
  148  -7.000000000e-01  -1.000000000e+00  -1.000000000e-01
  149  -7.000000000e-01  -1.000000000e+00   0.000000000e+00
  150  -1.100000000e+00  -1.000000000e+00   1.000000000e+00
  151  -1.400000000e+00  -1.000000000e+00   1.100000000e+00
  152  -1.200000000e+00  -1.000000000e+00   9.000000000e-01
  153  -8.000000000e-01  -1.000000000e+00   7.000000000e-01
  154  -3.000000000e-01  -1.000000000e+00   8.000000000e-01
  155   0.000000000e+00  -1.000000000e+00   1.000000000e+00
  156  -1.000000000e-01  -1.000000000e+00   1.200000000e+00
  157  -1.000000000e-01  -1.000000000e+00   1.600000000e+00
  158  -1.000000000e-01  -1.000000000e+00   2.200000000e+00
  159  -4.000000000e-01  -1.000000000e+00   2.700000000e+00
  160  -1.000000000e+00  -1.000000000e+00   3.000000000e+00
  161  -1.800000000e+00  -1.000000000e+00   3.200000000e+00
  162  -2.900000000e+00  -1.000000000e+00   3.300000000e+00
  163  -3.500000000e+00  -1.000000000e+00   2.900000000e+00
  164  -3.400000000e+00  -1.000000000e+00   2.000000000e+00
  165  -1.600000000e+00  -1.000000000e+00   1.200000000e+00
  166  -1.000000000e-01  -1.000000000e+00   1.300000000e+00
  167   2.000000000e-01  -1.000000000e+00   1.800000000e+00
  168  -1.000000000e-01  -1.000000000e+00   1.900000000e+00
  169  -7.000000000e-01  -1.000000000e+00   1.400000000e+00
  170  -1.200000000e+00  -9.000000000e-01   1.000000000e+00
  171  -1.200000000e+00  -9.000000000e-01   1.000000000e+00
  172  -1.200000000e+00  -9.000000000e-01   1.000000000e+00
  173  -1.300000000e+00  -9.000000000e-01   1.000000000e+00
  174  -1.600000000e+00  -9.000000000e-01   2.000000000e+00
  175  -1.800000000e+00  -9.000000000e-01   2.000000000e+00
  176  -1.600000000e+00  -9.000000000e-01   1.100000000e+00
  177  -9.000000000e-01  -9.000000000e-01   1.000000000e+00
  178  -3.000000000e-01  -9.000000000e-01   1.100000000e+00
  179   0.000000000e+00  -9.000000000e-01   1.400000000e+00
  180  -1.000000000e-01  -9.000000000e-01   1.600000000e+00
  181  -3.000000000e-01  -9.000000000e-01   1.800000000e+00
  182  -4.000000000e-01  -9.000000000e-01   2.000000000e+00
  183  -7.000000000e-01  -9.000000000e-01   2.300000000e+00
  184  -1.100000000e+00  -9.000000000e-01   2.500000000e+00
  185  -1.700000000e+00  -9.000000000e-01   2.900000000e+00
  186  -2.900000000e+00  -9.000000000e-01   3.500000000e+00
  187  -3.700000000e+00  -9.000000000e-01   3.000000000e+00
  188  -3.600000000e+00  -9.000000000e-01   2.100000000e+00
  189  -2.000000000e+00  -9.000000000e-01   1.400000000e+00
  190  -8.000000000e-01  -9.000000000e-01   1.400000000e+00
  191  -4.000000000e-01  -9.000000000e-01   1.700000000e+00
  192  -4.000000000e-01  -9.000000000e-01   2.000000000e+00
  193  -8.000000000e-01  -9.000000000e-01   2.000000000e+00
  194  -1.600000000e+00  -8.000000000e-01   1.000000000e+00
  195  -1.600000000e+00  -8.000000000e-01   0.000000000e+00
  196  -1.500000000e+00  -8.000000000e-01   1.000000000e+00
  197  -1.400000000e+00  -8.000000000e-01   1.000000000e+00
  198  -1.500000000e+00  -8.000000000e-01   1.000000000e+00
  199  -1.600000000e+00  -8.000000000e-01   1.000000000e+00
  200  -1.500000000e+00  -8.000000000e-01   1.000000000e+00
  201  -1.300000000e+00  -8.000000000e-01   9.000000000e-01
  202  -1.100000000e+00  -8.000000000e-01   1.000000000e+00
  203  -9.000000000e-01  -8.000000000e-01   1.100000000e+00
  204  -1.000000000e+00  -8.000000000e-01   1.100000000e+00
  205  -9.000000000e-01  -8.000000000e-01   1.300000000e+00
  206  -8.000000000e-01  -8.000000000e-01   1.900000000e+00
  207  -1.100000000e+00  -8.000000000e-01   2.500000000e+00
  208  -1.500000000e+00  -8.000000000e-01   2.900000000e+00
  209  -2.200000000e+00  -8.000000000e-01   3.200000000e+00
  210  -3.700000000e+00  -8.000000000e-01   4.000000000e+00
  211  -4.800000000e+00  -8.000000000e-01   3.500000000e+00
  212  -4.700000000e+00  -8.000000000e-01   2.300000000e+00
  213  -2.600000000e+00  -8.000000000e-01   1.400000000e+00
  214  -1.300000000e+00  -8.000000000e-01   1.400000000e+00
  215  -8.000000000e-01  -8.000000000e-01   1.700000000e+00
  216  -7.000000000e-01  -8.000000000e-01   2.200000000e+00
  217  -1.000000000e+00  -8.000000000e-01   2.200000000e+00
  218  -1.500000000e+00  -8.000000000e-01   1.000000000e+00
  219  -1.500000000e+00  -8.000000000e-01   1.000000000e+00
  220  -1.200000000e+00  -8.000000000e-01   0.000000000e+00
  221  -1.100000000e+00  -8.000000000e-01   1.000000000e+00
  222  -1.100000000e+00  -8.000000000e-01   1.000000000e+00
  223  -1.200000000e+00  -8.000000000e-01   1.000000000e+00
  224  -1.000000000e+00  -8.000000000e-01   1.000000000e+00
  225  -1.000000000e+00  -8.000000000e-01   1.100000000e+00
  226  -8.000000000e-01  -8.000000000e-01   1.100000000e+00
  227  -1.000000000e+00  -8.000000000e-01   1.300000000e+00
  228   0.000000000e+00  -8.000000000e-01   1.400000000e+00
  229  -5.000000000e-01  -8.000000000e-01   1.700000000e+00
  230  -5.000000000e-01  -8.000000000e-01   2.700000000e+00
  231  -8.000000000e-01  -8.000000000e-01   3.500000000e+00
  232  -1.500000000e+00  -8.000000000e-01   3.900000000e+00
  233  -2.200000000e+00  -8.000000000e-01   3.800000000e+00
  234  -3.700000000e+00  -8.000000000e-01   4.200000000e+00
  235  -4.600000000e+00  -8.000000000e-01   3.600000000e+00
  236  -4.600000000e+00  -8.000000000e-01   2.500000000e+00
  237  -2.600000000e+00  -8.000000000e-01   1.500000000e+00
  238  -1.400000000e+00  -8.000000000e-01   1.400000000e+00
  239  -8.000000000e-01  -8.000000000e-01   1.700000000e+00
  240  -7.000000000e-01  -8.000000000e-01   2.200000000e+00
  241  -1.000000000e+00  -8.000000000e-01   2.100000000e+00
  242  -1.700000000e+00  -6.000000000e-01   1.000000000e+00
  243  -1.600000000e+00  -6.000000000e-01   1.000000000e+00
  244  -1.600000000e+00  -6.000000000e-01   1.000000000e+00
  245  -1.700000000e+00  -6.000000000e-01   2.000000000e+00
  246  -2.000000000e+00  -6.000000000e-01   1.000000000e+00
  247  -2.200000000e+00  -6.000000000e-01   1.000000000e+00
  248  -1.600000000e+00  -6.000000000e-01   2.000000000e+00
  249  -1.000000000e+00  -6.000000000e-01   1.500000000e+00
  250  -1.000000000e+00  -6.000000000e-01   1.200000000e+00
  251  -1.000000000e+00  -6.000000000e-01   1.200000000e+00
  252  -1.000000000e+00  -6.000000000e-01   1.200000000e+00
  253  -1.000000000e+00  -6.000000000e-01   1.600000000e+00
  254  -8.000000000e-01  -6.000000000e-01   2.500000000e+00
  255  -1.100000000e+00  -6.000000000e-01   3.400000000e+00
  256  -1.700000000e+00  -6.000000000e-01   4.000000000e+00
  257  -2.300000000e+00  -6.000000000e-01   3.600000000e+00
  258  -3.300000000e+00  -6.000000000e-01   3.900000000e+00
  259  -4.500000000e+00  -6.000000000e-01   3.500000000e+00
  260  -4.600000000e+00  -6.000000000e-01   2.600000000e+00
  261  -2.600000000e+00  -6.000000000e-01   1.700000000e+00
  262  -1.400000000e+00  -6.000000000e-01   1.700000000e+00
  263  -7.000000000e-01  -6.000000000e-01   2.000000000e+00
  264  -4.000000000e-01  -6.000000000e-01   2.600000000e+00
  265  -9.000000000e-01  -6.000000000e-01   3.000000000e+00
C Region List
