C PointsNum,MaxElemVol,TetGenParams,nAtrib,IndMov,MDMaxVolume,MDomDiv,MDOnly,MDDivF,MDPrescP
  395    1.000000e+00 YYpznno2q1.414a     0     0    1.000000e+00     1     0     0     0     0     0 YYpznno2q1.414a
  -3.214800000e-03  -8.316570000e+00   6.981900000e-02
   2.428771000e-01  -7.854820000e+00   1.062984000e+00
  -2.945900000e-02  -7.854820000e+00   1.180048000e+00
  -3.108280000e-01  -7.854820000e+00   1.098233000e+00
  -5.232570000e-01  -7.854820000e+00   9.042300000e-01
  -6.714580000e-01  -7.854820000e+00   6.868930000e-01
  -7.768340000e-01  -7.854820000e+00   4.714290000e-01
  -8.327890000e-01  -7.854820000e+00   2.490960000e-01
  -8.050680000e-01  -7.854820000e+00   2.721200000e-02
  -7.435570000e-01  -7.854820000e+00  -1.727610000e-01
  -6.580870000e-01  -7.854820000e+00  -3.568680000e-01
  -5.405420000e-01  -7.854820000e+00  -5.257370000e-01
  -3.937010000e-01  -7.854820000e+00  -6.835250000e-01
  -2.051229000e-01  -7.854820000e+00  -8.223890000e-01
   2.855200000e-02  -7.854820000e+00  -8.738340000e-01
   2.713440000e-01  -7.854820000e+00  -8.513610000e-01
   5.014660000e-01  -7.854820000e+00  -7.614930000e-01
   6.995370000e-01  -7.854820000e+00  -6.098660000e-01
   8.227250000e-01  -7.854820000e+00  -3.934650000e-01
   8.261810000e-01  -7.854820000e+00  -1.459040000e-01
   7.664040000e-01  -7.854820000e+00   7.209800000e-02
   6.909050000e-01  -7.854820000e+00   2.562130000e-01
   6.111650000e-01  -7.854820000e+00   4.263840000e-01
   5.297470000e-01  -7.854820000e+00   6.090700000e-01
   4.206420000e-01  -7.854820000e+00   8.269680000e-01
   2.289166000e-01  -7.393070000e+00   1.389310000e+00
  -1.394520000e-01  -7.393070000e+00   1.465125000e+00
  -4.806990000e-01  -7.393070000e+00   1.294763000e+00
  -7.244050000e-01  -7.393070000e+00   1.031935000e+00
  -9.009280000e-01  -7.393070000e+00   7.726800000e-01
  -1.046520000e+00  -7.393070000e+00   5.263960000e-01
  -1.178600000e+00  -7.393070000e+00   2.706132000e-01
  -1.296030000e+00  -7.393070000e+00  -2.001500000e-02
  -1.360650000e+00  -7.393070000e+00  -3.638790000e-01
  -1.285598000e+00  -7.393070000e+00  -7.179010000e-01
  -1.034129000e+00  -7.393070000e+00  -9.783400000e-01
  -7.067920000e-01  -7.393070000e+00  -1.112840000e+00
  -3.780834000e-01  -7.393070000e+00  -1.164650000e+00
  -6.387100000e-02  -7.393070000e+00  -1.164470000e+00
   2.375210000e-01  -7.393070000e+00  -1.109909000e+00
   5.119010000e-01  -7.393070000e+00  -9.763710000e-01
   7.447500000e-01  -7.393070000e+00  -7.819380000e-01
   9.161340000e-01  -7.393070000e+00  -5.342580000e-01
   9.759860000e-01  -7.393070000e+00  -2.413868000e-01
   9.332410000e-01  -7.393070000e+00   4.320300000e-02
   8.481710000e-01  -7.393070000e+00   2.973610000e-01
   7.456970000e-01  -7.393070000e+00   5.333930000e-01
   6.365450000e-01  -7.393070000e+00   7.917270000e-01
   4.859450000e-01  -7.393070000e+00   1.096034000e+00
   2.337290000e-01  -6.930310000e+00   1.654160000e+00
  -2.029520000e-01  -6.930310000e+00   1.722930000e+00
  -6.017170000e-01  -6.930310000e+00   1.519374000e+00
  -8.914310000e-01  -6.930310000e+00   1.217688000e+00
  -1.104160000e+00  -6.930310000e+00   9.188940000e-01
  -1.280030000e+00  -6.930310000e+00   6.290600000e-01
  -1.442430000e+00  -6.930310000e+00   3.275288000e-01
  -1.587910000e+00  -6.930310000e+00  -1.931900000e-02
  -1.676080000e+00  -6.930310000e+00  -4.335190000e-01
  -1.595860000e+00  -6.930310000e+00  -8.670640000e-01
  -1.291643000e+00  -6.930310000e+00  -1.182050000e+00
  -8.874120000e-01  -6.930310000e+00  -1.336200000e+00
  -4.882710000e-01  -6.930310000e+00  -1.383670000e+00
  -1.150850000e-01  -6.930310000e+00  -1.372310000e+00
   2.383810000e-01  -6.930310000e+00  -1.296105000e+00
   5.459140000e-01  -6.930310000e+00  -1.115656000e+00
   7.902660000e-01  -6.930310000e+00  -8.722660000e-01
   9.718670000e-01  -6.930310000e+00  -5.871500000e-01
   1.056126000e+00  -6.930310000e+00  -2.664712000e-01
   1.036071000e+00  -6.930310000e+00   5.561700000e-02
   9.561910000e-01  -6.930310000e+00   3.531430000e-01
   8.440120000e-01  -6.930310000e+00   6.368120000e-01
   7.204670000e-01  -6.930310000e+00   9.483000000e-01
   5.433980000e-01  -6.930310000e+00   1.314800000e+00
   2.270940000e-01  -6.468560000e+00   1.865210000e+00
  -2.637960000e-01  -6.468560000e+00   1.934460000e+00
  -7.130470000e-01  -6.468560000e+00   1.714660000e+00
  -1.047810000e+00  -6.468560000e+00   1.389637000e+00
  -1.300090000e+00  -6.468560000e+00   1.058342000e+00
  -1.503580000e+00  -6.468560000e+00   7.275060000e-01
  -1.683380000e+00  -6.468560000e+00   3.787276000e-01
  -1.836640000e+00  -6.468560000e+00  -1.684700000e-02
  -1.921630000e+00  -6.468560000e+00  -4.822860000e-01
  -1.829090000e+00  -6.468560000e+00  -9.684600000e-01
  -1.497030000e+00  -6.468560000e+00  -1.333750000e+00
  -1.045791000e+00  -6.468560000e+00  -1.519720000e+00
  -5.929060000e-01  -6.468560000e+00  -1.583640000e+00
  -1.644300000e-01  -6.468560000e+00  -1.570400000e+00
   2.381550000e-01  -6.468560000e+00  -1.471250000e+00
   5.668320000e-01  -6.468560000e+00  -1.231010000e+00
   8.074680000e-01  -6.468560000e+00  -9.315840000e-01
   9.840970000e-01  -6.468560000e+00  -6.156180000e-01
   1.087992000e+00  -6.468560000e+00  -2.792724000e-01
   1.093536000e+00  -6.468560000e+00   6.665700000e-02
   1.029874000e+00  -6.468560000e+00   3.998790000e-01
   9.146160000e-01  -6.468560000e+00   7.222490000e-01
   7.796960000e-01  -6.468560000e+00   1.077710000e+00
   5.809540000e-01  -6.468560000e+00   1.493800000e+00
   2.077950000e-01  -6.006800000e+00   2.047060000e+00
  -3.265600000e-01  -6.006800000e+00   2.116910000e+00
  -8.214370000e-01  -6.006800000e+00   1.897890000e+00
  -1.204770000e+00  -6.006800000e+00   1.566361000e+00
  -1.502770000e+00  -6.006800000e+00   1.211382000e+00
  -1.737940000e+00  -6.006800000e+00   8.378580000e-01
  -1.930730000e+00  -6.006800000e+00   4.398001000e-01
  -2.082890000e+00  -6.006800000e+00  -6.547000000e-03
  -2.154990000e+00  -6.006800000e+00  -5.182160000e-01
  -2.044810000e+00  -6.006800000e+00  -1.048810000e+00
  -1.681990000e+00  -6.006800000e+00  -1.452390000e+00
  -1.184682000e+00  -6.006800000e+00  -1.652810000e+00
  -6.862050000e-01  -6.006800000e+00  -1.714370000e+00
  -2.179680000e-01  -6.006800000e+00  -1.694200000e+00
   2.195170000e-01  -6.006800000e+00  -1.587170000e+00
   5.715360000e-01  -6.006800000e+00  -1.317940000e+00
   8.200970000e-01  -6.006800000e+00  -9.818540000e-01
   1.001512000e+00  -6.006800000e+00  -6.398530000e-01
   1.114068000e+00  -6.006800000e+00  -2.831999000e-01
   1.132909000e+00  -6.006800000e+00   8.500600000e-02
   1.072697000e+00  -6.006800000e+00   4.463950000e-01
   9.524360000e-01  -6.006800000e+00   7.974410000e-01
   8.133280000e-01  -6.006800000e+00   1.190280000e+00
   5.988210000e-01  -6.006800000e+00   1.650470000e+00
   1.961610000e-01  -5.545050000e+00   2.208360000e+00
  -3.752700000e-01  -5.545050000e+00   2.284020000e+00
  -9.121100000e-01  -5.545050000e+00   2.072090000e+00
  -1.342750000e+00  -5.545050000e+00   1.737486000e+00
  -1.683280000e+00  -5.545050000e+00   1.359312000e+00
  -1.947130000e+00  -5.545050000e+00   9.471110000e-01
  -2.150210000e+00  -5.545050000e+00   5.015741000e-01
  -2.293890000e+00  -5.545050000e+00   8.780000000e-03
  -2.341590000e+00  -5.545050000e+00  -5.403500000e-01
  -2.207430000e+00  -5.545050000e+00  -1.101020000e+00
  -1.820250000e+00  -5.545050000e+00  -1.530450000e+00
  -1.286796000e+00  -5.545050000e+00  -1.738080000e+00
  -7.548390000e-01  -5.545050000e+00  -1.794270000e+00
  -2.605400000e-01  -5.545050000e+00  -1.765720000e+00
   2.026600000e-01  -5.545050000e+00  -1.660900000e+00
   5.827640000e-01  -5.545050000e+00  -1.388030000e+00
   8.535960000e-01  -5.545050000e+00  -1.035870000e+00
   1.048610000e+00  -5.545050000e+00  -6.701370000e-01
   1.163743000e+00  -5.545050000e+00  -2.854259000e-01
   1.169371000e+00  -5.545050000e+00   1.083270000e-01
   1.094744000e+00  -5.545050000e+00   4.866150000e-01
   9.704040000e-01  -5.545050000e+00   8.558170000e-01
   8.304280000e-01  -5.545050000e+00   1.276310000e+00
   6.107446000e-01  -5.545050000e+00   1.777250000e+00
   1.823960000e-01  -4.645630000e+00   2.499170000e+00
  -4.524260000e-01  -4.645630000e+00   2.585810000e+00
  -1.060000000e+00  -4.645630000e+00   2.389470000e+00
  -1.572710000e+00  -4.645630000e+00   2.051270000e+00
  -1.990240000e+00  -4.645630000e+00   1.638446000e+00
  -2.306890000e+00  -4.645630000e+00   1.158322000e+00
  -2.513560000e+00  -4.645630000e+00   6.261583000e-01
  -2.621340000e+00  -4.645630000e+00   5.714500000e-02
  -2.613450000e+00  -4.645630000e+00  -5.447300000e-01
  -2.434690000e+00  -4.645630000e+00  -1.141930000e+00
  -2.020530000e+00  -4.645630000e+00  -1.611320000e+00
  -1.438278000e+00  -4.645630000e+00  -1.833530000e+00
  -8.596040000e-01  -4.645630000e+00  -1.883040000e+00
  -3.265888000e-01  -4.645630000e+00  -1.845430000e+00
   1.725400000e-01  -4.645630000e+00  -1.739680000e+00
   5.918500000e-01  -4.645630000e+00  -1.461296000e+00
   8.936460000e-01  -4.645630000e+00  -1.085510000e+00
   1.113760000e+00  -4.645630000e+00  -6.876590000e-01
   1.232281000e+00  -4.645630000e+00  -2.628417000e-01
   1.234008000e+00  -4.645630000e+00   1.670440000e-01
   1.145447000e+00  -4.645630000e+00   5.776880000e-01
   1.016281000e+00  -4.645630000e+00   9.840430000e-01
   8.739780000e-01  -4.645630000e+00   1.452170000e+00
   6.406162900e-01  -4.645630000e+00   2.017440000e+00
   1.538470000e-01  -3.747210000e+00   2.727100000e+00
  -5.229590000e-01  -3.747210000e+00   2.809100000e+00
  -1.178980000e+00  -3.747210000e+00   2.636090000e+00
  -1.751220000e+00  -3.747210000e+00   2.304630000e+00
  -2.229990000e+00  -3.747210000e+00   1.872959000e+00
  -2.588310000e+00  -3.747210000e+00   1.345271000e+00
  -2.789540000e+00  -3.747210000e+00   7.475661000e-01
  -2.853270000e+00  -3.747210000e+00   1.227740000e-01
  -2.788900000e+00  -3.747210000e+00  -5.074400000e-01
  -2.570050000e+00  -3.747210000e+00  -1.114330000e+00
  -2.149520000e+00  -3.747210000e+00  -1.607850000e+00
  -1.546200000e+00  -3.747210000e+00  -1.838790000e+00
  -9.411530000e-01  -3.747210000e+00  -1.881030000e+00
  -3.906358000e-01  -3.747210000e+00  -1.831100000e+00
   1.223620000e-01  -3.747210000e+00  -1.721070000e+00
   5.513120000e-01  -3.747210000e+00  -1.431900000e+00
   8.487290000e-01  -3.747210000e+00  -1.035666000e+00
   1.068327000e+00  -3.747210000e+00  -6.279530000e-01
   1.203983000e+00  -3.747210000e+00  -2.014339000e-01
   1.236012000e+00  -3.747210000e+00   2.396240000e-01
   1.158208000e+00  -3.747210000e+00   6.716060000e-01
   1.037937000e+00  -3.747210000e+00   1.107660000e+00
   8.971460000e-01  -3.747210000e+00   1.617350000e+00
   6.517498000e-01  -3.747210000e+00   2.229890000e+00
   1.364030000e-01  -2.847800000e+00   2.905380000e+00
  -5.740400000e-01  -2.847800000e+00   3.004140000e+00
  -1.269120000e+00  -2.847800000e+00   2.833500000e+00
  -1.890750000e+00  -2.847800000e+00   2.505610000e+00
  -2.420220000e+00  -2.847800000e+00   2.062050000e+00
  -2.813390000e+00  -2.847800000e+00   1.497489000e+00
  -3.012530000e+00  -2.847800000e+00   8.434598000e-01
  -3.044860000e+00  -2.847800000e+00   1.738740000e-01
  -2.939750000e+00  -2.847800000e+00  -4.826500000e-01
  -2.688310000e+00  -2.847800000e+00  -1.103250000e+00
  -2.256030000e+00  -2.847800000e+00  -1.615020000e+00
  -1.627910000e+00  -2.847800000e+00  -1.848590000e+00
  -1.000597000e+00  -2.847800000e+00  -1.873180000e+00
  -4.379577000e-01  -2.847800000e+00  -1.808940000e+00
   8.497200000e-02  -2.847800000e+00  -1.697580000e+00
   5.274200000e-01  -2.847800000e+00  -1.416560000e+00
   8.410360000e-01  -2.847800000e+00  -1.016692000e+00
   1.068928000e+00  -2.847800000e+00  -6.000050000e-01
   1.214816000e+00  -2.847800000e+00  -1.605402000e-01
   1.253447000e+00  -2.847800000e+00   2.961120000e-01
   1.174271000e+00  -2.847800000e+00   7.450300000e-01
   1.058332000e+00  -2.847800000e+00   1.204390000e+00
   9.197340000e-01  -2.847800000e+00   1.745720000e+00
   6.645627000e-01  -2.847800000e+00   2.395660000e+00
   8.467400000e-02  -1.949380000e+00   3.051200000e+00
  -6.622400000e-01  -1.949380000e+00   3.139590000e+00
  -1.390650000e+00  -1.949380000e+00   2.955840000e+00
  -2.042030000e+00  -1.949380000e+00   2.618580000e+00
  -2.595820000e+00  -1.949380000e+00   2.149100000e+00
  -3.004740000e+00  -1.949380000e+00   1.554914000e+00
  -3.215190000e+00  -1.949380000e+00   8.738790000e-01
  -3.256510000e+00  -1.949380000e+00   1.715710000e-01
  -3.154080000e+00  -1.949380000e+00  -5.208800000e-01
  -2.897990000e+00  -1.949380000e+00  -1.178780000e+00
  -2.447350000e+00  -1.949380000e+00  -1.726770000e+00
  -1.785730000e+00  -1.949380000e+00  -1.981960000e+00
  -1.117326000e+00  -1.949380000e+00  -2.007930000e+00
  -5.184214000e-01  -1.949380000e+00  -1.933160000e+00
   3.281800000e-02  -1.949380000e+00  -1.805220000e+00
   4.889560000e-01  -1.949380000e+00  -1.489400000e+00
   7.808180000e-01  -1.949380000e+00  -1.039149000e+00
   9.867020000e-01  -1.949380000e+00  -5.985870000e-01
   1.128085000e+00  -1.949380000e+00  -1.591210000e-01
   1.161493000e+00  -1.949380000e+00   2.974430000e-01
   1.085508000e+00  -1.949380000e+00   7.450710000e-01
   9.877980000e-01  -1.949380000e+00   1.214003000e+00
   8.751820000e-01  -1.949380000e+00   1.788410000e+00
   6.385200000e-01  -1.949380000e+00   2.504870000e+00
   2.721000000e-02  -1.049960000e+00   3.081430000e+00
  -7.275300000e-01  -1.049960000e+00   3.157250000e+00
  -1.457820000e+00  -1.049960000e+00   2.970690000e+00
  -2.105170000e+00  -1.049960000e+00   2.622630000e+00
  -2.655020000e+00  -1.049960000e+00   2.146420000e+00
  -3.066340000e+00  -1.049960000e+00   1.562011000e+00
  -3.306630000e+00  -1.049960000e+00   8.832550000e-01
  -3.400860000e+00  -1.049960000e+00   1.745820000e-01
  -3.348810000e+00  -1.049960000e+00  -5.535900000e-01
  -3.109140000e+00  -1.049960000e+00  -1.263100000e+00
  -2.614750000e+00  -1.049960000e+00  -1.831330000e+00
  -1.865720000e+00  -1.049960000e+00  -2.006720000e+00
  -1.161790000e+00  -1.049960000e+00  -1.923320000e+00
  -5.871575000e-01  -1.049960000e+00  -1.781430000e+00
  -7.940300000e-02  -1.049960000e+00  -1.638230000e+00
   3.877660000e-01  -1.049960000e+00  -1.422300000e+00
   7.399660000e-01  -1.049960000e+00  -1.055344000e+00
   9.872030000e-01  -1.049960000e+00  -6.289380000e-01
   1.081835000e+00  -1.049960000e+00  -1.577450000e-01
   1.015537000e+00  -1.049960000e+00   3.000410000e-01
   9.133420000e-01  -1.049960000e+00   7.187110000e-01
   8.414740000e-01  -1.049960000e+00   1.168519000e+00
   7.674980000e-01  -1.049960000e+00   1.748540000e+00
   5.772020000e-01  -1.049960000e+00   2.520830000e+00
  -5.060400000e-02  -3.545410000e-01   3.112920000e+00
   5.111790000e-01  -3.545410000e-01   2.557500000e+00
   6.631060000e-01  -3.545410000e-01   1.738330000e+00
   6.987300000e-01  -3.545410000e-01   1.144040000e+00
   7.443140000e-01  -3.545410000e-01   7.048270000e-01
   8.376230000e-01  -3.545410000e-01   3.095790000e-01
   9.749060000e-01  -3.545410000e-01  -1.402940000e-01
   9.222870000e-01  -3.545410000e-01  -6.272310000e-01
   6.401980000e-01  -3.545410000e-01  -1.027210000e+00
   2.522500000e-01  -3.545410000e-01  -1.325150000e+00
  -2.018090000e-01  -3.545410000e-01  -1.493640000e+00
  -6.728674000e-01  -3.545410000e-01  -1.662830000e+00
  -1.232604000e+00  -3.545410000e-01  -1.859930000e+00
  -1.973150000e+00  -3.545410000e-01  -2.040170000e+00
  -2.804530000e+00  -3.545410000e-01  -1.932460000e+00
  -3.335070000e+00  -3.545410000e-01  -1.338760000e+00
  -3.563710000e+00  -3.545410000e-01  -5.813500000e-01
  -3.576550000e+00  -3.545410000e-01   1.838050000e-01
  -3.443280000e+00  -3.545410000e-01   9.107060000e-01
  -3.176580000e+00  -3.545410000e-01   1.591634000e+00
  -2.755310000e+00  -3.545410000e-01   2.178010000e+00
  -2.198820000e+00  -3.545410000e-01   2.647920000e+00
  -1.545320000e+00  -3.545410000e-01   2.996490000e+00
  -8.114100000e-01  -3.545410000e-01   3.183470000e+00
  -2.237010000e+00  -3.823410000e-01  -1.490560000e+00
  -2.763700000e+00  -3.791410000e-01  -1.292080000e+00
  -1.292620000e+00  -3.772410000e-01   2.716280000e+00
  -8.158800000e-01  -3.893410000e-01   2.480420000e+00
  -1.959380000e+00  -4.190410000e-01   7.106180000e-01
  -1.909130000e+00  -4.166410000e-01   1.013107500e+00
  -1.582700000e+00  -4.199410000e-01   1.026310800e+00
  -6.134957000e-01  -3.781410000e-01  -1.318020000e+00
  -1.588390000e+00  -4.241410000e-01   3.154400000e-01
  -1.254260000e+00  -4.223410000e-01   1.029514000e+00
  -9.596200000e-01  -4.231410000e-01   3.545310000e-01
  -2.404880000e+00  -4.057410000e-01   9.603400000e-01
  -2.499460000e+00  -4.073410000e-01   3.875950000e-01
  -2.967710000e+00  -3.870410000e-01   6.290870000e-01
  -2.407880000e+00  -3.928410000e-01   1.588005000e+00
  -2.555140000e+00  -3.936410000e-01   1.320366000e+00
  -2.531600000e+00  -3.892410000e-01   1.540249000e+00
  -7.948400000e-02  -3.843410000e-01   2.249377000e+00
  -6.488630000e-01  -4.084410000e-01   1.685407000e+00
  -1.822850000e+00  -3.986410000e-01  -1.136060000e+00
  -1.726510000e+00  -4.059410000e-01  -9.126100000e-01
  -1.523948000e+00  -4.036410000e-01  -9.963600000e-01
  -1.643600000e+00  -4.065410000e-01   1.797501000e+00
  -1.540220000e+00  -3.940410000e-01   2.264297000e+00
  -1.435130000e+00  -4.020410000e-01   2.045365000e+00
  -2.950570000e+00  -3.853410000e-01  -7.191400000e-01
  -2.283030000e+00  -4.017410000e-01  -8.433800000e-01
  -1.041793000e+00  -3.823410000e-01  -1.388390000e+00
  -1.321384000e+00  -4.011410000e-01  -1.076120000e+00
  -7.858300000e-01  -3.970410000e-01  -1.038060000e+00
  -1.826260000e+00  -3.892410000e-01   2.241328000e+00
  -1.732430000e+00  -3.764410000e-01   2.567950000e+00
  -1.634330000e+00  -3.853410000e-01   2.421120000e+00
  -1.603533000e+00  -3.828410000e-01  -1.504810000e+00
  -2.104300000e+00  -3.825410000e-01   2.208359000e+00
   1.114090000e-01  -3.778410000e-01  -9.940700000e-01
   3.097000000e-01  -3.826410000e-01  -6.125960000e-01
   4.915690000e-01  -3.801410000e-01   8.651200000e-02
  -2.096640000e+00  -4.174410000e-01   1.985240000e-01
  -2.480940000e+00  -4.065410000e-01  -2.053200000e-01
   2.587341000e-01  -3.876410000e-01   9.029250000e-01
  -4.801700000e-02  -4.036410000e-01   3.918570000e-01
  -2.801190000e+00  -3.853410000e-01   1.224854900e+00
  -3.027480000e+00  -3.874410000e-01  -3.301100000e-02
  -2.809150000e-01  -3.812410000e-01  -1.157360000e+00
  -3.583240000e-01  -4.008410000e-01  -7.102900000e-01
   3.499210000e-01  -3.769410000e-01   1.654704000e+00
  -9.325300000e-02  -3.979410000e-01   1.495561000e+00
  -1.908730000e+00  -4.175410000e-01  -2.374780000e-01
  -2.228310000e+00  -3.939410000e-01   1.769350000e+00
  -2.306590000e+00  -4.005410000e-01   1.425877000e+00
  -6.888150000e-01  -4.077410000e-01  -6.634400000e-01
  -6.972650000e-01  -4.124410000e-01  -4.330790000e-01
  -9.984500000e-01  -4.097410000e-01   1.755920000e+00
  -1.070460000e+00  -4.011410000e-01   2.118426000e+00
  -8.606600000e-01  -4.051410000e-01   1.921916000e+00
  -2.023730000e+00  -3.921410000e-01   2.013463000e+00
  -2.164060000e+00  -3.884410000e-01   1.993855000e+00
  -1.941150000e+00  -4.013410000e-01   1.798567000e+00
  -1.867520000e+00  -4.136410000e-01   1.305597000e+00
  -2.088990000e+00  -4.078410000e-01   1.365737000e+00
  -1.449850000e+00  -4.232410000e-01   5.965300000e-02
  -1.679290000e+00  -4.208410000e-01  -8.641300000e-02
  -1.309300000e+00  -4.215410000e-01  -1.861340000e-01
  -1.134210000e+00  -4.230410000e-01   7.769800000e-02
  -9.194630000e-01  -4.202410000e-01  -5.500900000e-02
  -4.402880000e-01  -4.137410000e-01   8.947197000e-01
  -1.407420000e+00  -3.862410000e-01   2.495290000e+00
  -1.113650000e+00  -3.879410000e-01   2.487850000e+00
  -1.623180000e+00  -4.122410000e-01  -7.001600000e-01
  -1.319241000e+00  -4.130410000e-01  -6.653800000e-01
  -1.324813000e+00  -4.074410000e-01  -8.727500000e-01
  -1.287350000e+00  -4.166410000e-01   1.422974000e+00
  -9.706100000e-01  -4.131410000e-01   1.559191000e+00
  -1.165590000e-01  -4.038410000e-01  -1.476780000e-01
  -2.136780000e+00  -4.106410000e-01   1.127968780e+00
  -2.046380000e+00  -4.150410000e-01   9.242930000e-01
  -1.768450000e+00  -4.153410000e-01  -4.768200000e-01
  -1.951600000e+00  -4.079410000e-01  -7.652700000e-01
  -1.933160000e+00  -4.129410000e-01  -5.063700000e-01
  -1.601270000e+00  -4.129410000e-01   1.536015000e+00
  -1.578820000e+00  -4.158410000e-01   1.359286000e+00
  -2.509370000e+00  -3.844410000e-01   1.750132000e+00
  -4.548610000e-01  -4.150410000e-01   2.587900000e-01
  -4.096870000e-01  -4.112410000e-01  -1.611970000e-01
  -9.015670000e-01  -4.048410000e-01  -8.633300000e-01
  -7.373220000e-01  -4.025410000e-01  -8.617500000e-01
  -1.165302000e+00  -4.173410000e-01  -4.318600000e-01
  -1.393740000e+00  -4.153410000e-01  -5.585100000e-01
  -1.304340000e+00  -3.977410000e-01   2.201361000e+00
  -1.882210000e+00  -3.955410000e-01   2.019948000e+00
  -8.324180000e-01  -4.205410000e-01   7.590700000e-02
  -5.785880000e-01  -4.162410000e-01   3.053700000e-02
  -1.538880000e+00  -4.188410000e-01  -3.274800000e-01
  -1.180845000e+00  -4.072410000e-01  -8.608600000e-01
  -1.115976000e+00  -4.035410000e-01  -9.627200000e-01
  -7.037160000e-01  -4.167410000e-01  -1.857170000e-01
  -3.838060000e-01  -4.061410000e-01  -4.387420000e-01
  -1.361800000e+00  -4.238410000e-01   1.965690000e-01
  -8.665100000e-01  -4.149410000e-01  -4.256560000e-01
  -9.360090000e-01  -4.174410000e-01  -3.077910000e-01
  -1.339040000e+00  -4.094410000e-01   1.786434000e+00
  -1.022305000e+00  -4.118410000e-01  -6.535900000e-01
  -1.608510000e+00  -4.201410000e-01  -2.083060000e-01
  -2.123520000e+00  -4.015410000e-01   1.607222000e+00
  -2.353980000e+00  -4.034410000e-01   1.188108900e+00
C Number of facets
  786
C  Size  Node 1  ......Node N Marker
    3    0    1    2    3
    3    0    2    3    3
    3    0    3    4    3
    3    0    4    5    3
    3    0    5    6    3
    3    0    6    7    3
    3    0    7    8    3
    3    0    8    9    3
    3    0    9   10    3
    3    0   10   11    3
    3    0   11   12    3
    3    0   12   13    3
    3    0   13   14    3
    3    0   14   15    3
    3    0   15   16    3
    3    0   16   17    3
    3    0   17   18    3
    3    0   18   19    3
    3    0   19   20    3
    3    0   20   21    3
    3    0   21   22    3
    3    0   22   23    3
    3    0   23   24    3
    3    0   24    1    3
    3    1   25   26    3
    3    1   26    2    3
    3    2   26   27    3
    3    2   27    3    3
    3    3   27   28    3
    3    3   28    4    3
    3    4   28   29    3
    3    4   29    5    3
    3    5   29   30    3
    3    5   30    6    3
    3    6   30   31    3
    3    6   31    7    3
    3    7   31   32    3
    3    7   32    8    3
    3    8   32   33    3
    3    8   33    9    3
    3    9   33   34    3
    3    9   34   10    3
    3   10   34   35    3
    3   10   35   11    3
    3   11   35   36    3
    3   11   36   12    3
    3   12   36   37    3
    3   12   37   13    3
    3   13   37   38    3
    3   13   38   14    3
    3   14   38   39    3
    3   14   39   15    3
    3   15   39   40    3
    3   15   40   16    3
    3   16   40   41    3
    3   16   41   17    3
    3   17   41   42    3
    3   17   42   18    3
    3   18   42   43    3
    3   18   43   19    3
    3   19   43   44    3
    3   19   44   20    3
    3   20   44   45    3
    3   20   45   21    3
    3   21   45   46    3
    3   21   46   22    3
    3   22   46   47    3
    3   22   47   23    3
    3   23   47   48    3
    3   23   48   24    3
    3   24   48   25    3
    3   24   25    1    3
    3   25   49   50    3
    3   25   50   26    3
    3   26   50   51    3
    3   26   51   27    3
    3   27   51   52    3
    3   27   52   28    3
    3   28   52   53    3
    3   28   53   29    3
    3   29   53   54    3
    3   29   54   30    3
    3   30   54   55    3
    3   30   55   31    3
    3   31   55   56    3
    3   31   56   32    3
    3   32   56   57    3
    3   32   57   33    3
    3   33   57   58    3
    3   33   58   34    3
    3   34   58   59    3
    3   34   59   35    3
    3   35   59   60    3
    3   35   60   36    3
    3   36   60   61    3
    3   36   61   37    3
    3   37   61   62    3
    3   37   62   38    3
    3   38   62   63    3
    3   38   63   39    3
    3   39   63   64    3
    3   39   64   40    3
    3   40   64   65    3
    3   40   65   41    3
    3   41   65   66    3
    3   41   66   42    3
    3   42   66   67    3
    3   42   67   43    3
    3   43   67   68    3
    3   43   68   44    3
    3   44   68   69    3
    3   44   69   45    3
    3   45   69   70    3
    3   45   70   46    3
    3   46   70   71    3
    3   46   71   47    3
    3   47   71   72    3
    3   47   72   48    3
    3   48   72   49    3
    3   48   49   25    3
    3   49   73   74    3
    3   49   74   50    3
    3   50   74   75    3
    3   50   75   51    3
    3   51   75   76    3
    3   51   76   52    3
    3   52   76   77    3
    3   52   77   53    3
    3   53   77   78    3
    3   53   78   54    3
    3   54   78   79    3
    3   54   79   55    3
    3   55   79   80    3
    3   55   80   56    3
    3   56   80   81    3
    3   56   81   57    3
    3   57   81   82    3
    3   57   82   58    3
    3   58   82   83    3
    3   58   83   59    3
    3   59   83   84    3
    3   59   84   60    3
    3   60   84   85    3
    3   60   85   61    3
    3   61   85   86    3
    3   61   86   62    3
    3   62   86   87    3
    3   62   87   63    3
    3   63   87   88    3
    3   63   88   64    3
    3   64   88   89    3
    3   64   89   65    3
    3   65   89   90    3
    3   65   90   66    3
    3   66   90   91    3
    3   66   91   67    3
    3   67   91   92    3
    3   67   92   68    3
    3   68   92   93    3
    3   68   93   69    3
    3   69   93   94    3
    3   69   94   70    3
    3   70   94   95    3
    3   70   95   71    3
    3   71   95   96    3
    3   71   96   72    3
    3   72   96   73    3
    3   72   73   49    3
    3   73   97   98    3
    3   73   98   74    3
    3   74   98   99    3
    3   74   99   75    3
    3   75   99  100    3
    3   75  100   76    3
    3   76  100  101    3
    3   76  101   77    3
    3   77  101  102    3
    3   77  102   78    3
    3   78  102  103    3
    3   78  103   79    3
    3   79  103  104    3
    3   79  104   80    3
    3   80  104  105    3
    3   80  105   81    3
    3   81  105  106    3
    3   81  106   82    3
    3   82  106  107    3
    3   82  107   83    3
    3   83  107  108    3
    3   83  108   84    3
    3   84  108  109    3
    3   84  109   85    3
    3   85  109  110    3
    3   85  110   86    3
    3   86  110  111    3
    3   86  111   87    3
    3   87  111  112    3
    3   87  112   88    3
    3   88  112  113    3
    3   88  113   89    3
    3   89  113  114    3
    3   89  114   90    3
    3   90  114  115    3
    3   90  115   91    3
    3   91  115  116    3
    3   91  116   92    3
    3   92  116  117    3
    3   92  117   93    3
    3   93  117  118    3
    3   93  118   94    3
    3   94  118  119    3
    3   94  119   95    3
    3   95  119  120    3
    3   95  120   96    3
    3   96  120   97    3
    3   96   97   73    3
    3   97  121  122    3
    3   97  122   98    3
    3   98  122  123    3
    3   98  123   99    3
    3   99  123  124    3
    3   99  124  100    3
    3  100  124  125    3
    3  100  125  101    3
    3  101  125  126    3
    3  101  126  102    3
    3  102  126  127    3
    3  102  127  103    3
    3  103  127  128    3
    3  103  128  104    3
    3  104  128  129    3
    3  104  129  105    3
    3  105  129  130    3
    3  105  130  106    3
    3  106  130  131    3
    3  106  131  107    3
    3  107  131  132    3
    3  107  132  108    3
    3  108  132  133    3
    3  108  133  109    3
    3  109  133  134    3
    3  109  134  110    3
    3  110  134  135    3
    3  110  135  111    3
    3  111  135  136    3
    3  111  136  112    3
    3  112  136  137    3
    3  112  137  113    3
    3  113  137  138    3
    3  113  138  114    3
    3  114  138  139    3
    3  114  139  115    3
    3  115  139  140    3
    3  115  140  116    3
    3  116  140  141    3
    3  116  141  117    3
    3  117  141  142    3
    3  117  142  118    3
    3  118  142  143    3
    3  118  143  119    3
    3  119  143  144    3
    3  119  144  120    3
    3  120  144  121    3
    3  120  121   97    3
    3  121  145  146    3
    3  121  146  122    3
    3  122  146  147    3
    3  122  147  123    3
    3  123  147  148    3
    3  123  148  124    3
    3  124  148  149    3
    3  124  149  125    3
    3  125  149  150    3
    3  125  150  126    3
    3  126  150  151    3
    3  126  151  127    3
    3  127  151  152    3
    3  127  152  128    3
    3  128  152  153    3
    3  128  153  129    3
    3  129  153  154    3
    3  129  154  130    3
    3  130  154  155    3
    3  130  155  131    3
    3  131  155  156    3
    3  131  156  132    3
    3  132  156  157    3
    3  132  157  133    3
    3  133  157  158    3
    3  133  158  134    3
    3  134  158  159    3
    3  134  159  135    3
    3  135  159  160    3
    3  135  160  136    3
    3  136  160  161    3
    3  136  161  137    3
    3  137  161  162    3
    3  137  162  138    3
    3  138  162  163    3
    3  138  163  139    3
    3  139  163  164    3
    3  139  164  140    3
    3  140  164  165    3
    3  140  165  141    3
    3  141  165  166    3
    3  141  166  142    3
    3  142  166  167    3
    3  142  167  143    3
    3  143  167  168    3
    3  143  168  144    3
    3  144  168  145    3
    3  144  145  121    3
    3  145  169  170    3
    3  145  170  146    3
    3  146  170  171    3
    3  146  171  147    3
    3  147  171  172    3
    3  147  172  148    3
    3  148  172  173    3
    3  148  173  149    3
    3  149  173  174    3
    3  149  174  150    3
    3  150  174  175    3
    3  150  175  151    3
    3  151  175  176    3
    3  151  176  152    3
    3  152  176  177    3
    3  152  177  153    3
    3  153  177  178    3
    3  153  178  154    3
    3  154  178  179    3
    3  154  179  155    3
    3  155  179  180    3
    3  155  180  156    3
    3  156  180  181    3
    3  156  181  157    3
    3  157  181  182    3
    3  157  182  158    3
    3  158  182  183    3
    3  158  183  159    3
    3  159  183  184    3
    3  159  184  160    3
    3  160  184  185    3
    3  160  185  161    3
    3  161  185  186    3
    3  161  186  162    3
    3  162  186  187    3
    3  162  187  163    3
    3  163  187  188    3
    3  163  188  164    3
    3  164  188  189    3
    3  164  189  165    3
    3  165  189  190    3
    3  165  190  166    3
    3  166  190  191    3
    3  166  191  167    3
    3  167  191  192    3
    3  167  192  168    3
    3  168  192  169    3
    3  168  169  145    3
    3  169  193  194    3
    3  169  194  170    3
    3  170  194  195    3
    3  170  195  171    3
    3  171  195  196    3
    3  171  196  172    3
    3  172  196  197    3
    3  172  197  173    3
    3  173  197  198    3
    3  173  198  174    3
    3  174  198  199    3
    3  174  199  175    3
    3  175  199  200    3
    3  175  200  176    3
    3  176  200  201    3
    3  176  201  177    3
    3  177  201  202    3
    3  177  202  178    3
    3  178  202  203    3
    3  178  203  179    3
    3  179  203  204    3
    3  179  204  180    3
    3  180  204  205    3
    3  180  205  181    3
    3  181  205  206    3
    3  181  206  182    3
    3  182  206  207    3
    3  182  207  183    3
    3  183  207  208    3
    3  183  208  184    3
    3  184  208  209    3
    3  184  209  185    3
    3  185  209  210    3
    3  185  210  186    3
    3  186  210  211    3
    3  186  211  187    3
    3  187  211  212    3
    3  187  212  188    3
    3  188  212  213    3
    3  188  213  189    3
    3  189  213  214    3
    3  189  214  190    3
    3  190  214  215    3
    3  190  215  191    3
    3  191  215  216    3
    3  191  216  192    3
    3  192  216  193    3
    3  192  193  169    3
    3  193  217  218    3
    3  193  218  194    3
    3  194  218  219    3
    3  194  219  195    3
    3  195  219  220    3
    3  195  220  196    3
    3  196  220  221    3
    3  196  221  197    3
    3  197  221  222    3
    3  197  222  198    3
    3  198  222  223    3
    3  198  223  199    3
    3  199  223  224    3
    3  199  224  200    3
    3  200  224  225    3
    3  200  225  201    3
    3  201  225  226    3
    3  201  226  202    3
    3  202  226  227    3
    3  202  227  203    3
    3  203  227  228    3
    3  203  228  204    3
    3  204  228  229    3
    3  204  229  205    3
    3  205  229  230    3
    3  205  230  206    3
    3  206  230  231    3
    3  206  231  207    3
    3  207  231  232    3
    3  207  232  208    3
    3  208  232  233    3
    3  208  233  209    3
    3  209  233  234    3
    3  209  234  210    3
    3  210  234  235    3
    3  210  235  211    3
    3  211  235  236    3
    3  211  236  212    3
    3  212  236  237    3
    3  212  237  213    3
    3  213  237  238    3
    3  213  238  214    3
    3  214  238  239    3
    3  214  239  215    3
    3  215  239  240    3
    3  215  240  216    3
    3  216  240  217    3
    3  216  217  193    3
    3  217  241  242    3
    3  217  242  218    3
    3  218  242  243    3
    3  218  243  219    3
    3  219  243  244    3
    3  219  244  220    3
    3  220  244  245    3
    3  220  245  221    3
    3  221  245  246    3
    3  221  246  222    3
    3  222  246  247    3
    3  222  247  223    3
    3  223  247  248    3
    3  223  248  224    3
    3  224  248  249    3
    3  224  249  225    3
    3  225  249  250    3
    3  225  250  226    3
    3  226  250  251    3
    3  226  251  227    3
    3  227  251  252    3
    3  227  252  228    3
    3  228  252  253    3
    3  228  253  229    3
    3  229  253  254    3
    3  229  254  230    3
    3  230  254  255    3
    3  230  255  231    3
    3  231  255  256    3
    3  231  256  232    3
    3  232  256  257    3
    3  232  257  233    3
    3  233  257  258    3
    3  233  258  234    3
    3  234  258  259    3
    3  234  259  235    3
    3  235  259  260    3
    3  235  260  236    3
    3  236  260  261    3
    3  236  261  237    3
    3  237  261  262    3
    3  237  262  238    3
    3  238  262  263    3
    3  238  263  239    3
    3  239  263  264    3
    3  239  264  240    3
    3  240  264  241    3
    3  240  241  217    3
    3  264  265  241    3
    3  264  266  265    3
    3  263  266  264    3
    3  263  267  266    3
    3  262  267  263    3
    3  262  268  267    3
    3  261  268  262    3
    3  261  269  268    3
    3  260  269  261    3
    3  260  270  269    3
    3  259  270  260    3
    3  259  271  270    3
    3  258  271  259    3
    3  258  272  271    3
    3  257  272  258    3
    3  257  273  272    3
    3  256  273  257    3
    3  256  274  273    3
    3  255  274  256    3
    3  255  275  274    3
    3  254  275  255    3
    3  254  276  275    3
    3  253  276  254    3
    3  253  277  276    3
    3  252  277  253    3
    3  252  278  277    3
    3  251  278  252    3
    3  251  279  278    3
    3  250  279  251    3
    3  250  280  279    3
    3  249  280  250    3
    3  249  281  280    3
    3  248  281  249    3
    3  248  282  281    3
    3  247  282  248    3
    3  247  283  282    3
    3  246  283  247    3
    3  246  284  283    3
    3  245  284  246    3
    3  245  285  284    3
    3  244  285  245    3
    3  244  286  285    3
    3  243  286  244    3
    3  243  287  286    3
    3  242  287  243    3
    3  242  288  287    3
    3  241  288  242    3
    3  241  265  288    3
    3  289  279  290    1
    3  291  288  292    1
    3  293  294  295    3
    3  296  275  276    1
    3  297  298  299    1
    3  300  301  302    1
    3  303  304  305    3
    3  292  306  307    1
    3  308  309  310    4
    3  300  293  301    1
    3  311  312  313    3
    3  290  314  315    1
    3  316  317  318    1
    3  319  320  321    3
    3  317  322  308    1
    3  286  323  285    1
    3  286  287  320    1
    3  298  297  293    1
    3  324  325  273    1
    3  326  271  272    1
    3  327  328  301    1
    3  329  326  330    1
    3  300  331  304    1
    3  332  282  302    1
    3  272  325  326    1
    3  296  276  316    1
    3  296  333  275    1
    3  324  334  325    1
    3  335  329  336    1
    3  315  328  337    1
    3  338  339  303    3
    3  334  340  341    4
    3  279  289  278    1
    3  274  275  333    1
    3  322  278  289    1
    3  342  343  344    3
    3  332  301  328    1
    3  314  290  280    1
    3  345  338  346    3
    3  324  333  334    1
    3  277  316  276    1
    3  266  267  335    1
    3  288  291  287    1
    3  347  348  349    3
    3  316  322  317    1
    3  297  350  351    4
    3  327  301  293    1
    3  283  331  302    1
    3  352  353  354    4
    3  326  269  270    1
    3  332  302  301    1
    3  355  299  298    1
    3  312  356  357    3
    3  330  355  329    1
    3  336  306  335    1
    3  271  326  270    1
    3  358  359  360    4
    3  298  361  362    3
    3  283  302  282    1
    3  336  329  355    1
    3  326  363  330    1
    3  265  292  288    1
    3  300  364  365    3
    3  366  367  368    4
    3  333  318  334    1
    3  369  361  370    3
    3  327  293  297    1
    3  278  322  277    1
    3  320  291  356    3
    3  371  285  323    1
    3  363  325  334    1
    3  371  331  284    1
    3  364  339  349    3
    3  268  335  267    1
    3  372  363  373    4
    3  280  290  279    1
    3  266  306  265    1
    3  316  277  322    1
    3  328  315  314    1
    3  308  315  367    1
    3  355  330  372    1
    3  327  297  337    1
    3  280  281  314    1
    3  374  340  375    4
    3  296  316  318    1
    3  352  376  377    4
    3  355  307  336    1
    3  292  343  378    3
    3  326  325  363    1
    3  320  287  291    1
    3  345  319  379    3
    3  380  372  381    4
    3  358  366  382    4
    3  268  329  335    1
    3  273  274  324    1
    3  336  307  306    1
    3  265  306  292    1
    3  296  318  333    1
    3  383  374  384    4
    3  329  268  269    1
    3  385  373  386    4
    3  333  324  274    1
    3  283  284  331    1
    3  298  307  355    1
    3  299  353  387    4
    3  308  289  315    1
    3  273  325  272    1
    3  327  337  328    1
    3  388  376  389    4
    3  314  332  328    1
    3  281  282  332    1
    3  315  289  290    1
    3  363  372  330    1
    3  355  372  299    1
    3  285  371  284    1
    3  314  281  332    1
    3  269  326  329    1
    3  369  347  311    3
    3  266  335  306    1
    3  286  320  323    1
    3  308  322  289    1
    3  300  302  331    1
    3  343  390  313    3
    3  292  307  344    3
    3  298  348  370    3
    3  361  390  342    3
    3  343  342  390    3
    3  342  307  362    3
    3  347  369  348    3
    3  361  369  390    3
    3  369  311  390    3
    3  312  311  347    3
    3  311  313  390    3
    3  313  312  378    3
    3  298  362  307    3
    3  342  362  361    3
    3  342  344  307    3
    3  292  344  343    3
    3  369  370  348    3
    3  298  370  361    3
    3  292  378  312    3
    3  313  378  343    3
    3  334  318  375    4
    3  340  391  388    4
    3  318  317  384    4
    3  340  374  391    4
    3  352  385  389    4
    3  376  391  359    4
    3  376  388  391    4
    3  388  385  341    4
    3  359  391  383    4
    3  359  358  377    4
    3  374  383  391    4
    3  383  317  360    4
    3  374  375  318    4
    3  334  375  340    4
    3  334  341  385    4
    3  388  341  340    4
    3  388  389  385    4
    3  352  389  376    4
    3  352  377  358    4
    3  359  377  376    4
    3  358  360  317    4
    3  383  360  359    4
    3  383  384  317    4
    3  318  384  374    4
    3  367  358  309    4
    3  315  337  368    1
    3  353  352  350    4
    3  353  299  380    4
    3  372  380  299    4
    3  380  385  354    4
    3  350  352  392    4
    3  350  297  387    4
    3  366  337  392    4
    3  367  366  358    4
    3  363  334  386    4
    3  373  385  381    4
    3  392  337  351    4
    3  392  352  382    4
    3  380  381  385    4
    3  373  381  372    4
    3  358  317  310    4
    3  367  309  308    4
    3  385  386  334    4
    3  363  386  373    4
    3  366  368  337    4
    3  315  368  367    1
    3  299  387  297    4
    3  350  387  353    4
    3  352  354  385    4
    3  380  354  353    4
    3  358  382  352    4
    3  392  382  366    4
    3  297  351  337    4
    3  392  351  350    4
    3  308  310  317    4
    3  358  310  309    4
    3  312  347  379    3
    3  320  319  323    3
    3  371  323  346    3
    3  338  347  393    3
    3  364  300  394    3
    3  364  348  294    3
    3  319  345  323    3
    3  338  345  347    3
    3  348  298  295    3
    3  294  293  365    3
    3  304  339  394    3
    3  331  371  305    1
    3  364  349  348    3
    3  349  339  393    3
    3  338  393  339    3
    3  349  393  347    3
    3  338  303  371    3
    3  304  303  339    3
    3  356  312  321    3
    3  291  292  357    3
    3  364  394  339    3
    3  304  394  300    3
    3  319  321  312    3
    3  356  321  320    3
    3  293  295  298    3
    3  348  295  294    3
    3  312  357  292    3
    3  291  357  356    3
    3  345  346  323    3
    3  371  346  338    3
    3  303  305  371    3
    3  331  305  304    1
    3  345  379  347    3
    3  312  379  319    3
    3  300  365  293    3
    3  294  365  364    3
C Prescribed Values(Inlet, Outlet), InteractionSurface(Inlet, Outlet)
       1        0        0        2        2        2
C Inlet Pressure, FunID (E18.9,I5)
   1.000000000e+00    3
C Outlet Velocity
C     Vx,           Vy,            Vz,    indVx,indVy,indVz, FunID(3E18.9, 4I5)
   0.000000000e+00   1.000000000e+00   0.000000000e+00    1    0    0    4
C Inlet Velocity
C nNodeID,    Vx,           Vy,            Vz (I5, 3E18.9)
  265
    1   2.350000000e+00   2.200000000e+00   9.000000000e-01
    2   1.750000000e+00   2.100000000e+00   2.000000000e-01
    3   1.850000000e+00   2.100000000e+00   1.450000000e+00
    4   1.550000000e+00   2.100000000e+00   1.700000000e+00
    5   1.500000000e+00   2.100000000e+00   1.200000000e+00
    6   1.800000000e+00   2.100000000e+00   7.500000000e-01
    7   2.150000000e+00   2.100000000e+00   5.000000000e-01
    8   2.800000000e+00   2.100000000e+00   5.000000000e-01
    9   4.200000000e+00   2.100000000e+00   8.000000000e-01
   10   5.300000000e+00   2.100000000e+00   1.800000000e+00
   11   5.400000000e+00   2.100000000e+00   3.000000000e+00
   12   4.400000000e+00   2.100000000e+00   3.650000000e+00
   13   2.950000000e+00   2.100000000e+00   3.150000000e+00
   14   1.900000000e+00   2.100000000e+00   1.900000000e+00
   15   1.600000000e+00   2.100000000e+00   1.250000000e+00
   16   1.600000000e+00   2.100000000e+00   6.500000000e-01
   17   2.150000000e+00   2.100000000e+00  -2.500000000e-01
   18   2.950000000e+00   2.100000000e+00  -6.500000000e-01
   19   3.150000000e+00   2.100000000e+00  -2.500000000e-01
   20   2.350000000e+00   2.100000000e+00   4.000000000e-01
   21   1.400000000e+00   2.100000000e+00   5.500000000e-01
   22   9.500000000e-01   2.100000000e+00   3.000000000e-01
   23   9.000000000e-01   2.100000000e+00   0.000000000e+00
   24   9.500000000e-01   2.100000000e+00  -3.000000000e-01
   25   1.300000000e+00   2.100000000e+00  -4.500000000e-01
   26   1.300000000e+00   2.000000000e+00  -6.500000000e-01
   27   1.550000000e+00   2.000000000e+00   1.500000000e-01
   28   1.500000000e+00   2.000000000e+00   3.000000000e-01
   29   1.600000000e+00   2.000000000e+00   1.000000000e-01
   30   1.850000000e+00   2.000000000e+00  -5.000000000e-02
   31   2.150000000e+00   2.000000000e+00  -5.000000000e-02
   32   2.500000000e+00   2.000000000e+00   1.500000000e-01
   33   3.100000000e+00   2.000000000e+00   4.500000000e-01
   34   3.650000000e+00   2.000000000e+00   1.150000000e+00
   35   3.750000000e+00   2.000000000e+00   1.950000000e+00
   36   3.050000000e+00   2.000000000e+00   2.350000000e+00
   37   2.150000000e+00   2.000000000e+00   2.100000000e+00
   38   1.500000000e+00   2.000000000e+00   1.600000000e+00
   39   1.100000000e+00   2.000000000e+00   1.200000000e+00
   40   1.000000000e+00   2.000000000e+00   8.500000000e-01
   41   1.250000000e+00   2.000000000e+00   1.000000000e-01
   42   1.850000000e+00   2.000000000e+00  -5.000000000e-01
   43   2.300000000e+00   2.000000000e+00  -4.000000000e-01
   44   1.950000000e+00   2.000000000e+00  -5.000000000e-02
   45   1.450000000e+00   2.000000000e+00   1.500000000e-01
   46   1.100000000e+00   2.000000000e+00   5.000000000e-02
   47   9.500000000e-01   2.000000000e+00  -1.000000000e-01
   48   8.500000000e-01   2.000000000e+00  -4.500000000e-01
   49   9.500000000e-01   2.000000000e+00  -8.000000000e-01
   50   1.450000000e+00   1.850000000e+00  -5.000000000e-02
   51   1.600000000e+00   1.850000000e+00   6.500000000e-01
   52   1.550000000e+00   1.850000000e+00   4.500000000e-01
   53   1.850000000e+00   1.850000000e+00  -5.000000000e-02
   54   2.300000000e+00   1.850000000e+00  -2.500000000e-01
   55   2.700000000e+00   1.850000000e+00  -1.500000000e-01
   56   3.100000000e+00   1.850000000e+00   1.500000000e-01
   57   3.500000000e+00   1.850000000e+00   6.500000000e-01
   58   3.850000000e+00   1.850000000e+00   1.350000000e+00
   59   3.750000000e+00   1.850000000e+00   2.150000000e+00
   60   3.050000000e+00   1.850000000e+00   2.450000000e+00
   61   2.150000000e+00   1.850000000e+00   2.200000000e+00
   62   1.500000000e+00   1.850000000e+00   1.750000000e+00
   63   1.200000000e+00   1.850000000e+00   1.350000000e+00
   64   1.000000000e+00   1.850000000e+00   1.150000000e+00
   65   1.100000000e+00   1.850000000e+00   5.500000000e-01
   66   1.550000000e+00   1.850000000e+00   5.000000000e-02
   67   1.850000000e+00   1.850000000e+00  -5.000000000e-02
   68   1.650000000e+00   1.850000000e+00   2.000000000e-01
   69   1.450000000e+00   1.850000000e+00   2.500000000e-01
   70   1.300000000e+00   1.850000000e+00   2.500000000e-01
   71   1.250000000e+00   1.850000000e+00   1.500000000e-01
   72   1.150000000e+00   1.850000000e+00  -1.000000000e-01
   73   1.200000000e+00   1.850000000e+00  -4.000000000e-01
   74   2.050000000e+00   1.750000000e+00   8.500000000e-01
   75   1.950000000e+00   1.750000000e+00   1.500000000e+00
   76   1.950000000e+00   1.750000000e+00   4.000000000e-01
   77   2.700000000e+00   1.750000000e+00  -7.500000000e-01
   78   3.650000000e+00   1.750000000e+00  -1.150000000e+00
   79   4.350000000e+00   1.750000000e+00  -8.000000000e-01
   80   4.650000000e+00   1.750000000e+00  -5.000000000e-02
   81   4.700000000e+00   1.750000000e+00   7.000000000e-01
   82   4.400000000e+00   1.750000000e+00   1.450000000e+00
   83   3.900000000e+00   1.750000000e+00   2.050000000e+00
   84   3.150000000e+00   1.750000000e+00   2.300000000e+00
   85   2.250000000e+00   1.750000000e+00   1.900000000e+00
   86   1.700000000e+00   1.750000000e+00   1.400000000e+00
   87   1.500000000e+00   1.750000000e+00   9.000000000e-01
   88   1.350000000e+00   1.750000000e+00   9.500000000e-01
   89   1.350000000e+00   1.750000000e+00   6.000000000e-01
   90   1.600000000e+00   1.750000000e+00   2.500000000e-01
   91   1.850000000e+00   1.750000000e+00   1.500000000e-01
   92   1.800000000e+00   1.750000000e+00   2.500000000e-01
   93   1.800000000e+00   1.750000000e+00   2.500000000e-01
   94   1.750000000e+00   1.750000000e+00   2.500000000e-01
   95   1.750000000e+00   1.750000000e+00   2.000000000e-01
   96   1.700000000e+00   1.750000000e+00   1.000000000e-01
   97   1.800000000e+00   1.750000000e+00   1.000000000e-01
   98   2.650000000e+00   1.650000000e+00   1.350000000e+00
   99   2.350000000e+00   1.650000000e+00   1.850000000e+00
  100   2.450000000e+00   1.650000000e+00   1.500000000e-01
  101   3.550000000e+00   1.650000000e+00  -1.600000000e+00
  102   5.000000000e+00   1.650000000e+00  -2.100000000e+00
  103   5.950000000e+00   1.650000000e+00  -1.450000000e+00
  104   6.100000000e+00   1.650000000e+00  -3.500000000e-01
  105   5.650000000e+00   1.650000000e+00   7.000000000e-01
  106   4.650000000e+00   1.650000000e+00   1.350000000e+00
  107   3.800000000e+00   1.650000000e+00   1.700000000e+00
  108   3.200000000e+00   1.650000000e+00   1.950000000e+00
  109   2.550000000e+00   1.650000000e+00   1.750000000e+00
  110   2.100000000e+00   1.650000000e+00   1.400000000e+00
  111   1.850000000e+00   1.650000000e+00   1.150000000e+00
  112   1.650000000e+00   1.650000000e+00   1.150000000e+00
  113   1.650000000e+00   1.650000000e+00   7.500000000e-01
  114   2.050000000e+00   1.650000000e+00   1.000000000e-01
  115   2.450000000e+00   1.650000000e+00  -5.000000000e-02
  116   2.450000000e+00   1.650000000e+00   1.000000000e-01
  117   2.400000000e+00   1.650000000e+00   2.000000000e-01
  118   2.400000000e+00   1.650000000e+00   2.500000000e-01
  119   2.350000000e+00   1.650000000e+00   2.500000000e-01
  120   2.200000000e+00   1.650000000e+00   1.500000000e-01
  121   2.300000000e+00   1.650000000e+00   2.000000000e-01
  122   2.700000000e+00   1.500000000e+00   1.450000000e+00
  123   2.350000000e+00   1.500000000e+00   2.000000000e+00
  124   2.400000000e+00   1.500000000e+00   4.500000000e-01
  125   3.400000000e+00   1.500000000e+00  -1.200000000e+00
  126   4.800000000e+00   1.500000000e+00  -1.750000000e+00
  127   5.650000000e+00   1.500000000e+00  -1.200000000e+00
  128   5.850000000e+00   1.500000000e+00  -2.000000000e-01
  129   5.500000000e+00   1.500000000e+00   8.000000000e-01
  130   4.750000000e+00   1.500000000e+00   1.500000000e+00
  131   4.050000000e+00   1.500000000e+00   1.900000000e+00
  132   3.400000000e+00   1.500000000e+00   2.200000000e+00
  133   2.750000000e+00   1.500000000e+00   2.150000000e+00
  134   2.200000000e+00   1.500000000e+00   1.900000000e+00
  135   1.850000000e+00   1.500000000e+00   1.500000000e+00
  136   1.600000000e+00   1.500000000e+00   1.400000000e+00
  137   1.700000000e+00   1.500000000e+00   7.000000000e-01
  138   2.350000000e+00   1.500000000e+00  -5.000000000e-02
  139   2.950000000e+00   1.500000000e+00  -2.000000000e-01
  140   2.800000000e+00   1.500000000e+00   1.000000000e-01
  141   2.450000000e+00   1.500000000e+00   2.500000000e-01
  142   2.200000000e+00   1.500000000e+00   2.500000000e-01
  143   2.100000000e+00   1.500000000e+00   2.000000000e-01
  144   2.050000000e+00   1.500000000e+00   5.000000000e-02
  145   2.250000000e+00   1.500000000e+00   1.000000000e-01
  146   2.800000000e+00   1.200000000e+00   1.050000000e+00
  147   2.450000000e+00   1.200000000e+00   1.500000000e+00
  148   2.600000000e+00   1.200000000e+00  -4.500000000e-01
  149   4.000000000e+00   1.200000000e+00  -2.400000000e+00
  150   5.800000000e+00   1.200000000e+00  -3.100000000e+00
  151   6.900000000e+00   1.200000000e+00  -2.300000000e+00
  152   6.700000000e+00   1.200000000e+00  -8.500000000e-01
  153   5.650000000e+00   1.200000000e+00   2.500000000e-01
  154   4.150000000e+00   1.200000000e+00   7.500000000e-01
  155   3.150000000e+00   1.200000000e+00   8.000000000e-01
  156   2.850000000e+00   1.200000000e+00   1.000000000e+00
  157   2.600000000e+00   1.200000000e+00   1.250000000e+00
  158   2.250000000e+00   1.200000000e+00   1.250000000e+00
  159   1.900000000e+00   1.200000000e+00   1.050000000e+00
  160   1.700000000e+00   1.200000000e+00   8.500000000e-01
  161   1.900000000e+00   1.200000000e+00  -5.000000000e-02
  162   2.900000000e+00   1.200000000e+00  -1.050000000e+00
  163   3.650000000e+00   1.200000000e+00  -1.150000000e+00
  164   3.300000000e+00   1.200000000e+00  -6.000000000e-01
  165   2.250000000e+00   1.200000000e+00  -3.000000000e-01
  166   1.700000000e+00   1.200000000e+00  -4.500000000e-01
  167   1.600000000e+00   1.200000000e+00  -8.000000000e-01
  168   1.650000000e+00   1.200000000e+00  -1.050000000e+00
  169   2.200000000e+00   1.200000000e+00  -8.000000000e-01
  170   2.500000000e+00   9.000000000e-01   0.000000000e+00
  171   2.300000000e+00   9.000000000e-01   5.000000000e-01
  172   2.600000000e+00   9.000000000e-01  -1.000000000e+00
  173   3.800000000e+00   9.000000000e-01  -2.650000000e+00
  174   5.450000000e+00   9.000000000e-01  -3.150000000e+00
  175   6.400000000e+00   9.000000000e-01  -2.300000000e+00
  176   5.950000000e+00   9.000000000e-01  -9.500000000e-01
  177   4.550000000e+00   9.000000000e-01   5.000000000e-02
  178   2.950000000e+00   9.000000000e-01   3.000000000e-01
  179   1.900000000e+00   9.000000000e-01  -5.000000000e-02
  180   1.950000000e+00   9.000000000e-01   5.000000000e-02
  181   2.200000000e+00   9.000000000e-01   6.000000000e-01
  182   2.050000000e+00   9.000000000e-01   1.100000000e+00
  183   1.700000000e+00   9.000000000e-01   1.200000000e+00
  184   1.350000000e+00   9.000000000e-01   1.000000000e+00
  185   1.600000000e+00   9.000000000e-01  -1.000000000e-01
  186   2.800000000e+00   9.000000000e-01  -1.350000000e+00
  187   3.700000000e+00   9.000000000e-01  -1.500000000e+00
  188   3.400000000e+00   9.000000000e-01  -9.000000000e-01
  189   2.450000000e+00   9.000000000e-01  -5.500000000e-01
  190   2.000000000e+00   9.000000000e-01  -5.500000000e-01
  191   1.700000000e+00   9.000000000e-01  -8.000000000e-01
  192   1.650000000e+00   9.000000000e-01  -1.100000000e+00
  193   1.950000000e+00   9.000000000e-01  -1.100000000e+00
  194   2.550000000e+00   5.500000000e-01   5.000000000e-01
  195   2.400000000e+00   5.500000000e-01   0.000000000e+00
  196   2.750000000e+00   5.500000000e-01  -1.000000000e+00
  197   4.050000000e+00   5.500000000e-01  -2.500000000e+00
  198   5.800000000e+00   5.500000000e-01  -3.050000000e+00
  199   6.750000000e+00   5.500000000e-01  -2.250000000e+00
  200   6.200000000e+00   5.500000000e-01  -6.500000000e-01
  201   4.700000000e+00   5.500000000e-01   3.500000000e-01
  202   3.100000000e+00   5.500000000e-01   6.000000000e-01
  203   2.050000000e+00   5.500000000e-01   3.500000000e-01
  204   2.000000000e+00   5.500000000e-01   3.500000000e-01
  205   2.300000000e+00   5.500000000e-01   1.050000000e+00
  206   2.200000000e+00   5.500000000e-01   1.700000000e+00
  207   1.750000000e+00   5.500000000e-01   2.000000000e+00
  208   1.200000000e+00   5.500000000e-01   1.850000000e+00
  209   1.250000000e+00   5.500000000e-01   8.500000000e-01
  210   2.200000000e+00   5.500000000e-01  -5.500000000e-01
  211   3.050000000e+00   5.500000000e-01  -8.000000000e-01
  212   3.000000000e+00   5.500000000e-01  -5.000000000e-01
  213   2.700000000e+00   5.500000000e-01  -2.500000000e-01
  214   2.600000000e+00   5.500000000e-01  -1.000000000e-01
  215   2.250000000e+00   5.500000000e-01  -2.000000000e-01
  216   2.000000000e+00   5.500000000e-01  -5.000000000e-01
  217   2.050000000e+00   5.500000000e-01  -7.000000000e-01
  218   2.550000000e+00   2.500000000e-01   1.000000000e+00
  219   2.200000000e+00   2.500000000e-01   1.000000000e+00
  220   2.400000000e+00   2.500000000e-01   0.000000000e+00
  221   3.600000000e+00   2.500000000e-01  -2.000000000e+00
  222   5.200000000e+00   2.500000000e-01  -2.500000000e+00
  223   6.050000000e+00   2.500000000e-01  -1.500000000e+00
  224   5.400000000e+00   2.500000000e-01  -5.000000000e-01
  225   3.900000000e+00   2.500000000e-01   5.500000000e-01
  226   2.300000000e+00   2.500000000e-01   6.500000000e-01
  227   1.250000000e+00   2.500000000e-01   1.500000000e-01
  228   1.250000000e+00   2.500000000e-01  -5.000000000e-02
  229   1.700000000e+00   2.500000000e-01   4.500000000e-01
  230   1.800000000e+00   2.500000000e-01   1.000000000e+00
  231   1.550000000e+00   2.500000000e-01   1.250000000e+00
  232   1.250000000e+00   2.500000000e-01   1.200000000e+00
  233   1.200000000e+00   2.500000000e-01   7.500000000e-01
  234   1.800000000e+00   2.500000000e-01  -1.500000000e-01
  235   2.500000000e+00   2.500000000e-01  -5.000000000e-01
  236   2.800000000e+00   2.500000000e-01  -3.000000000e-01
  237   3.150000000e+00   2.500000000e-01  -1.000000000e-01
  238   3.150000000e+00   2.500000000e-01   3.000000000e-01
  239   2.800000000e+00   2.500000000e-01   4.000000000e-01
  240   2.350000000e+00   2.500000000e-01   2.500000000e-01
  241   2.200000000e+00   2.500000000e-01   1.000000000e-01
  242   2.550000000e+00  -5.000000000e-02   5.000000000e-01
  243   2.400000000e+00  -5.000000000e-02   5.000000000e-01
  244   2.700000000e+00  -5.000000000e-02  -1.000000000e+00
  245   3.750000000e+00  -5.000000000e-02  -2.000000000e+00
  246   5.150000000e+00  -5.000000000e-02  -2.500000000e+00
  247   5.900000000e+00  -5.000000000e-02  -2.000000000e+00
  248   5.300000000e+00  -5.000000000e-02  -5.000000000e-01
  249   3.850000000e+00  -5.000000000e-02   3.500000000e-01
  250   2.200000000e+00  -5.000000000e-02   3.500000000e-01
  251   1.150000000e+00  -5.000000000e-02  -2.000000000e-01
  252   1.300000000e+00  -5.000000000e-02  -3.000000000e-01
  253   2.050000000e+00  -5.000000000e-02   7.000000000e-01
  254   2.050000000e+00  -5.000000000e-02   1.500000000e+00
  255   1.700000000e+00  -5.000000000e-02   1.700000000e+00
  256   1.250000000e+00  -5.000000000e-02   1.500000000e+00
  257   1.200000000e+00  -5.000000000e-02   7.000000000e-01
  258   2.350000000e+00  -5.000000000e-02  -7.500000000e-01
  259   3.600000000e+00  -5.000000000e-02  -1.250000000e+00
  260   3.800000000e+00  -5.000000000e-02  -7.500000000e-01
  261   3.550000000e+00  -5.000000000e-02  -2.500000000e-01
  262   3.100000000e+00  -5.000000000e-02   0.000000000e+00
  263   2.550000000e+00  -5.000000000e-02   0.000000000e+00
  264   2.000000000e+00  -5.000000000e-02  -4.500000000e-01
  265   1.950000000e+00  -5.000000000e-02  -1.000000000e+00
C Region List
