C PointsNum,MaxElemVol,TetGenParams,nAtrib,IndMov,MDMaxVolume,MDomDiv,MDOnly,MDDivF,MDPrescP
  395    1.000000e+00 YYpznno2q1.414a     0     0    1.000000e+00     1     0     0     0     0     0 YYpznno2q1.414a
  -1.612148000e-01  -8.603570000e+00  -1.241810000e-01
   1.358771000e-01  -8.127820000e+00   8.219840000e-01
  -1.064590000e-01  -8.127820000e+00   9.010480000e-01
  -3.628280000e-01  -8.127820000e+00   8.722330000e-01
  -6.032570000e-01  -8.127820000e+00   7.772300000e-01
  -8.144580000e-01  -8.127820000e+00   6.248930000e-01
  -9.678340000e-01  -8.127820000e+00   4.154290000e-01
  -1.064789000e+00  -8.127820000e+00   1.760960000e-01
  -1.113068000e+00  -8.127820000e+00  -7.878800000e-02
  -1.104557000e+00  -8.127820000e+00  -3.437610000e-01
  -1.015087000e+00  -8.127820000e+00  -5.988680000e-01
  -8.505420000e-01  -8.127820000e+00  -8.137370000e-01
  -6.367010000e-01  -8.127820000e+00  -9.815250000e-01
  -3.901229000e-01  -8.127820000e+00  -1.098389000e+00
  -1.184480000e-01  -8.127820000e+00  -1.153834000e+00
   1.583440000e-01  -8.127820000e+00  -1.119361000e+00
   3.994660000e-01  -8.127820000e+00  -9.834930000e-01
   5.875370000e-01  -8.127820000e+00  -7.918660000e-01
   7.247250000e-01  -8.127820000e+00  -5.744650000e-01
   7.911810000e-01  -8.127820000e+00  -3.329040000e-01
   7.114040000e-01  -8.127820000e+00  -8.890200000e-02
   5.919050000e-01  -8.127820000e+00   1.002130000e-01
   4.871650000e-01  -8.127820000e+00   2.573840000e-01
   3.987470000e-01  -8.127820000e+00   4.210700000e-01
   2.986420000e-01  -8.127820000e+00   6.169680000e-01
   1.709166000e-01  -7.649070000e+00   1.162310000e+00
  -1.644520000e-01  -7.649070000e+00   1.252125000e+00
  -5.056990000e-01  -7.649070000e+00   1.185763000e+00
  -8.094050000e-01  -7.649070000e+00   1.030935000e+00
  -1.064928000e+00  -7.649070000e+00   8.146800000e-01
  -1.256520000e+00  -7.649070000e+00   5.453960000e-01
  -1.392600000e+00  -7.649070000e+00   2.456132000e-01
  -1.476030000e+00  -7.649070000e+00  -8.101500000e-02
  -1.488650000e+00  -7.649070000e+00  -4.328790000e-01
  -1.387598000e+00  -7.649070000e+00  -7.809010000e-01
  -1.168129000e+00  -7.649070000e+00  -1.073340000e+00
  -8.767920000e-01  -7.649070000e+00  -1.292840000e+00
  -5.420834000e-01  -7.649070000e+00  -1.438650000e+00
  -1.798710000e-01  -7.649070000e+00  -1.501470000e+00
   1.825210000e-01  -7.649070000e+00  -1.443909000e+00
   4.799010000e-01  -7.649070000e+00  -1.233371000e+00
   6.907500000e-01  -7.649070000e+00  -9.609380000e-01
   8.371340000e-01  -7.649070000e+00  -6.792580000e-01
   9.219860000e-01  -7.649070000e+00  -3.883868000e-01
   8.622410000e-01  -7.649070000e+00  -9.479700000e-02
   7.431710000e-01  -7.649070000e+00   1.513610000e-01
   6.256970000e-01  -7.649070000e+00   3.653930000e-01
   5.205450000e-01  -7.649070000e+00   5.967270000e-01
   3.929450000e-01  -7.649070000e+00   8.770340000e-01
   1.727290000e-01  -7.171310000e+00   1.462160000e+00
  -2.399520000e-01  -7.171310000e+00   1.561930000e+00
  -6.547170000e-01  -7.171310000e+00   1.467374000e+00
  -1.017431000e+00  -7.171310000e+00   1.267688000e+00
  -1.318160000e+00  -7.171310000e+00   1.000894000e+00
  -1.546030000e+00  -7.171310000e+00   6.780600000e-01
  -1.708430000e+00  -7.171310000e+00   3.195288000e-01
  -1.809910000e+00  -7.171310000e+00  -7.131900000e-02
  -1.830080000e+00  -7.171310000e+00  -4.935190000e-01
  -1.717860000e+00  -7.171310000e+00  -9.160640000e-01
  -1.452643000e+00  -7.171310000e+00  -1.269050000e+00
  -1.095412000e+00  -7.171310000e+00  -1.525200000e+00
  -6.902710000e-01  -7.171310000e+00  -1.685670000e+00
  -2.590850000e-01  -7.171310000e+00  -1.748310000e+00
   1.693810000e-01  -7.171310000e+00  -1.680105000e+00
   5.109140000e-01  -7.171310000e+00  -1.413656000e+00
   7.342660000e-01  -7.171310000e+00  -1.075266000e+00
   8.838670000e-01  -7.171310000e+00  -7.431500000e-01
   9.771260000e-01  -7.171310000e+00  -4.164712000e-01
   9.170710000e-01  -7.171310000e+00  -8.638300000e-02
   7.911910000e-01  -7.171310000e+00   1.931430000e-01
   6.680120000e-01  -7.171310000e+00   4.438120000e-01
   5.634670000e-01  -7.171310000e+00   7.243000000e-01
   4.323980000e-01  -7.171310000e+00   1.086800000e+00
   1.730940000e-01  -6.693560000e+00   1.734210000e+00
  -3.117960000e-01  -6.693560000e+00   1.833460000e+00
  -7.890470000e-01  -6.693560000e+00   1.704660000e+00
  -1.197810000e+00  -6.693560000e+00   1.459637000e+00
  -1.533090000e+00  -6.693560000e+00   1.147342000e+00
  -1.790580000e+00  -6.693560000e+00   7.815060000e-01
  -1.987380000e+00  -6.693560000e+00   3.787276000e-01
  -2.126640000e+00  -6.693560000e+00  -6.684700000e-02
  -2.176630000e+00  -6.693560000e+00  -5.622860000e-01
  -2.064090000e+00  -6.693560000e+00  -1.068460000e+00
  -1.748030000e+00  -6.693560000e+00  -1.485750000e+00
  -1.310791000e+00  -6.693560000e+00  -1.765720000e+00
  -8.289060000e-01  -6.693560000e+00  -1.920640000e+00
  -3.344300000e-01  -6.693560000e+00  -1.968400000e+00
   1.501550000e-01  -6.693560000e+00  -1.886250000e+00
   5.318320000e-01  -6.693560000e+00  -1.577010000e+00
   7.694680000e-01  -6.693560000e+00  -1.182584000e+00
   9.240970000e-01  -6.693560000e+00  -8.066180000e-01
   1.027992000e+00  -6.693560000e+00  -4.472724000e-01
   9.745360000e-01  -6.693560000e+00  -8.434300000e-02
   8.468740000e-01  -6.693560000e+00   2.298790000e-01
   7.196160000e-01  -6.693560000e+00   5.172490000e-01
   6.126960000e-01  -6.693560000e+00   8.487100000e-01
   4.739540000e-01  -6.693560000e+00   1.285800000e+00
   1.707950000e-01  -6.214800000e+00   1.912060000e+00
  -3.625600000e-01  -6.214800000e+00   2.006910000e+00
  -8.844370000e-01  -6.214800000e+00   1.873890000e+00
  -1.337770000e+00  -6.214800000e+00   1.614361000e+00
  -1.712770000e+00  -6.214800000e+00   1.276382000e+00
  -2.000940000e+00  -6.214800000e+00   8.748580000e-01
  -2.225730000e+00  -6.214800000e+00   4.308001000e-01
  -2.389890000e+00  -6.214800000e+00  -6.454700000e-02
  -2.455990000e+00  -6.214800000e+00  -6.212160000e-01
  -2.335810000e+00  -6.214800000e+00  -1.193810000e+00
  -1.975990000e+00  -6.214800000e+00  -1.660390000e+00
  -1.472682000e+00  -6.214800000e+00  -1.954810000e+00
  -9.302050000e-01  -6.214800000e+00  -2.103370000e+00
  -3.859680000e-01  -6.214800000e+00  -2.137200000e+00
   1.405170000e-01  -6.214800000e+00  -2.044170000e+00
   5.535360000e-01  -6.214800000e+00  -1.704940000e+00
   8.050970000e-01  -6.214800000e+00  -1.269854000e+00
   9.675120000e-01  -6.214800000e+00  -8.618530000e-01
   1.084068000e+00  -6.214800000e+00  -4.761999000e-01
   1.055909000e+00  -6.214800000e+00  -8.499400000e-02
   9.396970000e-01  -6.214800000e+00   2.673950000e-01
   8.054360000e-01  -6.214800000e+00   5.964410000e-01
   6.853280000e-01  -6.214800000e+00   9.712800000e-01
   5.198210000e-01  -6.214800000e+00   1.452470000e+00
   1.831610000e-01  -5.737050000e+00   2.130360000e+00
  -4.012700000e-01  -5.737050000e+00   2.234020000e+00
  -9.731100000e-01  -5.737050000e+00   2.087090000e+00
  -1.468750000e+00  -5.737050000e+00   1.801486000e+00
  -1.879280000e+00  -5.737050000e+00   1.432312000e+00
  -2.193130000e+00  -5.737050000e+00   9.911110000e-01
  -2.428210000e+00  -5.737050000e+00   5.025741000e-01
  -2.589890000e+00  -5.737050000e+00  -3.722000000e-02
  -2.645590000e+00  -5.737050000e+00  -6.333500000e-01
  -2.512430000e+00  -5.737050000e+00  -1.245020000e+00
  -2.130250000e+00  -5.737050000e+00  -1.745450000e+00
  -1.589796000e+00  -5.737050000e+00  -2.059080000e+00
  -1.007839000e+00  -5.737050000e+00  -2.214270000e+00
  -4.275400000e-01  -5.737050000e+00  -2.244720000e+00
   1.346600000e-01  -5.737050000e+00  -2.145900000e+00
   5.747640000e-01  -5.737050000e+00  -1.787030000e+00
   8.415960000e-01  -5.737050000e+00  -1.319870000e+00
   1.012610000e+00  -5.737050000e+00  -8.841370000e-01
   1.134743000e+00  -5.737050000e+00  -4.744259000e-01
   1.109371000e+00  -5.737050000e+00  -5.867300000e-02
   9.957440000e-01  -5.737050000e+00   3.196150000e-01
   8.604040000e-01  -5.737050000e+00   6.768170000e-01
   7.384280000e-01  -5.737050000e+00   1.090310000e+00
   5.637446000e-01  -5.737050000e+00   1.622250000e+00
   1.873960000e-01  -4.796630000e+00   2.423170000e+00
  -4.554260000e-01  -4.796630000e+00   2.545810000e+00
  -1.099000000e+00  -4.796630000e+00   2.422470000e+00
  -1.683710000e+00  -4.796630000e+00   2.151270000e+00
  -2.184240000e+00  -4.796630000e+00   1.755446000e+00
  -2.558890000e+00  -4.796630000e+00   1.243322000e+00
  -2.792560000e+00  -4.796630000e+00   6.581583000e-01
  -2.902340000e+00  -4.796630000e+00   3.514500000e-02
  -2.882450000e+00  -4.796630000e+00  -6.097300000e-01
  -2.693690000e+00  -4.796630000e+00  -1.244930000e+00
  -2.291530000e+00  -4.796630000e+00  -1.778320000e+00
  -1.720278000e+00  -4.796630000e+00  -2.114530000e+00
  -1.100604000e+00  -4.796630000e+00  -2.275040000e+00
  -4.835888000e-01  -4.796630000e+00  -2.306430000e+00
   1.135400000e-01  -4.796630000e+00  -2.209680000e+00
   5.898500000e-01  -4.796630000e+00  -1.839296000e+00
   8.816460000e-01  -4.796630000e+00  -1.346510000e+00
   1.074760000e+00  -4.796630000e+00  -8.826590000e-01
   1.209281000e+00  -4.796630000e+00  -4.388417000e-01
   1.201008000e+00  -4.796630000e+00   1.204400000e-02
   1.101447000e+00  -4.796630000e+00   4.336880000e-01
   9.652810000e-01  -4.796630000e+00   8.400430000e-01
   8.299780000e-01  -4.796630000e+00   1.308170000e+00
   6.236162900e-01  -4.796630000e+00   1.891440000e+00
   1.758470000e-01  -3.856210000e+00   2.627100000e+00
  -5.029590000e-01  -3.856210000e+00   2.749100000e+00
  -1.188980000e+00  -3.856210000e+00   2.656090000e+00
  -1.828220000e+00  -3.856210000e+00   2.396630000e+00
  -2.388990000e+00  -3.856210000e+00   1.986959000e+00
  -2.805310000e+00  -3.856210000e+00   1.433271000e+00
  -3.023540000e+00  -3.856210000e+00   7.815661000e-01
  -3.075270000e+00  -3.856210000e+00   1.097740000e-01
  -2.984900000e+00  -3.856210000e+00  -5.514400000e-01
  -2.754050000e+00  -3.856210000e+00  -1.179330000e+00
  -2.354520000e+00  -3.856210000e+00  -1.720850000e+00
  -1.787200000e+00  -3.856210000e+00  -2.075790000e+00
  -1.161153000e+00  -3.856210000e+00  -2.252030000e+00
  -5.316358000e-01  -3.856210000e+00  -2.290100000e+00
   8.136200000e-02  -3.856210000e+00  -2.195070000e+00
   5.643120000e-01  -3.856210000e+00  -1.804900000e+00
   8.427290000e-01  -3.856210000e+00  -1.281666000e+00
   1.026327000e+00  -3.856210000e+00  -8.089530000e-01
   1.167983000e+00  -3.856210000e+00  -3.674339000e-01
   1.201012000e+00  -3.856210000e+00   8.462400000e-02
   1.129208000e+00  -3.856210000e+00   5.266060000e-01
   1.001937000e+00  -3.856210000e+00   9.616600000e-01
   8.691460000e-01  -3.856210000e+00   1.466350000e+00
   6.477498000e-01  -3.856210000e+00   2.087890000e+00
   1.644030000e-01  -2.916800000e+00   2.825380000e+00
  -5.570400000e-01  -2.916800000e+00   2.964140000e+00
  -1.294120000e+00  -2.916800000e+00   2.883500000e+00
  -2.001750000e+00  -2.916800000e+00   2.635610000e+00
  -2.635220000e+00  -2.916800000e+00   2.222050000e+00
  -3.105390000e+00  -2.916800000e+00   1.617489000e+00
  -3.328530000e+00  -2.916800000e+00   8.864598000e-01
  -3.343860000e+00  -2.916800000e+00   1.478740000e-01
  -3.205750000e+00  -2.916800000e+00  -5.576500000e-01
  -2.934310000e+00  -2.916800000e+00  -1.213250000e+00
  -2.508030000e+00  -2.916800000e+00  -1.781020000e+00
  -1.907910000e+00  -2.916800000e+00  -2.149590000e+00
  -1.246597000e+00  -2.916800000e+00  -2.324180000e+00
  -5.879577000e-01  -2.916800000e+00  -2.356940000e+00
   5.297200000e-02  -2.916800000e+00  -2.260580000e+00
   5.734200000e-01  -2.916800000e+00  -1.881560000e+00
   8.820360000e-01  -2.916800000e+00  -1.340692000e+00
   1.087928000e+00  -2.916800000e+00  -8.400050000e-01
   1.236816000e+00  -2.916800000e+00  -3.645402000e-01
   1.258447000e+00  -2.916800000e+00   1.211120000e-01
   1.169271000e+00  -2.916800000e+00   5.890300000e-01
   1.038332000e+00  -2.916800000e+00   1.050390000e+00
   9.017340000e-01  -2.916800000e+00   1.590720000e+00
   6.685627000e-01  -2.916800000e+00   2.256660000e+00
   1.076740000e-01  -1.976380000e+00   2.951200000e+00
  -6.502400000e-01  -1.976380000e+00   3.099590000e+00
  -1.432650000e+00  -1.976380000e+00   3.045840000e+00
  -2.198030000e+00  -1.976380000e+00   2.808580000e+00
  -2.894820000e+00  -1.976380000e+00   2.369100000e+00
  -3.402740000e+00  -1.976380000e+00   1.724914000e+00
  -3.627190000e+00  -1.976380000e+00   9.338790000e-01
  -3.624510000e+00  -1.976380000e+00   1.365710000e-01
  -3.459080000e+00  -1.976380000e+00  -6.108800000e-01
  -3.159990000e+00  -1.976380000e+00  -1.300780000e+00
  -2.707350000e+00  -1.976380000e+00  -1.900770000e+00
  -2.083730000e+00  -1.976380000e+00  -2.300960000e+00
  -1.385326000e+00  -1.976380000e+00  -2.499930000e+00
  -6.834214000e-01  -1.976380000e+00  -2.544160000e+00
   3.818000000e-03  -1.976380000e+00  -2.446220000e+00
   5.639560000e-01  -1.976380000e+00  -2.041400000e+00
   8.758180000e-01  -1.976380000e+00  -1.442149000e+00
   1.068702000e+00  -1.976380000e+00  -8.965870000e-01
   1.207085000e+00  -1.976380000e+00  -3.941210000e-01
   1.191493000e+00  -1.976380000e+00   1.094430000e-01
   1.076508000e+00  -1.976380000e+00   5.770710000e-01
   9.567980000e-01  -1.976380000e+00   1.045003000e+00
   8.431820000e-01  -1.976380000e+00   1.613410000e+00
   6.335200000e-01  -1.976380000e+00   2.343870000e+00
  -8.790000000e-03  -1.035960000e+00   2.941430000e+00
  -7.685300000e-01  -1.035960000e+00   3.087250000e+00
  -1.556820000e+00  -1.035960000e+00   3.040690000e+00
  -2.338170000e+00  -1.035960000e+00   2.822630000e+00
  -3.054020000e+00  -1.035960000e+00   2.396420000e+00
  -3.573340000e+00  -1.035960000e+00   1.732011000e+00
  -3.834630000e+00  -1.035960000e+00   9.332550000e-01
  -3.886860000e+00  -1.035960000e+00   1.175820000e-01
  -3.764810000e+00  -1.035960000e+00  -6.815900000e-01
  -3.474140000e+00  -1.035960000e+00  -1.434100000e+00
  -2.984750000e+00  -1.035960000e+00  -2.073330000e+00
  -2.262720000e+00  -1.035960000e+00  -2.425720000e+00
  -1.504790000e+00  -1.035960000e+00  -2.525320000e+00
  -8.011575000e-01  -1.035960000e+00  -2.483430000e+00
  -1.424030000e-01  -1.035960000e+00  -2.357230000e+00
   4.367660000e-01  -1.035960000e+00  -2.046300000e+00
   7.889660000e-01  -1.035960000e+00  -1.494344000e+00
   9.942030000e-01  -1.035960000e+00  -9.419380000e-01
   1.115835000e+00  -1.035960000e+00  -4.217450000e-01
   9.875370000e-01  -1.035960000e+00   9.004100000e-02
   8.243420000e-01  -1.035960000e+00   5.217110000e-01
   7.364740000e-01  -1.035960000e+00   9.675190000e-01
   6.734980000e-01  -1.035960000e+00   1.542540000e+00
   5.232020000e-01  -1.035960000e+00   2.337830000e+00
  -1.336040000e-01  -3.545410000e-01   2.962920000e+00
   4.241790000e-01  -3.545410000e-01   2.387500000e+00
   5.161060000e-01  -3.545410000e-01   1.513330000e+00
   5.227300000e-01  -3.545410000e-01   9.150400000e-01
   5.673140000e-01  -3.545410000e-01   4.828270000e-01
   7.286230000e-01  -3.545410000e-01   8.357900000e-02
   9.669060000e-01  -3.545410000e-01  -4.252940000e-01
   8.632870000e-01  -3.545410000e-01  -9.512310000e-01
   6.621980000e-01  -3.545410000e-01  -1.508210000e+00
   2.802500000e-01  -3.545410000e-01  -2.014150000e+00
  -3.018090000e-01  -3.545410000e-01  -2.270640000e+00
  -9.348674000e-01  -3.545410000e-01  -2.438830000e+00
  -1.646604000e+00  -3.545410000e-01  -2.558930000e+00
  -2.468150000e+00  -3.545410000e-01  -2.554170000e+00
  -3.285530000e+00  -3.545410000e-01  -2.242460000e+00
  -3.822070000e+00  -3.545410000e-01  -1.559760000e+00
  -4.089710000e+00  -3.545410000e-01  -7.393500000e-01
  -4.160550000e+00  -3.545410000e-01   1.108050000e-01
  -4.052280000e+00  -3.545410000e-01   9.507060000e-01
  -3.754580000e+00  -3.545410000e-01   1.751634000e+00
  -3.226310000e+00  -3.545410000e-01   2.428010000e+00
  -2.496820000e+00  -3.545410000e-01   2.857920000e+00
  -1.702320000e+00  -3.545410000e-01   3.076490000e+00
  -9.034100000e-01  -3.545410000e-01   3.113470000e+00
  -2.724010000e+00  -3.873410000e-01  -1.910860000e+00
  -3.258700000e+00  -3.836410000e-01  -1.590080000e+00
  -1.476620000e+00  -3.813410000e-01   2.736280000e+00
  -9.948800000e-01  -3.956410000e-01   2.410420000e+00
  -2.418380000e+00  -4.307410000e-01   5.876180000e-01
  -2.355130000e+00  -4.279410000e-01   9.321075000e-01
  -1.979400000e+00  -4.318410000e-01   9.073108000e-01
  -8.184957000e-01  -3.823410000e-01  -2.052020000e+00
  -1.997390000e+00  -4.367410000e-01   8.344000000e-02
  -1.602660000e+00  -4.347410000e-01   8.805140000e-01
  -1.276120000e+00  -4.356410000e-01   8.053100000e-02
  -2.922880000e+00  -4.150410000e-01   9.303400000e-01
  -3.028460000e+00  -4.169410000e-01   2.655950000e-01
  -3.547710000e+00  -3.929410000e-01   5.890870000e-01
  -2.898280000e+00  -3.998410000e-01   1.688005000e+00
  -3.083140000e+00  -4.008410000e-01   1.380366000e+00
  -3.042800000e+00  -3.955410000e-01   1.640249000e+00
  -2.294840000e-01  -3.897410000e-01   2.089377000e+00
  -8.888630000e-01  -4.181410000e-01   1.545407000e+00
  -2.264850000e+00  -4.067410000e-01  -1.602360000e+00
  -2.153510000e+00  -4.152410000e-01  -1.358610000e+00
  -1.921948000e+00  -4.126410000e-01  -1.496960000e+00
  -1.998600000e+00  -4.160410000e-01   1.807501000e+00
  -1.818120000e+00  -4.011410000e-01   2.304297000e+00
  -1.732030000e+00  -4.106410000e-01   2.045365000e+00
  -3.471570000e+00  -3.909410000e-01  -9.441400000e-01
  -2.769030000e+00  -4.102410000e-01  -1.178380000e+00
  -1.371793000e+00  -3.874410000e-01  -2.077190000e+00
  -1.690384000e+00  -4.095410000e-01  -1.631820000e+00
  -1.030830000e+00  -4.047410000e-01  -1.665460000e+00
  -2.150260000e+00  -3.955410000e-01   2.331328000e+00
  -1.984830000e+00  -3.804410000e-01   2.667950000e+00
  -1.900630000e+00  -3.908410000e-01   2.501120000e+00
  -2.047533000e+00  -3.879410000e-01  -2.080310000e+00
  -2.474300000e+00  -3.876410000e-01   2.358359000e+00
   6.540900000e-02  -3.821410000e-01  -1.556070000e+00
   2.205000000e-01  -3.877410000e-01  -1.021596000e+00
   3.785690000e-01  -3.848410000e-01  -1.886500000e-01
  -2.574640000e+00  -4.289410000e-01   5.240000000e-04
  -2.996940000e+00  -4.160410000e-01  -4.233200000e-01
   6.573410000e-02  -3.936410000e-01   6.709250000e-01
  -2.455170000e-01  -4.125410000e-01   1.138570000e-01
  -3.364190000e+00  -3.909410000e-01   1.294854900e+00
  -3.585480000e+00  -3.934410000e-01  -1.710110000e-01
  -3.859150000e-01  -3.860410000e-01  -1.831360000e+00
  -5.263240000e-01  -4.092410000e-01  -1.218290000e+00
   1.869210000e-01  -3.810410000e-01   1.446704000e+00
  -2.922530000e-01  -4.058410000e-01   1.300561000e+00
  -2.358730000e+00  -4.289410000e-01  -5.334780000e-01
  -2.675810000e+00  -4.010410000e-01   1.879350000e+00
  -2.794090000e+00  -4.089410000e-01   1.465877000e+00
  -9.268150000e-01  -4.173410000e-01  -1.166340000e+00
  -9.482650000e-01  -4.230410000e-01  -8.743790000e-01
  -1.271050000e+00  -4.197410000e-01   1.655920000e+00
  -1.315160000e+00  -4.096410000e-01   2.068426000e+00
  -1.102260000e+00  -4.142410000e-01   1.821916000e+00
  -2.408730000e+00  -3.990410000e-01   2.123463000e+00
  -2.574060000e+00  -3.945410000e-01   2.123855000e+00
  -2.341150000e+00  -4.098410000e-01   1.858567000e+00
  -2.294890000e+00  -4.244410000e-01   1.275597000e+00
  -2.547490000e+00  -4.175410000e-01   1.375737000e+00
  -1.836850000e+00  -4.357410000e-01  -2.303470000e-01
  -2.099290000e+00  -4.329410000e-01  -3.804130000e-01
  -1.672300000e+00  -4.336410000e-01  -5.381340000e-01
  -1.474210000e+00  -4.354410000e-01  -2.333020000e-01
  -1.223463000e+00  -4.322410000e-01  -4.020090000e-01
  -6.862880000e-01  -4.245410000e-01   6.687197000e-01
  -1.638220000e+00  -3.919410000e-01   2.525290000e+00
  -1.318650000e+00  -3.940410000e-01   2.467850000e+00
  -2.032180000e+00  -4.227410000e-01  -1.119160000e+00
  -1.680241000e+00  -4.236410000e-01  -1.121380000e+00
  -1.688813000e+00  -4.170410000e-01  -1.379750000e+00
  -1.622350000e+00  -4.279410000e-01   1.322974000e+00
  -1.255510000e+00  -4.237410000e-01   1.439191000e+00
  -2.948590000e-01  -4.127410000e-01  -5.047780000e-01
  -2.612380000e+00  -4.208410000e-01   1.097968780e+00
  -2.514380000e+00  -4.260410000e-01   8.472930000e-01
  -2.198450000e+00  -4.263410000e-01  -8.318200000e-01
  -2.407600000e+00  -4.176410000e-01  -1.145270000e+00
  -2.383160000e+00  -4.236410000e-01  -8.423700000e-01
  -1.972470000e+00  -4.235410000e-01   1.506015000e+00
  -1.959620000e+00  -4.270410000e-01   1.299286000e+00
  -3.003470000e+00  -3.898410000e-01   1.890132000e+00
  -6.986610000e-01  -4.260410000e-01  -4.521000000e-02
  -6.282870000e-01  -4.215410000e-01  -5.351970000e-01
  -1.177567000e+00  -4.139410000e-01  -1.416930000e+00
  -9.783220000e-01  -4.112410000e-01  -1.425850000e+00
  -1.502302000e+00  -4.287410000e-01  -8.468600000e-01
  -1.767740000e+00  -4.263410000e-01  -9.785100000e-01
  -1.566540000e+00  -4.055410000e-01   2.201361000e+00
  -2.244210000e+00  -4.029410000e-01   2.099948000e+00
  -1.125418000e+00  -4.324410000e-01  -2.500930000e-01
  -8.316880000e-01  -4.275410000e-01  -3.104630000e-01
  -1.935880000e+00  -4.305410000e-01  -6.834800000e-01
  -1.515845000e+00  -4.168410000e-01  -1.383760000e+00
  -1.437976000e+00  -4.124410000e-01  -1.520390000e+00
  -9.697160000e-01  -4.281410000e-01  -5.687170000e-01
  -5.778060000e-01  -4.155410000e-01  -8.798020000e-01
  -1.736800000e+00  -4.364410000e-01  -7.443100000e-02
  -1.149510000e+00  -4.259410000e-01  -8.586560000e-01
  -1.236009000e+00  -4.289410000e-01  -7.077910000e-01
  -1.652040000e+00  -4.194410000e-01   1.746434000e+00
  -1.328305000e+00  -4.223410000e-01  -1.136290000e+00
  -2.017510000e+00  -4.320410000e-01  -5.333060000e-01
  -2.568620000e+00  -4.100410000e-01   1.667222000e+00
  -2.858980000e+00  -4.123410000e-01   1.198108900e+00
C Number of facets
  786
C  Size  Node 1  ......Node N Marker
    3    0    1    2    3
    3    0    2    3    3
    3    0    3    4    3
    3    0    4    5    3
    3    0    5    6    3
    3    0    6    7    3
    3    0    7    8    3
    3    0    8    9    3
    3    0    9   10    3
    3    0   10   11    3
    3    0   11   12    3
    3    0   12   13    3
    3    0   13   14    3
    3    0   14   15    3
    3    0   15   16    3
    3    0   16   17    3
    3    0   17   18    3
    3    0   18   19    3
    3    0   19   20    3
    3    0   20   21    3
    3    0   21   22    3
    3    0   22   23    3
    3    0   23   24    3
    3    0   24    1    3
    3    1   25   26    3
    3    1   26    2    3
    3    2   26   27    3
    3    2   27    3    3
    3    3   27   28    3
    3    3   28    4    3
    3    4   28   29    3
    3    4   29    5    3
    3    5   29   30    3
    3    5   30    6    3
    3    6   30   31    3
    3    6   31    7    3
    3    7   31   32    3
    3    7   32    8    3
    3    8   32   33    3
    3    8   33    9    3
    3    9   33   34    3
    3    9   34   10    3
    3   10   34   35    3
    3   10   35   11    3
    3   11   35   36    3
    3   11   36   12    3
    3   12   36   37    3
    3   12   37   13    3
    3   13   37   38    3
    3   13   38   14    3
    3   14   38   39    3
    3   14   39   15    3
    3   15   39   40    3
    3   15   40   16    3
    3   16   40   41    3
    3   16   41   17    3
    3   17   41   42    3
    3   17   42   18    3
    3   18   42   43    3
    3   18   43   19    3
    3   19   43   44    3
    3   19   44   20    3
    3   20   44   45    3
    3   20   45   21    3
    3   21   45   46    3
    3   21   46   22    3
    3   22   46   47    3
    3   22   47   23    3
    3   23   47   48    3
    3   23   48   24    3
    3   24   48   25    3
    3   24   25    1    3
    3   25   49   50    3
    3   25   50   26    3
    3   26   50   51    3
    3   26   51   27    3
    3   27   51   52    3
    3   27   52   28    3
    3   28   52   53    3
    3   28   53   29    3
    3   29   53   54    3
    3   29   54   30    3
    3   30   54   55    3
    3   30   55   31    3
    3   31   55   56    3
    3   31   56   32    3
    3   32   56   57    3
    3   32   57   33    3
    3   33   57   58    3
    3   33   58   34    3
    3   34   58   59    3
    3   34   59   35    3
    3   35   59   60    3
    3   35   60   36    3
    3   36   60   61    3
    3   36   61   37    3
    3   37   61   62    3
    3   37   62   38    3
    3   38   62   63    3
    3   38   63   39    3
    3   39   63   64    3
    3   39   64   40    3
    3   40   64   65    3
    3   40   65   41    3
    3   41   65   66    3
    3   41   66   42    3
    3   42   66   67    3
    3   42   67   43    3
    3   43   67   68    3
    3   43   68   44    3
    3   44   68   69    3
    3   44   69   45    3
    3   45   69   70    3
    3   45   70   46    3
    3   46   70   71    3
    3   46   71   47    3
    3   47   71   72    3
    3   47   72   48    3
    3   48   72   49    3
    3   48   49   25    3
    3   49   73   74    3
    3   49   74   50    3
    3   50   74   75    3
    3   50   75   51    3
    3   51   75   76    3
    3   51   76   52    3
    3   52   76   77    3
    3   52   77   53    3
    3   53   77   78    3
    3   53   78   54    3
    3   54   78   79    3
    3   54   79   55    3
    3   55   79   80    3
    3   55   80   56    3
    3   56   80   81    3
    3   56   81   57    3
    3   57   81   82    3
    3   57   82   58    3
    3   58   82   83    3
    3   58   83   59    3
    3   59   83   84    3
    3   59   84   60    3
    3   60   84   85    3
    3   60   85   61    3
    3   61   85   86    3
    3   61   86   62    3
    3   62   86   87    3
    3   62   87   63    3
    3   63   87   88    3
    3   63   88   64    3
    3   64   88   89    3
    3   64   89   65    3
    3   65   89   90    3
    3   65   90   66    3
    3   66   90   91    3
    3   66   91   67    3
    3   67   91   92    3
    3   67   92   68    3
    3   68   92   93    3
    3   68   93   69    3
    3   69   93   94    3
    3   69   94   70    3
    3   70   94   95    3
    3   70   95   71    3
    3   71   95   96    3
    3   71   96   72    3
    3   72   96   73    3
    3   72   73   49    3
    3   73   97   98    3
    3   73   98   74    3
    3   74   98   99    3
    3   74   99   75    3
    3   75   99  100    3
    3   75  100   76    3
    3   76  100  101    3
    3   76  101   77    3
    3   77  101  102    3
    3   77  102   78    3
    3   78  102  103    3
    3   78  103   79    3
    3   79  103  104    3
    3   79  104   80    3
    3   80  104  105    3
    3   80  105   81    3
    3   81  105  106    3
    3   81  106   82    3
    3   82  106  107    3
    3   82  107   83    3
    3   83  107  108    3
    3   83  108   84    3
    3   84  108  109    3
    3   84  109   85    3
    3   85  109  110    3
    3   85  110   86    3
    3   86  110  111    3
    3   86  111   87    3
    3   87  111  112    3
    3   87  112   88    3
    3   88  112  113    3
    3   88  113   89    3
    3   89  113  114    3
    3   89  114   90    3
    3   90  114  115    3
    3   90  115   91    3
    3   91  115  116    3
    3   91  116   92    3
    3   92  116  117    3
    3   92  117   93    3
    3   93  117  118    3
    3   93  118   94    3
    3   94  118  119    3
    3   94  119   95    3
    3   95  119  120    3
    3   95  120   96    3
    3   96  120   97    3
    3   96   97   73    3
    3   97  121  122    3
    3   97  122   98    3
    3   98  122  123    3
    3   98  123   99    3
    3   99  123  124    3
    3   99  124  100    3
    3  100  124  125    3
    3  100  125  101    3
    3  101  125  126    3
    3  101  126  102    3
    3  102  126  127    3
    3  102  127  103    3
    3  103  127  128    3
    3  103  128  104    3
    3  104  128  129    3
    3  104  129  105    3
    3  105  129  130    3
    3  105  130  106    3
    3  106  130  131    3
    3  106  131  107    3
    3  107  131  132    3
    3  107  132  108    3
    3  108  132  133    3
    3  108  133  109    3
    3  109  133  134    3
    3  109  134  110    3
    3  110  134  135    3
    3  110  135  111    3
    3  111  135  136    3
    3  111  136  112    3
    3  112  136  137    3
    3  112  137  113    3
    3  113  137  138    3
    3  113  138  114    3
    3  114  138  139    3
    3  114  139  115    3
    3  115  139  140    3
    3  115  140  116    3
    3  116  140  141    3
    3  116  141  117    3
    3  117  141  142    3
    3  117  142  118    3
    3  118  142  143    3
    3  118  143  119    3
    3  119  143  144    3
    3  119  144  120    3
    3  120  144  121    3
    3  120  121   97    3
    3  121  145  146    3
    3  121  146  122    3
    3  122  146  147    3
    3  122  147  123    3
    3  123  147  148    3
    3  123  148  124    3
    3  124  148  149    3
    3  124  149  125    3
    3  125  149  150    3
    3  125  150  126    3
    3  126  150  151    3
    3  126  151  127    3
    3  127  151  152    3
    3  127  152  128    3
    3  128  152  153    3
    3  128  153  129    3
    3  129  153  154    3
    3  129  154  130    3
    3  130  154  155    3
    3  130  155  131    3
    3  131  155  156    3
    3  131  156  132    3
    3  132  156  157    3
    3  132  157  133    3
    3  133  157  158    3
    3  133  158  134    3
    3  134  158  159    3
    3  134  159  135    3
    3  135  159  160    3
    3  135  160  136    3
    3  136  160  161    3
    3  136  161  137    3
    3  137  161  162    3
    3  137  162  138    3
    3  138  162  163    3
    3  138  163  139    3
    3  139  163  164    3
    3  139  164  140    3
    3  140  164  165    3
    3  140  165  141    3
    3  141  165  166    3
    3  141  166  142    3
    3  142  166  167    3
    3  142  167  143    3
    3  143  167  168    3
    3  143  168  144    3
    3  144  168  145    3
    3  144  145  121    3
    3  145  169  170    3
    3  145  170  146    3
    3  146  170  171    3
    3  146  171  147    3
    3  147  171  172    3
    3  147  172  148    3
    3  148  172  173    3
    3  148  173  149    3
    3  149  173  174    3
    3  149  174  150    3
    3  150  174  175    3
    3  150  175  151    3
    3  151  175  176    3
    3  151  176  152    3
    3  152  176  177    3
    3  152  177  153    3
    3  153  177  178    3
    3  153  178  154    3
    3  154  178  179    3
    3  154  179  155    3
    3  155  179  180    3
    3  155  180  156    3
    3  156  180  181    3
    3  156  181  157    3
    3  157  181  182    3
    3  157  182  158    3
    3  158  182  183    3
    3  158  183  159    3
    3  159  183  184    3
    3  159  184  160    3
    3  160  184  185    3
    3  160  185  161    3
    3  161  185  186    3
    3  161  186  162    3
    3  162  186  187    3
    3  162  187  163    3
    3  163  187  188    3
    3  163  188  164    3
    3  164  188  189    3
    3  164  189  165    3
    3  165  189  190    3
    3  165  190  166    3
    3  166  190  191    3
    3  166  191  167    3
    3  167  191  192    3
    3  167  192  168    3
    3  168  192  169    3
    3  168  169  145    3
    3  169  193  194    3
    3  169  194  170    3
    3  170  194  195    3
    3  170  195  171    3
    3  171  195  196    3
    3  171  196  172    3
    3  172  196  197    3
    3  172  197  173    3
    3  173  197  198    3
    3  173  198  174    3
    3  174  198  199    3
    3  174  199  175    3
    3  175  199  200    3
    3  175  200  176    3
    3  176  200  201    3
    3  176  201  177    3
    3  177  201  202    3
    3  177  202  178    3
    3  178  202  203    3
    3  178  203  179    3
    3  179  203  204    3
    3  179  204  180    3
    3  180  204  205    3
    3  180  205  181    3
    3  181  205  206    3
    3  181  206  182    3
    3  182  206  207    3
    3  182  207  183    3
    3  183  207  208    3
    3  183  208  184    3
    3  184  208  209    3
    3  184  209  185    3
    3  185  209  210    3
    3  185  210  186    3
    3  186  210  211    3
    3  186  211  187    3
    3  187  211  212    3
    3  187  212  188    3
    3  188  212  213    3
    3  188  213  189    3
    3  189  213  214    3
    3  189  214  190    3
    3  190  214  215    3
    3  190  215  191    3
    3  191  215  216    3
    3  191  216  192    3
    3  192  216  193    3
    3  192  193  169    3
    3  193  217  218    3
    3  193  218  194    3
    3  194  218  219    3
    3  194  219  195    3
    3  195  219  220    3
    3  195  220  196    3
    3  196  220  221    3
    3  196  221  197    3
    3  197  221  222    3
    3  197  222  198    3
    3  198  222  223    3
    3  198  223  199    3
    3  199  223  224    3
    3  199  224  200    3
    3  200  224  225    3
    3  200  225  201    3
    3  201  225  226    3
    3  201  226  202    3
    3  202  226  227    3
    3  202  227  203    3
    3  203  227  228    3
    3  203  228  204    3
    3  204  228  229    3
    3  204  229  205    3
    3  205  229  230    3
    3  205  230  206    3
    3  206  230  231    3
    3  206  231  207    3
    3  207  231  232    3
    3  207  232  208    3
    3  208  232  233    3
    3  208  233  209    3
    3  209  233  234    3
    3  209  234  210    3
    3  210  234  235    3
    3  210  235  211    3
    3  211  235  236    3
    3  211  236  212    3
    3  212  236  237    3
    3  212  237  213    3
    3  213  237  238    3
    3  213  238  214    3
    3  214  238  239    3
    3  214  239  215    3
    3  215  239  240    3
    3  215  240  216    3
    3  216  240  217    3
    3  216  217  193    3
    3  217  241  242    3
    3  217  242  218    3
    3  218  242  243    3
    3  218  243  219    3
    3  219  243  244    3
    3  219  244  220    3
    3  220  244  245    3
    3  220  245  221    3
    3  221  245  246    3
    3  221  246  222    3
    3  222  246  247    3
    3  222  247  223    3
    3  223  247  248    3
    3  223  248  224    3
    3  224  248  249    3
    3  224  249  225    3
    3  225  249  250    3
    3  225  250  226    3
    3  226  250  251    3
    3  226  251  227    3
    3  227  251  252    3
    3  227  252  228    3
    3  228  252  253    3
    3  228  253  229    3
    3  229  253  254    3
    3  229  254  230    3
    3  230  254  255    3
    3  230  255  231    3
    3  231  255  256    3
    3  231  256  232    3
    3  232  256  257    3
    3  232  257  233    3
    3  233  257  258    3
    3  233  258  234    3
    3  234  258  259    3
    3  234  259  235    3
    3  235  259  260    3
    3  235  260  236    3
    3  236  260  261    3
    3  236  261  237    3
    3  237  261  262    3
    3  237  262  238    3
    3  238  262  263    3
    3  238  263  239    3
    3  239  263  264    3
    3  239  264  240    3
    3  240  264  241    3
    3  240  241  217    3
    3  264  265  241    3
    3  264  266  265    3
    3  263  266  264    3
    3  263  267  266    3
    3  262  267  263    3
    3  262  268  267    3
    3  261  268  262    3
    3  261  269  268    3
    3  260  269  261    3
    3  260  270  269    3
    3  259  270  260    3
    3  259  271  270    3
    3  258  271  259    3
    3  258  272  271    3
    3  257  272  258    3
    3  257  273  272    3
    3  256  273  257    3
    3  256  274  273    3
    3  255  274  256    3
    3  255  275  274    3
    3  254  275  255    3
    3  254  276  275    3
    3  253  276  254    3
    3  253  277  276    3
    3  252  277  253    3
    3  252  278  277    3
    3  251  278  252    3
    3  251  279  278    3
    3  250  279  251    3
    3  250  280  279    3
    3  249  280  250    3
    3  249  281  280    3
    3  248  281  249    3
    3  248  282  281    3
    3  247  282  248    3
    3  247  283  282    3
    3  246  283  247    3
    3  246  284  283    3
    3  245  284  246    3
    3  245  285  284    3
    3  244  285  245    3
    3  244  286  285    3
    3  243  286  244    3
    3  243  287  286    3
    3  242  287  243    3
    3  242  288  287    3
    3  241  288  242    3
    3  241  265  288    3
    3  289  279  290    1
    3  291  288  292    1
    3  293  294  295    3
    3  296  275  276    1
    3  297  298  299    1
    3  300  301  302    1
    3  303  304  305    3
    3  292  306  307    1
    3  308  309  310    4
    3  300  293  301    1
    3  311  312  313    3
    3  290  314  315    1
    3  316  317  318    1
    3  319  320  321    3
    3  317  322  308    1
    3  286  323  285    1
    3  286  287  320    1
    3  298  297  293    1
    3  324  325  273    1
    3  326  271  272    1
    3  327  328  301    1
    3  329  326  330    1
    3  300  331  304    1
    3  332  282  302    1
    3  272  325  326    1
    3  296  276  316    1
    3  296  333  275    1
    3  324  334  325    1
    3  335  329  336    1
    3  315  328  337    1
    3  338  339  303    3
    3  334  340  341    4
    3  279  289  278    1
    3  274  275  333    1
    3  322  278  289    1
    3  342  343  344    3
    3  332  301  328    1
    3  314  290  280    1
    3  345  338  346    3
    3  324  333  334    1
    3  277  316  276    1
    3  266  267  335    1
    3  288  291  287    1
    3  347  348  349    3
    3  316  322  317    1
    3  297  350  351    4
    3  327  301  293    1
    3  283  331  302    1
    3  352  353  354    4
    3  326  269  270    1
    3  332  302  301    1
    3  355  299  298    1
    3  312  356  357    3
    3  330  355  329    1
    3  336  306  335    1
    3  271  326  270    1
    3  358  359  360    4
    3  298  361  362    3
    3  283  302  282    1
    3  336  329  355    1
    3  326  363  330    1
    3  265  292  288    1
    3  300  364  365    3
    3  366  367  368    4
    3  333  318  334    1
    3  369  361  370    3
    3  327  293  297    1
    3  278  322  277    1
    3  320  291  356    3
    3  371  285  323    1
    3  363  325  334    1
    3  371  331  284    1
    3  364  339  349    3
    3  268  335  267    1
    3  372  363  373    4
    3  280  290  279    1
    3  266  306  265    1
    3  316  277  322    1
    3  328  315  314    1
    3  308  315  367    1
    3  355  330  372    1
    3  327  297  337    1
    3  280  281  314    1
    3  374  340  375    4
    3  296  316  318    1
    3  352  376  377    4
    3  355  307  336    1
    3  292  343  378    3
    3  326  325  363    1
    3  320  287  291    1
    3  345  319  379    3
    3  380  372  381    4
    3  358  366  382    4
    3  268  329  335    1
    3  273  274  324    1
    3  336  307  306    1
    3  265  306  292    1
    3  296  318  333    1
    3  383  374  384    4
    3  329  268  269    1
    3  385  373  386    4
    3  333  324  274    1
    3  283  284  331    1
    3  298  307  355    1
    3  299  353  387    4
    3  308  289  315    1
    3  273  325  272    1
    3  327  337  328    1
    3  388  376  389    4
    3  314  332  328    1
    3  281  282  332    1
    3  315  289  290    1
    3  363  372  330    1
    3  355  372  299    1
    3  285  371  284    1
    3  314  281  332    1
    3  269  326  329    1
    3  369  347  311    3
    3  266  335  306    1
    3  286  320  323    1
    3  308  322  289    1
    3  300  302  331    1
    3  343  390  313    3
    3  292  307  344    3
    3  298  348  370    3
    3  361  390  342    3
    3  343  342  390    3
    3  342  307  362    3
    3  347  369  348    3
    3  361  369  390    3
    3  369  311  390    3
    3  312  311  347    3
    3  311  313  390    3
    3  313  312  378    3
    3  298  362  307    3
    3  342  362  361    3
    3  342  344  307    3
    3  292  344  343    3
    3  369  370  348    3
    3  298  370  361    3
    3  292  378  312    3
    3  313  378  343    3
    3  334  318  375    4
    3  340  391  388    4
    3  318  317  384    4
    3  340  374  391    4
    3  352  385  389    4
    3  376  391  359    4
    3  376  388  391    4
    3  388  385  341    4
    3  359  391  383    4
    3  359  358  377    4
    3  374  383  391    4
    3  383  317  360    4
    3  374  375  318    4
    3  334  375  340    4
    3  334  341  385    4
    3  388  341  340    4
    3  388  389  385    4
    3  352  389  376    4
    3  352  377  358    4
    3  359  377  376    4
    3  358  360  317    4
    3  383  360  359    4
    3  383  384  317    4
    3  318  384  374    4
    3  367  358  309    4
    3  315  337  368    1
    3  353  352  350    4
    3  353  299  380    4
    3  372  380  299    4
    3  380  385  354    4
    3  350  352  392    4
    3  350  297  387    4
    3  366  337  392    4
    3  367  366  358    4
    3  363  334  386    4
    3  373  385  381    4
    3  392  337  351    4
    3  392  352  382    4
    3  380  381  385    4
    3  373  381  372    4
    3  358  317  310    4
    3  367  309  308    4
    3  385  386  334    4
    3  363  386  373    4
    3  366  368  337    4
    3  315  368  367    1
    3  299  387  297    4
    3  350  387  353    4
    3  352  354  385    4
    3  380  354  353    4
    3  358  382  352    4
    3  392  382  366    4
    3  297  351  337    4
    3  392  351  350    4
    3  308  310  317    4
    3  358  310  309    4
    3  312  347  379    3
    3  320  319  323    3
    3  371  323  346    3
    3  338  347  393    3
    3  364  300  394    3
    3  364  348  294    3
    3  319  345  323    3
    3  338  345  347    3
    3  348  298  295    3
    3  294  293  365    3
    3  304  339  394    3
    3  331  371  305    1
    3  364  349  348    3
    3  349  339  393    3
    3  338  393  339    3
    3  349  393  347    3
    3  338  303  371    3
    3  304  303  339    3
    3  356  312  321    3
    3  291  292  357    3
    3  364  394  339    3
    3  304  394  300    3
    3  319  321  312    3
    3  356  321  320    3
    3  293  295  298    3
    3  348  295  294    3
    3  312  357  292    3
    3  291  357  356    3
    3  345  346  323    3
    3  371  346  338    3
    3  303  305  371    3
    3  331  305  304    1
    3  345  379  347    3
    3  312  379  319    3
    3  300  365  293    3
    3  294  365  364    3
C Prescribed Values(Inlet, Outlet), InteractionSurface(Inlet, Outlet)
       3        1        0        2        2        2
C Inlet Velocity
C     Vx,           Vy,            Vz,    indVx,indVy,indVz, FunID (3E18.9, 4I5)
   0.000000000e+00   1.000000000e+00   0.000000000e+00    1    0    1    4
C Inlet Pressure, FunID (E18.9,I5)
   1.000000000e+00    3
C Outlet Pressure (E18.9,I5)
   1.000000000e+00    2
C Inlet Velocity
C nNodeID,    Vx,           Vy,            Vz (I5, 3E18.9)
  265
    1  -1.200000000e+00  -2.000000000e+00   1.300000000e+00
    2  -1.100000000e+00  -1.000000000e+00   2.000000000e-01
    3  -1.000000000e+00  -1.000000000e+00  -1.000000000e-01
    4  -8.000000000e-01  -1.000000000e+00   4.000000000e-01
    5  -1.200000000e+00  -1.000000000e+00   1.200000000e+00
    6  -1.800000000e+00  -1.000000000e+00   1.700000000e+00
    7  -2.100000000e+00  -1.000000000e+00   1.500000000e+00
    8  -1.800000000e+00  -1.000000000e+00   1.000000000e+00
    9  -9.000000000e-01  -1.000000000e+00   7.000000000e-01
   10  -1.000000000e-01  -1.000000000e+00   9.000000000e-01
   11   1.000000000e-01  -1.000000000e+00   1.300000000e+00
   12   0.000000000e+00  -1.000000000e+00   1.400000000e+00
   13  -3.000000000e-01  -1.000000000e+00   1.700000000e+00
   14  -5.000000000e-01  -1.000000000e+00   1.800000000e+00
   15  -7.000000000e-01  -1.000000000e+00   1.900000000e+00
   16  -1.000000000e+00  -1.000000000e+00   1.800000000e+00
   17  -1.500000000e+00  -1.000000000e+00   2.200000000e+00
   18  -2.400000000e+00  -1.000000000e+00   2.400000000e+00
   19  -3.000000000e+00  -1.000000000e+00   2.200000000e+00
   20  -3.100000000e+00  -1.000000000e+00   1.600000000e+00
   21  -2.100000000e+00  -1.000000000e+00   9.000000000e-01
   22  -1.300000000e+00  -1.000000000e+00   8.000000000e-01
   23  -8.000000000e-01  -1.000000000e+00   9.000000000e-01
   24  -7.000000000e-01  -1.000000000e+00   1.100000000e+00
   25  -9.000000000e-01  -1.000000000e+00   1.000000000e+00
   26  -1.100000000e+00  -1.300000000e+00   7.000000000e-01
   27  -1.000000000e+00  -1.300000000e+00   4.000000000e-01
   28  -9.000000000e-01  -1.300000000e+00   9.000000000e-01
   29  -1.400000000e+00  -1.300000000e+00   1.600000000e+00
   30  -2.000000000e+00  -1.300000000e+00   1.900000000e+00
   31  -2.300000000e+00  -1.300000000e+00   1.700000000e+00
   32  -1.900000000e+00  -1.300000000e+00   1.200000000e+00
   33  -1.000000000e+00  -1.300000000e+00   9.000000000e-01
   34  -1.000000000e-01  -1.300000000e+00   1.000000000e+00
   35   2.000000000e-01  -1.300000000e+00   1.400000000e+00
   36   1.000000000e-01  -1.300000000e+00   1.700000000e+00
   37  -1.000000000e-01  -1.300000000e+00   2.000000000e+00
   38  -4.000000000e-01  -1.300000000e+00   2.300000000e+00
   39  -7.000000000e-01  -1.300000000e+00   2.400000000e+00
   40  -1.000000000e+00  -1.300000000e+00   2.300000000e+00
   41  -1.500000000e+00  -1.300000000e+00   2.500000000e+00
   42  -2.200000000e+00  -1.300000000e+00   2.500000000e+00
   43  -2.700000000e+00  -1.300000000e+00   2.300000000e+00
   44  -2.900000000e+00  -1.300000000e+00   1.700000000e+00
   45  -2.200000000e+00  -1.300000000e+00   1.100000000e+00
   46  -1.400000000e+00  -1.300000000e+00   9.000000000e-01
   47  -1.000000000e+00  -1.300000000e+00   1.100000000e+00
   48  -7.000000000e-01  -1.300000000e+00   1.200000000e+00
   49  -8.000000000e-01  -1.300000000e+00   1.300000000e+00
   50  -1.000000000e+00  -1.400000000e+00   8.000000000e-01
   51  -9.000000000e-01  -1.400000000e+00   4.000000000e-01
   52  -8.000000000e-01  -1.400000000e+00   1.000000000e+00
   53  -1.200000000e+00  -1.400000000e+00   1.900000000e+00
   54  -1.900000000e+00  -1.400000000e+00   2.300000000e+00
   55  -2.300000000e+00  -1.400000000e+00   2.100000000e+00
   56  -2.000000000e+00  -1.400000000e+00   1.600000000e+00
   57  -1.100000000e+00  -1.400000000e+00   1.200000000e+00
   58  -2.000000000e-01  -1.400000000e+00   1.300000000e+00
   59   2.000000000e-01  -1.400000000e+00   1.700000000e+00
   60   1.000000000e-01  -1.400000000e+00   1.900000000e+00
   61   1.000000000e-01  -1.400000000e+00   2.400000000e+00
   62  -1.000000000e-01  -1.400000000e+00   2.900000000e+00
   63  -6.000000000e-01  -1.400000000e+00   3.300000000e+00
   64  -1.100000000e+00  -1.400000000e+00   3.300000000e+00
   65  -1.800000000e+00  -1.400000000e+00   3.300000000e+00
   66  -2.500000000e+00  -1.400000000e+00   3.300000000e+00
   67  -3.000000000e+00  -1.400000000e+00   2.800000000e+00
   68  -3.000000000e+00  -1.400000000e+00   2.100000000e+00
   69  -1.700000000e+00  -1.400000000e+00   1.500000000e+00
   70  -3.000000000e-01  -1.400000000e+00   1.600000000e+00
   71   1.000000000e-01  -1.400000000e+00   1.900000000e+00
   72   1.000000000e-01  -1.400000000e+00   2.400000000e+00
   73  -5.000000000e-01  -1.400000000e+00   2.100000000e+00
   74  -9.000000000e-01  -1.300000000e+00   4.000000000e-01
   75  -7.000000000e-01  -1.300000000e+00  -1.000000000e-01
   76  -5.000000000e-01  -1.300000000e+00   6.000000000e-01
   77  -8.000000000e-01  -1.300000000e+00   1.500000000e+00
   78  -1.300000000e+00  -1.300000000e+00   2.000000000e+00
   79  -1.700000000e+00  -1.300000000e+00   1.900000000e+00
   80  -1.400000000e+00  -1.300000000e+00   1.600000000e+00
   81  -8.000000000e-01  -1.300000000e+00   1.300000000e+00
   82   0.000000000e+00  -1.300000000e+00   1.400000000e+00
   83   4.000000000e-01  -1.300000000e+00   1.700000000e+00
   84   3.000000000e-01  -1.300000000e+00   2.000000000e+00
   85   4.000000000e-01  -1.300000000e+00   2.700000000e+00
   86   3.000000000e-01  -1.300000000e+00   3.400000000e+00
   87  -3.000000000e-01  -1.300000000e+00   4.100000000e+00
   88  -1.000000000e+00  -1.300000000e+00   4.100000000e+00
   89  -1.800000000e+00  -1.300000000e+00   4.000000000e+00
   90  -2.500000000e+00  -1.300000000e+00   3.700000000e+00
   91  -3.000000000e+00  -1.300000000e+00   3.000000000e+00
   92  -3.000000000e+00  -1.300000000e+00   2.200000000e+00
   93  -1.300000000e+00  -1.300000000e+00   1.600000000e+00
   94   5.000000000e-01  -1.300000000e+00   1.800000000e+00
   95   8.000000000e-01  -1.300000000e+00   2.400000000e+00
   96   6.000000000e-01  -1.300000000e+00   2.700000000e+00
   97  -3.000000000e-01  -1.300000000e+00   2.200000000e+00
   98  -9.000000000e-01  -1.200000000e+00   4.000000000e-01
   99  -6.000000000e-01  -1.200000000e+00  -1.000000000e-01
  100  -4.000000000e-01  -1.200000000e+00   5.000000000e-01
  101  -5.000000000e-01  -1.200000000e+00   1.300000000e+00
  102  -9.000000000e-01  -1.200000000e+00   1.800000000e+00
  103  -1.200000000e+00  -1.200000000e+00   1.700000000e+00
  104  -9.000000000e-01  -1.200000000e+00   1.400000000e+00
  105  -3.000000000e-01  -1.200000000e+00   1.200000000e+00
  106   4.000000000e-01  -1.200000000e+00   1.400000000e+00
  107   7.000000000e-01  -1.200000000e+00   1.800000000e+00
  108   6.000000000e-01  -1.200000000e+00   2.200000000e+00
  109   6.000000000e-01  -1.200000000e+00   2.800000000e+00
  110   4.000000000e-01  -1.200000000e+00   3.600000000e+00
  111  -2.000000000e-01  -1.200000000e+00   4.300000000e+00
  112  -1.000000000e+00  -1.200000000e+00   4.400000000e+00
  113  -1.700000000e+00  -1.200000000e+00   4.000000000e+00
  114  -2.300000000e+00  -1.200000000e+00   3.600000000e+00
  115  -2.700000000e+00  -1.200000000e+00   3.000000000e+00
  116  -2.700000000e+00  -1.200000000e+00   2.200000000e+00
  117  -1.200000000e+00  -1.200000000e+00   1.600000000e+00
  118   2.000000000e-01  -1.200000000e+00   1.800000000e+00
  119   7.000000000e-01  -1.200000000e+00   2.200000000e+00
  120   4.000000000e-01  -1.200000000e+00   2.500000000e+00
  121  -3.000000000e-01  -1.200000000e+00   1.800000000e+00
  122  -1.200000000e+00  -1.100000000e+00  -7.000000000e-01
  123  -7.000000000e-01  -1.100000000e+00  -1.000000000e+00
  124  -4.000000000e-01  -1.100000000e+00  -1.000000000e-01
  125  -7.000000000e-01  -1.100000000e+00   1.200000000e+00
  126  -1.400000000e+00  -1.100000000e+00   1.800000000e+00
  127  -1.900000000e+00  -1.100000000e+00   1.700000000e+00
  128  -1.500000000e+00  -1.100000000e+00   1.200000000e+00
  129  -7.000000000e-01  -1.100000000e+00   1.000000000e+00
  130   3.000000000e-01  -1.100000000e+00   1.100000000e+00
  131   9.000000000e-01  -1.100000000e+00   1.700000000e+00
  132   7.000000000e-01  -1.100000000e+00   2.000000000e+00
  133   6.000000000e-01  -1.100000000e+00   2.600000000e+00
  134   4.000000000e-01  -1.100000000e+00   3.400000000e+00
  135  -2.000000000e-01  -1.100000000e+00   3.900000000e+00
  136  -1.000000000e+00  -1.100000000e+00   3.900000000e+00
  137  -1.600000000e+00  -1.100000000e+00   3.600000000e+00
  138  -2.300000000e+00  -1.100000000e+00   3.300000000e+00
  139  -2.700000000e+00  -1.100000000e+00   2.700000000e+00
  140  -2.600000000e+00  -1.100000000e+00   1.900000000e+00
  141  -1.200000000e+00  -1.100000000e+00   1.400000000e+00
  142   1.000000000e-01  -1.100000000e+00   1.500000000e+00
  143   4.000000000e-01  -1.100000000e+00   1.900000000e+00
  144   1.000000000e-01  -1.100000000e+00   2.000000000e+00
  145  -7.000000000e-01  -1.100000000e+00   1.300000000e+00
  146  -1.200000000e+00  -1.000000000e+00  -2.000000000e-01
  147  -1.000000000e+00  -1.000000000e+00  -1.000000000e+00
  148  -7.000000000e-01  -1.000000000e+00   0.000000000e+00
  149  -7.000000000e-01  -1.000000000e+00   6.000000000e-01
  150  -1.100000000e+00  -1.000000000e+00   1.000000000e+00
  151  -1.300000000e+00  -1.000000000e+00   1.100000000e+00
  152  -1.200000000e+00  -1.000000000e+00   9.000000000e-01
  153  -8.000000000e-01  -1.000000000e+00   8.000000000e-01
  154  -3.000000000e-01  -1.000000000e+00   8.000000000e-01
  155   0.000000000e+00  -1.000000000e+00   1.100000000e+00
  156  -1.000000000e-01  -1.000000000e+00   1.200000000e+00
  157   0.000000000e+00  -1.000000000e+00   1.700000000e+00
  158  -1.000000000e-01  -1.000000000e+00   2.200000000e+00
  159  -5.000000000e-01  -1.000000000e+00   2.800000000e+00
  160  -1.000000000e+00  -1.000000000e+00   2.900000000e+00
  161  -1.800000000e+00  -1.000000000e+00   3.200000000e+00
  162  -2.800000000e+00  -1.000000000e+00   3.400000000e+00
  163  -3.600000000e+00  -1.000000000e+00   2.900000000e+00
  164  -3.400000000e+00  -1.000000000e+00   1.900000000e+00
  165  -1.600000000e+00  -1.000000000e+00   1.200000000e+00
  166   0.000000000e+00  -1.000000000e+00   1.300000000e+00
  167   2.000000000e-01  -1.000000000e+00   1.700000000e+00
  168   0.000000000e+00  -1.000000000e+00   1.900000000e+00
  169  -8.000000000e-01  -1.000000000e+00   1.400000000e+00
  170  -1.200000000e+00  -1.000000000e+00   1.100000000e+00
  171  -1.200000000e+00  -1.000000000e+00   1.000000000e+00
  172  -1.100000000e+00  -1.000000000e+00   1.000000000e+00
  173  -1.300000000e+00  -1.000000000e+00   1.000000000e+00
  174  -1.600000000e+00  -1.000000000e+00   1.000000000e+00
  175  -1.800000000e+00  -1.000000000e+00   1.400000000e+00
  176  -1.600000000e+00  -1.000000000e+00   1.100000000e+00
  177  -9.000000000e-01  -1.000000000e+00   9.000000000e-01
  178  -4.000000000e-01  -1.000000000e+00   1.100000000e+00
  179   0.000000000e+00  -1.000000000e+00   1.500000000e+00
  180  -2.000000000e-01  -1.000000000e+00   1.600000000e+00
  181  -4.000000000e-01  -1.000000000e+00   1.800000000e+00
  182  -5.000000000e-01  -1.000000000e+00   2.000000000e+00
  183  -7.000000000e-01  -1.000000000e+00   2.300000000e+00
  184  -1.000000000e+00  -1.000000000e+00   2.400000000e+00
  185  -1.700000000e+00  -1.000000000e+00   3.000000000e+00
  186  -3.000000000e+00  -1.000000000e+00   3.500000000e+00
  187  -3.800000000e+00  -1.000000000e+00   3.000000000e+00
  188  -3.600000000e+00  -1.000000000e+00   2.100000000e+00
  189  -2.000000000e+00  -1.000000000e+00   1.400000000e+00
  190  -8.000000000e-01  -1.000000000e+00   1.400000000e+00
  191  -4.000000000e-01  -1.000000000e+00   1.600000000e+00
  192  -4.000000000e-01  -1.000000000e+00   2.000000000e+00
  193  -7.000000000e-01  -1.000000000e+00   2.100000000e+00
  194  -1.600000000e+00  -8.000000000e-01   1.000000000e+00
  195  -1.600000000e+00  -8.000000000e-01   1.000000000e+00
  196  -1.500000000e+00  -8.000000000e-01   1.000000000e+00
  197  -1.400000000e+00  -8.000000000e-01   1.000000000e+00
  198  -1.600000000e+00  -8.000000000e-01   1.000000000e+00
  199  -1.700000000e+00  -8.000000000e-01   1.000000000e+00
  200  -1.500000000e+00  -8.000000000e-01   1.000000000e+00
  201  -1.300000000e+00  -8.000000000e-01   9.000000000e-01
  202  -1.100000000e+00  -8.000000000e-01   1.000000000e+00
  203  -9.000000000e-01  -8.000000000e-01   1.100000000e+00
  204  -1.000000000e+00  -8.000000000e-01   1.100000000e+00
  205  -9.000000000e-01  -8.000000000e-01   1.300000000e+00
  206  -9.000000000e-01  -8.000000000e-01   1.800000000e+00
  207  -1.000000000e+00  -8.000000000e-01   2.500000000e+00
  208  -1.500000000e+00  -8.000000000e-01   2.900000000e+00
  209  -2.200000000e+00  -8.000000000e-01   3.300000000e+00
  210  -3.800000000e+00  -8.000000000e-01   4.000000000e+00
  211  -4.900000000e+00  -8.000000000e-01   3.500000000e+00
  212  -4.700000000e+00  -8.000000000e-01   2.300000000e+00
  213  -2.600000000e+00  -8.000000000e-01   1.500000000e+00
  214  -1.300000000e+00  -8.000000000e-01   1.400000000e+00
  215  -8.000000000e-01  -8.000000000e-01   1.700000000e+00
  216  -7.000000000e-01  -8.000000000e-01   2.200000000e+00
  217  -9.000000000e-01  -8.000000000e-01   2.200000000e+00
  218  -1.600000000e+00  -7.000000000e-01   0.000000000e+00
  219  -1.500000000e+00  -7.000000000e-01   0.000000000e+00
  220  -1.200000000e+00  -7.000000000e-01   0.000000000e+00
  221  -1.100000000e+00  -7.000000000e-01   0.000000000e+00
  222  -1.100000000e+00  -7.000000000e-01   1.000000000e+00
  223  -1.200000000e+00  -7.000000000e-01   0.000000000e+00
  224  -1.100000000e+00  -7.000000000e-01   1.000000000e+00
  225  -9.000000000e-01  -7.000000000e-01   1.100000000e+00
  226  -7.000000000e-01  -7.000000000e-01   1.100000000e+00
  227  -7.000000000e-01  -7.000000000e-01   1.300000000e+00
  228  -1.000000000e+00  -7.000000000e-01   1.300000000e+00
  229  -5.000000000e-01  -7.000000000e-01   1.800000000e+00
  230  -5.000000000e-01  -7.000000000e-01   2.700000000e+00
  231  -8.000000000e-01  -7.000000000e-01   3.500000000e+00
  232  -1.500000000e+00  -7.000000000e-01   4.000000000e+00
  233  -2.300000000e+00  -7.000000000e-01   3.800000000e+00
  234  -3.700000000e+00  -7.000000000e-01   4.200000000e+00
  235  -4.600000000e+00  -7.000000000e-01   3.600000000e+00
  236  -4.500000000e+00  -7.000000000e-01   2.400000000e+00
  237  -2.600000000e+00  -7.000000000e-01   1.500000000e+00
  238  -1.400000000e+00  -7.000000000e-01   1.400000000e+00
  239  -9.000000000e-01  -7.000000000e-01   1.700000000e+00
  240  -7.000000000e-01  -7.000000000e-01   2.100000000e+00
  241  -1.000000000e+00  -7.000000000e-01   2.100000000e+00
  242  -1.700000000e+00  -6.000000000e-01   1.000000000e+00
  243  -1.700000000e+00  -6.000000000e-01   1.000000000e+00
  244  -1.600000000e+00  -6.000000000e-01   2.000000000e+00
  245  -1.700000000e+00  -6.000000000e-01   2.000000000e+00
  246  -2.000000000e+00  -6.000000000e-01   1.000000000e+00
  247  -2.200000000e+00  -6.000000000e-01   1.000000000e+00
  248  -2.100000000e+00  -6.000000000e-01   2.000000000e+00
  249  -2.000000000e+00  -6.000000000e-01   1.100000000e+00
  250  -2.000000000e+00  -6.000000000e-01   1.200000000e+00
  251  -2.000000000e+00  -6.000000000e-01   1.200000000e+00
  252  -1.000000000e+00  -6.000000000e-01   1.300000000e+00
  253  -1.000000000e+00  -6.000000000e-01   1.600000000e+00
  254  -8.000000000e-01  -6.000000000e-01   2.600000000e+00
  255  -1.100000000e+00  -6.000000000e-01   3.400000000e+00
  256  -1.800000000e+00  -6.000000000e-01   4.100000000e+00
  257  -2.300000000e+00  -6.000000000e-01   3.600000000e+00
  258  -3.400000000e+00  -6.000000000e-01   3.900000000e+00
  259  -4.400000000e+00  -6.000000000e-01   3.500000000e+00
  260  -4.500000000e+00  -6.000000000e-01   2.500000000e+00
  261  -2.600000000e+00  -6.000000000e-01   1.600000000e+00
  262  -1.400000000e+00  -6.000000000e-01   1.600000000e+00
  263  -8.000000000e-01  -6.000000000e-01   2.000000000e+00
  264  -5.000000000e-01  -6.000000000e-01   2.700000000e+00
  265  -9.000000000e-01  -6.000000000e-01   2.300000000e+00
C Region List
