C PointsNum,MaxElemVol,TetGenParams,nAtrib,IndMov,MDMaxVolume,MDomDiv,MDOnly,MDDivF,MDPrescP
  395    1.000000e+00 YYpznno2q1.414a     0     0    1.000000e+00     1     0     0     0     0     0 YYpznno2q1.414a
  -1.122148000e-01  -8.144570000e+00  -7.518100000e-02
   5.287710000e-02  -7.691820000e+00   6.579840000e-01
  -1.374590000e-01  -7.691820000e+00   7.070480000e-01
  -3.468280000e-01  -7.691820000e+00   7.082330000e-01
  -5.662570000e-01  -7.691820000e+00   6.632300000e-01
  -7.694580000e-01  -7.691820000e+00   5.458930000e-01
  -8.918340000e-01  -7.691820000e+00   3.444290000e-01
  -8.987890000e-01  -7.691820000e+00   1.040960000e-01
  -8.370680000e-01  -7.691820000e+00  -1.117880000e-01
  -7.495570000e-01  -7.691820000e+00  -2.917610000e-01
  -6.520870000e-01  -7.691820000e+00  -4.508680000e-01
  -5.385420000e-01  -7.691820000e+00  -5.987370000e-01
  -3.977010000e-01  -7.691820000e+00  -7.335250000e-01
  -2.201229000e-01  -7.691820000e+00  -8.413890000e-01
  -1.144800000e-02  -7.691820000e+00  -8.928340000e-01
   2.073440000e-01  -7.691820000e+00  -8.613610000e-01
   4.064660000e-01  -7.691820000e+00  -7.594930000e-01
   5.705370000e-01  -7.691820000e+00  -6.078660000e-01
   6.767250000e-01  -7.691820000e+00  -4.154650000e-01
   6.671810000e-01  -7.691820000e+00  -1.959040000e-01
   5.324040000e-01  -7.691820000e+00  -5.902000000e-03
   4.169050000e-01  -7.691820000e+00   1.252130000e-01
   3.361650000e-01  -7.691820000e+00   2.373840000e-01
   2.687470000e-01  -7.691820000e+00   3.610700000e-01
   1.866420000e-01  -7.691820000e+00   5.119680000e-01
   5.391660000e-02  -7.240070000e+00   9.273100000e-01
  -2.034520000e-01  -7.240070000e+00   9.761250000e-01
  -4.766990000e-01  -7.240070000e+00   9.617630000e-01
  -7.554050000e-01  -7.240070000e+00   8.869350000e-01
  -1.009928000e+00  -7.240070000e+00   7.276800000e-01
  -1.175520000e+00  -7.240070000e+00   4.713960000e-01
  -1.212600000e+00  -7.240070000e+00   1.676132000e-01
  -1.161030000e+00  -7.240070000e+00  -1.210150000e-01
  -1.060650000e+00  -7.240070000e+00  -3.748790000e-01
  -9.245980000e-01  -7.240070000e+00  -5.959010000e-01
  -7.531290000e-01  -7.240070000e+00  -7.853400000e-01
  -5.447920000e-01  -7.240070000e+00  -9.368400000e-01
  -3.040834000e-01  -7.240070000e+00  -1.043650000e+00
  -3.687100000e-02  -7.240070000e+00  -1.085470000e+00
   2.325210000e-01  -7.240070000e+00  -1.037909000e+00
   4.749010000e-01  -7.240070000e+00  -9.043710000e-01
   6.697500000e-01  -7.240070000e+00  -7.129380000e-01
   8.001340000e-01  -7.240070000e+00  -4.772580000e-01
   8.139860000e-01  -7.240070000e+00  -2.123868000e-01
   6.932410000e-01  -7.240070000e+00   3.020300000e-02
   5.681710000e-01  -7.240070000e+00   2.153610000e-01
   4.656970000e-01  -7.240070000e+00   3.783930000e-01
   3.695450000e-01  -7.240070000e+00   5.547270000e-01
   2.459450000e-01  -7.240070000e+00   7.550340000e-01
   4.972900000e-02  -6.787310000e+00   1.098160000e+00
  -2.539520000e-01  -6.787310000e+00   1.133930000e+00
  -5.687170000e-01  -6.787310000e+00   1.110374000e+00
  -8.904310000e-01  -6.787310000e+00   1.022688000e+00
  -1.187160000e+00  -6.787310000e+00   8.398940000e-01
  -1.380030000e+00  -6.787310000e+00   5.420600000e-01
  -1.441430000e+00  -6.787310000e+00   1.925288000e-01
  -1.406910000e+00  -6.787310000e+00  -1.483190000e-01
  -1.305080000e+00  -6.787310000e+00  -4.605190000e-01
  -1.145860000e+00  -6.787310000e+00  -7.370640000e-01
  -9.336430000e-01  -6.787310000e+00  -9.700500000e-01
  -6.744120000e-01  -6.787310000e+00  -1.153200000e+00
  -3.762710000e-01  -6.787310000e+00  -1.277670000e+00
  -5.008500000e-02  -6.787310000e+00  -1.322310000e+00
   2.763810000e-01  -6.787310000e+00  -1.252105000e+00
   5.499140000e-01  -6.787310000e+00  -1.061656000e+00
   7.512660000e-01  -6.787310000e+00  -8.092660000e-01
   8.778670000e-01  -6.787310000e+00  -5.301500000e-01
   9.161260000e-01  -6.787310000e+00  -2.414712000e-01
   8.460710000e-01  -6.787310000e+00   3.561700000e-02
   7.341910000e-01  -6.787310000e+00   2.731430000e-01
   6.150120000e-01  -6.787310000e+00   4.908120000e-01
   4.824670000e-01  -6.787310000e+00   7.133000000e-01
   3.033980000e-01  -6.787310000e+00   9.378000000e-01
   3.609400000e-02  -6.334560000e+00   1.218210000e+00
  -2.987960000e-01  -6.334560000e+00   1.250460000e+00
  -6.460470000e-01  -6.334560000e+00   1.226660000e+00
  -1.005810000e+00  -6.334560000e+00   1.139637000e+00
  -1.342090000e+00  -6.334560000e+00   9.433420000e-01
  -1.560580000e+00  -6.334560000e+00   6.125060000e-01
  -1.638380000e+00  -6.334560000e+00   2.237276000e-01
  -1.611640000e+00  -6.334560000e+00  -1.598470000e-01
  -1.507630000e+00  -6.334560000e+00  -5.192860000e-01
  -1.333090000e+00  -6.334560000e+00  -8.414600000e-01
  -1.084030000e+00  -6.334560000e+00  -1.108750000e+00
  -7.797910000e-01  -6.334560000e+00  -1.309720000e+00
  -4.349060000e-01  -6.334560000e+00  -1.437640000e+00
  -6.643000000e-02  -6.334560000e+00  -1.470400000e+00
   2.911550000e-01  -6.334560000e+00  -1.378250000e+00
   5.788320000e-01  -6.334560000e+00  -1.146010000e+00
   7.824680000e-01  -6.334560000e+00  -8.585840000e-01
   9.150970000e-01  -6.334560000e+00  -5.586180000e-01
   9.799920000e-01  -6.334560000e+00  -2.532724000e-01
   9.545360000e-01  -6.334560000e+00   5.165700000e-02
   8.638740000e-01  -6.334560000e+00   3.338790000e-01
   7.316160000e-01  -6.334560000e+00   5.962490000e-01
   5.616960000e-01  -6.334560000e+00   8.467100000e-01
   3.339540000e-01  -6.334560000e+00   1.074800000e+00
   1.379500000e-02  -5.882800000e+00   1.326060000e+00
  -3.475600000e-01  -5.882800000e+00   1.359910000e+00
  -7.244370000e-01  -5.882800000e+00   1.347890000e+00
  -1.127770000e+00  -5.882800000e+00   1.272361000e+00
  -1.516770000e+00  -5.882800000e+00   1.072382000e+00
  -1.765940000e+00  -5.882800000e+00   7.068580000e-01
  -1.847730000e+00  -5.882800000e+00   2.708001000e-01
  -1.810890000e+00  -5.882800000e+00  -1.585470000e-01
  -1.687990000e+00  -5.882800000e+00  -5.552160000e-01
  -1.491810000e+00  -5.882800000e+00  -9.108100000e-01
  -1.213990000e+00  -5.882800000e+00  -1.203390000e+00
  -8.726820000e-01  -5.882800000e+00  -1.413810000e+00
  -4.922050000e-01  -5.882800000e+00  -1.540370000e+00
  -9.396800000e-02  -5.882800000e+00  -1.564200000e+00
   2.865170000e-01  -5.882800000e+00  -1.457170000e+00
   5.865360000e-01  -5.882800000e+00  -1.200940000e+00
   7.960970000e-01  -5.882800000e+00  -8.928540000e-01
   9.405120000e-01  -5.882800000e+00  -5.768530000e-01
   1.025068000e+00  -5.882800000e+00  -2.561999000e-01
   1.025909000e+00  -5.882800000e+00   7.200600000e-02
   9.506970000e-01  -5.882800000e+00   3.893950000e-01
   8.084360000e-01  -5.882800000e+00   6.864410000e-01
   6.083280000e-01  -5.882800000e+00   9.592800000e-01
   3.438210000e-01  -5.882800000e+00   1.191470000e+00
  -1.083900000e-02  -5.430050000e+00   1.435360000e+00
  -3.972700000e-01  -5.430050000e+00   1.473020000e+00
  -8.041100000e-01  -5.430050000e+00   1.468090000e+00
  -1.245750000e+00  -5.430050000e+00   1.397486000e+00
  -1.678280000e+00  -5.430050000e+00   1.191312000e+00
  -1.960130000e+00  -5.430050000e+00   7.971110000e-01
  -2.059210000e+00  -5.430050000e+00   3.195741000e-01
  -2.023890000e+00  -5.430050000e+00  -1.542200000e-01
  -1.891590000e+00  -5.430050000e+00  -5.953500000e-01
  -1.673430000e+00  -5.430050000e+00  -9.900200000e-01
  -1.356250000e+00  -5.430050000e+00  -1.302450000e+00
  -9.657960000e-01  -5.430050000e+00  -1.505080000e+00
  -5.488390000e-01  -5.430050000e+00  -1.607270000e+00
  -1.285400000e-01  -5.430050000e+00  -1.612720000e+00
   2.656600000e-01  -5.430050000e+00  -1.498900000e+00
   5.837640000e-01  -5.430050000e+00  -1.246030000e+00
   8.145960000e-01  -5.430050000e+00  -9.328700000e-01
   9.786100000e-01  -5.430050000e+00  -6.051370000e-01
   1.079743000e+00  -5.430050000e+00  -2.634259000e-01
   1.089371000e+00  -5.430050000e+00   9.132700000e-02
   1.013744000e+00  -5.430050000e+00   4.376150000e-01
   8.604040000e-01  -5.430050000e+00   7.618170000e-01
   6.404280000e-01  -5.430050000e+00   1.057310000e+00
   3.477446000e-01  -5.430050000e+00   1.301250000e+00
  -4.960400000e-02  -4.536630000e+00   1.753170000e+00
  -5.014260000e-01  -4.536630000e+00   1.797810000e+00
  -9.740000000e-01  -4.536630000e+00   1.784470000e+00
  -1.478710000e+00  -4.536630000e+00   1.689270000e+00
  -1.969240000e+00  -4.536630000e+00   1.443446000e+00
  -2.299890000e+00  -4.536630000e+00   9.963220000e-01
  -2.406560000e+00  -4.536630000e+00   4.441583000e-01
  -2.349340000e+00  -4.536630000e+00  -9.885500000e-02
  -2.183450000e+00  -4.536630000e+00  -5.957300000e-01
  -1.927690000e+00  -4.536630000e+00  -1.032930000e+00
  -1.571530000e+00  -4.536630000e+00  -1.379320000e+00
  -1.126278000e+00  -4.536630000e+00  -1.583530000e+00
  -6.616040000e-01  -4.536630000e+00  -1.668040000e+00
  -2.055888000e-01  -4.536630000e+00  -1.655430000e+00
   2.145400000e-01  -4.536630000e+00  -1.529680000e+00
   5.498500000e-01  -4.536630000e+00  -1.252296000e+00
   7.816460000e-01  -4.536630000e+00  -9.075100000e-01
   9.477600000e-01  -4.536630000e+00  -5.596590000e-01
   1.062281000e+00  -4.536630000e+00  -2.038417000e-01
   1.103008000e+00  -4.536630000e+00   1.700440000e-01
   1.048447000e+00  -4.536630000e+00   5.496880000e-01
   8.952810000e-01  -4.536630000e+00   9.150430000e-01
   6.749780000e-01  -4.536630000e+00   1.271170000e+00
   3.616162900e-01  -4.536630000e+00   1.582440000e+00
  -4.815300000e-02  -3.643210000e+00   1.998100000e+00
  -5.539590000e-01  -3.643210000e+00   2.064100000e+00
  -1.089980000e+00  -3.643210000e+00   2.049090000e+00
  -1.651220000e+00  -3.643210000e+00   1.925630000e+00
  -2.178990000e+00  -3.643210000e+00   1.632959000e+00
  -2.524310000e+00  -3.643210000e+00   1.131271000e+00
  -2.597540000e+00  -3.643210000e+00   5.215661000e-01
  -2.475270000e+00  -3.643210000e+00  -5.722600000e-02
  -2.257900000e+00  -3.643210000e+00  -5.594400000e-01
  -1.980050000e+00  -3.643210000e+00  -9.943300000e-01
  -1.633520000e+00  -3.643210000e+00  -1.358850000e+00
  -1.199200000e+00  -3.643210000e+00  -1.607790000e+00
  -7.221530000e-01  -3.643210000e+00  -1.736030000e+00
  -2.356358000e-01  -3.643210000e+00  -1.747100000e+00
   2.173620000e-01  -3.643210000e+00  -1.610070000e+00
   5.653120000e-01  -3.643210000e+00  -1.291900000e+00
   7.917290000e-01  -3.643210000e+00  -9.066660000e-01
   9.553270000e-01  -3.643210000e+00  -5.349530000e-01
   1.065983000e+00  -3.643210000e+00  -1.634339000e-01
   1.097012000e+00  -3.643210000e+00   2.226240000e-01
   1.029208000e+00  -3.643210000e+00   6.086060000e-01
   8.839370000e-01  -3.643210000e+00   9.876600000e-01
   6.891460000e-01  -3.643210000e+00   1.384350000e+00
   3.887498000e-01  -3.643210000e+00   1.764890000e+00
  -5.059700000e-02  -2.749800000e+00   2.163380000e+00
  -6.020400000e-01  -2.749800000e+00   2.245140000e+00
  -1.186120000e+00  -2.749800000e+00   2.218500000e+00
  -1.782750000e+00  -2.749800000e+00   2.058610000e+00
  -2.313220000e+00  -2.749800000e+00   1.711050000e+00
  -2.651390000e+00  -2.749800000e+00   1.173489000e+00
  -2.722530000e+00  -2.749800000e+00   5.404598000e-01
  -2.603860000e+00  -2.749800000e+00  -5.712600000e-02
  -2.385750000e+00  -2.749800000e+00  -5.826500000e-01
  -2.102310000e+00  -2.749800000e+00  -1.042250000e+00
  -1.745030000e+00  -2.749800000e+00  -1.433020000e+00
  -1.290910000e+00  -2.749800000e+00  -1.705590000e+00
  -7.845970000e-01  -2.749800000e+00  -1.850180000e+00
  -2.649577000e-01  -2.749800000e+00  -1.865940000e+00
   2.169720000e-01  -2.749800000e+00  -1.714580000e+00
   5.764200000e-01  -2.749800000e+00  -1.358560000e+00
   7.960360000e-01  -2.749800000e+00  -9.366920000e-01
   9.539280000e-01  -2.749800000e+00  -5.450050000e-01
   1.058816000e+00  -2.749800000e+00  -1.605402000e-01
   1.079447000e+00  -2.749800000e+00   2.331120000e-01
   1.004271000e+00  -2.749800000e+00   6.230300000e-01
   8.673320000e-01  -2.749800000e+00   1.013390000e+00
   6.907340000e-01  -2.749800000e+00   1.439720000e+00
   4.025627000e-01  -2.749800000e+00   1.872660000e+00
  -9.732600000e-02  -1.857380000e+00   2.217200000e+00
  -6.702400000e-01  -1.857380000e+00   2.305590000e+00
  -1.278650000e+00  -1.857380000e+00   2.286840000e+00
  -1.903030000e+00  -1.857380000e+00   2.124580000e+00
  -2.458820000e+00  -1.857380000e+00   1.765100000e+00
  -2.821740000e+00  -1.857380000e+00   1.203914000e+00
  -2.920190000e+00  -1.857380000e+00   5.428790000e-01
  -2.823510000e+00  -1.857380000e+00  -9.442900000e-02
  -2.609080000e+00  -1.857380000e+00  -6.648800000e-01
  -2.305990000e+00  -1.857380000e+00  -1.162780000e+00
  -1.911350000e+00  -1.857380000e+00  -1.574770000e+00
  -1.410730000e+00  -1.857380000e+00  -1.840960000e+00
  -8.693260000e-01  -1.857380000e+00  -1.964930000e+00
  -3.254214000e-01  -1.857380000e+00  -1.966160000e+00
   1.798180000e-01  -1.857380000e+00  -1.816220000e+00
   5.649560000e-01  -1.857380000e+00  -1.461400000e+00
   8.008180000e-01  -1.857380000e+00  -1.020149000e+00
   9.597020000e-01  -1.857380000e+00  -6.025870000e-01
   1.043085000e+00  -1.857380000e+00  -1.971210000e-01
   1.026493000e+00  -1.857380000e+00   2.064430000e-01
   9.325080000e-01  -1.857380000e+00   5.940710000e-01
   8.077980000e-01  -1.857380000e+00   9.890030000e-01
   6.481820000e-01  -1.857380000e+00   1.439410000e+00
   3.695200000e-01  -1.857380000e+00   1.908870000e+00
  -1.927900000e-01  -9.639600000e-01   2.165430000e+00
  -7.565300000e-01  -9.639600000e-01   2.253250000e+00
  -1.357820000e+00  -9.639600000e-01   2.242690000e+00
  -1.979170000e+00  -9.639600000e-01   2.090630000e+00
  -2.535020000e+00  -9.639600000e-01   1.739420000e+00
  -2.914340000e+00  -9.639600000e-01   1.187011000e+00
  -3.062630000e+00  -9.639600000e-01   5.312550000e-01
  -3.028860000e+00  -9.639600000e-01  -1.264180000e-01
  -2.853810000e+00  -9.639600000e-01  -7.435900000e-01
  -2.544140000e+00  -9.639600000e-01  -1.287100000e+00
  -2.104750000e+00  -9.639600000e-01  -1.716330000e+00
  -1.540720000e+00  -9.639600000e-01  -1.945720000e+00
  -9.597900000e-01  -9.639600000e-01  -2.005320000e+00
  -4.121575000e-01  -9.639600000e-01  -1.954430000e+00
   8.159700000e-02  -9.639600000e-01  -1.787230000e+00
   4.647660000e-01  -9.639600000e-01  -1.453300000e+00
   6.729660000e-01  -9.639600000e-01  -9.963440000e-01
   8.042030000e-01  -9.639600000e-01  -5.809380000e-01
   8.858350000e-01  -9.639600000e-01  -1.957450000e-01
   8.975370000e-01  -9.639600000e-01   1.880410000e-01
   8.233420000e-01  -9.639600000e-01   5.697110000e-01
   7.144740000e-01  -9.639600000e-01   9.685190000e-01
   5.684980000e-01  -9.639600000e-01   1.431540000e+00
   2.862020000e-01  -9.639600000e-01   1.897830000e+00
  -3.106040000e-01  -3.545410000e-01   2.087920000e+00
   1.741790000e-01  -3.545410000e-01   1.851500000e+00
   4.501060000e-01  -3.545410000e-01   1.386330000e+00
   5.517300000e-01  -3.545410000e-01   8.940400000e-01
   6.203140000e-01  -3.545410000e-01   4.988270000e-01
   6.816230000e-01  -3.545410000e-01   1.425790000e-01
   6.849060000e-01  -3.545410000e-01  -2.102940000e-01
   6.362870000e-01  -3.545410000e-01  -5.822310000e-01
   5.341980000e-01  -3.545410000e-01  -1.000210000e+00
   3.322500000e-01  -3.545410000e-01  -1.448150000e+00
  -5.480900000e-02  -3.545410000e-01  -1.732640000e+00
  -5.298674000e-01  -3.545410000e-01  -1.912830000e+00
  -1.074604000e+00  -3.545410000e-01  -2.026930000e+00
  -1.699150000e+00  -3.545410000e-01  -2.056170000e+00
  -2.343530000e+00  -3.545410000e-01  -1.881460000e+00
  -2.834070000e+00  -3.545410000e-01  -1.433760000e+00
  -3.136710000e+00  -3.545410000e-01  -8.323500000e-01
  -3.252550000e+00  -3.545410000e-01  -1.661950000e-01
  -3.208280000e+00  -3.545410000e-01   5.057060000e-01
  -3.005580000e+00  -3.545410000e-01   1.146634000e+00
  -2.620310000e+00  -3.545410000e-01   1.689010000e+00
  -2.070820000e+00  -3.545410000e-01   2.035920000e+00
  -1.458320000e+00  -3.545410000e-01   2.182490000e+00
  -8.634100000e-01  -3.545410000e-01   2.183470000e+00
  -1.916010000e+00  -4.133410000e-01  -1.549560000e+00
  -2.353700000e+00  -4.067410000e-01  -1.367080000e+00
  -1.272620000e+00  -4.024410000e-01   1.855280000e+00
  -9.048800000e-01  -4.281410000e-01   1.611420000e+00
  -1.833080000e+00  -4.905410000e-01   2.636180000e-01
  -1.807030000e+00  -4.865410000e-01   5.091075000e-01
  -1.527600000e+00  -4.925410000e-01   5.083108000e-01
  -4.934957000e-01  -4.044410000e-01  -1.544020000e+00
  -1.494390000e+00  -5.015410000e-01  -5.956000000e-02
  -1.247860000e+00  -4.985410000e-01   5.095140000e-01
  -9.664200000e-01  -4.995410000e-01  -9.469000000e-03
  -2.240080000e+00  -4.625410000e-01   4.923400000e-01
  -2.281460000e+00  -4.665410000e-01   6.595000000e-03
  -2.726710000e+00  -4.233410000e-01   2.250870000e-01
  -2.273280000e+00  -4.356410000e-01   1.055005000e+00
  -2.398940000e+00  -4.374410000e-01   8.273660000e-01
  -2.385800000e+00  -4.279410000e-01   1.024249000e+00
  -3.104840000e-01  -4.176410000e-01   1.480377000e+00
  -7.608630000e-01  -4.685410000e-01   1.024407000e+00
  -1.593850000e+00  -4.479410000e-01  -1.274060000e+00
  -1.525510000e+00  -4.635410000e-01  -1.084610000e+00
  -1.348948000e+00  -4.585410000e-01  -1.169360000e+00
  -1.597600000e+00  -4.645410000e-01   1.139501000e+00
  -1.497220000e+00  -4.380410000e-01   1.514297000e+00
  -1.417130000e+00  -4.555410000e-01   1.316365000e+00
  -2.563570000e+00  -4.197410000e-01  -9.111400000e-01
  -1.992030000e+00  -4.543410000e-01  -1.007380000e+00
  -9.027930000e-01  -4.134410000e-01  -1.588390000e+00
  -1.172384000e+00  -4.530410000e-01  -1.252120000e+00
  -6.928300000e-01  -4.444410000e-01  -1.237060000e+00
  -1.747260000e+00  -4.279410000e-01   1.540328000e+00
  -1.647430000e+00  -4.008410000e-01   1.818950000e+00
  -1.572330000e+00  -4.196410000e-01   1.671120000e+00
  -1.399533000e+00  -4.144410000e-01  -1.627810000e+00
  -1.996300000e+00  -4.138410000e-01   1.574359000e+00
   8.840900000e-02  -4.039410000e-01  -1.079070000e+00
   1.599000000e-01  -4.140410000e-01  -6.715960000e-01
   3.003690000e-01  -4.088410000e-01  -8.048800000e-02
  -1.917640000e+00  -4.875410000e-01  -1.554760000e-01
  -2.210940000e+00  -4.645410000e-01  -4.853200000e-01
   9.873410000e-02  -4.246410000e-01   5.659250000e-01
  -1.826170000e-01  -4.585410000e-01   1.048570000e-01
  -2.621990000e+00  -4.198410000e-01   7.628549000e-01
  -2.709480000e+00  -4.241410000e-01  -3.480110000e-01
  -2.069150000e-01  -4.110410000e-01  -1.329360000e+00
  -3.703240000e-01  -4.524410000e-01  -8.652900000e-01
   1.279210000e-01  -4.020410000e-01   1.181704000e+00
  -2.722530000e-01  -4.464410000e-01   9.475610000e-01
  -1.725730000e+00  -4.875410000e-01  -5.124780000e-01
  -2.112810000e+00  -4.378410000e-01   1.196350000e+00
  -2.175590000e+00  -4.519410000e-01   8.888770000e-01
  -6.588150000e-01  -4.675410000e-01  -8.554400000e-01
  -6.892650000e-01  -4.775410000e-01  -6.490790000e-01
  -1.053450000e+00  -4.715410000e-01   1.066920000e+00
  -1.114460000e+00  -4.531410000e-01   1.347426000e+00
  -9.396600000e-01  -4.615410000e-01   1.190916000e+00
  -1.926730000e+00  -4.342410000e-01   1.380463000e+00
  -2.055060000e+00  -4.262410000e-01   1.387855000e+00
  -1.856150000e+00  -4.535410000e-01   1.179567000e+00
  -1.782790000e+00  -4.795410000e-01   7.495970000e-01
  -1.978790000e+00  -4.675410000e-01   8.187370000e-01
  -1.360850000e+00  -4.995410000e-01  -2.643470000e-01
  -1.543290000e+00  -4.945410000e-01  -3.874130000e-01
  -1.225300000e+00  -4.965410000e-01  -4.651340000e-01
  -1.097210000e+00  -4.995410000e-01  -2.393020000e-01
  -9.074630000e-01  -4.935410000e-01  -3.380090000e-01
  -5.492880000e-01  -4.795410000e-01   4.487197000e-01
  -1.379420000e+00  -4.215410000e-01   1.684290000e+00
  -1.143650000e+00  -4.252410000e-01   1.647850000e+00
  -1.453180000e+00  -4.765410000e-01  -9.011600000e-01
  -1.198241000e+00  -4.785410000e-01  -8.773800000e-01
  -1.187813000e+00  -4.665410000e-01  -1.065750000e+00
  -1.289350000e+00  -4.865410000e-01   8.129740000e-01
  -1.026610000e+00  -4.785410000e-01   9.181910000e-01
  -2.257590000e-01  -4.585410000e-01  -3.406780000e-01
  -2.011680000e+00  -4.735410000e-01   6.209687800e-01
  -1.921980000e+00  -4.825410000e-01   4.432930000e-01
  -1.590450000e+00  -4.835410000e-01  -7.108200000e-01
  -1.722600000e+00  -4.675410000e-01  -9.512700000e-01
  -1.726160000e+00  -4.785410000e-01  -7.343700000e-01
  -1.558470000e+00  -4.785410000e-01   9.230150000e-01
  -1.535620000e+00  -4.845410000e-01   7.792860000e-01
  -2.373470000e+00  -4.178410000e-01   1.220132000e+00
  -5.325610000e-01  -4.825410000e-01  -4.821000000e-02
  -4.706870000e-01  -4.745410000e-01  -3.871970000e-01
  -8.195670000e-01  -4.605410000e-01  -1.057330000e+00
  -6.763220000e-01  -4.565410000e-01  -1.050750000e+00
  -1.087302000e+00  -4.875410000e-01  -6.688600000e-01
  -1.269740000e+00  -4.835410000e-01  -7.815100000e-01
  -1.306340000e+00  -4.459410000e-01   1.435361000e+00
  -1.800210000e+00  -4.412410000e-01   1.361948000e+00
  -8.430180000e-01  -4.945410000e-01  -2.250930000e-01
  -6.253880000e-01  -4.855410000e-01  -2.444630000e-01
  -1.408880000e+00  -4.905410000e-01  -5.864800000e-01
  -1.063845000e+00  -4.665410000e-01  -1.055860000e+00
  -9.979760000e-01  -4.585410000e-01  -1.151720000e+00
  -7.177160000e-01  -4.865410000e-01  -4.347170000e-01
  -4.208060000e-01  -4.635410000e-01  -6.277420000e-01
  -1.295800000e+00  -5.015410000e-01  -1.494310000e-01
  -8.335100000e-01  -4.825410000e-01  -6.516560000e-01
  -9.030090000e-01  -4.875410000e-01  -5.517910000e-01
  -1.338040000e+00  -4.705410000e-01   1.103434000e+00
  -9.463050000e-01  -4.755410000e-01  -8.615900000e-01
  -1.475510000e+00  -4.935410000e-01  -4.873060000e-01
  -2.015620000e+00  -4.539410000e-01   1.034222000e+00
  -2.207880000e+00  -4.585410000e-01   6.921089000e-01
C Number of facets
  786
C  Size  Node 1  ......Node N Marker
    3    0    1    2    3
    3    0    2    3    3
    3    0    3    4    3
    3    0    4    5    3
    3    0    5    6    3
    3    0    6    7    3
    3    0    7    8    3
    3    0    8    9    3
    3    0    9   10    3
    3    0   10   11    3
    3    0   11   12    3
    3    0   12   13    3
    3    0   13   14    3
    3    0   14   15    3
    3    0   15   16    3
    3    0   16   17    3
    3    0   17   18    3
    3    0   18   19    3
    3    0   19   20    3
    3    0   20   21    3
    3    0   21   22    3
    3    0   22   23    3
    3    0   23   24    3
    3    0   24    1    3
    3    1   25   26    3
    3    1   26    2    3
    3    2   26   27    3
    3    2   27    3    3
    3    3   27   28    3
    3    3   28    4    3
    3    4   28   29    3
    3    4   29    5    3
    3    5   29   30    3
    3    5   30    6    3
    3    6   30   31    3
    3    6   31    7    3
    3    7   31   32    3
    3    7   32    8    3
    3    8   32   33    3
    3    8   33    9    3
    3    9   33   34    3
    3    9   34   10    3
    3   10   34   35    3
    3   10   35   11    3
    3   11   35   36    3
    3   11   36   12    3
    3   12   36   37    3
    3   12   37   13    3
    3   13   37   38    3
    3   13   38   14    3
    3   14   38   39    3
    3   14   39   15    3
    3   15   39   40    3
    3   15   40   16    3
    3   16   40   41    3
    3   16   41   17    3
    3   17   41   42    3
    3   17   42   18    3
    3   18   42   43    3
    3   18   43   19    3
    3   19   43   44    3
    3   19   44   20    3
    3   20   44   45    3
    3   20   45   21    3
    3   21   45   46    3
    3   21   46   22    3
    3   22   46   47    3
    3   22   47   23    3
    3   23   47   48    3
    3   23   48   24    3
    3   24   48   25    3
    3   24   25    1    3
    3   25   49   50    3
    3   25   50   26    3
    3   26   50   51    3
    3   26   51   27    3
    3   27   51   52    3
    3   27   52   28    3
    3   28   52   53    3
    3   28   53   29    3
    3   29   53   54    3
    3   29   54   30    3
    3   30   54   55    3
    3   30   55   31    3
    3   31   55   56    3
    3   31   56   32    3
    3   32   56   57    3
    3   32   57   33    3
    3   33   57   58    3
    3   33   58   34    3
    3   34   58   59    3
    3   34   59   35    3
    3   35   59   60    3
    3   35   60   36    3
    3   36   60   61    3
    3   36   61   37    3
    3   37   61   62    3
    3   37   62   38    3
    3   38   62   63    3
    3   38   63   39    3
    3   39   63   64    3
    3   39   64   40    3
    3   40   64   65    3
    3   40   65   41    3
    3   41   65   66    3
    3   41   66   42    3
    3   42   66   67    3
    3   42   67   43    3
    3   43   67   68    3
    3   43   68   44    3
    3   44   68   69    3
    3   44   69   45    3
    3   45   69   70    3
    3   45   70   46    3
    3   46   70   71    3
    3   46   71   47    3
    3   47   71   72    3
    3   47   72   48    3
    3   48   72   49    3
    3   48   49   25    3
    3   49   73   74    3
    3   49   74   50    3
    3   50   74   75    3
    3   50   75   51    3
    3   51   75   76    3
    3   51   76   52    3
    3   52   76   77    3
    3   52   77   53    3
    3   53   77   78    3
    3   53   78   54    3
    3   54   78   79    3
    3   54   79   55    3
    3   55   79   80    3
    3   55   80   56    3
    3   56   80   81    3
    3   56   81   57    3
    3   57   81   82    3
    3   57   82   58    3
    3   58   82   83    3
    3   58   83   59    3
    3   59   83   84    3
    3   59   84   60    3
    3   60   84   85    3
    3   60   85   61    3
    3   61   85   86    3
    3   61   86   62    3
    3   62   86   87    3
    3   62   87   63    3
    3   63   87   88    3
    3   63   88   64    3
    3   64   88   89    3
    3   64   89   65    3
    3   65   89   90    3
    3   65   90   66    3
    3   66   90   91    3
    3   66   91   67    3
    3   67   91   92    3
    3   67   92   68    3
    3   68   92   93    3
    3   68   93   69    3
    3   69   93   94    3
    3   69   94   70    3
    3   70   94   95    3
    3   70   95   71    3
    3   71   95   96    3
    3   71   96   72    3
    3   72   96   73    3
    3   72   73   49    3
    3   73   97   98    3
    3   73   98   74    3
    3   74   98   99    3
    3   74   99   75    3
    3   75   99  100    3
    3   75  100   76    3
    3   76  100  101    3
    3   76  101   77    3
    3   77  101  102    3
    3   77  102   78    3
    3   78  102  103    3
    3   78  103   79    3
    3   79  103  104    3
    3   79  104   80    3
    3   80  104  105    3
    3   80  105   81    3
    3   81  105  106    3
    3   81  106   82    3
    3   82  106  107    3
    3   82  107   83    3
    3   83  107  108    3
    3   83  108   84    3
    3   84  108  109    3
    3   84  109   85    3
    3   85  109  110    3
    3   85  110   86    3
    3   86  110  111    3
    3   86  111   87    3
    3   87  111  112    3
    3   87  112   88    3
    3   88  112  113    3
    3   88  113   89    3
    3   89  113  114    3
    3   89  114   90    3
    3   90  114  115    3
    3   90  115   91    3
    3   91  115  116    3
    3   91  116   92    3
    3   92  116  117    3
    3   92  117   93    3
    3   93  117  118    3
    3   93  118   94    3
    3   94  118  119    3
    3   94  119   95    3
    3   95  119  120    3
    3   95  120   96    3
    3   96  120   97    3
    3   96   97   73    3
    3   97  121  122    3
    3   97  122   98    3
    3   98  122  123    3
    3   98  123   99    3
    3   99  123  124    3
    3   99  124  100    3
    3  100  124  125    3
    3  100  125  101    3
    3  101  125  126    3
    3  101  126  102    3
    3  102  126  127    3
    3  102  127  103    3
    3  103  127  128    3
    3  103  128  104    3
    3  104  128  129    3
    3  104  129  105    3
    3  105  129  130    3
    3  105  130  106    3
    3  106  130  131    3
    3  106  131  107    3
    3  107  131  132    3
    3  107  132  108    3
    3  108  132  133    3
    3  108  133  109    3
    3  109  133  134    3
    3  109  134  110    3
    3  110  134  135    3
    3  110  135  111    3
    3  111  135  136    3
    3  111  136  112    3
    3  112  136  137    3
    3  112  137  113    3
    3  113  137  138    3
    3  113  138  114    3
    3  114  138  139    3
    3  114  139  115    3
    3  115  139  140    3
    3  115  140  116    3
    3  116  140  141    3
    3  116  141  117    3
    3  117  141  142    3
    3  117  142  118    3
    3  118  142  143    3
    3  118  143  119    3
    3  119  143  144    3
    3  119  144  120    3
    3  120  144  121    3
    3  120  121   97    3
    3  121  145  146    3
    3  121  146  122    3
    3  122  146  147    3
    3  122  147  123    3
    3  123  147  148    3
    3  123  148  124    3
    3  124  148  149    3
    3  124  149  125    3
    3  125  149  150    3
    3  125  150  126    3
    3  126  150  151    3
    3  126  151  127    3
    3  127  151  152    3
    3  127  152  128    3
    3  128  152  153    3
    3  128  153  129    3
    3  129  153  154    3
    3  129  154  130    3
    3  130  154  155    3
    3  130  155  131    3
    3  131  155  156    3
    3  131  156  132    3
    3  132  156  157    3
    3  132  157  133    3
    3  133  157  158    3
    3  133  158  134    3
    3  134  158  159    3
    3  134  159  135    3
    3  135  159  160    3
    3  135  160  136    3
    3  136  160  161    3
    3  136  161  137    3
    3  137  161  162    3
    3  137  162  138    3
    3  138  162  163    3
    3  138  163  139    3
    3  139  163  164    3
    3  139  164  140    3
    3  140  164  165    3
    3  140  165  141    3
    3  141  165  166    3
    3  141  166  142    3
    3  142  166  167    3
    3  142  167  143    3
    3  143  167  168    3
    3  143  168  144    3
    3  144  168  145    3
    3  144  145  121    3
    3  145  169  170    3
    3  145  170  146    3
    3  146  170  171    3
    3  146  171  147    3
    3  147  171  172    3
    3  147  172  148    3
    3  148  172  173    3
    3  148  173  149    3
    3  149  173  174    3
    3  149  174  150    3
    3  150  174  175    3
    3  150  175  151    3
    3  151  175  176    3
    3  151  176  152    3
    3  152  176  177    3
    3  152  177  153    3
    3  153  177  178    3
    3  153  178  154    3
    3  154  178  179    3
    3  154  179  155    3
    3  155  179  180    3
    3  155  180  156    3
    3  156  180  181    3
    3  156  181  157    3
    3  157  181  182    3
    3  157  182  158    3
    3  158  182  183    3
    3  158  183  159    3
    3  159  183  184    3
    3  159  184  160    3
    3  160  184  185    3
    3  160  185  161    3
    3  161  185  186    3
    3  161  186  162    3
    3  162  186  187    3
    3  162  187  163    3
    3  163  187  188    3
    3  163  188  164    3
    3  164  188  189    3
    3  164  189  165    3
    3  165  189  190    3
    3  165  190  166    3
    3  166  190  191    3
    3  166  191  167    3
    3  167  191  192    3
    3  167  192  168    3
    3  168  192  169    3
    3  168  169  145    3
    3  169  193  194    3
    3  169  194  170    3
    3  170  194  195    3
    3  170  195  171    3
    3  171  195  196    3
    3  171  196  172    3
    3  172  196  197    3
    3  172  197  173    3
    3  173  197  198    3
    3  173  198  174    3
    3  174  198  199    3
    3  174  199  175    3
    3  175  199  200    3
    3  175  200  176    3
    3  176  200  201    3
    3  176  201  177    3
    3  177  201  202    3
    3  177  202  178    3
    3  178  202  203    3
    3  178  203  179    3
    3  179  203  204    3
    3  179  204  180    3
    3  180  204  205    3
    3  180  205  181    3
    3  181  205  206    3
    3  181  206  182    3
    3  182  206  207    3
    3  182  207  183    3
    3  183  207  208    3
    3  183  208  184    3
    3  184  208  209    3
    3  184  209  185    3
    3  185  209  210    3
    3  185  210  186    3
    3  186  210  211    3
    3  186  211  187    3
    3  187  211  212    3
    3  187  212  188    3
    3  188  212  213    3
    3  188  213  189    3
    3  189  213  214    3
    3  189  214  190    3
    3  190  214  215    3
    3  190  215  191    3
    3  191  215  216    3
    3  191  216  192    3
    3  192  216  193    3
    3  192  193  169    3
    3  193  217  218    3
    3  193  218  194    3
    3  194  218  219    3
    3  194  219  195    3
    3  195  219  220    3
    3  195  220  196    3
    3  196  220  221    3
    3  196  221  197    3
    3  197  221  222    3
    3  197  222  198    3
    3  198  222  223    3
    3  198  223  199    3
    3  199  223  224    3
    3  199  224  200    3
    3  200  224  225    3
    3  200  225  201    3
    3  201  225  226    3
    3  201  226  202    3
    3  202  226  227    3
    3  202  227  203    3
    3  203  227  228    3
    3  203  228  204    3
    3  204  228  229    3
    3  204  229  205    3
    3  205  229  230    3
    3  205  230  206    3
    3  206  230  231    3
    3  206  231  207    3
    3  207  231  232    3
    3  207  232  208    3
    3  208  232  233    3
    3  208  233  209    3
    3  209  233  234    3
    3  209  234  210    3
    3  210  234  235    3
    3  210  235  211    3
    3  211  235  236    3
    3  211  236  212    3
    3  212  236  237    3
    3  212  237  213    3
    3  213  237  238    3
    3  213  238  214    3
    3  214  238  239    3
    3  214  239  215    3
    3  215  239  240    3
    3  215  240  216    3
    3  216  240  217    3
    3  216  217  193    3
    3  217  241  242    3
    3  217  242  218    3
    3  218  242  243    3
    3  218  243  219    3
    3  219  243  244    3
    3  219  244  220    3
    3  220  244  245    3
    3  220  245  221    3
    3  221  245  246    3
    3  221  246  222    3
    3  222  246  247    3
    3  222  247  223    3
    3  223  247  248    3
    3  223  248  224    3
    3  224  248  249    3
    3  224  249  225    3
    3  225  249  250    3
    3  225  250  226    3
    3  226  250  251    3
    3  226  251  227    3
    3  227  251  252    3
    3  227  252  228    3
    3  228  252  253    3
    3  228  253  229    3
    3  229  253  254    3
    3  229  254  230    3
    3  230  254  255    3
    3  230  255  231    3
    3  231  255  256    3
    3  231  256  232    3
    3  232  256  257    3
    3  232  257  233    3
    3  233  257  258    3
    3  233  258  234    3
    3  234  258  259    3
    3  234  259  235    3
    3  235  259  260    3
    3  235  260  236    3
    3  236  260  261    3
    3  236  261  237    3
    3  237  261  262    3
    3  237  262  238    3
    3  238  262  263    3
    3  238  263  239    3
    3  239  263  264    3
    3  239  264  240    3
    3  240  264  241    3
    3  240  241  217    3
    3  264  265  241    3
    3  264  266  265    3
    3  263  266  264    3
    3  263  267  266    3
    3  262  267  263    3
    3  262  268  267    3
    3  261  268  262    3
    3  261  269  268    3
    3  260  269  261    3
    3  260  270  269    3
    3  259  270  260    3
    3  259  271  270    3
    3  258  271  259    3
    3  258  272  271    3
    3  257  272  258    3
    3  257  273  272    3
    3  256  273  257    3
    3  256  274  273    3
    3  255  274  256    3
    3  255  275  274    3
    3  254  275  255    3
    3  254  276  275    3
    3  253  276  254    3
    3  253  277  276    3
    3  252  277  253    3
    3  252  278  277    3
    3  251  278  252    3
    3  251  279  278    3
    3  250  279  251    3
    3  250  280  279    3
    3  249  280  250    3
    3  249  281  280    3
    3  248  281  249    3
    3  248  282  281    3
    3  247  282  248    3
    3  247  283  282    3
    3  246  283  247    3
    3  246  284  283    3
    3  245  284  246    3
    3  245  285  284    3
    3  244  285  245    3
    3  244  286  285    3
    3  243  286  244    3
    3  243  287  286    3
    3  242  287  243    3
    3  242  288  287    3
    3  241  288  242    3
    3  241  265  288    3
    3  289  279  290    1
    3  291  288  292    1
    3  293  294  295    3
    3  296  275  276    1
    3  297  298  299    1
    3  300  301  302    1
    3  303  304  305    3
    3  292  306  307    1
    3  308  309  310    4
    3  300  293  301    1
    3  311  312  313    3
    3  290  314  315    1
    3  316  317  318    1
    3  319  320  321    3
    3  317  322  308    1
    3  286  323  285    1
    3  286  287  320    1
    3  298  297  293    1
    3  324  325  273    1
    3  326  271  272    1
    3  327  328  301    1
    3  329  326  330    1
    3  300  331  304    1
    3  332  282  302    1
    3  272  325  326    1
    3  296  276  316    1
    3  296  333  275    1
    3  324  334  325    1
    3  335  329  336    1
    3  315  328  337    1
    3  338  339  303    3
    3  334  340  341    4
    3  279  289  278    1
    3  274  275  333    1
    3  322  278  289    1
    3  342  343  344    3
    3  332  301  328    1
    3  314  290  280    1
    3  345  338  346    3
    3  324  333  334    1
    3  277  316  276    1
    3  266  267  335    1
    3  288  291  287    1
    3  347  348  349    3
    3  316  322  317    1
    3  297  350  351    4
    3  327  301  293    1
    3  283  331  302    1
    3  352  353  354    4
    3  326  269  270    1
    3  332  302  301    1
    3  355  299  298    1
    3  312  356  357    3
    3  330  355  329    1
    3  336  306  335    1
    3  271  326  270    1
    3  358  359  360    4
    3  298  361  362    3
    3  283  302  282    1
    3  336  329  355    1
    3  326  363  330    1
    3  265  292  288    1
    3  300  364  365    3
    3  366  367  368    4
    3  333  318  334    1
    3  369  361  370    3
    3  327  293  297    1
    3  278  322  277    1
    3  320  291  356    3
    3  371  285  323    1
    3  363  325  334    1
    3  371  331  284    1
    3  364  339  349    3
    3  268  335  267    1
    3  372  363  373    4
    3  280  290  279    1
    3  266  306  265    1
    3  316  277  322    1
    3  328  315  314    1
    3  308  315  367    1
    3  355  330  372    1
    3  327  297  337    1
    3  280  281  314    1
    3  374  340  375    4
    3  296  316  318    1
    3  352  376  377    4
    3  355  307  336    1
    3  292  343  378    3
    3  326  325  363    1
    3  320  287  291    1
    3  345  319  379    3
    3  380  372  381    4
    3  358  366  382    4
    3  268  329  335    1
    3  273  274  324    1
    3  336  307  306    1
    3  265  306  292    1
    3  296  318  333    1
    3  383  374  384    4
    3  329  268  269    1
    3  385  373  386    4
    3  333  324  274    1
    3  283  284  331    1
    3  298  307  355    1
    3  299  353  387    4
    3  308  289  315    1
    3  273  325  272    1
    3  327  337  328    1
    3  388  376  389    4
    3  314  332  328    1
    3  281  282  332    1
    3  315  289  290    1
    3  363  372  330    1
    3  355  372  299    1
    3  285  371  284    1
    3  314  281  332    1
    3  269  326  329    1
    3  369  347  311    3
    3  266  335  306    1
    3  286  320  323    1
    3  308  322  289    1
    3  300  302  331    1
    3  343  390  313    3
    3  292  307  344    3
    3  298  348  370    3
    3  361  390  342    3
    3  343  342  390    3
    3  342  307  362    3
    3  347  369  348    3
    3  361  369  390    3
    3  369  311  390    3
    3  312  311  347    3
    3  311  313  390    3
    3  313  312  378    3
    3  298  362  307    3
    3  342  362  361    3
    3  342  344  307    3
    3  292  344  343    3
    3  369  370  348    3
    3  298  370  361    3
    3  292  378  312    3
    3  313  378  343    3
    3  334  318  375    4
    3  340  391  388    4
    3  318  317  384    4
    3  340  374  391    4
    3  352  385  389    4
    3  376  391  359    4
    3  376  388  391    4
    3  388  385  341    4
    3  359  391  383    4
    3  359  358  377    4
    3  374  383  391    4
    3  383  317  360    4
    3  374  375  318    4
    3  334  375  340    4
    3  334  341  385    4
    3  388  341  340    4
    3  388  389  385    4
    3  352  389  376    4
    3  352  377  358    4
    3  359  377  376    4
    3  358  360  317    4
    3  383  360  359    4
    3  383  384  317    4
    3  318  384  374    4
    3  367  358  309    4
    3  315  337  368    1
    3  353  352  350    4
    3  353  299  380    4
    3  372  380  299    4
    3  380  385  354    4
    3  350  352  392    4
    3  350  297  387    4
    3  366  337  392    4
    3  367  366  358    4
    3  363  334  386    4
    3  373  385  381    4
    3  392  337  351    4
    3  392  352  382    4
    3  380  381  385    4
    3  373  381  372    4
    3  358  317  310    4
    3  367  309  308    4
    3  385  386  334    4
    3  363  386  373    4
    3  366  368  337    4
    3  315  368  367    1
    3  299  387  297    4
    3  350  387  353    4
    3  352  354  385    4
    3  380  354  353    4
    3  358  382  352    4
    3  392  382  366    4
    3  297  351  337    4
    3  392  351  350    4
    3  308  310  317    4
    3  358  310  309    4
    3  312  347  379    3
    3  320  319  323    3
    3  371  323  346    3
    3  338  347  393    3
    3  364  300  394    3
    3  364  348  294    3
    3  319  345  323    3
    3  338  345  347    3
    3  348  298  295    3
    3  294  293  365    3
    3  304  339  394    3
    3  331  371  305    1
    3  364  349  348    3
    3  349  339  393    3
    3  338  393  339    3
    3  349  393  347    3
    3  338  303  371    3
    3  304  303  339    3
    3  356  312  321    3
    3  291  292  357    3
    3  364  394  339    3
    3  304  394  300    3
    3  319  321  312    3
    3  356  321  320    3
    3  293  295  298    3
    3  348  295  294    3
    3  312  357  292    3
    3  291  357  356    3
    3  345  346  323    3
    3  371  346  338    3
    3  303  305  371    3
    3  331  305  304    1
    3  345  379  347    3
    3  312  379  319    3
    3  300  365  293    3
    3  294  365  364    3
C Prescribed Values(Inlet, Outlet), InteractionSurface(Inlet, Outlet)
       3        1        0        2        2        2
C Inlet Velocity
C     Vx,           Vy,            Vz,    indVx,indVy,indVz, FunID (3E18.9, 4I5)
   0.000000000e+00   1.000000000e+00   0.000000000e+00    1    0    1    4
C Inlet Pressure, FunID (E18.9,I5)
   1.000000000e+00    3
C Outlet Pressure (E18.9,I5)
   1.000000000e+00    2
C Inlet Velocity
C nNodeID,    Vx,           Vy,            Vz (I5, 3E18.9)
  265
    1   1.000000000e+00   7.400000000e+00  -5.000000000e-01
    2  -1.200000000e+00   7.000000000e+00  -8.000000000e-01
    3  -1.100000000e+00   7.000000000e+00  -1.600000000e+00
    4  -7.000000000e-01   7.000000000e+00  -2.200000000e+00
    5   0.000000000e+00   7.000000000e+00  -3.000000000e+00
    6   1.300000000e+00   7.000000000e+00  -3.500000000e+00
    7   2.300000000e+00   7.000000000e+00  -3.400000000e+00
    8   2.400000000e+00   7.000000000e+00  -2.600000000e+00
    9   2.100000000e+00   7.000000000e+00  -2.000000000e+00
   10   1.900000000e+00   7.000000000e+00  -1.800000000e+00
   11   1.900000000e+00   7.000000000e+00  -1.600000000e+00
   12   2.100000000e+00   7.000000000e+00  -1.400000000e+00
   13   2.400000000e+00   7.000000000e+00  -1.200000000e+00
   14   2.700000000e+00   7.000000000e+00  -6.000000000e-01
   15   2.700000000e+00   7.000000000e+00   5.000000000e-01
   16   2.400000000e+00   7.000000000e+00   1.200000000e+00
   17   1.900000000e+00   7.000000000e+00   1.600000000e+00
   18   1.400000000e+00   7.000000000e+00   1.800000000e+00
   19   5.000000000e-01   7.000000000e+00   2.000000000e+00
   20  -6.000000000e-01   7.000000000e+00   1.700000000e+00
   21  -2.000000000e-01   7.000000000e+00   1.100000000e+00
   22   2.000000000e-01   7.000000000e+00   9.000000000e-01
   23   2.000000000e-01   7.000000000e+00   9.000000000e-01
   24  -2.000000000e-01   7.000000000e+00   9.000000000e-01
   25  -8.000000000e-01   7.000000000e+00   5.000000000e-01
   26  -1.700000000e+00   6.600000000e+00  -2.000000000e-01
   27  -1.600000000e+00   6.600000000e+00  -1.200000000e+00
   28  -1.200000000e+00   6.600000000e+00  -2.100000000e+00
   29  -4.000000000e-01   6.600000000e+00  -3.000000000e+00
   30   8.000000000e-01   6.600000000e+00  -3.800000000e+00
   31   2.000000000e+00   6.600000000e+00  -3.700000000e+00
   32   2.300000000e+00   6.600000000e+00  -3.100000000e+00
   33   2.000000000e+00   6.600000000e+00  -2.600000000e+00
   34   2.000000000e+00   6.600000000e+00  -2.400000000e+00
   35   2.400000000e+00   6.600000000e+00  -2.100000000e+00
   36   2.800000000e+00   6.600000000e+00  -1.700000000e+00
   37   3.100000000e+00   6.600000000e+00  -1.200000000e+00
   38   3.400000000e+00   6.600000000e+00  -4.000000000e-01
   39   3.400000000e+00   6.600000000e+00   8.000000000e-01
   40   3.000000000e+00   6.600000000e+00   1.700000000e+00
   41   2.400000000e+00   6.600000000e+00   2.100000000e+00
   42   1.800000000e+00   6.600000000e+00   2.400000000e+00
   43   9.000000000e-01   6.600000000e+00   2.600000000e+00
   44   1.000000000e-01   6.600000000e+00   2.400000000e+00
   45   5.000000000e-01   6.600000000e+00   1.900000000e+00
   46   8.000000000e-01   6.600000000e+00   1.900000000e+00
   47   7.000000000e-01   6.600000000e+00   2.200000000e+00
   48   0.000000000e+00   6.600000000e+00   2.100000000e+00
   49  -9.000000000e-01   6.600000000e+00   1.400000000e+00
   50  -1.900000000e+00   6.200000000e+00   1.400000000e+00
   51  -2.200000000e+00   6.200000000e+00   4.000000000e-01
   52  -2.000000000e+00   6.200000000e+00  -9.000000000e-01
   53  -1.100000000e+00   6.200000000e+00  -2.400000000e+00
   54   2.000000000e-01   6.200000000e+00  -3.500000000e+00
   55   1.500000000e+00   6.200000000e+00  -3.600000000e+00
   56   2.000000000e+00   6.200000000e+00  -3.100000000e+00
   57   2.200000000e+00   6.200000000e+00  -2.700000000e+00
   58   2.500000000e+00   6.200000000e+00  -2.500000000e+00
   59   3.000000000e+00   6.200000000e+00  -2.100000000e+00
   60   3.600000000e+00   6.200000000e+00  -1.400000000e+00
   61   4.000000000e+00   6.200000000e+00  -5.000000000e-01
   62   4.100000000e+00   6.200000000e+00   5.000000000e-01
   63   4.000000000e+00   6.200000000e+00   1.700000000e+00
   64   3.400000000e+00   6.200000000e+00   2.500000000e+00
   65   3.100000000e+00   6.200000000e+00   2.700000000e+00
   66   2.900000000e+00   6.200000000e+00   2.600000000e+00
   67   2.200000000e+00   6.200000000e+00   2.900000000e+00
   68   9.000000000e-01   6.200000000e+00   3.100000000e+00
   69   4.000000000e-01   6.200000000e+00   2.800000000e+00
   70   3.000000000e-01   6.200000000e+00   2.700000000e+00
   71   1.000000000e-01   6.200000000e+00   2.700000000e+00
   72  -4.000000000e-01   6.200000000e+00   2.800000000e+00
   73  -1.100000000e+00   6.200000000e+00   2.500000000e+00
   74  -2.100000000e+00   5.700000000e+00   2.700000000e+00
   75  -2.600000000e+00   5.700000000e+00   1.600000000e+00
   76  -2.600000000e+00   5.700000000e+00   1.000000000e-01
   77  -1.900000000e+00   5.700000000e+00  -1.700000000e+00
   78  -5.000000000e-01   5.700000000e+00  -3.200000000e+00
   79   1.000000000e+00   5.700000000e+00  -3.500000000e+00
   80   1.900000000e+00   5.700000000e+00  -3.200000000e+00
   81   2.400000000e+00   5.700000000e+00  -2.900000000e+00
   82   2.900000000e+00   5.700000000e+00  -2.500000000e+00
   83   3.600000000e+00   5.700000000e+00  -1.900000000e+00
   84   4.100000000e+00   5.700000000e+00  -1.200000000e+00
   85   4.500000000e+00   5.700000000e+00  -3.000000000e-01
   86   4.600000000e+00   5.700000000e+00   6.000000000e-01
   87   4.500000000e+00   5.700000000e+00   1.800000000e+00
   88   3.900000000e+00   5.700000000e+00   3.000000000e+00
   89   3.400000000e+00   5.700000000e+00   3.100000000e+00
   90   3.100000000e+00   5.700000000e+00   3.000000000e+00
   91   2.600000000e+00   5.700000000e+00   3.300000000e+00
   92   1.600000000e+00   5.700000000e+00   3.500000000e+00
   93   8.000000000e-01   5.700000000e+00   3.400000000e+00
   94   3.000000000e-01   5.700000000e+00   3.400000000e+00
   95   0.000000000e+00   5.700000000e+00   3.400000000e+00
   96  -6.000000000e-01   5.700000000e+00   3.600000000e+00
   97  -1.300000000e+00   5.700000000e+00   3.500000000e+00
   98  -2.500000000e+00   5.400000000e+00   3.100000000e+00
   99  -3.000000000e+00   5.400000000e+00   2.100000000e+00
  100  -3.200000000e+00   5.400000000e+00   5.000000000e-01
  101  -2.500000000e+00   5.400000000e+00  -1.700000000e+00
  102  -7.000000000e-01   5.400000000e+00  -3.600000000e+00
  103   1.100000000e+00   5.400000000e+00  -4.100000000e+00
  104   2.200000000e+00   5.400000000e+00  -3.700000000e+00
  105   2.900000000e+00   5.400000000e+00  -3.100000000e+00
  106   3.400000000e+00   5.400000000e+00  -2.600000000e+00
  107   4.000000000e+00   5.400000000e+00  -1.900000000e+00
  108   4.400000000e+00   5.400000000e+00  -1.100000000e+00
  109   4.600000000e+00   5.400000000e+00  -4.000000000e-01
  110   4.700000000e+00   5.400000000e+00   5.000000000e-01
  111   4.700000000e+00   5.400000000e+00   1.700000000e+00
  112   3.900000000e+00   5.400000000e+00   3.300000000e+00
  113   3.100000000e+00   5.400000000e+00   3.600000000e+00
  114   2.800000000e+00   5.400000000e+00   3.500000000e+00
  115   2.300000000e+00   5.400000000e+00   3.600000000e+00
  116   1.300000000e+00   5.400000000e+00   3.800000000e+00
  117   5.000000000e-01   5.400000000e+00   3.800000000e+00
  118  -3.000000000e-01   5.400000000e+00   3.600000000e+00
  119  -6.000000000e-01   5.400000000e+00   3.500000000e+00
  120  -1.000000000e+00   5.400000000e+00   3.800000000e+00
  121  -1.600000000e+00   5.400000000e+00   3.800000000e+00
  122  -2.900000000e+00   5.000000000e+00   3.300000000e+00
  123  -3.500000000e+00   5.000000000e+00   2.300000000e+00
  124  -3.700000000e+00   5.000000000e+00   5.000000000e-01
  125  -2.800000000e+00   5.000000000e+00  -1.900000000e+00
  126  -8.000000000e-01   5.000000000e+00  -4.000000000e+00
  127   1.300000000e+00   5.000000000e+00  -4.600000000e+00
  128   2.700000000e+00   5.000000000e+00  -4.200000000e+00
  129   3.500000000e+00   5.000000000e+00  -3.400000000e+00
  130   4.000000000e+00   5.000000000e+00  -2.600000000e+00
  131   4.600000000e+00   5.000000000e+00  -1.700000000e+00
  132   5.000000000e+00   5.000000000e+00  -7.000000000e-01
  133   4.900000000e+00   5.000000000e+00   1.000000000e-01
  134   4.800000000e+00   5.000000000e+00   6.000000000e-01
  135   4.600000000e+00   5.000000000e+00   1.700000000e+00
  136   3.800000000e+00   5.000000000e+00   3.400000000e+00
  137   2.800000000e+00   5.000000000e+00   4.100000000e+00
  138   2.100000000e+00   5.000000000e+00   4.100000000e+00
  139   1.500000000e+00   5.000000000e+00   4.200000000e+00
  140   4.000000000e-01   5.000000000e+00   4.200000000e+00
  141  -5.000000000e-01   5.000000000e+00   4.000000000e+00
  142  -1.200000000e+00   5.000000000e+00   3.500000000e+00
  143  -1.400000000e+00   5.000000000e+00   3.400000000e+00
  144  -1.500000000e+00   5.000000000e+00   3.800000000e+00
  145  -2.000000000e+00   5.000000000e+00   4.100000000e+00
  146  -3.400000000e+00   3.800000000e+00   2.100000000e+00
  147  -3.800000000e+00   3.800000000e+00   9.000000000e-01
  148  -3.700000000e+00   3.800000000e+00  -1.100000000e+00
  149  -2.600000000e+00   3.800000000e+00  -3.600000000e+00
  150  -1.000000000e-01   3.800000000e+00  -5.700000000e+00
  151   2.400000000e+00   3.800000000e+00  -6.300000000e+00
  152   3.800000000e+00   3.800000000e+00  -5.400000000e+00
  153   4.400000000e+00   3.800000000e+00  -4.400000000e+00
  154   4.600000000e+00   3.800000000e+00  -3.500000000e+00
  155   5.200000000e+00   3.800000000e+00  -2.600000000e+00
  156   5.700000000e+00   3.800000000e+00  -1.300000000e+00
  157   5.600000000e+00   3.800000000e+00  -3.000000000e-01
  158   5.300000000e+00   3.800000000e+00   3.000000000e-01
  159   5.000000000e+00   3.800000000e+00   1.100000000e+00
  160   4.200000000e+00   3.800000000e+00   3.100000000e+00
  161   2.900000000e+00   3.800000000e+00   3.900000000e+00
  162   2.100000000e+00   3.800000000e+00   3.800000000e+00
  163   1.500000000e+00   3.800000000e+00   3.800000000e+00
  164   4.000000000e-01   3.800000000e+00   3.800000000e+00
  165  -9.000000000e-01   3.800000000e+00   3.500000000e+00
  166  -1.800000000e+00   3.800000000e+00   3.000000000e+00
  167  -1.900000000e+00   3.800000000e+00   2.900000000e+00
  168  -1.900000000e+00   3.800000000e+00   3.300000000e+00
  169  -2.600000000e+00   3.800000000e+00   3.300000000e+00
  170  -4.000000000e+00   2.700000000e+00  -3.000000000e-01
  171  -4.200000000e+00   2.700000000e+00  -1.400000000e+00
  172  -3.900000000e+00   2.700000000e+00  -2.900000000e+00
  173  -2.900000000e+00   2.700000000e+00  -4.900000000e+00
  174  -5.000000000e-01   2.700000000e+00  -7.000000000e+00
  175   2.400000000e+00   2.700000000e+00  -7.600000000e+00
  176   4.200000000e+00   2.700000000e+00  -6.600000000e+00
  177   4.500000000e+00   2.700000000e+00  -5.300000000e+00
  178   4.500000000e+00   2.700000000e+00  -4.400000000e+00
  179   4.800000000e+00   2.700000000e+00  -3.800000000e+00
  180   5.400000000e+00   2.700000000e+00  -2.700000000e+00
  181   5.500000000e+00   2.700000000e+00  -1.700000000e+00
  182   5.600000000e+00   2.700000000e+00  -1.000000000e+00
  183   5.500000000e+00   2.700000000e+00   1.000000000e-01
  184   4.500000000e+00   2.700000000e+00   2.600000000e+00
  185   2.900000000e+00   2.700000000e+00   3.600000000e+00
  186   2.100000000e+00   2.700000000e+00   3.400000000e+00
  187   1.500000000e+00   2.700000000e+00   3.100000000e+00
  188   5.000000000e-01   2.700000000e+00   3.200000000e+00
  189  -7.000000000e-01   2.700000000e+00   2.900000000e+00
  190  -1.500000000e+00   2.700000000e+00   2.500000000e+00
  191  -1.700000000e+00   2.700000000e+00   2.400000000e+00
  192  -2.300000000e+00   2.700000000e+00   2.500000000e+00
  193  -3.400000000e+00   2.700000000e+00   1.600000000e+00
  194  -4.800000000e+00   1.600000000e+00  -2.800000000e+00
  195  -4.500000000e+00   1.600000000e+00  -3.600000000e+00
  196  -4.100000000e+00   1.600000000e+00  -4.300000000e+00
  197  -3.600000000e+00   1.600000000e+00  -5.400000000e+00
  198  -1.800000000e+00   1.600000000e+00  -7.100000000e+00
  199   1.300000000e+00   1.600000000e+00  -8.100000000e+00
  200   3.400000000e+00   1.600000000e+00  -7.300000000e+00
  201   4.200000000e+00   1.600000000e+00  -6.200000000e+00
  202   4.500000000e+00   1.600000000e+00  -5.200000000e+00
  203   4.800000000e+00   1.600000000e+00  -4.400000000e+00
  204   5.500000000e+00   1.600000000e+00  -3.300000000e+00
  205   5.700000000e+00   1.600000000e+00  -2.500000000e+00
  206   5.700000000e+00   1.600000000e+00  -1.900000000e+00
  207   5.700000000e+00   1.600000000e+00  -8.000000000e-01
  208   4.600000000e+00   1.600000000e+00   2.000000000e+00
  209   2.900000000e+00   1.600000000e+00   3.100000000e+00
  210   2.200000000e+00   1.600000000e+00   2.800000000e+00
  211   1.600000000e+00   1.600000000e+00   2.600000000e+00
  212   6.000000000e-01   1.600000000e+00   2.600000000e+00
  213  -5.000000000e-01   1.600000000e+00   2.500000000e+00
  214  -1.500000000e+00   1.600000000e+00   2.200000000e+00
  215  -1.800000000e+00   1.600000000e+00   2.000000000e+00
  216  -2.800000000e+00   1.600000000e+00   1.600000000e+00
  217  -4.200000000e+00   1.600000000e+00  -1.000000000e-01
  218  -4.900000000e+00   6.000000000e-01  -4.100000000e+00
  219  -4.400000000e+00   6.000000000e-01  -4.900000000e+00
  220  -4.000000000e+00   6.000000000e-01  -5.600000000e+00
  221  -3.100000000e+00   6.000000000e-01  -6.800000000e+00
  222  -8.000000000e-01   6.000000000e-01  -8.600000000e+00
  223   2.200000000e+00   6.000000000e-01  -9.100000000e+00
  224   3.700000000e+00   6.000000000e-01  -8.200000000e+00
  225   4.400000000e+00   6.000000000e-01  -7.000000000e+00
  226   4.600000000e+00   6.000000000e-01  -6.100000000e+00
  227   5.200000000e+00   6.000000000e-01  -5.200000000e+00
  228   6.100000000e+00   6.000000000e-01  -3.700000000e+00
  229   6.200000000e+00   6.000000000e-01  -2.500000000e+00
  230   6.100000000e+00   6.000000000e-01  -1.700000000e+00
  231   6.000000000e+00   6.000000000e-01  -8.000000000e-01
  232   4.900000000e+00   6.000000000e-01   1.700000000e+00
  233   3.200000000e+00   6.000000000e-01   2.900000000e+00
  234   2.200000000e+00   6.000000000e-01   2.600000000e+00
  235   1.600000000e+00   6.000000000e-01   2.400000000e+00
  236   1.000000000e-01   6.000000000e-01   2.400000000e+00
  237  -1.200000000e+00   6.000000000e-01   1.900000000e+00
  238  -1.800000000e+00   6.000000000e-01   1.400000000e+00
  239  -2.200000000e+00   6.000000000e-01   1.200000000e+00
  240  -3.000000000e+00   6.000000000e-01   9.000000000e-01
  241  -4.500000000e+00   6.000000000e-01  -1.200000000e+00
  242  -4.300000000e+00  -5.000000000e-01  -4.000000000e+00
  243  -4.000000000e+00  -5.000000000e-01  -4.800000000e+00
  244  -3.600000000e+00  -5.000000000e-01  -5.800000000e+00
  245  -2.600000000e+00  -5.000000000e-01  -7.200000000e+00
  246  -2.000000000e-01  -5.000000000e-01  -9.100000000e+00
  247   2.300000000e+00  -5.000000000e-01  -9.500000000e+00
  248   3.500000000e+00  -5.000000000e-01  -8.700000000e+00
  249   4.000000000e+00  -5.000000000e-01  -7.900000000e+00
  250   4.500000000e+00  -5.000000000e-01  -7.300000000e+00
  251   5.700000000e+00  -5.000000000e-01  -6.200000000e+00
  252   7.000000000e+00  -5.000000000e-01  -4.100000000e+00
  253   7.000000000e+00  -5.000000000e-01  -2.800000000e+00
  254   6.500000000e+00  -5.000000000e-01  -2.100000000e+00
  255   6.400000000e+00  -5.000000000e-01  -1.700000000e+00
  256   5.700000000e+00  -5.000000000e-01   2.000000000e-01
  257   4.000000000e+00  -5.000000000e-01   1.900000000e+00
  258   3.400000000e+00  -5.000000000e-01   1.500000000e+00
  259   3.300000000e+00  -5.000000000e-01   1.400000000e+00
  260   1.800000000e+00  -5.000000000e-01   1.700000000e+00
  261  -2.000000000e-01  -5.000000000e-01   1.500000000e+00
  262  -1.200000000e+00  -5.000000000e-01   1.000000000e+00
  263  -1.500000000e+00  -5.000000000e-01   8.000000000e-01
  264  -2.500000000e+00  -5.000000000e-01   5.000000000e-01
  265  -4.100000000e+00  -5.000000000e-01  -1.700000000e+00
C Region List
