C PointsNum,MaxElemVol,TetGenParams,nAtrib,IndMov,MDMaxVolume,MDomDiv,MDOnly,MDDivF,MDPrescP
  395    1.000000e+00 YYpznno2q1.414a     0     0    1.000000e+00     1     0     0     0     0     0 YYpznno2q1.414a
  -1.572148000e-01  -8.222570000e+00   2.781900000e-02
   8.787710000e-02  -7.765820000e+00   9.469840000e-01
  -1.574590000e-01  -7.765820000e+00   9.580480000e-01
  -3.928280000e-01  -7.765820000e+00   8.942330000e-01
  -6.022570000e-01  -7.765820000e+00   7.822300000e-01
  -7.814580000e-01  -7.765820000e+00   6.268930000e-01
  -9.168340000e-01  -7.765820000e+00   4.334290000e-01
  -1.003789000e+00  -7.765820000e+00   2.110960000e-01
  -1.043068000e+00  -7.765820000e+00  -2.878800000e-02
  -1.028557000e+00  -7.765820000e+00  -2.787610000e-01
  -9.400870000e-01  -7.765820000e+00  -5.198680000e-01
  -7.655420000e-01  -7.765820000e+00  -7.087370000e-01
  -5.427010000e-01  -7.765820000e+00  -8.285250000e-01
  -3.041229000e-01  -7.765820000e+00  -8.893890000e-01
  -6.244800000e-02  -7.765820000e+00  -8.968340000e-01
   1.613440000e-01  -7.765820000e+00  -8.163610000e-01
   3.204660000e-01  -7.765820000e+00  -6.424930000e-01
   4.255370000e-01  -7.765820000e+00  -4.618660000e-01
   5.087250000e-01  -7.765820000e+00  -2.954650000e-01
   5.821810000e-01  -7.765820000e+00  -1.279040000e-01
   6.424040000e-01  -7.765820000e+00   5.709800000e-02
   6.649050000e-01  -7.765820000e+00   2.672130000e-01
   5.991650000e-01  -7.765820000e+00   4.753840000e-01
   4.777470000e-01  -7.765820000e+00   6.670700000e-01
   3.096420000e-01  -7.765820000e+00   8.399680000e-01
   9.091660000e-02  -7.309070000e+00   1.266310000e+00
  -2.394520000e-01  -7.309070000e+00   1.270125000e+00
  -5.516990000e-01  -7.309070000e+00   1.185763000e+00
  -8.344050000e-01  -7.309070000e+00   1.038935000e+00
  -1.076928000e+00  -7.309070000e+00   8.346800000e-01
  -1.262520000e+00  -7.309070000e+00   5.763960000e-01
  -1.394600000e+00  -7.309070000e+00   2.806132000e-01
  -1.476030000e+00  -7.309070000e+00  -4.801500000e-02
  -1.481650000e+00  -7.309070000e+00  -4.048790000e-01
  -1.366598000e+00  -7.309070000e+00  -7.549010000e-01
  -1.111129000e+00  -7.309070000e+00  -1.020340000e+00
  -7.837920000e-01  -7.309070000e+00  -1.172840000e+00
  -4.440834000e-01  -7.309070000e+00  -1.237650000e+00
  -1.108710000e-01  -7.309070000e+00  -1.232470000e+00
   1.925210000e-01  -7.309070000e+00  -1.116909000e+00
   3.939010000e-01  -7.309070000e+00  -8.563710000e-01
   5.167500000e-01  -7.309070000e+00  -6.019380000e-01
   6.161340000e-01  -7.309070000e+00  -3.832580000e-01
   7.199860000e-01  -7.309070000e+00  -1.713868000e-01
   8.282410000e-01  -7.309070000e+00   6.920300000e-02
   8.981710000e-01  -7.309070000e+00   3.623610000e-01
   8.166970000e-01  -7.309070000e+00   6.563930000e-01
   6.395450000e-01  -7.309070000e+00   9.167270000e-01
   3.979450000e-01  -7.309070000e+00   1.139034000e+00
   6.072900000e-02  -6.852310000e+00   1.474160000e+00
  -3.289520000e-01  -6.852310000e+00   1.478930000e+00
  -6.977170000e-01  -6.852310000e+00   1.378374000e+00
  -1.029431000e+00  -6.852310000e+00   1.202688000e+00
  -1.312160000e+00  -6.852310000e+00   9.598940000e-01
  -1.529030000e+00  -6.852310000e+00   6.560600000e-01
  -1.694430000e+00  -6.852310000e+00   3.105288000e-01
  -1.807910000e+00  -6.852310000e+00  -7.831900000e-02
  -1.835080000e+00  -6.852310000e+00  -5.115190000e-01
  -1.706860000e+00  -6.852310000e+00  -9.420640000e-01
  -1.391643000e+00  -6.852310000e+00  -1.261050000e+00
  -9.894120000e-01  -6.852310000e+00  -1.436200000e+00
  -5.772710000e-01  -6.852310000e+00  -1.506670000e+00
  -1.790850000e-01  -6.852310000e+00  -1.495310000e+00
   1.863810000e-01  -6.852310000e+00  -1.362105000e+00
   4.169140000e-01  -6.852310000e+00  -1.030656000e+00
   5.442660000e-01  -6.852310000e+00  -7.142660000e-01
   6.428670000e-01  -6.852310000e+00  -4.521500000e-01
   7.491260000e-01  -6.852310000e+00  -2.104712000e-01
   8.650710000e-01  -6.852310000e+00   5.861700000e-02
   9.461910000e-01  -6.852310000e+00   3.861430000e-01
   8.610120000e-01  -6.852310000e+00   7.198120000e-01
   6.794670000e-01  -6.852310000e+00   1.032300000e+00
   4.163980000e-01  -6.852310000e+00   1.312800000e+00
   2.109400000e-02  -6.395560000e+00   1.623210000e+00
  -4.127960000e-01  -6.395560000e+00   1.630460000e+00
  -8.260470000e-01  -6.395560000e+00   1.528660000e+00
  -1.204810000e+00  -6.395560000e+00   1.341637000e+00
  -1.528090000e+00  -6.395560000e+00   1.072342000e+00
  -1.773580000e+00  -6.395560000e+00   7.275060000e-01
  -1.962380000e+00  -6.395560000e+00   3.367276000e-01
  -2.093640000e+00  -6.395560000e+00  -1.038470000e-01
  -2.126630000e+00  -6.395560000e+00  -5.972860000e-01
  -1.981090000e+00  -6.395560000e+00  -1.086460000e+00
  -1.623030000e+00  -6.395560000e+00  -1.449750000e+00
  -1.163791000e+00  -6.395560000e+00  -1.645720000e+00
  -6.959060000e-01  -6.395560000e+00  -1.722640000e+00
  -2.444300000e-01  -6.395560000e+00  -1.706400000e+00
   1.721550000e-01  -6.395560000e+00  -1.564250000e+00
   4.268320000e-01  -6.395560000e+00  -1.176010000e+00
   5.514680000e-01  -6.395560000e+00  -8.025840000e-01
   6.450970000e-01  -6.395560000e+00  -5.056180000e-01
   7.479920000e-01  -6.395560000e+00  -2.392724000e-01
   8.655360000e-01  -6.395560000e+00   4.865700000e-02
   9.558740000e-01  -6.395560000e+00   3.998790000e-01
   8.696160000e-01  -6.395560000e+00   7.592490000e-01
   6.876960000e-01  -6.395560000e+00   1.110710000e+00
   4.119540000e-01  -6.395560000e+00   1.438800000e+00
  -4.205000000e-03  -5.938800000e+00   1.781060000e+00
  -4.775600000e-01  -5.938800000e+00   1.786910000e+00
  -9.304370000e-01  -5.938800000e+00   1.677890000e+00
  -1.344770000e+00  -5.938800000e+00   1.476361000e+00
  -1.699770000e+00  -5.938800000e+00   1.182382000e+00
  -1.970940000e+00  -5.938800000e+00   8.058580000e-01
  -2.180730000e+00  -5.938800000e+00   3.788001000e-01
  -2.327890000e+00  -5.938800000e+00  -1.055470000e-01
  -2.369990000e+00  -5.938800000e+00  -6.502160000e-01
  -2.215810000e+00  -5.938800000e+00  -1.193810000e+00
  -1.817990000e+00  -5.938800000e+00  -1.594390000e+00
  -1.302682000e+00  -5.938800000e+00  -1.797810000e+00
  -7.862050000e-01  -5.938800000e+00  -1.865370000e+00
  -2.949680000e-01  -5.938800000e+00  -1.835200000e+00
   1.565170000e-01  -5.938800000e+00  -1.686170000e+00
   4.295360000e-01  -5.938800000e+00  -1.260940000e+00
   5.530970000e-01  -5.938800000e+00  -8.478540000e-01
   6.465120000e-01  -5.938800000e+00  -5.278530000e-01
   7.500680000e-01  -5.938800000e+00  -2.451999000e-01
   8.829090000e-01  -5.938800000e+00   5.900600000e-02
   1.004697000e+00  -5.938800000e+00   4.393950000e-01
   9.124360000e-01  -5.938800000e+00   8.294410000e-01
   7.213280000e-01  -5.938800000e+00   1.217280000e+00
   4.248210000e-01  -5.938800000e+00   1.582470000e+00
  -3.683900000e-02  -5.482050000e+00   1.900360000e+00
  -5.402700000e-01  -5.482050000e+00   1.903020000e+00
  -1.020110000e+00  -5.482050000e+00   1.783090000e+00
  -1.456750000e+00  -5.482050000e+00   1.565486000e+00
  -1.831280000e+00  -5.482050000e+00   1.252312000e+00
  -2.120130000e+00  -5.482050000e+00   8.561110000e-01
  -2.358210000e+00  -5.482050000e+00   4.075741000e-01
  -2.542890000e+00  -5.482050000e+00  -1.102200000e-01
  -2.619590000e+00  -5.482050000e+00  -7.073500000e-01
  -2.466430000e+00  -5.482050000e+00  -1.314020000e+00
  -2.015250000e+00  -5.482050000e+00  -1.744450000e+00
  -1.424796000e+00  -5.482050000e+00  -1.920080000e+00
  -8.598390000e-01  -5.482050000e+00  -1.940270000e+00
  -3.485400000e-01  -5.482050000e+00  -1.875720000e+00
   1.146600000e-01  -5.482050000e+00  -1.729900000e+00
   4.197640000e-01  -5.482050000e+00  -1.331030000e+00
   5.605960000e-01  -5.482050000e+00  -9.028700000e-01
   6.606100000e-01  -5.482050000e+00  -5.611370000e-01
   7.667430000e-01  -5.482050000e+00  -2.574259000e-01
   9.003710000e-01  -5.482050000e+00   6.532700000e-02
   1.010744000e+00  -5.482050000e+00   4.626150000e-01
   9.094040000e-01  -5.482050000e+00   8.678170000e-01
   7.214280000e-01  -5.482050000e+00   1.284310000e+00
   4.187446000e-01  -5.482050000e+00   1.685250000e+00
  -7.960400000e-02  -4.610630000e+00   2.173170000e+00
  -6.434260000e-01  -4.610630000e+00   2.179810000e+00
  -1.180000000e+00  -4.610630000e+00   2.046470000e+00
  -1.669710000e+00  -4.610630000e+00   1.802270000e+00
  -2.088240000e+00  -4.610630000e+00   1.452446000e+00
  -2.406890000e+00  -4.610630000e+00   1.006322000e+00
  -2.654560000e+00  -4.610630000e+00   5.021583000e-01
  -2.833340000e+00  -4.610630000e+00  -6.985500000e-02
  -2.892450000e+00  -4.610630000e+00  -7.157300000e-01
  -2.723690000e+00  -4.610630000e+00  -1.370930000e+00
  -2.242530000e+00  -4.610630000e+00  -1.844320000e+00
  -1.592278000e+00  -4.610630000e+00  -2.019530000e+00
  -9.776040000e-01  -4.610630000e+00  -2.014040000e+00
  -4.345888000e-01  -4.610630000e+00  -1.924430000e+00
   5.454000000e-02  -4.610630000e+00  -1.773680000e+00
   3.868500000e-01  -4.610630000e+00  -1.369296000e+00
   5.276460000e-01  -4.610630000e+00  -9.035100000e-01
   6.257600000e-01  -4.610630000e+00  -5.386590000e-01
   7.322810000e-01  -4.610630000e+00  -2.188417000e-01
   8.810080000e-01  -4.610630000e+00   1.190440000e-01
   9.944470000e-01  -4.610630000e+00   5.376880000e-01
   8.902810000e-01  -4.610630000e+00   9.660430000e-01
   7.239780000e-01  -4.610630000e+00   1.439170000e+00
   4.216162900e-01  -4.610630000e+00   1.919440000e+00
  -1.061530000e-01  -3.739210000e+00   2.370100000e+00
  -7.069590000e-01  -3.739210000e+00   2.387100000e+00
  -1.285980000e+00  -3.739210000e+00   2.256090000e+00
  -1.819220000e+00  -3.739210000e+00   2.004630000e+00
  -2.281990000e+00  -3.739210000e+00   1.633959000e+00
  -2.628310000e+00  -3.739210000e+00   1.147271000e+00
  -2.873540000e+00  -3.739210000e+00   5.935661000e-01
  -3.026270000e+00  -3.739210000e+00  -2.122600000e-02
  -3.047900000e+00  -3.739210000e+00  -6.934400000e-01
  -2.852050000e+00  -3.739210000e+00  -1.363330000e+00
  -2.356520000e+00  -3.739210000e+00  -1.854850000e+00
  -1.671200000e+00  -3.739210000e+00  -2.010790000e+00
  -1.034153000e+00  -3.739210000e+00  -1.971030000e+00
  -4.896358000e-01  -3.739210000e+00  -1.858100000e+00
  -1.638000000e-03  -3.739210000e+00  -1.709070000e+00
   3.603120000e-01  -3.739210000e+00  -1.356900000e+00
   5.317290000e-01  -3.739210000e+00  -8.996660000e-01
   6.483270000e-01  -3.739210000e+00  -5.199530000e-01
   7.559830000e-01  -3.739210000e+00  -1.794339000e-01
   8.960120000e-01  -3.739210000e+00   1.786240000e-01
   9.562080000e-01  -3.739210000e+00   5.996060000e-01
   8.569370000e-01  -3.739210000e+00   1.036660000e+00
   7.121460000e-01  -3.739210000e+00   1.544350000e+00
   4.207498000e-01  -3.739210000e+00   2.085890000e+00
  -1.075970000e-01  -2.868800000e+00   2.484380000e+00
  -7.250400000e-01  -2.868800000e+00   2.518140000e+00
  -1.330120000e+00  -2.868800000e+00   2.405500000e+00
  -1.901750000e+00  -2.868800000e+00   2.164610000e+00
  -2.405220000e+00  -2.868800000e+00   1.787050000e+00
  -2.776390000e+00  -2.868800000e+00   1.271489000e+00
  -3.008530000e+00  -2.868800000e+00   6.744598000e-01
  -3.116860000e+00  -2.868800000e+00   2.987400000e-02
  -3.083750000e+00  -2.868800000e+00  -6.446500000e-01
  -2.854310000e+00  -2.868800000e+00  -1.301250000e+00
  -2.365030000e+00  -2.868800000e+00  -1.794020000e+00
  -1.679910000e+00  -2.868800000e+00  -1.947590000e+00
  -1.043597000e+00  -2.868800000e+00  -1.895180000e+00
  -5.039577000e-01  -2.868800000e+00  -1.773940000e+00
  -2.402800000e-02  -2.868800000e+00  -1.627580000e+00
   3.494200000e-01  -2.868800000e+00  -1.304560000e+00
   5.420360000e-01  -2.868800000e+00  -8.646920000e-01
   6.799280000e-01  -2.868800000e+00  -4.860050000e-01
   7.958160000e-01  -2.868800000e+00  -1.355402000e-01
   9.434470000e-01  -2.868800000e+00   2.361120000e-01
   9.802710000e-01  -2.868800000e+00   6.670300000e-01
   8.783320000e-01  -2.868800000e+00   1.114390000e+00
   7.297340000e-01  -2.868800000e+00   1.634720000e+00
   4.315627000e-01  -2.868800000e+00   2.189660000e+00
  -1.143260000e-01  -1.997380000e+00   2.535200000e+00
  -7.442400000e-01  -1.997380000e+00   2.583590000e+00
  -1.368650000e+00  -1.997380000e+00   2.479840000e+00
  -1.964030000e+00  -1.997380000e+00   2.240580000e+00
  -2.489820000e+00  -1.997380000e+00   1.854100000e+00
  -2.871740000e+00  -1.997380000e+00   1.316914000e+00
  -3.085190000e+00  -1.997380000e+00   6.918790000e-01
  -3.156510000e+00  -1.997380000e+00   3.257100000e-02
  -3.081080000e+00  -1.997380000e+00  -6.368800000e-01
  -2.827990000e+00  -1.997380000e+00  -1.271780000e+00
  -2.347350000e+00  -1.997380000e+00  -1.755770000e+00
  -1.684730000e+00  -1.997380000e+00  -1.921960000e+00
  -1.059326000e+00  -1.997380000e+00  -1.889930000e+00
  -5.204214000e-01  -1.997380000e+00  -1.785160000e+00
  -3.318200000e-02  -1.997380000e+00  -1.646220000e+00
   3.599560000e-01  -1.997380000e+00  -1.341400000e+00
   5.788180000e-01  -1.997380000e+00  -9.081490000e-01
   7.307020000e-01  -1.997380000e+00  -5.165870000e-01
   8.240850000e-01  -1.997380000e+00  -1.411210000e-01
   9.014930000e-01  -1.997380000e+00   2.404430000e-01
   8.825080000e-01  -1.997380000e+00   6.470710000e-01
   7.977980000e-01  -1.997380000e+00   1.079003000e+00
   6.831820000e-01  -1.997380000e+00   1.607410000e+00
   4.215200000e-01  -1.997380000e+00   2.206870000e+00
  -1.587900000e-01  -1.125960000e+00   2.531430000e+00
  -7.885300000e-01  -1.125960000e+00   2.600250000e+00
  -1.426820000e+00  -1.125960000e+00   2.523690000e+00
  -2.049170000e+00  -1.125960000e+00   2.304630000e+00
  -2.606020000e+00  -1.125960000e+00   1.919420000e+00
  -3.001340000e+00  -1.125960000e+00   1.360011000e+00
  -3.199630000e+00  -1.125960000e+00   7.062550000e-01
  -3.234860000e+00  -1.125960000e+00   2.958200000e-02
  -3.122810000e+00  -1.125960000e+00  -6.375900000e-01
  -2.845140000e+00  -1.125960000e+00  -1.257100000e+00
  -2.365750000e+00  -1.125960000e+00  -1.729330000e+00
  -1.709720000e+00  -1.125960000e+00  -1.887720000e+00
  -1.092790000e+00  -1.125960000e+00  -1.847320000e+00
  -5.651575000e-01  -1.125960000e+00  -1.738430000e+00
  -9.040300000e-02  -1.125960000e+00  -1.602230000e+00
   3.217660000e-01  -1.125960000e+00  -1.351300000e+00
   5.769660000e-01  -1.125960000e+00  -9.463440000e-01
   7.432030000e-01  -1.125960000e+00  -5.459380000e-01
   8.008350000e-01  -1.125960000e+00  -1.457450000e-01
   7.685370000e-01  -1.125960000e+00   2.360410000e-01
   7.033420000e-01  -1.125960000e+00   6.047110000e-01
   6.464740000e-01  -1.125960000e+00   1.011519000e+00
   5.824980000e-01  -1.125960000e+00   1.546540000e+00
   3.662020000e-01  -1.125960000e+00   2.185830000e+00
  -2.086040000e-01  -3.545410000e-01   2.652920000e+00
   3.301790000e-01  -3.545410000e-01   2.267500000e+00
   4.661060000e-01  -3.545410000e-01   1.504330000e+00
   4.547300000e-01  -3.545410000e-01   9.380400000e-01
   4.673140000e-01  -3.545410000e-01   5.548270000e-01
   5.216230000e-01  -3.545410000e-01   2.285790000e-01
   6.359060000e-01  -3.545410000e-01  -1.272940000e-01
   6.762870000e-01  -3.545410000e-01  -5.492310000e-01
   5.261980000e-01  -3.545410000e-01  -9.692100000e-01
   2.682500000e-01  -3.545410000e-01  -1.385150000e+00
  -1.608090000e-01  -3.545410000e-01  -1.621640000e+00
  -6.408674000e-01  -3.545410000e-01  -1.766830000e+00
  -1.177604000e+00  -3.545410000e-01  -1.883930000e+00
  -1.808150000e+00  -3.545410000e-01  -1.928170000e+00
  -2.471530000e+00  -3.545410000e-01  -1.761460000e+00
  -2.953070000e+00  -3.545410000e-01  -1.277760000e+00
  -3.228710000e+00  -3.545410000e-01  -6.473500000e-01
  -3.333550000e+00  -3.545410000e-01   2.880500000e-02
  -3.292280000e+00  -3.545410000e-01   7.107060000e-01
  -3.094580000e+00  -3.545410000e-01   1.370634000e+00
  -2.706310000e+00  -3.545410000e-01   1.943010000e+00
  -2.158820000e+00  -3.545410000e-01   2.358920000e+00
  -1.532320000e+00  -3.545410000e-01   2.616490000e+00
  -8.714100000e-01  -3.545410000e-01   2.723470000e+00
  -1.995010000e+00  -3.549020000e-01  -1.395560000e+00
  -2.434700000e+00  -3.548610000e-01  -1.199080000e+00
  -1.310620000e+00  -3.548350000e-01   2.341280000e+00
  -8.848800000e-01  -3.549930000e-01   2.120420000e+00
  -1.850480000e+00  -3.553780000e-01   5.536180000e-01
  -1.826980000e+00  -3.553480000e-01   8.211075000e-01
  -1.538000000e+00  -3.553900000e-01   8.303108000e-01
  -5.714957000e-01  -3.548470000e-01  -1.428020000e+00
  -1.503390000e+00  -3.554440000e-01   1.984400000e-01
  -1.249260000e+00  -3.554220000e-01   8.375140000e-01
  -9.727200000e-01  -3.554320000e-01   2.305310000e-01
  -2.276480000e+00  -3.552060000e-01   7.753400000e-01
  -2.310460000e+00  -3.552270000e-01   2.585950000e-01
  -2.776710000e+00  -3.549630000e-01   4.610870000e-01
  -2.332180000e+00  -3.550380000e-01   1.358005000e+00
  -2.454090000e+00  -3.550490000e-01   1.109366000e+00
  -2.447800000e+00  -3.549910000e-01   1.313249000e+00
  -2.284840000e-01  -3.549280000e-01   1.925377000e+00
  -7.368630000e-01  -3.552400000e-01   1.416407000e+00
  -1.647850000e+00  -3.551140000e-01  -1.108060000e+00
  -1.567510000e+00  -3.552080000e-01  -9.106100000e-01
  -1.393948000e+00  -3.551790000e-01  -1.007360000e+00
  -1.624600000e+00  -3.552160000e-01   1.530501000e+00
  -1.537220000e+00  -3.550530000e-01   1.950297000e+00
  -1.439130000e+00  -3.551580000e-01   1.743365000e+00
  -2.622570000e+00  -3.549410000e-01  -7.141400000e-01
  -2.038030000e+00  -3.551530000e-01  -8.173800000e-01
  -9.787930000e-01  -3.549030000e-01  -1.453390000e+00
  -1.221384000e+00  -3.551460000e-01  -1.101120000e+00
  -7.398300000e-01  -3.550930000e-01  -1.113060000e+00
  -1.804260000e+00  -3.549910000e-01   1.937328000e+00
  -1.715430000e+00  -3.548250000e-01   2.234950000e+00
  -1.625330000e+00  -3.549400000e-01   2.100120000e+00
  -1.474533000e+00  -3.549080000e-01  -1.480810000e+00
  -2.067300000e+00  -3.549050000e-01   1.927359000e+00
   6.740900000e-02  -3.548440000e-01  -1.017070000e+00
   1.651000000e-01  -3.549060000e-01  -6.045960000e-01
   2.213690000e-01  -3.548740000e-01   3.051200000e-02
  -1.935640000e+00  -3.553580000e-01   9.652400000e-02
  -2.241940000e+00  -3.552160000e-01  -2.603200000e-01
   4.273410000e-02  -3.549710000e-01   7.279250000e-01
  -2.195170000e-01  -3.551780000e-01   2.758570000e-01
  -2.684490000e+00  -3.549420000e-01   1.020854900e+00
  -2.755480000e+00  -3.549680000e-01  -1.290110000e-01
  -2.589150000e-01  -3.548880000e-01  -1.242360000e+00
  -3.863240000e-01  -3.551420000e-01  -7.582900000e-01
   1.569210000e-01  -3.548320000e-01   1.412704000e+00
  -2.492530000e-01  -3.551050000e-01   1.254561000e+00
  -1.746730000e+00  -3.553590000e-01  -2.914780000e-01
  -2.170810000e+00  -3.550520000e-01   1.525350000e+00
  -2.223090000e+00  -3.551390000e-01   1.197877000e+00
  -6.798150000e-01  -3.552320000e-01  -7.224400000e-01
  -7.052650000e-01  -3.552930000e-01  -4.980790000e-01
  -1.043450000e+00  -3.552580000e-01   1.478920000e+00
  -1.111460000e+00  -3.551460000e-01   1.803426000e+00
  -9.246600000e-01  -3.551980000e-01   1.621916000e+00
  -1.984730000e+00  -3.550300000e-01   1.742463000e+00
  -2.119060000e+00  -3.549810000e-01   1.730855000e+00
  -1.900150000e+00  -3.551480000e-01   1.542567000e+00
  -1.806190000e+00  -3.553090000e-01   1.088597000e+00
  -2.014490000e+00  -3.552340000e-01   1.143737000e+00
  -1.371850000e+00  -3.554330000e-01  -3.234700000e-02
  -1.559290000e+00  -3.554020000e-01  -1.604130000e-01
  -1.240300000e+00  -3.554110000e-01  -2.591340000e-01
  -1.107210000e+00  -3.554300000e-01  -1.930200000e-02
  -9.194630000e-01  -3.553950000e-01  -1.410090000e-01
  -5.512880000e-01  -3.553100000e-01   7.167197000e-01
  -1.417420000e+00  -3.549520000e-01   2.147290000e+00
  -1.152650000e+00  -3.549750000e-01   2.137850000e+00
  -1.484180000e+00  -3.552900000e-01  -7.191600000e-01
  -1.227241000e+00  -3.553000000e-01  -7.053800000e-01
  -1.225813000e+00  -3.552270000e-01  -9.057500000e-01
  -1.291350000e+00  -3.553480000e-01   1.182974000e+00
  -1.015610000e+00  -3.553020000e-01   1.304191000e+00
  -2.440590000e-01  -3.551810000e-01  -2.076780000e-01
  -2.042480000e+00  -3.552700000e-01   9.289687800e-01
  -1.945380000e+00  -3.553270000e-01   7.432930000e-01
  -1.616450000e+00  -3.553300000e-01  -5.088200000e-01
  -1.760600000e+00  -3.552340000e-01  -7.622700000e-01
  -1.754160000e+00  -3.553000000e-01  -5.293700000e-01
  -1.576470000e+00  -3.552990000e-01   1.295015000e+00
  -1.549920000e+00  -3.553380000e-01   1.133286000e+00
  -2.442770000e+00  -3.549290000e-01   1.514132000e+00
  -5.480610000e-01  -3.553270000e-01   1.477900000e-01
  -4.852870000e-01  -3.552770000e-01  -2.331970000e-01
  -8.545670000e-01  -3.551940000e-01  -9.203300000e-01
  -7.093220000e-01  -3.551650000e-01  -9.247500000e-01
  -1.106302000e+00  -3.553560000e-01  -4.888600000e-01
  -1.294740000e+00  -3.553300000e-01  -6.005100000e-01
  -1.324340000e+00  -3.551020000e-01   1.885361000e+00
  -1.851210000e+00  -3.550730000e-01   1.743948000e+00
  -8.534180000e-01  -3.553980000e-01  -2.109300000e-02
  -6.387880000e-01  -3.553430000e-01  -6.146300000e-02
  -1.427880000e+00  -3.553760000e-01  -3.814800000e-01
  -1.099845000e+00  -3.552260000e-01  -9.028600000e-01
  -1.039976000e+00  -3.551770000e-01  -1.006720000e+00
  -7.307160000e-01  -3.553490000e-01  -2.627170000e-01
  -4.358060000e-01  -3.552120000e-01  -4.977420000e-01
  -1.304800000e+00  -3.554410000e-01   9.056900000e-02
  -8.505100000e-01  -3.553250000e-01  -4.896560000e-01
  -9.180090000e-01  -3.553580000e-01  -3.757910000e-01
  -1.348040000e+00  -3.552540000e-01   1.512434000e+00
  -9.713050000e-01  -3.552860000e-01  -7.065900000e-01
  -1.493510000e+00  -3.553930000e-01  -2.723060000e-01
  -2.061420000e+00  -3.551510000e-01   1.369222000e+00
  -2.249760000e+00  -3.551760000e-01   9.871089000e-01
C Number of facets
  786
C  Size  Node 1  ......Node N Marker
    3    0    1    2    3
    3    0    2    3    3
    3    0    3    4    3
    3    0    4    5    3
    3    0    5    6    3
    3    0    6    7    3
    3    0    7    8    3
    3    0    8    9    3
    3    0    9   10    3
    3    0   10   11    3
    3    0   11   12    3
    3    0   12   13    3
    3    0   13   14    3
    3    0   14   15    3
    3    0   15   16    3
    3    0   16   17    3
    3    0   17   18    3
    3    0   18   19    3
    3    0   19   20    3
    3    0   20   21    3
    3    0   21   22    3
    3    0   22   23    3
    3    0   23   24    3
    3    0   24    1    3
    3    1   25   26    3
    3    1   26    2    3
    3    2   26   27    3
    3    2   27    3    3
    3    3   27   28    3
    3    3   28    4    3
    3    4   28   29    3
    3    4   29    5    3
    3    5   29   30    3
    3    5   30    6    3
    3    6   30   31    3
    3    6   31    7    3
    3    7   31   32    3
    3    7   32    8    3
    3    8   32   33    3
    3    8   33    9    3
    3    9   33   34    3
    3    9   34   10    3
    3   10   34   35    3
    3   10   35   11    3
    3   11   35   36    3
    3   11   36   12    3
    3   12   36   37    3
    3   12   37   13    3
    3   13   37   38    3
    3   13   38   14    3
    3   14   38   39    3
    3   14   39   15    3
    3   15   39   40    3
    3   15   40   16    3
    3   16   40   41    3
    3   16   41   17    3
    3   17   41   42    3
    3   17   42   18    3
    3   18   42   43    3
    3   18   43   19    3
    3   19   43   44    3
    3   19   44   20    3
    3   20   44   45    3
    3   20   45   21    3
    3   21   45   46    3
    3   21   46   22    3
    3   22   46   47    3
    3   22   47   23    3
    3   23   47   48    3
    3   23   48   24    3
    3   24   48   25    3
    3   24   25    1    3
    3   25   49   50    3
    3   25   50   26    3
    3   26   50   51    3
    3   26   51   27    3
    3   27   51   52    3
    3   27   52   28    3
    3   28   52   53    3
    3   28   53   29    3
    3   29   53   54    3
    3   29   54   30    3
    3   30   54   55    3
    3   30   55   31    3
    3   31   55   56    3
    3   31   56   32    3
    3   32   56   57    3
    3   32   57   33    3
    3   33   57   58    3
    3   33   58   34    3
    3   34   58   59    3
    3   34   59   35    3
    3   35   59   60    3
    3   35   60   36    3
    3   36   60   61    3
    3   36   61   37    3
    3   37   61   62    3
    3   37   62   38    3
    3   38   62   63    3
    3   38   63   39    3
    3   39   63   64    3
    3   39   64   40    3
    3   40   64   65    3
    3   40   65   41    3
    3   41   65   66    3
    3   41   66   42    3
    3   42   66   67    3
    3   42   67   43    3
    3   43   67   68    3
    3   43   68   44    3
    3   44   68   69    3
    3   44   69   45    3
    3   45   69   70    3
    3   45   70   46    3
    3   46   70   71    3
    3   46   71   47    3
    3   47   71   72    3
    3   47   72   48    3
    3   48   72   49    3
    3   48   49   25    3
    3   49   73   74    3
    3   49   74   50    3
    3   50   74   75    3
    3   50   75   51    3
    3   51   75   76    3
    3   51   76   52    3
    3   52   76   77    3
    3   52   77   53    3
    3   53   77   78    3
    3   53   78   54    3
    3   54   78   79    3
    3   54   79   55    3
    3   55   79   80    3
    3   55   80   56    3
    3   56   80   81    3
    3   56   81   57    3
    3   57   81   82    3
    3   57   82   58    3
    3   58   82   83    3
    3   58   83   59    3
    3   59   83   84    3
    3   59   84   60    3
    3   60   84   85    3
    3   60   85   61    3
    3   61   85   86    3
    3   61   86   62    3
    3   62   86   87    3
    3   62   87   63    3
    3   63   87   88    3
    3   63   88   64    3
    3   64   88   89    3
    3   64   89   65    3
    3   65   89   90    3
    3   65   90   66    3
    3   66   90   91    3
    3   66   91   67    3
    3   67   91   92    3
    3   67   92   68    3
    3   68   92   93    3
    3   68   93   69    3
    3   69   93   94    3
    3   69   94   70    3
    3   70   94   95    3
    3   70   95   71    3
    3   71   95   96    3
    3   71   96   72    3
    3   72   96   73    3
    3   72   73   49    3
    3   73   97   98    3
    3   73   98   74    3
    3   74   98   99    3
    3   74   99   75    3
    3   75   99  100    3
    3   75  100   76    3
    3   76  100  101    3
    3   76  101   77    3
    3   77  101  102    3
    3   77  102   78    3
    3   78  102  103    3
    3   78  103   79    3
    3   79  103  104    3
    3   79  104   80    3
    3   80  104  105    3
    3   80  105   81    3
    3   81  105  106    3
    3   81  106   82    3
    3   82  106  107    3
    3   82  107   83    3
    3   83  107  108    3
    3   83  108   84    3
    3   84  108  109    3
    3   84  109   85    3
    3   85  109  110    3
    3   85  110   86    3
    3   86  110  111    3
    3   86  111   87    3
    3   87  111  112    3
    3   87  112   88    3
    3   88  112  113    3
    3   88  113   89    3
    3   89  113  114    3
    3   89  114   90    3
    3   90  114  115    3
    3   90  115   91    3
    3   91  115  116    3
    3   91  116   92    3
    3   92  116  117    3
    3   92  117   93    3
    3   93  117  118    3
    3   93  118   94    3
    3   94  118  119    3
    3   94  119   95    3
    3   95  119  120    3
    3   95  120   96    3
    3   96  120   97    3
    3   96   97   73    3
    3   97  121  122    3
    3   97  122   98    3
    3   98  122  123    3
    3   98  123   99    3
    3   99  123  124    3
    3   99  124  100    3
    3  100  124  125    3
    3  100  125  101    3
    3  101  125  126    3
    3  101  126  102    3
    3  102  126  127    3
    3  102  127  103    3
    3  103  127  128    3
    3  103  128  104    3
    3  104  128  129    3
    3  104  129  105    3
    3  105  129  130    3
    3  105  130  106    3
    3  106  130  131    3
    3  106  131  107    3
    3  107  131  132    3
    3  107  132  108    3
    3  108  132  133    3
    3  108  133  109    3
    3  109  133  134    3
    3  109  134  110    3
    3  110  134  135    3
    3  110  135  111    3
    3  111  135  136    3
    3  111  136  112    3
    3  112  136  137    3
    3  112  137  113    3
    3  113  137  138    3
    3  113  138  114    3
    3  114  138  139    3
    3  114  139  115    3
    3  115  139  140    3
    3  115  140  116    3
    3  116  140  141    3
    3  116  141  117    3
    3  117  141  142    3
    3  117  142  118    3
    3  118  142  143    3
    3  118  143  119    3
    3  119  143  144    3
    3  119  144  120    3
    3  120  144  121    3
    3  120  121   97    3
    3  121  145  146    3
    3  121  146  122    3
    3  122  146  147    3
    3  122  147  123    3
    3  123  147  148    3
    3  123  148  124    3
    3  124  148  149    3
    3  124  149  125    3
    3  125  149  150    3
    3  125  150  126    3
    3  126  150  151    3
    3  126  151  127    3
    3  127  151  152    3
    3  127  152  128    3
    3  128  152  153    3
    3  128  153  129    3
    3  129  153  154    3
    3  129  154  130    3
    3  130  154  155    3
    3  130  155  131    3
    3  131  155  156    3
    3  131  156  132    3
    3  132  156  157    3
    3  132  157  133    3
    3  133  157  158    3
    3  133  158  134    3
    3  134  158  159    3
    3  134  159  135    3
    3  135  159  160    3
    3  135  160  136    3
    3  136  160  161    3
    3  136  161  137    3
    3  137  161  162    3
    3  137  162  138    3
    3  138  162  163    3
    3  138  163  139    3
    3  139  163  164    3
    3  139  164  140    3
    3  140  164  165    3
    3  140  165  141    3
    3  141  165  166    3
    3  141  166  142    3
    3  142  166  167    3
    3  142  167  143    3
    3  143  167  168    3
    3  143  168  144    3
    3  144  168  145    3
    3  144  145  121    3
    3  145  169  170    3
    3  145  170  146    3
    3  146  170  171    3
    3  146  171  147    3
    3  147  171  172    3
    3  147  172  148    3
    3  148  172  173    3
    3  148  173  149    3
    3  149  173  174    3
    3  149  174  150    3
    3  150  174  175    3
    3  150  175  151    3
    3  151  175  176    3
    3  151  176  152    3
    3  152  176  177    3
    3  152  177  153    3
    3  153  177  178    3
    3  153  178  154    3
    3  154  178  179    3
    3  154  179  155    3
    3  155  179  180    3
    3  155  180  156    3
    3  156  180  181    3
    3  156  181  157    3
    3  157  181  182    3
    3  157  182  158    3
    3  158  182  183    3
    3  158  183  159    3
    3  159  183  184    3
    3  159  184  160    3
    3  160  184  185    3
    3  160  185  161    3
    3  161  185  186    3
    3  161  186  162    3
    3  162  186  187    3
    3  162  187  163    3
    3  163  187  188    3
    3  163  188  164    3
    3  164  188  189    3
    3  164  189  165    3
    3  165  189  190    3
    3  165  190  166    3
    3  166  190  191    3
    3  166  191  167    3
    3  167  191  192    3
    3  167  192  168    3
    3  168  192  169    3
    3  168  169  145    3
    3  169  193  194    3
    3  169  194  170    3
    3  170  194  195    3
    3  170  195  171    3
    3  171  195  196    3
    3  171  196  172    3
    3  172  196  197    3
    3  172  197  173    3
    3  173  197  198    3
    3  173  198  174    3
    3  174  198  199    3
    3  174  199  175    3
    3  175  199  200    3
    3  175  200  176    3
    3  176  200  201    3
    3  176  201  177    3
    3  177  201  202    3
    3  177  202  178    3
    3  178  202  203    3
    3  178  203  179    3
    3  179  203  204    3
    3  179  204  180    3
    3  180  204  205    3
    3  180  205  181    3
    3  181  205  206    3
    3  181  206  182    3
    3  182  206  207    3
    3  182  207  183    3
    3  183  207  208    3
    3  183  208  184    3
    3  184  208  209    3
    3  184  209  185    3
    3  185  209  210    3
    3  185  210  186    3
    3  186  210  211    3
    3  186  211  187    3
    3  187  211  212    3
    3  187  212  188    3
    3  188  212  213    3
    3  188  213  189    3
    3  189  213  214    3
    3  189  214  190    3
    3  190  214  215    3
    3  190  215  191    3
    3  191  215  216    3
    3  191  216  192    3
    3  192  216  193    3
    3  192  193  169    3
    3  193  217  218    3
    3  193  218  194    3
    3  194  218  219    3
    3  194  219  195    3
    3  195  219  220    3
    3  195  220  196    3
    3  196  220  221    3
    3  196  221  197    3
    3  197  221  222    3
    3  197  222  198    3
    3  198  222  223    3
    3  198  223  199    3
    3  199  223  224    3
    3  199  224  200    3
    3  200  224  225    3
    3  200  225  201    3
    3  201  225  226    3
    3  201  226  202    3
    3  202  226  227    3
    3  202  227  203    3
    3  203  227  228    3
    3  203  228  204    3
    3  204  228  229    3
    3  204  229  205    3
    3  205  229  230    3
    3  205  230  206    3
    3  206  230  231    3
    3  206  231  207    3
    3  207  231  232    3
    3  207  232  208    3
    3  208  232  233    3
    3  208  233  209    3
    3  209  233  234    3
    3  209  234  210    3
    3  210  234  235    3
    3  210  235  211    3
    3  211  235  236    3
    3  211  236  212    3
    3  212  236  237    3
    3  212  237  213    3
    3  213  237  238    3
    3  213  238  214    3
    3  214  238  239    3
    3  214  239  215    3
    3  215  239  240    3
    3  215  240  216    3
    3  216  240  217    3
    3  216  217  193    3
    3  217  241  242    3
    3  217  242  218    3
    3  218  242  243    3
    3  218  243  219    3
    3  219  243  244    3
    3  219  244  220    3
    3  220  244  245    3
    3  220  245  221    3
    3  221  245  246    3
    3  221  246  222    3
    3  222  246  247    3
    3  222  247  223    3
    3  223  247  248    3
    3  223  248  224    3
    3  224  248  249    3
    3  224  249  225    3
    3  225  249  250    3
    3  225  250  226    3
    3  226  250  251    3
    3  226  251  227    3
    3  227  251  252    3
    3  227  252  228    3
    3  228  252  253    3
    3  228  253  229    3
    3  229  253  254    3
    3  229  254  230    3
    3  230  254  255    3
    3  230  255  231    3
    3  231  255  256    3
    3  231  256  232    3
    3  232  256  257    3
    3  232  257  233    3
    3  233  257  258    3
    3  233  258  234    3
    3  234  258  259    3
    3  234  259  235    3
    3  235  259  260    3
    3  235  260  236    3
    3  236  260  261    3
    3  236  261  237    3
    3  237  261  262    3
    3  237  262  238    3
    3  238  262  263    3
    3  238  263  239    3
    3  239  263  264    3
    3  239  264  240    3
    3  240  264  241    3
    3  240  241  217    3
    3  264  265  241    3
    3  264  266  265    3
    3  263  266  264    3
    3  263  267  266    3
    3  262  267  263    3
    3  262  268  267    3
    3  261  268  262    3
    3  261  269  268    3
    3  260  269  261    3
    3  260  270  269    3
    3  259  270  260    3
    3  259  271  270    3
    3  258  271  259    3
    3  258  272  271    3
    3  257  272  258    3
    3  257  273  272    3
    3  256  273  257    3
    3  256  274  273    3
    3  255  274  256    3
    3  255  275  274    3
    3  254  275  255    3
    3  254  276  275    3
    3  253  276  254    3
    3  253  277  276    3
    3  252  277  253    3
    3  252  278  277    3
    3  251  278  252    3
    3  251  279  278    3
    3  250  279  251    3
    3  250  280  279    3
    3  249  280  250    3
    3  249  281  280    3
    3  248  281  249    3
    3  248  282  281    3
    3  247  282  248    3
    3  247  283  282    3
    3  246  283  247    3
    3  246  284  283    3
    3  245  284  246    3
    3  245  285  284    3
    3  244  285  245    3
    3  244  286  285    3
    3  243  286  244    3
    3  243  287  286    3
    3  242  287  243    3
    3  242  288  287    3
    3  241  288  242    3
    3  241  265  288    3
    3  289  279  290    1
    3  291  288  292    1
    3  293  294  295    3
    3  296  275  276    1
    3  297  298  299    1
    3  300  301  302    1
    3  303  304  305    3
    3  292  306  307    1
    3  308  309  310    4
    3  300  293  301    1
    3  311  312  313    3
    3  290  314  315    1
    3  316  317  318    1
    3  319  320  321    3
    3  317  322  308    1
    3  286  323  285    1
    3  286  287  320    1
    3  298  297  293    1
    3  324  325  273    1
    3  326  271  272    1
    3  327  328  301    1
    3  329  326  330    1
    3  300  331  304    1
    3  332  282  302    1
    3  272  325  326    1
    3  296  276  316    1
    3  296  333  275    1
    3  324  334  325    1
    3  335  329  336    1
    3  315  328  337    1
    3  338  339  303    3
    3  334  340  341    4
    3  279  289  278    1
    3  274  275  333    1
    3  322  278  289    1
    3  342  343  344    3
    3  332  301  328    1
    3  314  290  280    1
    3  345  338  346    3
    3  324  333  334    1
    3  277  316  276    1
    3  266  267  335    1
    3  288  291  287    1
    3  347  348  349    3
    3  316  322  317    1
    3  297  350  351    4
    3  327  301  293    1
    3  283  331  302    1
    3  352  353  354    4
    3  326  269  270    1
    3  332  302  301    1
    3  355  299  298    1
    3  312  356  357    3
    3  330  355  329    1
    3  336  306  335    1
    3  271  326  270    1
    3  358  359  360    4
    3  298  361  362    3
    3  283  302  282    1
    3  336  329  355    1
    3  326  363  330    1
    3  265  292  288    1
    3  300  364  365    3
    3  366  367  368    4
    3  333  318  334    1
    3  369  361  370    3
    3  327  293  297    1
    3  278  322  277    1
    3  320  291  356    3
    3  371  285  323    1
    3  363  325  334    1
    3  371  331  284    1
    3  364  339  349    3
    3  268  335  267    1
    3  372  363  373    4
    3  280  290  279    1
    3  266  306  265    1
    3  316  277  322    1
    3  328  315  314    1
    3  308  315  367    1
    3  355  330  372    1
    3  327  297  337    1
    3  280  281  314    1
    3  374  340  375    4
    3  296  316  318    1
    3  352  376  377    4
    3  355  307  336    1
    3  292  343  378    3
    3  326  325  363    1
    3  320  287  291    1
    3  345  319  379    3
    3  380  372  381    4
    3  358  366  382    4
    3  268  329  335    1
    3  273  274  324    1
    3  336  307  306    1
    3  265  306  292    1
    3  296  318  333    1
    3  383  374  384    4
    3  329  268  269    1
    3  385  373  386    4
    3  333  324  274    1
    3  283  284  331    1
    3  298  307  355    1
    3  299  353  387    4
    3  308  289  315    1
    3  273  325  272    1
    3  327  337  328    1
    3  388  376  389    4
    3  314  332  328    1
    3  281  282  332    1
    3  315  289  290    1
    3  363  372  330    1
    3  355  372  299    1
    3  285  371  284    1
    3  314  281  332    1
    3  269  326  329    1
    3  369  347  311    3
    3  266  335  306    1
    3  286  320  323    1
    3  308  322  289    1
    3  300  302  331    1
    3  343  390  313    3
    3  292  307  344    3
    3  298  348  370    3
    3  361  390  342    3
    3  343  342  390    3
    3  342  307  362    3
    3  347  369  348    3
    3  361  369  390    3
    3  369  311  390    3
    3  312  311  347    3
    3  311  313  390    3
    3  313  312  378    3
    3  298  362  307    3
    3  342  362  361    3
    3  342  344  307    3
    3  292  344  343    3
    3  369  370  348    3
    3  298  370  361    3
    3  292  378  312    3
    3  313  378  343    3
    3  334  318  375    4
    3  340  391  388    4
    3  318  317  384    4
    3  340  374  391    4
    3  352  385  389    4
    3  376  391  359    4
    3  376  388  391    4
    3  388  385  341    4
    3  359  391  383    4
    3  359  358  377    4
    3  374  383  391    4
    3  383  317  360    4
    3  374  375  318    4
    3  334  375  340    4
    3  334  341  385    4
    3  388  341  340    4
    3  388  389  385    4
    3  352  389  376    4
    3  352  377  358    4
    3  359  377  376    4
    3  358  360  317    4
    3  383  360  359    4
    3  383  384  317    4
    3  318  384  374    4
    3  367  358  309    4
    3  315  337  368    1
    3  353  352  350    4
    3  353  299  380    4
    3  372  380  299    4
    3  380  385  354    4
    3  350  352  392    4
    3  350  297  387    4
    3  366  337  392    4
    3  367  366  358    4
    3  363  334  386    4
    3  373  385  381    4
    3  392  337  351    4
    3  392  352  382    4
    3  380  381  385    4
    3  373  381  372    4
    3  358  317  310    4
    3  367  309  308    4
    3  385  386  334    4
    3  363  386  373    4
    3  366  368  337    4
    3  315  368  367    1
    3  299  387  297    4
    3  350  387  353    4
    3  352  354  385    4
    3  380  354  353    4
    3  358  382  352    4
    3  392  382  366    4
    3  297  351  337    4
    3  392  351  350    4
    3  308  310  317    4
    3  358  310  309    4
    3  312  347  379    3
    3  320  319  323    3
    3  371  323  346    3
    3  338  347  393    3
    3  364  300  394    3
    3  364  348  294    3
    3  319  345  323    3
    3  338  345  347    3
    3  348  298  295    3
    3  294  293  365    3
    3  304  339  394    3
    3  331  371  305    1
    3  364  349  348    3
    3  349  339  393    3
    3  338  393  339    3
    3  349  393  347    3
    3  338  303  371    3
    3  304  303  339    3
    3  356  312  321    3
    3  291  292  357    3
    3  364  394  339    3
    3  304  394  300    3
    3  319  321  312    3
    3  356  321  320    3
    3  293  295  298    3
    3  348  295  294    3
    3  312  357  292    3
    3  291  357  356    3
    3  345  346  323    3
    3  371  346  338    3
    3  303  305  371    3
    3  331  305  304    1
    3  345  379  347    3
    3  312  379  319    3
    3  300  365  293    3
    3  294  365  364    3
C Prescribed Values(Inlet, Outlet), InteractionSurface(Inlet, Outlet)
       1        0        0        2        2        2
C Inlet Pressure, FunID (E18.9,I5)
   1.000000000e+00    3
C Outlet Velocity
C     Vx,           Vy,            Vz,    indVx,indVy,indVz, FunID(3E18.9, 4I5)
   0.000000000e+00   1.000000000e+00   0.000000000e+00    1    0    0    4
C Inlet Velocity
C nNodeID,    Vx,           Vy,            Vz (I5, 3E18.9)
  265
    1   1.050000000e+00  -6.350000000e+00   2.000000000e-01
    2   1.650000000e+00  -6.000000000e+00   5.500000000e-01
    3   1.450000000e+00  -6.000000000e+00   9.000000000e-01
    4   1.150000000e+00  -6.000000000e+00   1.350000000e+00
    5   6.500000000e-01  -6.000000000e+00   1.550000000e+00
    6   1.500000000e-01  -6.000000000e+00   1.600000000e+00
    7  -2.500000000e-01  -6.000000000e+00   1.400000000e+00
    8  -3.000000000e-01  -6.000000000e+00   1.100000000e+00
    9  -2.500000000e-01  -6.000000000e+00   8.500000000e-01
   10  -1.500000000e-01  -6.000000000e+00   7.000000000e-01
   11  -2.500000000e-01  -6.000000000e+00   5.000000000e-01
   12  -5.000000000e-01  -6.000000000e+00  -5.000000000e-02
   13  -6.000000000e-01  -6.000000000e+00  -8.000000000e-01
   14  -3.500000000e-01  -6.000000000e+00  -1.550000000e+00
   15   1.000000000e-01  -6.000000000e+00  -1.850000000e+00
   16   6.000000000e-01  -6.000000000e+00  -1.700000000e+00
   17   8.500000000e-01  -6.000000000e+00  -1.200000000e+00
   18   1.000000000e+00  -6.000000000e+00  -9.000000000e-01
   19   1.250000000e+00  -6.000000000e+00  -7.500000000e-01
   20   2.050000000e+00  -6.000000000e+00  -7.000000000e-01
   21   3.250000000e+00  -6.000000000e+00  -3.000000000e-01
   22   4.150000000e+00  -6.000000000e+00   7.000000000e-01
   23   3.850000000e+00  -6.000000000e+00   1.500000000e+00
   24   2.850000000e+00  -6.000000000e+00   1.550000000e+00
   25   1.900000000e+00  -6.000000000e+00   8.000000000e-01
   26   2.150000000e+00  -5.650000000e+00   8.000000000e-01
   27   1.900000000e+00  -5.650000000e+00   1.300000000e+00
   28   1.400000000e+00  -5.650000000e+00   1.800000000e+00
   29   8.000000000e-01  -5.650000000e+00   2.100000000e+00
   30   1.000000000e-01  -5.650000000e+00   2.200000000e+00
   31  -4.500000000e-01  -5.650000000e+00   1.900000000e+00
   32  -6.000000000e-01  -5.650000000e+00   1.500000000e+00
   33  -4.500000000e-01  -5.650000000e+00   1.150000000e+00
   34  -3.500000000e-01  -5.650000000e+00   9.500000000e-01
   35  -6.000000000e-01  -5.650000000e+00   6.000000000e-01
   36  -1.050000000e+00  -5.650000000e+00  -2.500000000e-01
   37  -1.100000000e+00  -5.650000000e+00  -1.500000000e+00
   38  -6.500000000e-01  -5.650000000e+00  -2.550000000e+00
   39   1.000000000e-01  -5.650000000e+00  -3.050000000e+00
   40   8.500000000e-01  -5.650000000e+00  -2.600000000e+00
   41   1.050000000e+00  -5.650000000e+00  -1.600000000e+00
   42   1.100000000e+00  -5.650000000e+00  -1.100000000e+00
   43   1.250000000e+00  -5.650000000e+00  -8.500000000e-01
   44   2.200000000e+00  -5.650000000e+00  -8.500000000e-01
   45   4.050000000e+00  -5.650000000e+00  -4.000000000e-01
   46   5.700000000e+00  -5.650000000e+00   9.500000000e-01
   47   5.300000000e+00  -5.650000000e+00   2.100000000e+00
   48   3.850000000e+00  -5.650000000e+00   2.200000000e+00
   49   2.500000000e+00  -5.650000000e+00   1.100000000e+00
   50   2.450000000e+00  -5.300000000e+00   9.500000000e-01
   51   2.100000000e+00  -5.300000000e+00   1.450000000e+00
   52   1.550000000e+00  -5.300000000e+00   1.900000000e+00
   53   8.500000000e-01  -5.300000000e+00   2.150000000e+00
   54   1.500000000e-01  -5.300000000e+00   2.150000000e+00
   55  -2.500000000e-01  -5.300000000e+00   1.800000000e+00
   56  -3.500000000e-01  -5.300000000e+00   1.400000000e+00
   57  -2.000000000e-01  -5.300000000e+00   1.150000000e+00
   58  -1.000000000e-01  -5.300000000e+00   1.050000000e+00
   59  -4.500000000e-01  -5.300000000e+00   7.500000000e-01
   60  -1.300000000e+00  -5.300000000e+00  -5.000000000e-01
   61  -1.650000000e+00  -5.300000000e+00  -2.450000000e+00
   62  -1.050000000e+00  -5.300000000e+00  -4.050000000e+00
   63   1.500000000e-01  -5.300000000e+00  -4.850000000e+00
   64   1.250000000e+00  -5.300000000e+00  -4.300000000e+00
   65   1.350000000e+00  -5.300000000e+00  -2.500000000e+00
   66   1.100000000e+00  -5.300000000e+00  -1.400000000e+00
   67   1.050000000e+00  -5.300000000e+00  -1.100000000e+00
   68   1.900000000e+00  -5.300000000e+00  -1.150000000e+00
   69   4.000000000e+00  -5.300000000e+00  -7.500000000e-01
   70   5.900000000e+00  -5.300000000e+00   6.500000000e-01
   71   5.500000000e+00  -5.300000000e+00   1.800000000e+00
   72   4.050000000e+00  -5.300000000e+00   1.850000000e+00
   73   2.750000000e+00  -5.300000000e+00   8.500000000e-01
   74   2.550000000e+00  -4.950000000e+00   9.000000000e-01
   75   2.200000000e+00  -4.950000000e+00   1.400000000e+00
   76   1.650000000e+00  -4.950000000e+00   1.900000000e+00
   77   9.500000000e-01  -4.950000000e+00   2.200000000e+00
   78   1.500000000e-01  -4.950000000e+00   2.250000000e+00
   79  -3.000000000e-01  -4.950000000e+00   1.900000000e+00
   80  -3.000000000e-01  -4.950000000e+00   1.500000000e+00
   81  -5.000000000e-02  -4.950000000e+00   1.250000000e+00
   82   1.000000000e-01  -4.950000000e+00   1.250000000e+00
   83  -4.000000000e-01  -4.950000000e+00   9.500000000e-01
   84  -1.500000000e+00  -4.950000000e+00  -4.500000000e-01
   85  -1.950000000e+00  -4.950000000e+00  -2.750000000e+00
   86  -1.350000000e+00  -4.950000000e+00  -4.700000000e+00
   87   5.000000000e-02  -4.950000000e+00  -5.650000000e+00
   88   1.300000000e+00  -4.950000000e+00  -5.100000000e+00
   89   1.350000000e+00  -4.950000000e+00  -2.800000000e+00
   90   8.500000000e-01  -4.950000000e+00  -1.400000000e+00
   91   6.500000000e-01  -4.950000000e+00  -1.100000000e+00
   92   1.450000000e+00  -4.950000000e+00  -1.250000000e+00
   93   3.950000000e+00  -4.950000000e+00  -9.000000000e-01
   94   6.100000000e+00  -4.950000000e+00   5.500000000e-01
   95   5.650000000e+00  -4.950000000e+00   1.700000000e+00
   96   4.150000000e+00  -4.950000000e+00   1.700000000e+00
   97   2.850000000e+00  -4.950000000e+00   5.500000000e-01
   98   2.650000000e+00  -4.600000000e+00   1.300000000e+00
   99   2.200000000e+00  -4.600000000e+00   1.700000000e+00
  100   1.650000000e+00  -4.600000000e+00   2.200000000e+00
  101   9.000000000e-01  -4.600000000e+00   2.500000000e+00
  102   0.000000000e+00  -4.600000000e+00   2.600000000e+00
  103  -5.000000000e-01  -4.600000000e+00   2.250000000e+00
  104  -6.500000000e-01  -4.600000000e+00   1.800000000e+00
  105  -7.000000000e-01  -4.600000000e+00   1.450000000e+00
  106  -7.500000000e-01  -4.600000000e+00   1.300000000e+00
  107  -1.350000000e+00  -4.600000000e+00   7.500000000e-01
  108  -2.250000000e+00  -4.600000000e+00  -8.500000000e-01
  109  -2.500000000e+00  -4.600000000e+00  -3.200000000e+00
  110  -1.600000000e+00  -4.600000000e+00  -5.050000000e+00
  111  -1.500000000e-01  -4.600000000e+00  -5.850000000e+00
  112   1.200000000e+00  -4.600000000e+00  -5.350000000e+00
  113   1.200000000e+00  -4.600000000e+00  -2.750000000e+00
  114   5.000000000e-01  -4.600000000e+00  -1.200000000e+00
  115   2.000000000e-01  -4.600000000e+00  -9.000000000e-01
  116   1.250000000e+00  -4.600000000e+00  -1.150000000e+00
  117   4.400000000e+00  -4.600000000e+00  -8.000000000e-01
  118   6.950000000e+00  -4.600000000e+00   9.500000000e-01
  119   6.400000000e+00  -4.600000000e+00   2.350000000e+00
  120   4.550000000e+00  -4.600000000e+00   2.300000000e+00
  121   3.000000000e+00  -4.600000000e+00   9.500000000e-01
  122   2.550000000e+00  -4.200000000e+00   1.250000000e+00
  123   2.100000000e+00  -4.200000000e+00   1.650000000e+00
  124   1.500000000e+00  -4.200000000e+00   2.050000000e+00
  125   8.000000000e-01  -4.200000000e+00   2.300000000e+00
  126   0.000000000e+00  -4.200000000e+00   2.400000000e+00
  127  -5.500000000e-01  -4.200000000e+00   2.150000000e+00
  128  -1.000000000e+00  -4.200000000e+00   1.800000000e+00
  129  -1.500000000e+00  -4.200000000e+00   1.450000000e+00
  130  -2.150000000e+00  -4.200000000e+00   9.000000000e-01
  131  -2.900000000e+00  -4.200000000e+00  -1.000000000e-01
  132  -3.400000000e+00  -4.200000000e+00  -1.900000000e+00
  133  -3.100000000e+00  -4.200000000e+00  -3.950000000e+00
  134  -1.950000000e+00  -4.200000000e+00  -5.300000000e+00
  135  -4.500000000e-01  -4.200000000e+00  -5.800000000e+00
  136   9.500000000e-01  -4.200000000e+00  -5.400000000e+00
  137   1.100000000e+00  -4.200000000e+00  -3.150000000e+00
  138   5.000000000e-01  -4.200000000e+00  -1.550000000e+00
  139   2.500000000e-01  -4.200000000e+00  -1.200000000e+00
  140   1.450000000e+00  -4.200000000e+00  -1.400000000e+00
  141   4.700000000e+00  -4.200000000e+00  -9.500000000e-01
  142   7.100000000e+00  -4.200000000e+00   9.000000000e-01
  143   6.350000000e+00  -4.200000000e+00   2.250000000e+00
  144   4.500000000e+00  -4.200000000e+00   2.200000000e+00
  145   2.900000000e+00  -4.200000000e+00   8.500000000e-01
  146   2.750000000e+00  -3.600000000e+00   1.700000000e+00
  147   2.250000000e+00  -3.600000000e+00   2.050000000e+00
  148   1.650000000e+00  -3.600000000e+00   2.350000000e+00
  149   1.050000000e+00  -3.600000000e+00   2.550000000e+00
  150   2.500000000e-01  -3.600000000e+00   2.600000000e+00
  151  -4.000000000e-01  -3.600000000e+00   2.450000000e+00
  152  -9.000000000e-01  -3.600000000e+00   2.150000000e+00
  153  -1.450000000e+00  -3.600000000e+00   1.800000000e+00
  154  -2.200000000e+00  -3.600000000e+00   1.250000000e+00
  155  -3.000000000e+00  -3.600000000e+00   1.500000000e-01
  156  -3.600000000e+00  -3.600000000e+00  -1.700000000e+00
  157  -3.350000000e+00  -3.600000000e+00  -3.850000000e+00
  158  -2.050000000e+00  -3.600000000e+00  -5.250000000e+00
  159  -5.500000000e-01  -3.600000000e+00  -5.700000000e+00
  160   9.000000000e-01  -3.600000000e+00  -5.400000000e+00
  161   1.000000000e+00  -3.600000000e+00  -3.100000000e+00
  162   1.500000000e-01  -3.600000000e+00  -1.250000000e+00
  163  -2.000000000e-01  -3.600000000e+00  -8.500000000e-01
  164   1.400000000e+00  -3.600000000e+00  -1.250000000e+00
  165   5.300000000e+00  -3.600000000e+00  -7.500000000e-01
  166   7.500000000e+00  -3.600000000e+00   1.150000000e+00
  167   6.500000000e+00  -3.600000000e+00   2.450000000e+00
  168   4.550000000e+00  -3.600000000e+00   2.300000000e+00
  169   3.000000000e+00  -3.600000000e+00   9.500000000e-01
  170   2.750000000e+00  -3.000000000e+00   1.150000000e+00
  171   2.400000000e+00  -3.000000000e+00   1.700000000e+00
  172   1.850000000e+00  -3.000000000e+00   2.350000000e+00
  173   1.100000000e+00  -3.000000000e+00   2.850000000e+00
  174   2.000000000e-01  -3.000000000e+00   3.050000000e+00
  175  -5.500000000e-01  -3.000000000e+00   2.900000000e+00
  176  -1.000000000e+00  -3.000000000e+00   2.500000000e+00
  177  -1.350000000e+00  -3.000000000e+00   2.200000000e+00
  178  -1.750000000e+00  -3.000000000e+00   1.800000000e+00
  179  -2.400000000e+00  -3.000000000e+00   9.500000000e-01
  180  -3.250000000e+00  -3.000000000e+00  -8.000000000e-01
  181  -3.150000000e+00  -3.000000000e+00  -3.050000000e+00
  182  -2.050000000e+00  -3.000000000e+00  -4.350000000e+00
  183  -6.000000000e-01  -3.000000000e+00  -4.800000000e+00
  184   6.000000000e-01  -3.000000000e+00  -4.650000000e+00
  185   8.000000000e-01  -3.000000000e+00  -2.650000000e+00
  186  -2.000000000e-01  -3.000000000e+00  -8.000000000e-01
  187  -7.000000000e-01  -3.000000000e+00  -5.500000000e-01
  188   1.750000000e+00  -3.000000000e+00  -1.200000000e+00
  189   5.850000000e+00  -3.000000000e+00  -5.000000000e-01
  190   7.200000000e+00  -3.000000000e+00   1.300000000e+00
  191   6.100000000e+00  -3.000000000e+00   2.450000000e+00
  192   4.200000000e+00  -3.000000000e+00   2.050000000e+00
  193   2.750000000e+00  -3.000000000e+00   4.500000000e-01
  194   2.750000000e+00  -2.350000000e+00   1.900000000e+00
  195   2.350000000e+00  -2.350000000e+00   2.350000000e+00
  196   1.850000000e+00  -2.350000000e+00   2.850000000e+00
  197   1.200000000e+00  -2.350000000e+00   3.350000000e+00
  198   2.500000000e-01  -2.350000000e+00   3.700000000e+00
  199  -7.000000000e-01  -2.350000000e+00   3.650000000e+00
  200  -1.100000000e+00  -2.350000000e+00   3.200000000e+00
  201  -1.300000000e+00  -2.350000000e+00   2.850000000e+00
  202  -1.550000000e+00  -2.350000000e+00   2.450000000e+00
  203  -2.200000000e+00  -2.350000000e+00   1.750000000e+00
  204  -3.150000000e+00  -2.350000000e+00   0.000000000e+00
  205  -3.150000000e+00  -2.350000000e+00  -2.200000000e+00
  206  -2.000000000e+00  -2.350000000e+00  -3.350000000e+00
  207  -7.500000000e-01  -2.350000000e+00  -3.700000000e+00
  208   3.500000000e-01  -2.350000000e+00  -3.450000000e+00
  209   3.500000000e-01  -2.350000000e+00  -1.650000000e+00
  210  -9.500000000e-01  -2.350000000e+00   2.500000000e-01
  211  -1.700000000e+00  -2.350000000e+00   3.500000000e-01
  212   1.700000000e+00  -2.350000000e+00  -6.500000000e-01
  213   6.350000000e+00  -2.350000000e+00   5.000000000e-02
  214   7.450000000e+00  -2.350000000e+00   1.950000000e+00
  215   6.350000000e+00  -2.350000000e+00   3.200000000e+00
  216   4.400000000e+00  -2.350000000e+00   2.900000000e+00
  217   2.850000000e+00  -2.350000000e+00   1.250000000e+00
  218   2.800000000e+00  -1.750000000e+00   1.850000000e+00
  219   2.450000000e+00  -1.750000000e+00   2.450000000e+00
  220   1.850000000e+00  -1.750000000e+00   3.150000000e+00
  221   1.050000000e+00  -1.750000000e+00   3.750000000e+00
  222  -5.000000000e-02  -1.750000000e+00   4.100000000e+00
  223  -9.500000000e-01  -1.750000000e+00   3.850000000e+00
  224  -1.000000000e+00  -1.750000000e+00   3.250000000e+00
  225  -5.000000000e-01  -1.750000000e+00   2.900000000e+00
  226  -1.500000000e-01  -1.750000000e+00   3.000000000e+00
  227  -5.500000000e-01  -1.750000000e+00   2.850000000e+00
  228  -2.100000000e+00  -1.750000000e+00   1.200000000e+00
  229  -2.800000000e+00  -1.750000000e+00  -1.550000000e+00
  230  -2.000000000e+00  -1.750000000e+00  -3.250000000e+00
  231  -7.000000000e-01  -1.750000000e+00  -3.850000000e+00
  232   5.000000000e-01  -1.750000000e+00  -3.800000000e+00
  233   6.000000000e-01  -1.750000000e+00  -2.000000000e+00
  234  -8.000000000e-01  -1.750000000e+00   5.000000000e-02
  235  -1.700000000e+00  -1.750000000e+00   3.500000000e-01
  236   1.850000000e+00  -1.750000000e+00  -7.000000000e-01
  237   5.800000000e+00  -1.750000000e+00   5.000000000e-02
  238   6.250000000e+00  -1.750000000e+00   1.550000000e+00
  239   5.300000000e+00  -1.750000000e+00   2.500000000e+00
  240   3.800000000e+00  -1.750000000e+00   2.200000000e+00
  241   2.650000000e+00  -1.750000000e+00   8.000000000e-01
  242   3.150000000e+00  -1.100000000e+00   3.000000000e+00
  243   2.650000000e+00  -1.100000000e+00   3.850000000e+00
  244   2.000000000e+00  -1.100000000e+00   4.200000000e+00
  245   1.150000000e+00  -1.100000000e+00   4.650000000e+00
  246  -5.000000000e-02  -1.100000000e+00   4.950000000e+00
  247  -9.500000000e-01  -1.100000000e+00   4.600000000e+00
  248  -6.000000000e-01  -1.100000000e+00   3.850000000e+00
  249   5.000000000e-01  -1.100000000e+00   3.600000000e+00
  250   1.400000000e+00  -1.100000000e+00   4.050000000e+00
  251   1.100000000e+00  -1.100000000e+00   4.400000000e+00
  252  -8.500000000e-01  -1.100000000e+00   2.900000000e+00
  253  -2.050000000e+00  -1.100000000e+00   0.000000000e+00
  254  -1.550000000e+00  -1.100000000e+00  -1.750000000e+00
  255  -5.000000000e-01  -1.100000000e+00  -2.400000000e+00
  256   5.000000000e-01  -1.100000000e+00  -2.550000000e+00
  257   8.500000000e-01  -1.100000000e+00  -1.400000000e+00
  258  -1.500000000e-01  -1.100000000e+00   2.000000000e-01
  259  -8.000000000e-01  -1.100000000e+00   5.500000000e-01
  260   2.400000000e+00  -1.100000000e+00  -2.000000000e-01
  261   5.550000000e+00  -1.100000000e+00   6.500000000e-01
  262   5.400000000e+00  -1.100000000e+00   1.800000000e+00
  263   4.650000000e+00  -1.100000000e+00   2.500000000e+00
  264   3.350000000e+00  -1.100000000e+00   1.950000000e+00
  265   2.950000000e+00  -1.100000000e+00   1.400000000e+00
C Region List
