C PointsNum,MaxElemVol,TetGenParams,nAtrib,IndMov,MDMaxVolume,MDomDiv,MDOnly,MDDivF,MDPrescP
  395    1.000000e+00 YYpznno2q1.414a     0     0    1.000000e+00     1     0     0     0     0     0 YYpznno2q1.414a
  -1.442148000e-01  -8.553570000e+00  -1.211810000e-01
   1.478771000e-01  -8.077820000e+00   8.309840000e-01
  -9.645900000e-02  -8.077820000e+00   9.080480000e-01
  -3.488280000e-01  -8.077820000e+00   8.612330000e-01
  -5.752570000e-01  -8.077820000e+00   7.482300000e-01
  -7.634580000e-01  -8.077820000e+00   5.868930000e-01
  -9.048340000e-01  -8.077820000e+00   3.874290000e-01
  -1.008789000e+00  -8.077820000e+00   1.660960000e-01
  -1.075068000e+00  -8.077820000e+00  -7.678800000e-02
  -1.086557000e+00  -8.077820000e+00  -3.407610000e-01
  -1.008087000e+00  -8.077820000e+00  -5.998680000e-01
  -8.405420000e-01  -8.077820000e+00  -8.147370000e-01
  -6.217010000e-01  -8.077820000e+00  -9.735250000e-01
  -3.731229000e-01  -8.077820000e+00  -1.078389000e+00
  -1.064480000e-01  -8.077820000e+00  -1.124834000e+00
   1.633440000e-01  -8.077820000e+00  -1.087361000e+00
   3.984660000e-01  -8.077820000e+00  -9.574930000e-01
   5.865370000e-01  -8.077820000e+00  -7.758660000e-01
   7.247250000e-01  -8.077820000e+00  -5.644650000e-01
   7.921810000e-01  -8.077820000e+00  -3.259040000e-01
   7.144040000e-01  -8.077820000e+00  -8.590200000e-02
   5.969050000e-01  -8.077820000e+00   1.022130000e-01
   4.941650000e-01  -8.077820000e+00   2.583840000e-01
   4.077470000e-01  -8.077820000e+00   4.220700000e-01
   3.086420000e-01  -8.077820000e+00   6.209680000e-01
   1.839166000e-01  -7.603070000e+00   1.159310000e+00
  -1.514520000e-01  -7.603070000e+00   1.248125000e+00
  -4.876990000e-01  -7.603070000e+00   1.164763000e+00
  -7.764050000e-01  -7.603070000e+00   9.929350000e-01
  -1.011928000e+00  -7.603070000e+00   7.716800000e-01
  -1.192520000e+00  -7.603070000e+00   5.133960000e-01
  -1.333600000e+00  -7.603070000e+00   2.296132000e-01
  -1.435030000e+00  -7.603070000e+00  -8.601500000e-02
  -1.467650000e+00  -7.603070000e+00  -4.358790000e-01
  -1.376598000e+00  -7.603070000e+00  -7.889010000e-01
  -1.153129000e+00  -7.603070000e+00  -1.079340000e+00
  -8.567920000e-01  -7.603070000e+00  -1.290840000e+00
  -5.210834000e-01  -7.603070000e+00  -1.426650000e+00
  -1.638710000e-01  -7.603070000e+00  -1.481470000e+00
   1.925210000e-01  -7.603070000e+00  -1.421909000e+00
   4.879010000e-01  -7.603070000e+00  -1.220371000e+00
   7.027500000e-01  -7.603070000e+00  -9.589380000e-01
   8.541340000e-01  -7.603070000e+00  -6.812580000e-01
   9.379860000e-01  -7.603070000e+00  -3.903868000e-01
   8.742410000e-01  -7.603070000e+00  -9.679700000e-02
   7.521710000e-01  -7.603070000e+00   1.473610000e-01
   6.336970000e-01  -7.603070000e+00   3.603930000e-01
   5.295450000e-01  -7.603070000e+00   5.887270000e-01
   4.029450000e-01  -7.603070000e+00   8.690340000e-01
   1.897290000e-01  -7.128310000e+00   1.465160000e+00
  -2.259520000e-01  -7.128310000e+00   1.564930000e+00
  -6.367170000e-01  -7.128310000e+00   1.449374000e+00
  -9.824310000e-01  -7.128310000e+00   1.228688000e+00
  -1.261160000e+00  -7.128310000e+00   9.538940000e-01
  -1.476030000e+00  -7.128310000e+00   6.410600000e-01
  -1.642430000e+00  -7.128310000e+00   3.005288000e-01
  -1.761910000e+00  -7.128310000e+00  -7.731900000e-02
  -1.803080000e+00  -7.128310000e+00  -4.975190000e-01
  -1.703860000e+00  -7.128310000e+00  -9.250640000e-01
  -1.436643000e+00  -7.128310000e+00  -1.277050000e+00
  -1.073412000e+00  -7.128310000e+00  -1.526200000e+00
  -6.682710000e-01  -7.128310000e+00  -1.678670000e+00
  -2.400850000e-01  -7.128310000e+00  -1.735310000e+00
   1.823810000e-01  -7.128310000e+00  -1.665105000e+00
   5.229140000e-01  -7.128310000e+00  -1.407656000e+00
   7.532660000e-01  -7.128310000e+00  -1.080266000e+00
   9.088670000e-01  -7.128310000e+00  -7.511500000e-01
   1.001126000e+00  -7.128310000e+00  -4.214712000e-01
   9.310710000e-01  -7.128310000e+00  -8.938300000e-02
   7.981910000e-01  -7.128310000e+00   1.871430000e-01
   6.740120000e-01  -7.128310000e+00   4.338120000e-01
   5.714670000e-01  -7.128310000e+00   7.133000000e-01
   4.443980000e-01  -7.128310000e+00   1.077800000e+00
   1.860940000e-01  -6.653560000e+00   1.739210000e+00
  -3.017960000e-01  -6.653560000e+00   1.837460000e+00
  -7.760470000e-01  -6.653560000e+00   1.689660000e+00
  -1.170810000e+00  -6.653560000e+00   1.425637000e+00
  -1.487090000e+00  -6.653560000e+00   1.106342000e+00
  -1.732580000e+00  -6.653560000e+00   7.485060000e-01
  -1.931380000e+00  -6.653560000e+00   3.607276000e-01
  -2.083640000e+00  -6.653560000e+00  -7.284700000e-02
  -2.151630000e+00  -6.653560000e+00  -5.652860000e-01
  -2.050090000e+00  -6.653560000e+00  -1.075460000e+00
  -1.732030000e+00  -6.653560000e+00  -1.489750000e+00
  -1.290791000e+00  -6.653560000e+00  -1.761720000e+00
  -8.099060000e-01  -6.653560000e+00  -1.910640000e+00
  -3.194300000e-01  -6.653560000e+00  -1.954400000e+00
   1.601550000e-01  -6.653560000e+00  -1.872250000e+00
   5.408320000e-01  -6.653560000e+00  -1.571010000e+00
   7.854680000e-01  -6.653560000e+00  -1.187584000e+00
   9.460970000e-01  -6.653560000e+00  -8.146180000e-01
   1.046992000e+00  -6.653560000e+00  -4.512724000e-01
   9.785360000e-01  -6.653560000e+00  -8.734300000e-02
   8.398740000e-01  -6.653560000e+00   2.218790000e-01
   7.116160000e-01  -6.653560000e+00   5.032490000e-01
   6.106960000e-01  -6.653560000e+00   8.317100000e-01
   4.799540000e-01  -6.653560000e+00   1.274800000e+00
   1.797950000e-01  -6.177800000e+00   1.931060000e+00
  -3.585600000e-01  -6.177800000e+00   2.022910000e+00
  -8.794370000e-01  -6.177800000e+00   1.867890000e+00
  -1.317770000e+00  -6.177800000e+00   1.587361000e+00
  -1.673770000e+00  -6.177800000e+00   1.241382000e+00
  -1.949940000e+00  -6.177800000e+00   8.468580000e-01
  -2.175730000e+00  -6.177800000e+00   4.168001000e-01
  -2.351890000e+00  -6.177800000e+00  -6.754700000e-02
  -2.435990000e+00  -6.177800000e+00  -6.212160000e-01
  -2.327810000e+00  -6.177800000e+00  -1.196810000e+00
  -1.966990000e+00  -6.177800000e+00  -1.661390000e+00
  -1.458682000e+00  -6.177800000e+00  -1.946810000e+00
  -9.162050000e-01  -6.177800000e+00  -2.086370000e+00
  -3.779680000e-01  -6.177800000e+00  -2.113200000e+00
   1.435170000e-01  -6.177800000e+00  -2.020170000e+00
   5.545360000e-01  -6.177800000e+00  -1.692940000e+00
   8.130970000e-01  -6.177800000e+00  -1.268854000e+00
   9.805120000e-01  -6.177800000e+00  -8.638530000e-01
   1.093068000e+00  -6.177800000e+00  -4.751999000e-01
   1.044909000e+00  -6.177800000e+00  -8.299400000e-02
   9.136970000e-01  -6.177800000e+00   2.603950000e-01
   7.824360000e-01  -6.177800000e+00   5.804410000e-01
   6.723280000e-01  -6.177800000e+00   9.542800000e-01
   5.208210000e-01  -6.177800000e+00   1.447470000e+00
   1.951610000e-01  -5.703050000e+00   2.156360000e+00
  -3.952700000e-01  -5.703050000e+00   2.257020000e+00
  -9.661100000e-01  -5.703050000e+00   2.082090000e+00
  -1.443750000e+00  -5.703050000e+00   1.770486000e+00
  -1.829280000e+00  -5.703050000e+00   1.390312000e+00
  -2.128130000e+00  -5.703050000e+00   9.591110000e-01
  -2.365210000e+00  -5.703050000e+00   4.885741000e-01
  -2.543890000e+00  -5.703050000e+00  -3.622000000e-02
  -2.622590000e+00  -5.703050000e+00  -6.293500000e-01
  -2.505430000e+00  -5.703050000e+00  -1.246020000e+00
  -2.121250000e+00  -5.703050000e+00  -1.746450000e+00
  -1.572796000e+00  -5.703050000e+00  -2.046080000e+00
  -9.898390000e-01  -5.703050000e+00  -2.185270000e+00
  -4.165400000e-01  -5.703050000e+00  -2.206720000e+00
   1.356600000e-01  -5.703050000e+00  -2.106900000e+00
   5.727640000e-01  -5.703050000e+00  -1.761030000e+00
   8.455960000e-01  -5.703050000e+00  -1.308870000e+00
   1.021610000e+00  -5.703050000e+00  -8.791370000e-01
   1.140743000e+00  -5.703050000e+00  -4.684259000e-01
   1.098371000e+00  -5.703050000e+00  -5.267300000e-02
   9.727440000e-01  -5.703050000e+00   3.166150000e-01
   8.414040000e-01  -5.703050000e+00   6.668170000e-01
   7.294280000e-01  -5.703050000e+00   1.079310000e+00
   5.687446000e-01  -5.703050000e+00   1.625250000e+00
   1.973960000e-01  -4.765630000e+00   2.421170000e+00
  -4.444260000e-01  -4.765630000e+00   2.535810000e+00
  -1.081000000e+00  -4.765630000e+00   2.400470000e+00
  -1.648710000e+00  -4.765630000e+00   2.112270000e+00
  -2.128240000e+00  -4.765630000e+00   1.711446000e+00
  -2.488890000e+00  -4.765630000e+00   1.210322000e+00
  -2.723560000e+00  -4.765630000e+00   6.431583000e-01
  -2.846340000e+00  -4.765630000e+00   3.514500000e-02
  -2.843450000e+00  -4.765630000e+00  -6.037300000e-01
  -2.667690000e+00  -4.765630000e+00  -1.238930000e+00
  -2.264530000e+00  -4.765630000e+00  -1.768320000e+00
  -1.687278000e+00  -4.765630000e+00  -2.085530000e+00
  -1.070604000e+00  -4.765630000e+00  -2.227040000e+00
  -4.665888000e-01  -4.765630000e+00  -2.246430000e+00
   1.155400000e-01  -4.765630000e+00  -2.151680000e+00
   5.868500000e-01  -4.765630000e+00  -1.802296000e+00
   8.896460000e-01  -4.765630000e+00  -1.334510000e+00
   1.091760000e+00  -4.765630000e+00  -8.786590000e-01
   1.225281000e+00  -4.765630000e+00  -4.348417000e-01
   1.200008000e+00  -4.765630000e+00   1.704400000e-02
   1.086447000e+00  -4.765630000e+00   4.306880000e-01
   9.512810000e-01  -4.765630000e+00   8.280430000e-01
   8.219780000e-01  -4.765630000e+00   1.291170000e+00
   6.256162900e-01  -4.765630000e+00   1.878440000e+00
   1.898470000e-01  -3.828210000e+00   2.602100000e+00
  -4.829590000e-01  -3.828210000e+00   2.729100000e+00
  -1.156980000e+00  -3.828210000e+00   2.606090000e+00
  -1.776220000e+00  -3.828210000e+00   2.336630000e+00
  -2.312990000e+00  -3.828210000e+00   1.926959000e+00
  -2.713310000e+00  -3.828210000e+00   1.387271000e+00
  -2.936540000e+00  -3.828210000e+00   7.585661000e-01
  -3.009270000e+00  -3.828210000e+00   1.037740000e-01
  -2.942900000e+00  -3.828210000e+00  -5.514400000e-01
  -2.726050000e+00  -3.828210000e+00  -1.183330000e+00
  -2.323520000e+00  -3.828210000e+00  -1.720850000e+00
  -1.745200000e+00  -3.828210000e+00  -2.051790000e+00
  -1.120153000e+00  -3.828210000e+00  -2.200030000e+00
  -5.056358000e-01  -3.828210000e+00  -2.221100000e+00
   8.836200000e-02  -3.828210000e+00  -2.125070000e+00
   5.673120000e-01  -3.828210000e+00  -1.766900000e+00
   8.657290000e-01  -3.828210000e+00  -1.280666000e+00
   1.065327000e+00  -3.828210000e+00  -8.179530000e-01
   1.204983000e+00  -3.828210000e+00  -3.714339000e-01
   1.217012000e+00  -3.828210000e+00   8.462400000e-02
   1.130208000e+00  -3.828210000e+00   5.196060000e-01
   1.000937000e+00  -3.828210000e+00   9.476600000e-01
   8.691460000e-01  -3.828210000e+00   1.443350000e+00
   6.527498000e-01  -3.828210000e+00   2.059890000e+00
   1.884030000e-01  -2.890800000e+00   2.815380000e+00
  -5.300400000e-01  -2.890800000e+00   2.954140000e+00
  -1.258120000e+00  -2.890800000e+00   2.853500000e+00
  -1.945750000e+00  -2.890800000e+00   2.595610000e+00
  -2.554220000e+00  -2.890800000e+00   2.162050000e+00
  -3.008390000e+00  -2.890800000e+00   1.577489000e+00
  -3.233530000e+00  -2.890800000e+00   8.684598000e-01
  -3.265860000e+00  -2.890800000e+00   1.468740000e-01
  -3.146750000e+00  -2.890800000e+00  -5.516500000e-01
  -2.887310000e+00  -2.890800000e+00  -1.206250000e+00
  -2.461030000e+00  -2.890800000e+00  -1.768020000e+00
  -1.853910000e+00  -2.890800000e+00  -2.113590000e+00
  -1.196597000e+00  -2.890800000e+00  -2.264180000e+00
  -5.539577000e-01  -2.890800000e+00  -2.282940000e+00
   6.797200000e-02  -2.890800000e+00  -2.187580000e+00
   5.834200000e-01  -2.890800000e+00  -1.838560000e+00
   9.180360000e-01  -2.890800000e+00  -1.339692000e+00
   1.143928000e+00  -2.890800000e+00  -8.500050000e-01
   1.290816000e+00  -2.890800000e+00  -3.665402000e-01
   1.285447000e+00  -2.890800000e+00   1.261120000e-01
   1.179271000e+00  -2.890800000e+00   5.870300000e-01
   1.046332000e+00  -2.890800000e+00   1.041390000e+00
   9.097340000e-01  -2.890800000e+00   1.573720000e+00
   6.825627000e-01  -2.890800000e+00   2.235660000e+00
   1.346740000e-01  -1.953380000e+00   2.961200000e+00
  -6.242400000e-01  -1.953380000e+00   3.109590000e+00
  -1.401650000e+00  -1.953380000e+00   3.025840000e+00
  -2.149030000e+00  -1.953380000e+00   2.778580000e+00
  -2.821820000e+00  -1.953380000e+00   2.329100000e+00
  -3.314740000e+00  -1.953380000e+00   1.694914000e+00
  -3.544190000e+00  -1.953380000e+00   9.238790000e-01
  -3.557510000e+00  -1.953380000e+00   1.405710000e-01
  -3.409080000e+00  -1.953380000e+00  -6.018800000e-01
  -3.120990000e+00  -1.953380000e+00  -1.292780000e+00
  -2.671350000e+00  -1.953380000e+00  -1.888770000e+00
  -2.032730000e+00  -1.953380000e+00  -2.263960000e+00
  -1.336326000e+00  -1.953380000e+00  -2.434930000e+00
  -6.494214000e-01  -1.953380000e+00  -2.463160000e+00
   1.781800000e-02  -1.953380000e+00  -2.365220000e+00
   5.719560000e-01  -1.953380000e+00  -1.990400000e+00
   9.138180000e-01  -1.953380000e+00  -1.438149000e+00
   1.132702000e+00  -1.953380000e+00  -9.055870000e-01
   1.268085000e+00  -1.953380000e+00  -3.921210000e-01
   1.220493000e+00  -1.953380000e+00   1.194430000e-01
   1.089508000e+00  -1.953380000e+00   5.820710000e-01
   9.667980000e-01  -1.953380000e+00   1.044003000e+00
   8.531820000e-01  -1.953380000e+00   1.605410000e+00
   6.505200000e-01  -1.953380000e+00   2.335870000e+00
   2.921000000e-02  -1.015960000e+00   2.961430000e+00
  -7.355300000e-01  -1.015960000e+00   3.097250000e+00
  -1.517820000e+00  -1.015960000e+00   3.030690000e+00
  -2.275170000e+00  -1.015960000e+00   2.772630000e+00
  -2.958020000e+00  -1.015960000e+00   2.336420000e+00
  -3.457340000e+00  -1.015960000e+00   1.682011000e+00
  -3.720630000e+00  -1.015960000e+00   9.132550000e-01
  -3.791860000e+00  -1.015960000e+00   1.175820000e-01
  -3.694810000e+00  -1.015960000e+00  -6.725900000e-01
  -3.424140000e+00  -1.015960000e+00  -1.424100000e+00
  -2.924750000e+00  -1.015960000e+00  -2.057330000e+00
  -2.202720000e+00  -1.015960000e+00  -2.388720000e+00
  -1.450790000e+00  -1.015960000e+00  -2.469320000e+00
  -7.601575000e-01  -1.015960000e+00  -2.421430000e+00
  -1.174030000e-01  -1.015960000e+00  -2.297230000e+00
   4.517660000e-01  -1.015960000e+00  -1.998300000e+00
   8.249660000e-01  -1.015960000e+00  -1.484344000e+00
   1.056203000e+00  -1.015960000e+00  -9.489380000e-01
   1.172835000e+00  -1.015960000e+00  -4.207450000e-01
   1.015537000e+00  -1.015960000e+00   9.604100000e-02
   8.433420000e-01  -1.015960000e+00   5.227110000e-01
   7.514740000e-01  -1.015960000e+00   9.605190000e-01
   6.874980000e-01  -1.015960000e+00   1.526540000e+00
   5.472020000e-01  -1.015960000e+00   2.325830000e+00
  -8.360400000e-02  -3.545410000e-01   2.992920000e+00
   4.571790000e-01  -3.545410000e-01   2.377500000e+00
   5.231060000e-01  -3.545410000e-01   1.479330000e+00
   5.297300000e-01  -3.545410000e-01   8.960400000e-01
   5.793140000e-01  -3.545410000e-01   4.768270000e-01
   7.476230000e-01  -3.545410000e-01   8.657900000e-02
   1.032906000e+00  -3.545410000e-01  -4.262940000e-01
   9.412870000e-01  -3.545410000e-01  -9.642310000e-01
   7.061980000e-01  -3.545410000e-01  -1.500210000e+00
   3.082500000e-01  -3.545410000e-01  -1.976150000e+00
  -2.648090000e-01  -3.545410000e-01  -2.222640000e+00
  -8.858674000e-01  -3.545410000e-01  -2.382830000e+00
  -1.582604000e+00  -3.545410000e-01  -2.500930000e+00
  -2.388150000e+00  -3.545410000e-01  -2.507170000e+00
  -3.205530000e+00  -3.545410000e-01  -2.215460000e+00
  -3.732070000e+00  -3.545410000e-01  -1.541760000e+00
  -3.999710000e+00  -3.545410000e-01  -7.273500000e-01
  -4.041550000e+00  -3.545410000e-01   1.088050000e-01
  -3.917280000e+00  -3.545410000e-01   9.207060000e-01
  -3.620580000e+00  -3.545410000e-01   1.701634000e+00
  -3.116310000e+00  -3.545410000e-01   2.358010000e+00
  -2.423820000e+00  -3.545410000e-01   2.807920000e+00
  -1.655320000e+00  -3.545410000e-01   3.066490000e+00
  -8.604100000e-01  -3.545410000e-01   3.133470000e+00
  -2.644010000e+00  -3.945410000e-01  -1.876560000e+00
  -3.178700000e+00  -3.900410000e-01  -1.566080000e+00
  -1.421620000e+00  -3.872410000e-01   2.736280000e+00
  -9.388800000e-01  -4.047410000e-01   2.420420000e+00
  -2.318380000e+00  -4.474410000e-01   5.806180000e-01
  -2.255130000e+00  -4.441410000e-01   9.191075000e-01
  -1.890400000e+00  -4.487410000e-01   8.993108000e-01
  -7.694957000e-01  -3.885410000e-01  -2.005520000e+00
  -1.909390000e+00  -4.545410000e-01   8.744000000e-02
  -1.523660000e+00  -4.523410000e-01   8.775140000e-01
  -1.205120000e+00  -4.534410000e-01   8.453100000e-02
  -2.808880000e+00  -4.283410000e-01   9.103400000e-01
  -2.916460000e+00  -4.307410000e-01   2.615950000e-01
  -3.422710000e+00  -4.014410000e-01   5.790870000e-01
  -2.785280000e+00  -4.097410000e-01   1.648005000e+00
  -2.963140000e+00  -4.109410000e-01   1.350366000e+00
  -2.924800000e+00  -4.045410000e-01   1.600249000e+00
  -1.834840000e-01  -3.975410000e-01   2.089377000e+00
  -8.298630000e-01  -4.321410000e-01   1.544407000e+00
  -2.187850000e+00  -4.181410000e-01  -1.569060000e+00
  -2.073510000e+00  -4.286410000e-01  -1.328610000e+00
  -1.846948000e+00  -4.253410000e-01  -1.464360000e+00
  -1.913600000e+00  -4.295410000e-01   1.787501000e+00
  -1.746520000e+00  -4.114410000e-01   2.294297000e+00
  -1.657010000e+00  -4.230410000e-01   2.025365000e+00
  -3.371570000e+00  -3.989410000e-01  -9.281400000e-01
  -2.679030000e+00  -4.225410000e-01  -1.155380000e+00
  -1.310793000e+00  -3.946410000e-01  -2.028460000e+00
  -1.620384000e+00  -4.216410000e-01  -1.595120000e+00
  -9.738300000e-01  -4.158410000e-01  -1.629260000e+00
  -2.069960000e+00  -4.045410000e-01   2.301328000e+00
  -1.919230000e+00  -3.860410000e-01   2.647950000e+00
  -1.831530000e+00  -3.988410000e-01   2.481120000e+00
  -1.970533000e+00  -3.953410000e-01  -2.034710000e+00
  -2.385300000e+00  -3.949410000e-01   2.318359000e+00
   1.094090000e-01  -3.881410000e-01  -1.536070000e+00
   2.782000000e-01  -3.950410000e-01  -1.019596000e+00
   4.205690000e-01  -3.915410000e-01  -1.877980000e-01
  -2.475640000e+00  -4.452410000e-01   3.524000000e-03
  -2.890940000e+00  -4.295410000e-01  -4.143200000e-01
   9.473410000e-02  -4.022410000e-01   6.629250000e-01
  -1.989170000e-01  -4.252410000e-01   1.138570000e-01
  -3.237190000e+00  -3.990410000e-01   1.264854900e+00
  -3.475480000e+00  -4.019410000e-01  -1.680110000e-01
  -3.429150000e-01  -3.930410000e-01  -1.796360000e+00
  -4.703240000e-01  -4.212410000e-01  -1.200290000e+00
   2.109210000e-01  -3.868410000e-01   1.427704000e+00
  -2.502530000e-01  -4.171410000e-01   1.294561000e+00
  -2.268730000e+00  -4.453410000e-01  -5.194780000e-01
  -2.570810000e+00  -4.112410000e-01   1.839350000e+00
  -2.682090000e+00  -4.209410000e-01   1.435877000e+00
  -8.658150000e-01  -4.312410000e-01  -1.144240000e+00
  -8.852650000e-01  -4.380410000e-01  -8.578790000e-01
  -1.203350000e+00  -4.341410000e-01   1.655920000e+00
  -1.249460000e+00  -4.217410000e-01   2.058426000e+00
  -1.039660000e+00  -4.274410000e-01   1.811916000e+00
  -2.316730000e+00  -4.088410000e-01   2.083463000e+00
  -2.477060000e+00  -4.033410000e-01   2.083855000e+00
  -2.246150000e+00  -4.219410000e-01   1.828567000e+00
  -2.196890000e+00  -4.397410000e-01   1.255597000e+00
  -2.442490000e+00  -4.314410000e-01   1.345737000e+00
  -1.754850000e+00  -4.535410000e-01  -2.213470000e-01
  -2.012290000e+00  -4.501410000e-01  -3.694130000e-01
  -1.595300000e+00  -4.510410000e-01  -5.241340000e-01
  -1.400210000e+00  -4.532410000e-01  -2.243020000e-01
  -1.154463000e+00  -4.492410000e-01  -3.920090000e-01
  -6.317880000e-01  -4.398410000e-01   6.667197000e-01
  -1.574420000e+00  -4.001410000e-01   2.515290000e+00
  -1.258650000e+00  -4.026410000e-01   2.467850000e+00
  -1.952180000e+00  -4.377410000e-01  -1.095160000e+00
  -1.606241000e+00  -4.388410000e-01  -1.096380000e+00
  -1.616813000e+00  -4.307410000e-01  -1.348750000e+00
  -1.543350000e+00  -4.441410000e-01   1.312974000e+00
  -1.187010000e+00  -4.390410000e-01   1.439191000e+00
  -2.394590000e-01  -4.255410000e-01  -5.002780000e-01
  -2.506380000e+00  -4.354410000e-01   1.077968780e+00
  -2.411380000e+00  -4.417410000e-01   8.342930000e-01
  -2.113450000e+00  -4.421410000e-01  -8.128200000e-01
  -2.317600000e+00  -4.314410000e-01  -1.121270000e+00
  -2.295160000e+00  -4.387410000e-01  -8.243700000e-01
  -1.885470000e+00  -4.387410000e-01   1.486015000e+00
  -1.871620000e+00  -4.429410000e-01   1.279286000e+00
  -2.888470000e+00  -3.976410000e-01   1.840132000e+00
  -6.406610000e-01  -4.417410000e-01  -4.121000000e-02
  -5.692870000e-01  -4.362410000e-01  -5.271970000e-01
  -1.114567000e+00  -4.270410000e-01  -1.387030000e+00
  -9.193220000e-01  -4.237410000e-01  -1.396950000e+00
  -1.430302000e+00  -4.450410000e-01  -8.278600000e-01
  -1.691740000e+00  -4.421410000e-01  -9.565100000e-01
  -1.497540000e+00  -4.167410000e-01   2.191361000e+00
  -2.156210000e+00  -4.136410000e-01   2.069948000e+00
  -1.058418000e+00  -4.496410000e-01  -2.420930000e-01
  -7.706880000e-01  -4.435410000e-01  -3.034630000e-01
  -1.854880000e+00  -4.472410000e-01  -6.664800000e-01
  -1.446845000e+00  -4.305410000e-01  -1.353160000e+00
  -1.370976000e+00  -4.251410000e-01  -1.486820000e+00
  -9.057160000e-01  -4.442410000e-01  -5.577170000e-01
  -5.208060000e-01  -4.289410000e-01  -8.663820000e-01
  -1.655800000e+00  -4.545410000e-01  -6.843100000e-02
  -1.082510000e+00  -4.416410000e-01  -8.406560000e-01
  -1.167009000e+00  -4.452410000e-01  -6.927910000e-01
  -1.574940000e+00  -4.337410000e-01   1.736434000e+00
  -1.260305000e+00  -4.372410000e-01  -1.111590000e+00
  -1.933510000e+00  -4.491410000e-01  -5.193060000e-01
  -2.465620000e+00  -4.222410000e-01   1.637222000e+00
  -2.744980000e+00  -4.250410000e-01   1.178108900e+00
C Number of facets
  786
C  Size  Node 1  ......Node N Marker
    3    0    1    2    3
    3    0    2    3    3
    3    0    3    4    3
    3    0    4    5    3
    3    0    5    6    3
    3    0    6    7    3
    3    0    7    8    3
    3    0    8    9    3
    3    0    9   10    3
    3    0   10   11    3
    3    0   11   12    3
    3    0   12   13    3
    3    0   13   14    3
    3    0   14   15    3
    3    0   15   16    3
    3    0   16   17    3
    3    0   17   18    3
    3    0   18   19    3
    3    0   19   20    3
    3    0   20   21    3
    3    0   21   22    3
    3    0   22   23    3
    3    0   23   24    3
    3    0   24    1    3
    3    1   25   26    3
    3    1   26    2    3
    3    2   26   27    3
    3    2   27    3    3
    3    3   27   28    3
    3    3   28    4    3
    3    4   28   29    3
    3    4   29    5    3
    3    5   29   30    3
    3    5   30    6    3
    3    6   30   31    3
    3    6   31    7    3
    3    7   31   32    3
    3    7   32    8    3
    3    8   32   33    3
    3    8   33    9    3
    3    9   33   34    3
    3    9   34   10    3
    3   10   34   35    3
    3   10   35   11    3
    3   11   35   36    3
    3   11   36   12    3
    3   12   36   37    3
    3   12   37   13    3
    3   13   37   38    3
    3   13   38   14    3
    3   14   38   39    3
    3   14   39   15    3
    3   15   39   40    3
    3   15   40   16    3
    3   16   40   41    3
    3   16   41   17    3
    3   17   41   42    3
    3   17   42   18    3
    3   18   42   43    3
    3   18   43   19    3
    3   19   43   44    3
    3   19   44   20    3
    3   20   44   45    3
    3   20   45   21    3
    3   21   45   46    3
    3   21   46   22    3
    3   22   46   47    3
    3   22   47   23    3
    3   23   47   48    3
    3   23   48   24    3
    3   24   48   25    3
    3   24   25    1    3
    3   25   49   50    3
    3   25   50   26    3
    3   26   50   51    3
    3   26   51   27    3
    3   27   51   52    3
    3   27   52   28    3
    3   28   52   53    3
    3   28   53   29    3
    3   29   53   54    3
    3   29   54   30    3
    3   30   54   55    3
    3   30   55   31    3
    3   31   55   56    3
    3   31   56   32    3
    3   32   56   57    3
    3   32   57   33    3
    3   33   57   58    3
    3   33   58   34    3
    3   34   58   59    3
    3   34   59   35    3
    3   35   59   60    3
    3   35   60   36    3
    3   36   60   61    3
    3   36   61   37    3
    3   37   61   62    3
    3   37   62   38    3
    3   38   62   63    3
    3   38   63   39    3
    3   39   63   64    3
    3   39   64   40    3
    3   40   64   65    3
    3   40   65   41    3
    3   41   65   66    3
    3   41   66   42    3
    3   42   66   67    3
    3   42   67   43    3
    3   43   67   68    3
    3   43   68   44    3
    3   44   68   69    3
    3   44   69   45    3
    3   45   69   70    3
    3   45   70   46    3
    3   46   70   71    3
    3   46   71   47    3
    3   47   71   72    3
    3   47   72   48    3
    3   48   72   49    3
    3   48   49   25    3
    3   49   73   74    3
    3   49   74   50    3
    3   50   74   75    3
    3   50   75   51    3
    3   51   75   76    3
    3   51   76   52    3
    3   52   76   77    3
    3   52   77   53    3
    3   53   77   78    3
    3   53   78   54    3
    3   54   78   79    3
    3   54   79   55    3
    3   55   79   80    3
    3   55   80   56    3
    3   56   80   81    3
    3   56   81   57    3
    3   57   81   82    3
    3   57   82   58    3
    3   58   82   83    3
    3   58   83   59    3
    3   59   83   84    3
    3   59   84   60    3
    3   60   84   85    3
    3   60   85   61    3
    3   61   85   86    3
    3   61   86   62    3
    3   62   86   87    3
    3   62   87   63    3
    3   63   87   88    3
    3   63   88   64    3
    3   64   88   89    3
    3   64   89   65    3
    3   65   89   90    3
    3   65   90   66    3
    3   66   90   91    3
    3   66   91   67    3
    3   67   91   92    3
    3   67   92   68    3
    3   68   92   93    3
    3   68   93   69    3
    3   69   93   94    3
    3   69   94   70    3
    3   70   94   95    3
    3   70   95   71    3
    3   71   95   96    3
    3   71   96   72    3
    3   72   96   73    3
    3   72   73   49    3
    3   73   97   98    3
    3   73   98   74    3
    3   74   98   99    3
    3   74   99   75    3
    3   75   99  100    3
    3   75  100   76    3
    3   76  100  101    3
    3   76  101   77    3
    3   77  101  102    3
    3   77  102   78    3
    3   78  102  103    3
    3   78  103   79    3
    3   79  103  104    3
    3   79  104   80    3
    3   80  104  105    3
    3   80  105   81    3
    3   81  105  106    3
    3   81  106   82    3
    3   82  106  107    3
    3   82  107   83    3
    3   83  107  108    3
    3   83  108   84    3
    3   84  108  109    3
    3   84  109   85    3
    3   85  109  110    3
    3   85  110   86    3
    3   86  110  111    3
    3   86  111   87    3
    3   87  111  112    3
    3   87  112   88    3
    3   88  112  113    3
    3   88  113   89    3
    3   89  113  114    3
    3   89  114   90    3
    3   90  114  115    3
    3   90  115   91    3
    3   91  115  116    3
    3   91  116   92    3
    3   92  116  117    3
    3   92  117   93    3
    3   93  117  118    3
    3   93  118   94    3
    3   94  118  119    3
    3   94  119   95    3
    3   95  119  120    3
    3   95  120   96    3
    3   96  120   97    3
    3   96   97   73    3
    3   97  121  122    3
    3   97  122   98    3
    3   98  122  123    3
    3   98  123   99    3
    3   99  123  124    3
    3   99  124  100    3
    3  100  124  125    3
    3  100  125  101    3
    3  101  125  126    3
    3  101  126  102    3
    3  102  126  127    3
    3  102  127  103    3
    3  103  127  128    3
    3  103  128  104    3
    3  104  128  129    3
    3  104  129  105    3
    3  105  129  130    3
    3  105  130  106    3
    3  106  130  131    3
    3  106  131  107    3
    3  107  131  132    3
    3  107  132  108    3
    3  108  132  133    3
    3  108  133  109    3
    3  109  133  134    3
    3  109  134  110    3
    3  110  134  135    3
    3  110  135  111    3
    3  111  135  136    3
    3  111  136  112    3
    3  112  136  137    3
    3  112  137  113    3
    3  113  137  138    3
    3  113  138  114    3
    3  114  138  139    3
    3  114  139  115    3
    3  115  139  140    3
    3  115  140  116    3
    3  116  140  141    3
    3  116  141  117    3
    3  117  141  142    3
    3  117  142  118    3
    3  118  142  143    3
    3  118  143  119    3
    3  119  143  144    3
    3  119  144  120    3
    3  120  144  121    3
    3  120  121   97    3
    3  121  145  146    3
    3  121  146  122    3
    3  122  146  147    3
    3  122  147  123    3
    3  123  147  148    3
    3  123  148  124    3
    3  124  148  149    3
    3  124  149  125    3
    3  125  149  150    3
    3  125  150  126    3
    3  126  150  151    3
    3  126  151  127    3
    3  127  151  152    3
    3  127  152  128    3
    3  128  152  153    3
    3  128  153  129    3
    3  129  153  154    3
    3  129  154  130    3
    3  130  154  155    3
    3  130  155  131    3
    3  131  155  156    3
    3  131  156  132    3
    3  132  156  157    3
    3  132  157  133    3
    3  133  157  158    3
    3  133  158  134    3
    3  134  158  159    3
    3  134  159  135    3
    3  135  159  160    3
    3  135  160  136    3
    3  136  160  161    3
    3  136  161  137    3
    3  137  161  162    3
    3  137  162  138    3
    3  138  162  163    3
    3  138  163  139    3
    3  139  163  164    3
    3  139  164  140    3
    3  140  164  165    3
    3  140  165  141    3
    3  141  165  166    3
    3  141  166  142    3
    3  142  166  167    3
    3  142  167  143    3
    3  143  167  168    3
    3  143  168  144    3
    3  144  168  145    3
    3  144  145  121    3
    3  145  169  170    3
    3  145  170  146    3
    3  146  170  171    3
    3  146  171  147    3
    3  147  171  172    3
    3  147  172  148    3
    3  148  172  173    3
    3  148  173  149    3
    3  149  173  174    3
    3  149  174  150    3
    3  150  174  175    3
    3  150  175  151    3
    3  151  175  176    3
    3  151  176  152    3
    3  152  176  177    3
    3  152  177  153    3
    3  153  177  178    3
    3  153  178  154    3
    3  154  178  179    3
    3  154  179  155    3
    3  155  179  180    3
    3  155  180  156    3
    3  156  180  181    3
    3  156  181  157    3
    3  157  181  182    3
    3  157  182  158    3
    3  158  182  183    3
    3  158  183  159    3
    3  159  183  184    3
    3  159  184  160    3
    3  160  184  185    3
    3  160  185  161    3
    3  161  185  186    3
    3  161  186  162    3
    3  162  186  187    3
    3  162  187  163    3
    3  163  187  188    3
    3  163  188  164    3
    3  164  188  189    3
    3  164  189  165    3
    3  165  189  190    3
    3  165  190  166    3
    3  166  190  191    3
    3  166  191  167    3
    3  167  191  192    3
    3  167  192  168    3
    3  168  192  169    3
    3  168  169  145    3
    3  169  193  194    3
    3  169  194  170    3
    3  170  194  195    3
    3  170  195  171    3
    3  171  195  196    3
    3  171  196  172    3
    3  172  196  197    3
    3  172  197  173    3
    3  173  197  198    3
    3  173  198  174    3
    3  174  198  199    3
    3  174  199  175    3
    3  175  199  200    3
    3  175  200  176    3
    3  176  200  201    3
    3  176  201  177    3
    3  177  201  202    3
    3  177  202  178    3
    3  178  202  203    3
    3  178  203  179    3
    3  179  203  204    3
    3  179  204  180    3
    3  180  204  205    3
    3  180  205  181    3
    3  181  205  206    3
    3  181  206  182    3
    3  182  206  207    3
    3  182  207  183    3
    3  183  207  208    3
    3  183  208  184    3
    3  184  208  209    3
    3  184  209  185    3
    3  185  209  210    3
    3  185  210  186    3
    3  186  210  211    3
    3  186  211  187    3
    3  187  211  212    3
    3  187  212  188    3
    3  188  212  213    3
    3  188  213  189    3
    3  189  213  214    3
    3  189  214  190    3
    3  190  214  215    3
    3  190  215  191    3
    3  191  215  216    3
    3  191  216  192    3
    3  192  216  193    3
    3  192  193  169    3
    3  193  217  218    3
    3  193  218  194    3
    3  194  218  219    3
    3  194  219  195    3
    3  195  219  220    3
    3  195  220  196    3
    3  196  220  221    3
    3  196  221  197    3
    3  197  221  222    3
    3  197  222  198    3
    3  198  222  223    3
    3  198  223  199    3
    3  199  223  224    3
    3  199  224  200    3
    3  200  224  225    3
    3  200  225  201    3
    3  201  225  226    3
    3  201  226  202    3
    3  202  226  227    3
    3  202  227  203    3
    3  203  227  228    3
    3  203  228  204    3
    3  204  228  229    3
    3  204  229  205    3
    3  205  229  230    3
    3  205  230  206    3
    3  206  230  231    3
    3  206  231  207    3
    3  207  231  232    3
    3  207  232  208    3
    3  208  232  233    3
    3  208  233  209    3
    3  209  233  234    3
    3  209  234  210    3
    3  210  234  235    3
    3  210  235  211    3
    3  211  235  236    3
    3  211  236  212    3
    3  212  236  237    3
    3  212  237  213    3
    3  213  237  238    3
    3  213  238  214    3
    3  214  238  239    3
    3  214  239  215    3
    3  215  239  240    3
    3  215  240  216    3
    3  216  240  217    3
    3  216  217  193    3
    3  217  241  242    3
    3  217  242  218    3
    3  218  242  243    3
    3  218  243  219    3
    3  219  243  244    3
    3  219  244  220    3
    3  220  244  245    3
    3  220  245  221    3
    3  221  245  246    3
    3  221  246  222    3
    3  222  246  247    3
    3  222  247  223    3
    3  223  247  248    3
    3  223  248  224    3
    3  224  248  249    3
    3  224  249  225    3
    3  225  249  250    3
    3  225  250  226    3
    3  226  250  251    3
    3  226  251  227    3
    3  227  251  252    3
    3  227  252  228    3
    3  228  252  253    3
    3  228  253  229    3
    3  229  253  254    3
    3  229  254  230    3
    3  230  254  255    3
    3  230  255  231    3
    3  231  255  256    3
    3  231  256  232    3
    3  232  256  257    3
    3  232  257  233    3
    3  233  257  258    3
    3  233  258  234    3
    3  234  258  259    3
    3  234  259  235    3
    3  235  259  260    3
    3  235  260  236    3
    3  236  260  261    3
    3  236  261  237    3
    3  237  261  262    3
    3  237  262  238    3
    3  238  262  263    3
    3  238  263  239    3
    3  239  263  264    3
    3  239  264  240    3
    3  240  264  241    3
    3  240  241  217    3
    3  264  265  241    3
    3  264  266  265    3
    3  263  266  264    3
    3  263  267  266    3
    3  262  267  263    3
    3  262  268  267    3
    3  261  268  262    3
    3  261  269  268    3
    3  260  269  261    3
    3  260  270  269    3
    3  259  270  260    3
    3  259  271  270    3
    3  258  271  259    3
    3  258  272  271    3
    3  257  272  258    3
    3  257  273  272    3
    3  256  273  257    3
    3  256  274  273    3
    3  255  274  256    3
    3  255  275  274    3
    3  254  275  255    3
    3  254  276  275    3
    3  253  276  254    3
    3  253  277  276    3
    3  252  277  253    3
    3  252  278  277    3
    3  251  278  252    3
    3  251  279  278    3
    3  250  279  251    3
    3  250  280  279    3
    3  249  280  250    3
    3  249  281  280    3
    3  248  281  249    3
    3  248  282  281    3
    3  247  282  248    3
    3  247  283  282    3
    3  246  283  247    3
    3  246  284  283    3
    3  245  284  246    3
    3  245  285  284    3
    3  244  285  245    3
    3  244  286  285    3
    3  243  286  244    3
    3  243  287  286    3
    3  242  287  243    3
    3  242  288  287    3
    3  241  288  242    3
    3  241  265  288    3
    3  289  279  290    1
    3  291  288  292    1
    3  293  294  295    3
    3  296  275  276    1
    3  297  298  299    1
    3  300  301  302    1
    3  303  304  305    3
    3  292  306  307    1
    3  308  309  310    4
    3  300  293  301    1
    3  311  312  313    3
    3  290  314  315    1
    3  316  317  318    1
    3  319  320  321    3
    3  317  322  308    1
    3  286  323  285    1
    3  286  287  320    1
    3  298  297  293    1
    3  324  325  273    1
    3  326  271  272    1
    3  327  328  301    1
    3  329  326  330    1
    3  300  331  304    1
    3  332  282  302    1
    3  272  325  326    1
    3  296  276  316    1
    3  296  333  275    1
    3  324  334  325    1
    3  335  329  336    1
    3  315  328  337    1
    3  338  339  303    3
    3  334  340  341    4
    3  279  289  278    1
    3  274  275  333    1
    3  322  278  289    1
    3  342  343  344    3
    3  332  301  328    1
    3  314  290  280    1
    3  345  338  346    3
    3  324  333  334    1
    3  277  316  276    1
    3  266  267  335    1
    3  288  291  287    1
    3  347  348  349    3
    3  316  322  317    1
    3  297  350  351    4
    3  327  301  293    1
    3  283  331  302    1
    3  352  353  354    4
    3  326  269  270    1
    3  332  302  301    1
    3  355  299  298    1
    3  312  356  357    3
    3  330  355  329    1
    3  336  306  335    1
    3  271  326  270    1
    3  358  359  360    4
    3  298  361  362    3
    3  283  302  282    1
    3  336  329  355    1
    3  326  363  330    1
    3  265  292  288    1
    3  300  364  365    3
    3  366  367  368    4
    3  333  318  334    1
    3  369  361  370    3
    3  327  293  297    1
    3  278  322  277    1
    3  320  291  356    3
    3  371  285  323    1
    3  363  325  334    1
    3  371  331  284    1
    3  364  339  349    3
    3  268  335  267    1
    3  372  363  373    4
    3  280  290  279    1
    3  266  306  265    1
    3  316  277  322    1
    3  328  315  314    1
    3  308  315  367    1
    3  355  330  372    1
    3  327  297  337    1
    3  280  281  314    1
    3  374  340  375    4
    3  296  316  318    1
    3  352  376  377    4
    3  355  307  336    1
    3  292  343  378    3
    3  326  325  363    1
    3  320  287  291    1
    3  345  319  379    3
    3  380  372  381    4
    3  358  366  382    4
    3  268  329  335    1
    3  273  274  324    1
    3  336  307  306    1
    3  265  306  292    1
    3  296  318  333    1
    3  383  374  384    4
    3  329  268  269    1
    3  385  373  386    4
    3  333  324  274    1
    3  283  284  331    1
    3  298  307  355    1
    3  299  353  387    4
    3  308  289  315    1
    3  273  325  272    1
    3  327  337  328    1
    3  388  376  389    4
    3  314  332  328    1
    3  281  282  332    1
    3  315  289  290    1
    3  363  372  330    1
    3  355  372  299    1
    3  285  371  284    1
    3  314  281  332    1
    3  269  326  329    1
    3  369  347  311    3
    3  266  335  306    1
    3  286  320  323    1
    3  308  322  289    1
    3  300  302  331    1
    3  343  390  313    3
    3  292  307  344    3
    3  298  348  370    3
    3  361  390  342    3
    3  343  342  390    3
    3  342  307  362    3
    3  347  369  348    3
    3  361  369  390    3
    3  369  311  390    3
    3  312  311  347    3
    3  311  313  390    3
    3  313  312  378    3
    3  298  362  307    3
    3  342  362  361    3
    3  342  344  307    3
    3  292  344  343    3
    3  369  370  348    3
    3  298  370  361    3
    3  292  378  312    3
    3  313  378  343    3
    3  334  318  375    4
    3  340  391  388    4
    3  318  317  384    4
    3  340  374  391    4
    3  352  385  389    4
    3  376  391  359    4
    3  376  388  391    4
    3  388  385  341    4
    3  359  391  383    4
    3  359  358  377    4
    3  374  383  391    4
    3  383  317  360    4
    3  374  375  318    4
    3  334  375  340    4
    3  334  341  385    4
    3  388  341  340    4
    3  388  389  385    4
    3  352  389  376    4
    3  352  377  358    4
    3  359  377  376    4
    3  358  360  317    4
    3  383  360  359    4
    3  383  384  317    4
    3  318  384  374    4
    3  367  358  309    4
    3  315  337  368    1
    3  353  352  350    4
    3  353  299  380    4
    3  372  380  299    4
    3  380  385  354    4
    3  350  352  392    4
    3  350  297  387    4
    3  366  337  392    4
    3  367  366  358    4
    3  363  334  386    4
    3  373  385  381    4
    3  392  337  351    4
    3  392  352  382    4
    3  380  381  385    4
    3  373  381  372    4
    3  358  317  310    4
    3  367  309  308    4
    3  385  386  334    4
    3  363  386  373    4
    3  366  368  337    4
    3  315  368  367    1
    3  299  387  297    4
    3  350  387  353    4
    3  352  354  385    4
    3  380  354  353    4
    3  358  382  352    4
    3  392  382  366    4
    3  297  351  337    4
    3  392  351  350    4
    3  308  310  317    4
    3  358  310  309    4
    3  312  347  379    3
    3  320  319  323    3
    3  371  323  346    3
    3  338  347  393    3
    3  364  300  394    3
    3  364  348  294    3
    3  319  345  323    3
    3  338  345  347    3
    3  348  298  295    3
    3  294  293  365    3
    3  304  339  394    3
    3  331  371  305    1
    3  364  349  348    3
    3  349  339  393    3
    3  338  393  339    3
    3  349  393  347    3
    3  338  303  371    3
    3  304  303  339    3
    3  356  312  321    3
    3  291  292  357    3
    3  364  394  339    3
    3  304  394  300    3
    3  319  321  312    3
    3  356  321  320    3
    3  293  295  298    3
    3  348  295  294    3
    3  312  357  292    3
    3  291  357  356    3
    3  345  346  323    3
    3  371  346  338    3
    3  303  305  371    3
    3  331  305  304    1
    3  345  379  347    3
    3  312  379  319    3
    3  300  365  293    3
    3  294  365  364    3
C Prescribed Values(Inlet, Outlet), InteractionSurface(Inlet, Outlet)
       1        0        0        2        2        2
C Inlet Pressure, FunID (E18.9,I5)
   1.000000000e+00    3
C Outlet Velocity
C     Vx,           Vy,            Vz,    indVx,indVy,indVz, FunID(3E18.9, 4I5)
   0.000000000e+00   1.000000000e+00   0.000000000e+00    1    0    0    4
C Inlet Velocity
C nNodeID,    Vx,           Vy,            Vz (I5, 3E18.9)
  265
    1   3.500000000e-01  -1.000000000e+00  -1.400000000e+00
    2   5.000000000e-01  -1.000000000e+00  -7.500000000e-01
    3   4.500000000e-01  -1.000000000e+00  -2.500000000e-01
    4   1.500000000e-01  -1.000000000e+00   1.000000000e-01
    5  -2.500000000e-01  -1.000000000e+00   3.000000000e-01
    6  -7.000000000e-01  -1.000000000e+00   2.500000000e-01
    7  -1.000000000e+00  -1.000000000e+00  -5.000000000e-02
    8  -1.050000000e+00  -1.000000000e+00  -4.500000000e-01
    9  -1.000000000e+00  -1.000000000e+00  -8.500000000e-01
   10  -7.500000000e-01  -1.000000000e+00  -1.100000000e+00
   11  -4.500000000e-01  -1.000000000e+00  -1.200000000e+00
   12  -4.000000000e-01  -1.000000000e+00  -1.450000000e+00
   13  -5.000000000e-01  -1.000000000e+00  -2.050000000e+00
   14  -3.500000000e-01  -1.000000000e+00  -2.800000000e+00
   15   1.500000000e-01  -1.000000000e+00  -3.300000000e+00
   16   8.000000000e-01  -1.000000000e+00  -3.450000000e+00
   17   1.600000000e+00  -1.000000000e+00  -3.450000000e+00
   18   2.350000000e+00  -1.000000000e+00  -3.250000000e+00
   19   3.000000000e+00  -1.000000000e+00  -2.650000000e+00
   20   3.050000000e+00  -1.000000000e+00  -1.850000000e+00
   21   2.050000000e+00  -1.000000000e+00  -1.100000000e+00
   22   1.000000000e+00  -1.000000000e+00  -9.000000000e-01
   23   4.500000000e-01  -1.000000000e+00  -1.000000000e+00
   24   2.500000000e-01  -1.000000000e+00  -1.150000000e+00
   25   3.500000000e-01  -1.000000000e+00  -1.150000000e+00
   26   4.000000000e-01  -8.500000000e-01  -6.500000000e-01
   27   3.500000000e-01  -8.500000000e-01  -2.500000000e-01
   28   5.000000000e-02  -8.500000000e-01   1.000000000e-01
   29  -3.500000000e-01  -8.500000000e-01   2.500000000e-01
   30  -7.000000000e-01  -8.500000000e-01   2.000000000e-01
   31  -9.500000000e-01  -8.500000000e-01  -1.000000000e-01
   32  -1.050000000e+00  -8.500000000e-01  -3.500000000e-01
   33  -1.050000000e+00  -8.500000000e-01  -6.500000000e-01
   34  -9.500000000e-01  -8.500000000e-01  -9.500000000e-01
   35  -7.500000000e-01  -8.500000000e-01  -1.100000000e+00
   36  -8.000000000e-01  -8.500000000e-01  -1.400000000e+00
   37  -8.500000000e-01  -8.500000000e-01  -2.100000000e+00
   38  -7.000000000e-01  -8.500000000e-01  -2.850000000e+00
   39  -1.000000000e-01  -8.500000000e-01  -3.450000000e+00
   40   5.500000000e-01  -8.500000000e-01  -3.450000000e+00
   41   1.150000000e+00  -8.500000000e-01  -3.100000000e+00
   42   1.550000000e+00  -8.500000000e-01  -2.650000000e+00
   43   1.850000000e+00  -8.500000000e-01  -2.100000000e+00
   44   2.000000000e+00  -8.500000000e-01  -1.600000000e+00
   45   1.550000000e+00  -8.500000000e-01  -1.000000000e+00
   46   9.500000000e-01  -8.500000000e-01  -8.000000000e-01
   47   5.500000000e-01  -8.500000000e-01  -8.000000000e-01
   48   3.500000000e-01  -8.500000000e-01  -8.500000000e-01
   49   3.000000000e-01  -8.500000000e-01  -9.000000000e-01
   50   2.500000000e-01  -7.500000000e-01  -9.500000000e-01
   51   2.000000000e-01  -7.500000000e-01  -5.000000000e-01
   52  -5.000000000e-02  -7.500000000e-01  -1.500000000e-01
   53  -5.500000000e-01  -7.500000000e-01   1.000000000e-01
   54  -9.500000000e-01  -7.500000000e-01   5.000000000e-02
   55  -1.150000000e+00  -7.500000000e-01  -2.500000000e-01
   56  -1.300000000e+00  -7.500000000e-01  -5.500000000e-01
   57  -1.250000000e+00  -7.500000000e-01  -9.000000000e-01
   58  -1.150000000e+00  -7.500000000e-01  -1.150000000e+00
   59  -9.000000000e-01  -7.500000000e-01  -1.300000000e+00
   60  -9.000000000e-01  -7.500000000e-01  -1.600000000e+00
   61  -1.150000000e+00  -7.500000000e-01  -2.350000000e+00
   62  -9.000000000e-01  -7.500000000e-01  -3.250000000e+00
   63  -4.000000000e-01  -7.500000000e-01  -3.950000000e+00
   64   4.500000000e-01  -7.500000000e-01  -4.050000000e+00
   65   1.100000000e+00  -7.500000000e-01  -3.700000000e+00
   66   1.600000000e+00  -7.500000000e-01  -3.100000000e+00
   67   1.850000000e+00  -7.500000000e-01  -2.450000000e+00
   68   1.850000000e+00  -7.500000000e-01  -1.850000000e+00
   69   9.500000000e-01  -7.500000000e-01  -1.350000000e+00
   70   0.000000000e+00  -7.500000000e-01  -1.300000000e+00
   71  -4.000000000e-01  -7.500000000e-01  -1.500000000e+00
   72  -4.000000000e-01  -7.500000000e-01  -1.750000000e+00
   73  -1.000000000e-01  -7.500000000e-01  -1.650000000e+00
   74   3.500000000e-01  -7.000000000e-01  -6.500000000e-01
   75   2.000000000e-01  -7.000000000e-01  -1.000000000e-01
   76  -2.000000000e-01  -7.000000000e-01   1.500000000e-01
   77  -6.000000000e-01  -7.000000000e-01   1.500000000e-01
   78  -9.500000000e-01  -7.000000000e-01   0.000000000e+00
   79  -1.200000000e+00  -7.000000000e-01  -3.000000000e-01
   80  -1.350000000e+00  -7.000000000e-01  -6.000000000e-01
   81  -1.400000000e+00  -7.000000000e-01  -9.500000000e-01
   82  -1.250000000e+00  -7.000000000e-01  -1.250000000e+00
   83  -1.050000000e+00  -7.000000000e-01  -1.400000000e+00
   84  -1.100000000e+00  -7.000000000e-01  -1.800000000e+00
   85  -1.400000000e+00  -7.000000000e-01  -2.800000000e+00
   86  -1.150000000e+00  -7.000000000e-01  -3.900000000e+00
   87  -4.000000000e-01  -7.000000000e-01  -4.750000000e+00
   88   5.500000000e-01  -7.000000000e-01  -4.800000000e+00
   89   1.300000000e+00  -7.000000000e-01  -4.250000000e+00
   90   1.750000000e+00  -7.000000000e-01  -3.450000000e+00
   91   1.950000000e+00  -7.000000000e-01  -2.700000000e+00
   92   1.950000000e+00  -7.000000000e-01  -2.050000000e+00
   93   1.000000000e+00  -7.000000000e-01  -1.450000000e+00
   94  -5.000000000e-02  -7.000000000e-01  -1.450000000e+00
   95  -4.500000000e-01  -7.000000000e-01  -1.650000000e+00
   96  -4.500000000e-01  -7.000000000e-01  -1.850000000e+00
   97   0.000000000e+00  -7.000000000e-01  -1.600000000e+00
   98   4.500000000e-01  -6.500000000e-01  -1.250000000e+00
   99   4.000000000e-01  -6.500000000e-01  -7.500000000e-01
  100   1.000000000e-01  -6.500000000e-01  -2.000000000e-01
  101  -4.500000000e-01  -6.500000000e-01   5.000000000e-02
  102  -9.500000000e-01  -6.500000000e-01   5.000000000e-02
  103  -1.300000000e+00  -6.500000000e-01  -3.000000000e-01
  104  -1.500000000e+00  -6.500000000e-01  -7.000000000e-01
  105  -1.550000000e+00  -6.500000000e-01  -1.100000000e+00
  106  -1.400000000e+00  -6.500000000e-01  -1.400000000e+00
  107  -1.150000000e+00  -6.500000000e-01  -1.650000000e+00
  108  -1.100000000e+00  -6.500000000e-01  -2.050000000e+00
  109  -1.400000000e+00  -6.500000000e-01  -3.200000000e+00
  110  -1.150000000e+00  -6.500000000e-01  -4.500000000e+00
  111  -2.500000000e-01  -6.500000000e-01  -5.500000000e+00
  112   8.000000000e-01  -6.500000000e-01  -5.500000000e+00
  113   1.600000000e+00  -6.500000000e-01  -4.600000000e+00
  114   1.950000000e+00  -6.500000000e-01  -3.650000000e+00
  115   2.100000000e+00  -6.500000000e-01  -2.850000000e+00
  116   2.200000000e+00  -6.500000000e-01  -2.250000000e+00
  117   1.750000000e+00  -6.500000000e-01  -1.650000000e+00
  118   1.000000000e+00  -6.500000000e-01  -1.400000000e+00
  119   5.500000000e-01  -6.500000000e-01  -1.350000000e+00
  120   3.000000000e-01  -6.500000000e-01  -1.550000000e+00
  121   2.500000000e-01  -6.500000000e-01  -1.650000000e+00
  122   6.500000000e-01  -6.000000000e-01  -6.500000000e-01
  123   4.500000000e-01  -6.000000000e-01  -1.000000000e-01
  124   0.000000000e+00  -6.000000000e-01   3.000000000e-01
  125  -5.500000000e-01  -6.000000000e-01   4.000000000e-01
  126  -1.100000000e+00  -6.000000000e-01   2.500000000e-01
  127  -1.450000000e+00  -6.000000000e-01  -1.500000000e-01
  128  -1.600000000e+00  -6.000000000e-01  -6.000000000e-01
  129  -1.600000000e+00  -6.000000000e-01  -1.050000000e+00
  130  -1.450000000e+00  -6.000000000e-01  -1.400000000e+00
  131  -1.200000000e+00  -6.000000000e-01  -1.600000000e+00
  132  -1.150000000e+00  -6.000000000e-01  -2.050000000e+00
  133  -1.500000000e+00  -6.000000000e-01  -3.350000000e+00
  134  -1.250000000e+00  -6.000000000e-01  -4.800000000e+00
  135  -2.500000000e-01  -6.000000000e-01  -5.800000000e+00
  136   9.500000000e-01  -6.000000000e-01  -5.900000000e+00
  137   1.750000000e+00  -6.000000000e-01  -4.900000000e+00
  138   2.100000000e+00  -6.000000000e-01  -3.850000000e+00
  139   2.300000000e+00  -6.000000000e-01  -2.950000000e+00
  140   2.350000000e+00  -6.000000000e-01  -2.250000000e+00
  141   1.750000000e+00  -6.000000000e-01  -1.650000000e+00
  142   9.500000000e-01  -6.000000000e-01  -1.350000000e+00
  143   5.500000000e-01  -6.000000000e-01  -1.400000000e+00
  144   3.500000000e-01  -6.000000000e-01  -1.500000000e+00
  145   4.500000000e-01  -6.000000000e-01  -1.400000000e+00
  146   8.000000000e-01  -5.500000000e-01   3.000000000e-01
  147   4.000000000e-01  -5.500000000e-01   1.000000000e+00
  148  -2.500000000e-01  -5.500000000e-01   1.100000000e+00
  149  -1.050000000e+00  -5.500000000e-01   1.400000000e+00
  150  -1.700000000e+00  -5.500000000e-01   1.150000000e+00
  151  -2.150000000e+00  -5.500000000e-01   5.500000000e-01
  152  -2.250000000e+00  -5.500000000e-01  -1.500000000e-01
  153  -2.050000000e+00  -5.500000000e-01  -7.500000000e-01
  154  -1.600000000e+00  -5.500000000e-01  -1.150000000e+00
  155  -1.250000000e+00  -5.500000000e-01  -1.400000000e+00
  156  -1.250000000e+00  -5.500000000e-01  -1.750000000e+00
  157  -1.550000000e+00  -5.500000000e-01  -3.050000000e+00
  158  -1.350000000e+00  -5.500000000e-01  -4.650000000e+00
  159  -4.000000000e-01  -5.500000000e-01  -5.700000000e+00
  160   9.000000000e-01  -5.500000000e-01  -5.900000000e+00
  161   1.850000000e+00  -5.500000000e-01  -5.000000000e+00
  162   2.400000000e+00  -5.500000000e-01  -3.950000000e+00
  163   2.700000000e+00  -5.500000000e-01  -3.050000000e+00
  164   2.600000000e+00  -5.500000000e-01  -2.100000000e+00
  165   1.650000000e+00  -5.500000000e-01  -1.400000000e+00
  166   8.000000000e-01  -5.500000000e-01  -1.200000000e+00
  167   4.500000000e-01  -5.500000000e-01  -1.150000000e+00
  168   4.500000000e-01  -5.500000000e-01  -1.100000000e+00
  169   6.000000000e-01  -5.500000000e-01  -7.500000000e-01
  170   5.000000000e-01  -5.000000000e-01   1.500000000e-01
  171   2.000000000e-01  -5.000000000e-01   5.000000000e-01
  172  -4.500000000e-01  -5.000000000e-01   1.500000000e+00
  173  -1.300000000e+00  -5.000000000e-01   1.500000000e+00
  174  -2.200000000e+00  -5.000000000e-01   1.500000000e+00
  175  -2.800000000e+00  -5.000000000e-01   8.500000000e-01
  176  -2.800000000e+00  -5.000000000e-01   5.000000000e-02
  177  -2.350000000e+00  -5.000000000e-01  -6.500000000e-01
  178  -1.800000000e+00  -5.000000000e-01  -1.050000000e+00
  179  -1.400000000e+00  -5.000000000e-01  -1.200000000e+00
  180  -1.400000000e+00  -5.000000000e-01  -1.600000000e+00
  181  -1.800000000e+00  -5.000000000e-01  -2.900000000e+00
  182  -1.600000000e+00  -5.000000000e-01  -4.600000000e+00
  183  -6.500000000e-01  -5.000000000e-01  -5.750000000e+00
  184   7.000000000e-01  -5.000000000e-01  -6.000000000e+00
  185   1.550000000e+00  -5.000000000e-01  -4.850000000e+00
  186   1.800000000e+00  -5.000000000e-01  -3.550000000e+00
  187   1.800000000e+00  -5.000000000e-01  -2.550000000e+00
  188   1.750000000e+00  -5.000000000e-01  -1.900000000e+00
  189   1.150000000e+00  -5.000000000e-01  -1.350000000e+00
  190   7.000000000e-01  -5.000000000e-01  -1.050000000e+00
  191   5.000000000e-01  -5.000000000e-01  -1.000000000e+00
  192   3.500000000e-01  -5.000000000e-01  -8.500000000e-01
  193   4.500000000e-01  -5.000000000e-01  -6.000000000e-01
  194   3.500000000e-01  -4.500000000e-01  -1.000000000e+00
  195   2.000000000e-01  -4.500000000e-01  -5.000000000e-01
  196  -3.500000000e-01  -4.500000000e-01   1.000000000e+00
  197  -1.300000000e+00  -4.500000000e-01   1.000000000e+00
  198  -2.500000000e+00  -4.500000000e-01   1.500000000e+00
  199  -3.250000000e+00  -4.500000000e-01   5.000000000e-01
  200  -3.200000000e+00  -4.500000000e-01  -5.000000000e-02
  201  -2.600000000e+00  -4.500000000e-01  -9.000000000e-01
  202  -1.850000000e+00  -4.500000000e-01  -1.250000000e+00
  203  -1.350000000e+00  -4.500000000e-01  -1.450000000e+00
  204  -1.350000000e+00  -4.500000000e-01  -1.750000000e+00
  205  -1.800000000e+00  -4.500000000e-01  -3.100000000e+00
  206  -1.700000000e+00  -4.500000000e-01  -4.900000000e+00
  207  -6.500000000e-01  -4.500000000e-01  -6.250000000e+00
  208   7.000000000e-01  -4.500000000e-01  -6.550000000e+00
  209   1.700000000e+00  -4.500000000e-01  -5.450000000e+00
  210   2.000000000e+00  -4.500000000e-01  -4.100000000e+00
  211   2.050000000e+00  -4.500000000e-01  -3.050000000e+00
  212   1.950000000e+00  -4.500000000e-01  -2.250000000e+00
  213   1.250000000e+00  -4.500000000e-01  -1.650000000e+00
  214   8.000000000e-01  -4.500000000e-01  -1.350000000e+00
  215   4.000000000e-01  -4.500000000e-01  -1.250000000e+00
  216   2.500000000e-01  -4.500000000e-01  -1.250000000e+00
  217   3.000000000e-01  -4.500000000e-01  -1.200000000e+00
  218   2.000000000e-01  -4.000000000e-01  -1.500000000e+00
  219   1.000000000e-01  -4.000000000e-01  -1.000000000e+00
  220  -3.000000000e-01  -4.000000000e-01   0.000000000e+00
  221  -1.300000000e+00  -4.000000000e-01   5.000000000e-01
  222  -2.550000000e+00  -4.000000000e-01   1.500000000e+00
  223  -3.250000000e+00  -4.000000000e-01   5.000000000e-01
  224  -3.100000000e+00  -4.000000000e-01  -5.000000000e-01
  225  -2.450000000e+00  -4.000000000e-01  -1.250000000e+00
  226  -1.750000000e+00  -4.000000000e-01  -1.600000000e+00
  227  -1.300000000e+00  -4.000000000e-01  -1.650000000e+00
  228  -1.300000000e+00  -4.000000000e-01  -2.000000000e+00
  229  -2.000000000e+00  -4.000000000e-01  -3.600000000e+00
  230  -1.950000000e+00  -4.000000000e-01  -5.900000000e+00
  231  -8.000000000e-01  -4.000000000e-01  -7.600000000e+00
  232   8.500000000e-01  -4.000000000e-01  -8.000000000e+00
  233   1.850000000e+00  -4.000000000e-01  -6.350000000e+00
  234   1.750000000e+00  -4.000000000e-01  -4.350000000e+00
  235   1.450000000e+00  -4.000000000e-01  -3.150000000e+00
  236   1.500000000e+00  -4.000000000e-01  -2.550000000e+00
  237   1.150000000e+00  -4.000000000e-01  -2.050000000e+00
  238   7.500000000e-01  -4.000000000e-01  -1.700000000e+00
  239   3.500000000e-01  -4.000000000e-01  -1.650000000e+00
  240   1.500000000e-01  -4.000000000e-01  -1.700000000e+00
  241   1.000000000e-01  -4.000000000e-01  -1.750000000e+00
  242  -1.500000000e-01  -4.000000000e-01  -2.500000000e+00
  243   0.000000000e+00  -4.000000000e-01  -1.500000000e+00
  244  -3.500000000e-01  -4.000000000e-01  -5.000000000e-01
  245  -1.400000000e+00  -4.000000000e-01   1.000000000e+00
  246  -2.800000000e+00  -4.000000000e-01   1.000000000e+00
  247  -3.600000000e+00  -4.000000000e-01   1.000000000e+00
  248  -3.600000000e+00  -4.000000000e-01  -5.000000000e-01
  249  -3.050000000e+00  -4.000000000e-01  -1.200000000e+00
  250  -2.500000000e+00  -4.000000000e-01  -1.600000000e+00
  251  -1.500000000e+00  -4.000000000e-01  -1.800000000e+00
  252  -2.000000000e+00  -4.000000000e-01  -2.050000000e+00
  253  -2.000000000e+00  -4.000000000e-01  -3.500000000e+00
  254  -1.950000000e+00  -4.000000000e-01  -5.350000000e+00
  255  -9.500000000e-01  -4.000000000e-01  -6.600000000e+00
  256   5.000000000e-01  -4.000000000e-01  -7.000000000e+00
  257   1.500000000e+00  -4.000000000e-01  -6.000000000e+00
  258   1.600000000e+00  -4.000000000e-01  -4.350000000e+00
  259   1.350000000e+00  -4.000000000e-01  -3.200000000e+00
  260   1.750000000e+00  -4.000000000e-01  -2.600000000e+00
  261   1.200000000e+00  -4.000000000e-01  -2.000000000e+00
  262   4.000000000e-01  -4.000000000e-01  -1.700000000e+00
  263   0.000000000e+00  -4.000000000e-01  -1.700000000e+00
  264  -2.500000000e-01  -4.000000000e-01  -1.850000000e+00
  265  -2.500000000e-01  -4.000000000e-01  -2.100000000e+00
C Region List
