C PointsNum,MaxElemVol,TetGenParams,nAtrib,IndMov,MDMaxVolume,MDomDiv,MDOnly,MDDivF,MDPrescP
  395    1.000000e+00 YYpznno2q1.414a     0     0    1.000000e+00     1     0     0     0     0     0 YYpznno2q1.414a
  -1.621480000e-02  -8.328570000e+00   5.981900000e-02
   2.308771000e-01  -7.865820000e+00   9.989840000e-01
  -2.645900000e-02  -7.865820000e+00   1.114048000e+00
  -2.938280000e-01  -7.865820000e+00   1.041233000e+00
  -4.992570000e-01  -7.865820000e+00   8.612300000e-01
  -6.424580000e-01  -7.865820000e+00   6.568930000e-01
  -7.448340000e-01  -7.865820000e+00   4.524290000e-01
  -8.017890000e-01  -7.865820000e+00   2.420960000e-01
  -7.800680000e-01  -7.865820000e+00   3.121200000e-02
  -7.295570000e-01  -7.865820000e+00  -1.617610000e-01
  -6.540870000e-01  -7.865820000e+00  -3.428680000e-01
  -5.415420000e-01  -7.865820000e+00  -5.077370000e-01
  -3.967010000e-01  -7.865820000e+00  -6.585250000e-01
  -2.151229000e-01  -7.865820000e+00  -7.903890000e-01
   8.552000000e-03  -7.865820000e+00  -8.368340000e-01
   2.413440000e-01  -7.865820000e+00  -8.203610000e-01
   4.624660000e-01  -7.865820000e+00  -7.354930000e-01
   6.505370000e-01  -7.865820000e+00  -5.888660000e-01
   7.647250000e-01  -7.865820000e+00  -3.824650000e-01
   7.701810000e-01  -7.865820000e+00  -1.489040000e-01
   7.144040000e-01  -7.865820000e+00   5.709800000e-02
   6.449050000e-01  -7.865820000e+00   2.312130000e-01
   5.701650000e-01  -7.865820000e+00   3.913840000e-01
   4.947470000e-01  -7.865820000e+00   5.640700000e-01
   3.956420000e-01  -7.865820000e+00   7.709680000e-01
   2.289166000e-01  -7.403070000e+00   1.300310000e+00
  -1.184520000e-01  -7.403070000e+00   1.389125000e+00
  -4.496990000e-01  -7.403070000e+00   1.247763000e+00
  -6.974050000e-01  -7.403070000e+00   1.010935000e+00
  -8.789280000e-01  -7.403070000e+00   7.646800000e-01
  -1.024520000e+00  -7.403070000e+00   5.223960000e-01
  -1.146600000e+00  -7.403070000e+00   2.686132000e-01
  -1.243030000e+00  -7.403070000e+00  -1.401500000e-02
  -1.284650000e+00  -7.403070000e+00  -3.358790000e-01
  -1.207598000e+00  -7.403070000e+00  -6.639010000e-01
  -9.841290000e-01  -7.403070000e+00  -9.163400000e-01
  -6.877920000e-01  -7.403070000e+00  -1.066840000e+00
  -3.780834000e-01  -7.403070000e+00  -1.138650000e+00
  -7.287100000e-02  -7.403070000e+00  -1.152470000e+00
   2.255210000e-01  -7.403070000e+00  -1.104909000e+00
   4.959010000e-01  -7.403070000e+00  -9.733710000e-01
   7.217500000e-01  -7.403070000e+00  -7.799380000e-01
   8.871340000e-01  -7.403070000e+00  -5.362580000e-01
   9.429860000e-01  -7.403070000e+00  -2.513868000e-01
   8.962410000e-01  -7.403070000e+00   2.420300000e-02
   8.071710000e-01  -7.403070000e+00   2.643610000e-01
   7.066970000e-01  -7.403070000e+00   4.873930000e-01
   6.035450000e-01  -7.403070000e+00   7.277270000e-01
   4.649450000e-01  -7.403070000e+00   1.014034000e+00
   2.447290000e-01  -6.941310000e+00   1.608160000e+00
  -1.799520000e-01  -6.941310000e+00   1.690930000e+00
  -5.747170000e-01  -6.941310000e+00   1.506374000e+00
  -8.664310000e-01  -6.941310000e+00   1.217688000e+00
  -1.082160000e+00  -6.941310000e+00   9.248940000e-01
  -1.255030000e+00  -6.941310000e+00   6.380600000e-01
  -1.406430000e+00  -6.941310000e+00   3.385288000e-01
  -1.531910000e+00  -6.941310000e+00   6.810000000e-04
  -1.598080000e+00  -6.941310000e+00  -3.905190000e-01
  -1.519860000e+00  -6.941310000e+00  -7.980640000e-01
  -1.246643000e+00  -6.941310000e+00  -1.111050000e+00
  -8.754120000e-01  -6.941310000e+00  -1.284200000e+00
  -4.942710000e-01  -6.941310000e+00  -1.354670000e+00
  -1.260850000e-01  -6.941310000e+00  -1.358310000e+00
   2.263810000e-01  -6.941310000e+00  -1.287105000e+00
   5.279140000e-01  -6.941310000e+00  -1.101656000e+00
   7.612660000e-01  -6.941310000e+00  -8.542660000e-01
   9.318670000e-01  -6.941310000e+00  -5.741500000e-01
   1.014126000e+00  -6.941310000e+00  -2.644712000e-01
   9.980710000e-01  -6.941310000e+00   4.561700000e-02
   9.241910000e-01  -6.941310000e+00   3.331430000e-01
   8.190120000e-01  -6.941310000e+00   6.068120000e-01
   7.014670000e-01  -6.941310000e+00   9.073000000e-01
   5.363980000e-01  -6.941310000e+00   1.263800000e+00
   2.480940000e-01  -6.478560000e+00   1.855210000e+00
  -2.397960000e-01  -6.478560000e+00   1.935460000e+00
  -6.860470000e-01  -6.478560000e+00   1.710660000e+00
  -1.013810000e+00  -6.478560000e+00   1.379637000e+00
  -1.256090000e+00  -6.478560000e+00   1.049342000e+00
  -1.452580000e+00  -6.478560000e+00   7.265060000e-01
  -1.627380000e+00  -6.478560000e+00   3.897276000e-01
  -1.778640000e+00  -6.478560000e+00   7.153000000e-03
  -1.867630000e+00  -6.478560000e+00  -4.422860000e-01
  -1.790090000e+00  -6.478560000e+00  -9.174600000e-01
  -1.480030000e+00  -6.478560000e+00  -1.284750000e+00
  -1.045791000e+00  -6.478560000e+00  -1.481720000e+00
  -6.019060000e-01  -6.478560000e+00  -1.555640000e+00
  -1.774300000e-01  -6.478560000e+00  -1.549400000e+00
   2.221550000e-01  -6.478560000e+00  -1.454250000e+00
   5.468320000e-01  -6.478560000e+00  -1.217010000e+00
   7.814680000e-01  -6.478560000e+00  -9.175840000e-01
   9.510970000e-01  -6.478560000e+00  -6.056180000e-01
   1.051992000e+00  -6.478560000e+00  -2.782724000e-01
   1.058536000e+00  -6.478560000e+00   5.765700000e-02
   9.978740000e-01  -6.478560000e+00   3.798790000e-01
   8.896160000e-01  -6.478560000e+00   6.932490000e-01
   7.656960000e-01  -6.478560000e+00   1.041710000e+00
   5.849540000e-01  -6.478560000e+00   1.460800000e+00
   2.447950000e-01  -6.015800000e+00   2.072060000e+00
  -2.965600000e-01  -6.015800000e+00   2.146910000e+00
  -7.884370000e-01  -6.015800000e+00   1.895890000e+00
  -1.150770000e+00  -6.015800000e+00   1.533361000e+00
  -1.419770000e+00  -6.015800000e+00   1.171382000e+00
  -1.638940000e+00  -6.015800000e+00   8.148580000e-01
  -1.834730000e+00  -6.015800000e+00   4.428001000e-01
  -2.005890000e+00  -6.015800000e+00   1.945300000e-02
  -2.110990000e+00  -6.015800000e+00  -4.802160000e-01
  -2.031810000e+00  -6.015800000e+00  -1.014810000e+00
  -1.683990000e+00  -6.015800000e+00  -1.424390000e+00
  -1.187682000e+00  -6.015800000e+00  -1.625810000e+00
  -6.912050000e-01  -6.015800000e+00  -1.683370000e+00
  -2.289680000e-01  -6.015800000e+00  -1.660200000e+00
   2.015170000e-01  -6.015800000e+00  -1.557170000e+00
   5.535360000e-01  -6.015800000e+00  -1.301940000e+00
   8.040970000e-01  -6.015800000e+00  -9.758540000e-01
   9.845120000e-01  -6.015800000e+00  -6.388530000e-01
   1.094068000e+00  -6.015800000e+00  -2.861999000e-01
   1.100909000e+00  -6.015800000e+00   7.500600000e-02
   1.034697000e+00  -6.015800000e+00   4.213950000e-01
   9.234360000e-01  -6.015800000e+00   7.614410000e-01
   8.003280000e-01  -6.015800000e+00   1.148280000e+00
   6.138210000e-01  -6.015800000e+00   1.626470000e+00
   2.391610000e-01  -5.553050000e+00   2.243360000e+00
  -3.402700000e-01  -5.553050000e+00   2.324020000e+00
  -8.751100000e-01  -5.553050000e+00   2.077090000e+00
  -1.281750000e+00  -5.553050000e+00   1.708486000e+00
  -1.591280000e+00  -5.553050000e+00   1.321312000e+00
  -1.838130000e+00  -5.553050000e+00   9.281110000e-01
  -2.044210000e+00  -5.553050000e+00   5.105741000e-01
  -2.209890000e+00  -5.553050000e+00   4.178000000e-02
  -2.293590000e+00  -5.553050000e+00  -4.963500000e-01
  -2.191430000e+00  -5.553050000e+00  -1.061020000e+00
  -1.820250000e+00  -5.553050000e+00  -1.498450000e+00
  -1.286796000e+00  -5.553050000e+00  -1.704080000e+00
  -7.558390000e-01  -5.553050000e+00  -1.751270000e+00
  -2.685400000e-01  -5.553050000e+00  -1.719720000e+00
   1.846600000e-01  -5.553050000e+00  -1.616900000e+00
   5.637640000e-01  -5.553050000e+00  -1.362030000e+00
   8.375960000e-01  -5.553050000e+00  -1.022870000e+00
   1.034610000e+00  -5.553050000e+00  -6.641370000e-01
   1.146743000e+00  -5.553050000e+00  -2.844259000e-01
   1.145371000e+00  -5.553050000e+00   1.013270000e-01
   1.068744000e+00  -5.553050000e+00   4.686150000e-01
   9.524040000e-01  -5.553050000e+00   8.288170000e-01
   8.284280000e-01  -5.553050000e+00   1.244310000e+00
   6.347446000e-01  -5.553050000e+00   1.763250000e+00
   2.303960000e-01  -4.647630000e+00   2.482170000e+00
  -4.024260000e-01  -4.647630000e+00   2.565810000e+00
  -9.970000000e-01  -4.647630000e+00   2.341470000e+00
  -1.474710000e+00  -4.647630000e+00   1.974270000e+00
  -1.851240000e+00  -4.647630000e+00   1.557446000e+00
  -2.144890000e+00  -4.647630000e+00   1.106322000e+00
  -2.364560000e+00  -4.647630000e+00   6.161583000e-01
  -2.512340000e+00  -4.647630000e+00   7.914500000e-02
  -2.554450000e+00  -4.647630000e+00  -5.137300000e-01
  -2.412690000e+00  -4.647630000e+00  -1.117930000e+00
  -2.009530000e+00  -4.647630000e+00  -1.593320000e+00
  -1.424278000e+00  -4.647630000e+00  -1.806530000e+00
  -8.466040000e-01  -4.647630000e+00  -1.843040000e+00
  -3.245888000e-01  -4.647630000e+00  -1.798430000e+00
   1.615400000e-01  -4.647630000e+00  -1.695680000e+00
   5.768500000e-01  -4.647630000e+00  -1.438296000e+00
   8.836460000e-01  -4.647630000e+00  -1.082510000e+00
   1.106760000e+00  -4.647630000e+00  -6.946590000e-01
   1.224281000e+00  -4.647630000e+00  -2.778417000e-01
   1.222008000e+00  -4.647630000e+00   1.440440000e-01
   1.137447000e+00  -4.647630000e+00   5.456880000e-01
   1.012281000e+00  -4.647630000e+00   9.400430000e-01
   8.799780000e-01  -4.647630000e+00   1.399170000e+00
   6.676162900e-01  -4.647630000e+00   1.967440000e+00
   2.118470000e-01  -3.742210000e+00   2.677100000e+00
  -4.569590000e-01  -3.742210000e+00   2.769100000e+00
  -1.093980000e+00  -3.742210000e+00   2.559090000e+00
  -1.628220000e+00  -3.742210000e+00   2.204630000e+00
  -2.061990000e+00  -3.742210000e+00   1.771959000e+00
  -2.395310000e+00  -3.742210000e+00   1.278271000e+00
  -2.617540000e+00  -3.742210000e+00   7.275661000e-01
  -2.731270000e+00  -3.742210000e+00   1.367740000e-01
  -2.722900000e+00  -3.742210000e+00  -4.854400000e-01
  -2.543050000e+00  -3.742210000e+00  -1.103330000e+00
  -2.127520000e+00  -3.742210000e+00  -1.600850000e+00
  -1.515200000e+00  -3.742210000e+00  -1.815790000e+00
  -9.121530000e-01  -3.742210000e+00  -1.835030000e+00
  -3.756358000e-01  -3.742210000e+00  -1.773100000e+00
   1.193620000e-01  -3.742210000e+00  -1.667070000e+00
   5.473120000e-01  -3.742210000e+00  -1.413900000e+00
   8.647290000e-01  -3.742210000e+00  -1.052666000e+00
   1.098327000e+00  -3.742210000e+00  -6.569530000e-01
   1.230983000e+00  -3.742210000e+00  -2.304339000e-01
   1.250012000e+00  -3.742210000e+00   2.076240000e-01
   1.172208000e+00  -3.742210000e+00   6.326060000e-01
   1.048937000e+00  -3.742210000e+00   1.055660000e+00
   9.121460000e-01  -3.742210000e+00   1.548350000e+00
   6.837498000e-01  -3.742210000e+00   2.152890000e+00
   2.064030000e-01  -2.836800000e+00   2.905380000e+00
  -5.050400000e-01  -2.836800000e+00   2.994140000e+00
  -1.189120000e+00  -2.836800000e+00   2.793500000e+00
  -1.773750000e+00  -2.836800000e+00   2.435610000e+00
  -2.254220000e+00  -2.836800000e+00   1.979050000e+00
  -2.624390000e+00  -2.836800000e+00   1.444489000e+00
  -2.849530000e+00  -2.836800000e+00   8.394598000e-01
  -2.937860000e+00  -2.836800000e+00   1.998740000e-01
  -2.888750000e+00  -2.836800000e+00  -4.546500000e-01
  -2.675310000e+00  -2.836800000e+00  -1.090250000e+00
  -2.248030000e+00  -2.836800000e+00  -1.613020000e+00
  -1.605910000e+00  -2.836800000e+00  -1.830590000e+00
  -9.735970000e-01  -2.836800000e+00  -1.831180000e+00
  -4.209577000e-01  -2.836800000e+00  -1.750940000e+00
   8.397200000e-02  -2.836800000e+00  -1.640580000e+00
   5.264200000e-01  -2.836800000e+00  -1.390560000e+00
   8.610360000e-01  -2.836800000e+00  -1.027692000e+00
   1.105928000e+00  -2.836800000e+00  -6.220050000e-01
   1.254816000e+00  -2.836800000e+00  -1.825402000e-01
   1.290447000e+00  -2.836800000e+00   2.741120000e-01
   1.214271000e+00  -2.836800000e+00   7.230300000e-01
   1.093332000e+00  -2.836800000e+00   1.174390000e+00
   9.547340000e-01  -2.836800000e+00   1.705720000e+00
   7.125627000e-01  -2.836800000e+00   2.352660000e+00
   1.606740000e-01  -1.931380000e+00   3.091200000e+00
  -5.982400000e-01  -1.931380000e+00   3.189590000e+00
  -1.326650000e+00  -1.931380000e+00   2.975840000e+00
  -1.957030000e+00  -1.931380000e+00   2.608580000e+00
  -2.479820000e+00  -1.931380000e+00   2.129100000e+00
  -2.879740000e+00  -1.931380000e+00   1.554914000e+00
  -3.117190000e+00  -1.931380000e+00   8.938790000e-01
  -3.204510000e+00  -1.931380000e+00   2.105710000e-01
  -3.146080000e+00  -1.931380000e+00  -4.878800000e-01
  -2.915990000e+00  -1.931380000e+00  -1.166780000e+00
  -2.464350000e+00  -1.931380000e+00  -1.728770000e+00
  -1.779730000e+00  -1.931380000e+00  -1.968960000e+00
  -1.100326000e+00  -1.931380000e+00  -1.964930000e+00
  -5.084214000e-01  -1.931380000e+00  -1.872160000e+00
   2.781800000e-02  -1.931380000e+00  -1.744220000e+00
   4.909560000e-01  -1.931380000e+00  -1.468400000e+00
   8.208180000e-01  -1.931380000e+00  -1.063149000e+00
   1.059702000e+00  -1.931380000e+00  -6.325870000e-01
   1.203085000e+00  -1.931380000e+00  -1.791210000e-01
   1.223493000e+00  -1.931380000e+00   2.884430000e-01
   1.139508000e+00  -1.931380000e+00   7.410710000e-01
   1.034798000e+00  -1.931380000e+00   1.208003000e+00
   9.191820000e-01  -1.931380000e+00   1.775410000e+00
   6.935200000e-01  -1.931380000e+00   2.495870000e+00
   9.421000000e-02  -1.025960000e+00   3.111430000e+00
  -6.725300000e-01  -1.025960000e+00   3.197250000e+00
  -1.405820000e+00  -1.025960000e+00   2.980690000e+00
  -2.038170000e+00  -1.025960000e+00   2.602630000e+00
  -2.563020000e+00  -1.025960000e+00   2.116420000e+00
  -2.967340000e+00  -1.025960000e+00   1.542011000e+00
  -3.231630000e+00  -1.025960000e+00   8.932550000e-01
  -3.367860000e+00  -1.025960000e+00   1.925820000e-01
  -3.361810000e+00  -1.025960000e+00  -5.405900000e-01
  -3.150140000e+00  -1.025960000e+00  -1.275100000e+00
  -2.655750000e+00  -1.025960000e+00  -1.862330000e+00
  -1.882720000e+00  -1.025960000e+00  -2.031720000e+00
  -1.163790000e+00  -1.025960000e+00  -1.933320000e+00
  -5.851575000e-01  -1.025960000e+00  -1.784430000e+00
  -7.940300000e-02  -1.025960000e+00  -1.642230000e+00
   3.947660000e-01  -1.025960000e+00  -1.444300000e+00
   7.799660000e-01  -1.025960000e+00  -1.107344000e+00
   1.057203000e+00  -1.025960000e+00  -6.849380000e-01
   1.152835000e+00  -1.025960000e+00  -1.967450000e-01
   1.062537000e+00  -1.025960000e+00   2.750410000e-01
   9.463420000e-01  -1.025960000e+00   6.947110000e-01
   8.664740000e-01  -1.025960000e+00   1.139519000e+00
   7.904980000e-01  -1.025960000e+00   1.707540000e+00
   6.212020000e-01  -1.025960000e+00   2.490830000e+00
   6.396000000e-03  -3.545410000e-01   3.132920000e+00
   5.411790000e-01  -3.545410000e-01   2.507500000e+00
   6.571060000e-01  -3.545410000e-01   1.664330000e+00
   6.897300000e-01  -3.545410000e-01   1.089040000e+00
   7.413140000e-01  -3.545410000e-01   6.628270000e-01
   8.496230000e-01  -3.545410000e-01   2.735790000e-01
   1.050906000e+00  -3.545410000e-01  -1.942940000e-01
   1.007287000e+00  -3.545410000e-01  -7.082310000e-01
   6.831980000e-01  -3.545410000e-01  -1.103210000e+00
   2.552500000e-01  -3.545410000e-01  -1.367150000e+00
  -2.068090000e-01  -3.545410000e-01  -1.522640000e+00
  -6.798674000e-01  -3.545410000e-01  -1.689830000e+00
  -1.246604000e+00  -3.545410000e-01  -1.889930000e+00
  -2.003150000e+00  -3.545410000e-01  -2.081170000e+00
  -2.860530000e+00  -3.545410000e-01  -1.978460000e+00
  -3.392070000e+00  -3.545410000e-01  -1.364760000e+00
  -3.593710000e+00  -3.545410000e-01  -5.813500000e-01
  -3.567550000e+00  -3.545410000e-01   1.938050000e-01
  -3.397280000e+00  -3.545410000e-01   9.107060000e-01
  -3.110580000e+00  -3.545410000e-01   1.571634000e+00
  -2.692310000e+00  -3.545410000e-01   2.158010000e+00
  -2.149820000e+00  -3.545410000e-01   2.637920000e+00
  -1.504320000e+00  -3.545410000e-01   3.006490000e+00
  -7.654100000e-01  -3.545410000e-01   3.203470000e+00
  -2.278010000e+00  -3.909410000e-01  -1.536560000e+00
  -2.814700000e+00  -3.868410000e-01  -1.331080000e+00
  -1.253620000e+00  -3.842410000e-01   2.726280000e+00
  -7.788800000e-01  -4.001410000e-01   2.490420000e+00
  -1.953380000e+00  -4.391410000e-01   6.876180000e-01
  -1.894830000e+00  -4.360410000e-01   9.931075000e-01
  -1.570070000e+00  -4.403410000e-01   9.963108000e-01
  -6.214957000e-01  -3.854410000e-01  -1.357020000e+00
  -1.591390000e+00  -4.457410000e-01   2.794400000e-01
  -1.242760000e+00  -4.435410000e-01   1.002514000e+00
  -9.564200000e-01  -4.445410000e-01   3.095310000e-01
  -2.385880000e+00  -4.217410000e-01   9.503400000e-01
  -2.500460000e+00  -4.238410000e-01   3.705950000e-01
  -2.950710000e+00  -3.971410000e-01   6.290870000e-01
  -2.368080000e+00  -4.047410000e-01   1.578005000e+00
  -2.519540000e+00  -4.058410000e-01   1.310366000e+00
  -2.489988000e+00  -4.000410000e-01   1.530249000e+00
  -4.948400000e-02  -3.936410000e-01   2.219377000e+00
  -6.288630000e-01  -4.251410000e-01   1.655407000e+00
  -1.851850000e+00  -4.124410000e-01  -1.182060000e+00
  -1.751510000e+00  -4.219410000e-01  -9.576100000e-01
  -1.545948000e+00  -4.189410000e-01  -1.042360000e+00
  -1.613600000e+00  -4.227410000e-01   1.787501000e+00
  -1.504220000e+00  -4.063410000e-01   2.264297000e+00
  -1.403130000e+00  -4.168410000e-01   2.035365000e+00
  -2.990570000e+00  -3.949410000e-01  -7.431400000e-01
  -2.319030000e+00  -4.164410000e-01  -8.823800000e-01
  -1.054793000e+00  -3.910410000e-01  -1.427390000e+00
  -1.340384000e+00  -4.156410000e-01  -1.123120000e+00
  -7.928300000e-01  -4.102410000e-01  -1.086060000e+00
  -1.787260000e+00  -4.000410000e-01   2.231328000e+00
  -1.692430000e+00  -3.832410000e-01   2.557950000e+00
  -1.596330000e+00  -3.948410000e-01   2.421120000e+00
  -1.629533000e+00  -3.916410000e-01  -1.547810000e+00
  -2.060300000e+00  -3.912410000e-01   2.188359000e+00
   1.314090000e-01  -3.851410000e-01  -1.057070000e+00
   3.521000000e-01  -3.914410000e-01  -6.853960000e-01
   5.205690000e-01  -3.881410000e-01   3.551200000e-02
  -2.105640000e+00  -4.370410000e-01   1.705240000e-01
  -2.502940000e+00  -4.227410000e-01  -2.313200000e-01
   2.617341000e-01  -3.979410000e-01   8.519250000e-01
  -3.501700000e-02  -4.189410000e-01   3.388570000e-01
  -2.762190000e+00  -3.950410000e-01   1.224854900e+00
  -3.041480000e+00  -3.976410000e-01  -4.101100000e-02
  -2.799150000e-01  -3.895410000e-01  -1.205360000e+00
  -3.473240000e-01  -4.152410000e-01  -7.702900000e-01
   3.539210000e-01  -3.839410000e-01   1.594704000e+00
  -8.125300000e-02  -4.114410000e-01   1.451561000e+00
  -1.926730000e+00  -4.371410000e-01  -2.744780000e-01
  -2.188410000e+00  -4.061410000e-01   1.759350000e+00
  -2.274090000e+00  -4.149410000e-01   1.405877000e+00
  -6.878150000e-01  -4.243410000e-01  -7.184400000e-01
  -6.952650000e-01  -4.305410000e-01  -4.880790000e-01
  -9.754500000e-01  -4.269410000e-01   1.735920000e+00
  -1.039460000e+00  -4.156410000e-01   2.108426000e+00
  -8.346600000e-01  -4.208410000e-01   1.901916000e+00
  -1.983730000e+00  -4.039410000e-01   2.003463000e+00
  -2.122060000e+00  -3.989410000e-01   1.983855000e+00
  -1.907150000e+00  -4.158410000e-01   1.788567000e+00
  -1.846190000e+00  -4.320410000e-01   1.285597000e+00
  -2.062510000e+00  -4.245410000e-01   1.345737000e+00
  -1.455850000e+00  -4.446410000e-01   1.865300000e-02
  -1.691290000e+00  -4.415410000e-01  -1.254130000e-01
  -1.317300000e+00  -4.423410000e-01  -2.321340000e-01
  -1.136210000e+00  -4.443410000e-01   3.169800000e-02
  -9.184630000e-01  -4.407410000e-01  -1.050090000e-01
  -4.302880000e-01  -4.321410000e-01   8.507197000e-01
  -1.370420000e+00  -3.960410000e-01   2.495290000e+00
  -1.076650000e+00  -3.983410000e-01   2.487850000e+00
  -1.644180000e+00  -4.302410000e-01  -7.451600000e-01
  -1.333241000e+00  -4.312410000e-01  -7.143800000e-01
  -1.341813000e+00  -4.238410000e-01  -9.207500000e-01
  -1.268350000e+00  -4.360410000e-01   1.392974000e+00
  -9.506100000e-01  -4.314410000e-01   1.529191000e+00
  -9.655900000e-02  -4.191410000e-01  -2.086780000e-01
  -2.116480000e+00  -4.281410000e-01   1.107968780e+00
  -2.033380000e+00  -4.339410000e-01   9.042930000e-01
  -1.789450000e+00  -4.342410000e-01  -5.188200000e-01
  -1.979600000e+00  -4.245410000e-01  -8.072700000e-01
  -1.956160000e+00  -4.312410000e-01  -5.463700000e-01
  -1.577470000e+00  -4.311410000e-01   1.526015000e+00
  -1.558720000e+00  -4.350410000e-01   1.339286000e+00
  -2.461970000e+00  -3.937410000e-01   1.740132000e+00
  -4.459610000e-01  -4.339410000e-01   2.067900000e-01
  -3.981870000e-01  -4.288410000e-01  -2.181970000e-01
  -9.085670000e-01  -4.205410000e-01  -9.143300000e-01
  -7.403220000e-01  -4.175410000e-01  -9.137500000e-01
  -1.174302000e+00  -4.368410000e-01  -4.808600000e-01
  -1.408740000e+00  -4.342410000e-01  -6.065100000e-01
  -1.271340000e+00  -4.111410000e-01   2.201361000e+00
  -1.844210000e+00  -4.082410000e-01   2.009948000e+00
  -8.294180000e-01  -4.410410000e-01   2.690700000e-02
  -5.713880000e-01  -4.355410000e-01  -2.246300000e-02
  -1.552880000e+00  -4.389410000e-01  -3.714800000e-01
  -1.193845000e+00  -4.236410000e-01  -9.098600000e-01
  -1.128976000e+00  -4.187410000e-01  -1.011720000e+00
  -6.997160000e-01  -4.361410000e-01  -2.397170000e-01
  -3.718060000e-01  -4.222410000e-01  -4.977420000e-01
  -1.364800000e+00  -4.454410000e-01   1.565690000e-01
  -8.675100000e-01  -4.337410000e-01  -4.786560000e-01
  -9.380090000e-01  -4.370410000e-01  -3.587910000e-01
  -1.313040000e+00  -4.265410000e-01   1.776434000e+00
  -1.029305000e+00  -4.297410000e-01  -7.045900000e-01
  -1.621510000e+00  -4.406410000e-01  -2.503060000e-01
  -2.090120000e+00  -4.161410000e-01   1.597222000e+00
  -2.327380000e+00  -4.186410000e-01   1.178108900e+00
C Number of facets
  786
C  Size  Node 1  ......Node N Marker
    3    0    1    2    3
    3    0    2    3    3
    3    0    3    4    3
    3    0    4    5    3
    3    0    5    6    3
    3    0    6    7    3
    3    0    7    8    3
    3    0    8    9    3
    3    0    9   10    3
    3    0   10   11    3
    3    0   11   12    3
    3    0   12   13    3
    3    0   13   14    3
    3    0   14   15    3
    3    0   15   16    3
    3    0   16   17    3
    3    0   17   18    3
    3    0   18   19    3
    3    0   19   20    3
    3    0   20   21    3
    3    0   21   22    3
    3    0   22   23    3
    3    0   23   24    3
    3    0   24    1    3
    3    1   25   26    3
    3    1   26    2    3
    3    2   26   27    3
    3    2   27    3    3
    3    3   27   28    3
    3    3   28    4    3
    3    4   28   29    3
    3    4   29    5    3
    3    5   29   30    3
    3    5   30    6    3
    3    6   30   31    3
    3    6   31    7    3
    3    7   31   32    3
    3    7   32    8    3
    3    8   32   33    3
    3    8   33    9    3
    3    9   33   34    3
    3    9   34   10    3
    3   10   34   35    3
    3   10   35   11    3
    3   11   35   36    3
    3   11   36   12    3
    3   12   36   37    3
    3   12   37   13    3
    3   13   37   38    3
    3   13   38   14    3
    3   14   38   39    3
    3   14   39   15    3
    3   15   39   40    3
    3   15   40   16    3
    3   16   40   41    3
    3   16   41   17    3
    3   17   41   42    3
    3   17   42   18    3
    3   18   42   43    3
    3   18   43   19    3
    3   19   43   44    3
    3   19   44   20    3
    3   20   44   45    3
    3   20   45   21    3
    3   21   45   46    3
    3   21   46   22    3
    3   22   46   47    3
    3   22   47   23    3
    3   23   47   48    3
    3   23   48   24    3
    3   24   48   25    3
    3   24   25    1    3
    3   25   49   50    3
    3   25   50   26    3
    3   26   50   51    3
    3   26   51   27    3
    3   27   51   52    3
    3   27   52   28    3
    3   28   52   53    3
    3   28   53   29    3
    3   29   53   54    3
    3   29   54   30    3
    3   30   54   55    3
    3   30   55   31    3
    3   31   55   56    3
    3   31   56   32    3
    3   32   56   57    3
    3   32   57   33    3
    3   33   57   58    3
    3   33   58   34    3
    3   34   58   59    3
    3   34   59   35    3
    3   35   59   60    3
    3   35   60   36    3
    3   36   60   61    3
    3   36   61   37    3
    3   37   61   62    3
    3   37   62   38    3
    3   38   62   63    3
    3   38   63   39    3
    3   39   63   64    3
    3   39   64   40    3
    3   40   64   65    3
    3   40   65   41    3
    3   41   65   66    3
    3   41   66   42    3
    3   42   66   67    3
    3   42   67   43    3
    3   43   67   68    3
    3   43   68   44    3
    3   44   68   69    3
    3   44   69   45    3
    3   45   69   70    3
    3   45   70   46    3
    3   46   70   71    3
    3   46   71   47    3
    3   47   71   72    3
    3   47   72   48    3
    3   48   72   49    3
    3   48   49   25    3
    3   49   73   74    3
    3   49   74   50    3
    3   50   74   75    3
    3   50   75   51    3
    3   51   75   76    3
    3   51   76   52    3
    3   52   76   77    3
    3   52   77   53    3
    3   53   77   78    3
    3   53   78   54    3
    3   54   78   79    3
    3   54   79   55    3
    3   55   79   80    3
    3   55   80   56    3
    3   56   80   81    3
    3   56   81   57    3
    3   57   81   82    3
    3   57   82   58    3
    3   58   82   83    3
    3   58   83   59    3
    3   59   83   84    3
    3   59   84   60    3
    3   60   84   85    3
    3   60   85   61    3
    3   61   85   86    3
    3   61   86   62    3
    3   62   86   87    3
    3   62   87   63    3
    3   63   87   88    3
    3   63   88   64    3
    3   64   88   89    3
    3   64   89   65    3
    3   65   89   90    3
    3   65   90   66    3
    3   66   90   91    3
    3   66   91   67    3
    3   67   91   92    3
    3   67   92   68    3
    3   68   92   93    3
    3   68   93   69    3
    3   69   93   94    3
    3   69   94   70    3
    3   70   94   95    3
    3   70   95   71    3
    3   71   95   96    3
    3   71   96   72    3
    3   72   96   73    3
    3   72   73   49    3
    3   73   97   98    3
    3   73   98   74    3
    3   74   98   99    3
    3   74   99   75    3
    3   75   99  100    3
    3   75  100   76    3
    3   76  100  101    3
    3   76  101   77    3
    3   77  101  102    3
    3   77  102   78    3
    3   78  102  103    3
    3   78  103   79    3
    3   79  103  104    3
    3   79  104   80    3
    3   80  104  105    3
    3   80  105   81    3
    3   81  105  106    3
    3   81  106   82    3
    3   82  106  107    3
    3   82  107   83    3
    3   83  107  108    3
    3   83  108   84    3
    3   84  108  109    3
    3   84  109   85    3
    3   85  109  110    3
    3   85  110   86    3
    3   86  110  111    3
    3   86  111   87    3
    3   87  111  112    3
    3   87  112   88    3
    3   88  112  113    3
    3   88  113   89    3
    3   89  113  114    3
    3   89  114   90    3
    3   90  114  115    3
    3   90  115   91    3
    3   91  115  116    3
    3   91  116   92    3
    3   92  116  117    3
    3   92  117   93    3
    3   93  117  118    3
    3   93  118   94    3
    3   94  118  119    3
    3   94  119   95    3
    3   95  119  120    3
    3   95  120   96    3
    3   96  120   97    3
    3   96   97   73    3
    3   97  121  122    3
    3   97  122   98    3
    3   98  122  123    3
    3   98  123   99    3
    3   99  123  124    3
    3   99  124  100    3
    3  100  124  125    3
    3  100  125  101    3
    3  101  125  126    3
    3  101  126  102    3
    3  102  126  127    3
    3  102  127  103    3
    3  103  127  128    3
    3  103  128  104    3
    3  104  128  129    3
    3  104  129  105    3
    3  105  129  130    3
    3  105  130  106    3
    3  106  130  131    3
    3  106  131  107    3
    3  107  131  132    3
    3  107  132  108    3
    3  108  132  133    3
    3  108  133  109    3
    3  109  133  134    3
    3  109  134  110    3
    3  110  134  135    3
    3  110  135  111    3
    3  111  135  136    3
    3  111  136  112    3
    3  112  136  137    3
    3  112  137  113    3
    3  113  137  138    3
    3  113  138  114    3
    3  114  138  139    3
    3  114  139  115    3
    3  115  139  140    3
    3  115  140  116    3
    3  116  140  141    3
    3  116  141  117    3
    3  117  141  142    3
    3  117  142  118    3
    3  118  142  143    3
    3  118  143  119    3
    3  119  143  144    3
    3  119  144  120    3
    3  120  144  121    3
    3  120  121   97    3
    3  121  145  146    3
    3  121  146  122    3
    3  122  146  147    3
    3  122  147  123    3
    3  123  147  148    3
    3  123  148  124    3
    3  124  148  149    3
    3  124  149  125    3
    3  125  149  150    3
    3  125  150  126    3
    3  126  150  151    3
    3  126  151  127    3
    3  127  151  152    3
    3  127  152  128    3
    3  128  152  153    3
    3  128  153  129    3
    3  129  153  154    3
    3  129  154  130    3
    3  130  154  155    3
    3  130  155  131    3
    3  131  155  156    3
    3  131  156  132    3
    3  132  156  157    3
    3  132  157  133    3
    3  133  157  158    3
    3  133  158  134    3
    3  134  158  159    3
    3  134  159  135    3
    3  135  159  160    3
    3  135  160  136    3
    3  136  160  161    3
    3  136  161  137    3
    3  137  161  162    3
    3  137  162  138    3
    3  138  162  163    3
    3  138  163  139    3
    3  139  163  164    3
    3  139  164  140    3
    3  140  164  165    3
    3  140  165  141    3
    3  141  165  166    3
    3  141  166  142    3
    3  142  166  167    3
    3  142  167  143    3
    3  143  167  168    3
    3  143  168  144    3
    3  144  168  145    3
    3  144  145  121    3
    3  145  169  170    3
    3  145  170  146    3
    3  146  170  171    3
    3  146  171  147    3
    3  147  171  172    3
    3  147  172  148    3
    3  148  172  173    3
    3  148  173  149    3
    3  149  173  174    3
    3  149  174  150    3
    3  150  174  175    3
    3  150  175  151    3
    3  151  175  176    3
    3  151  176  152    3
    3  152  176  177    3
    3  152  177  153    3
    3  153  177  178    3
    3  153  178  154    3
    3  154  178  179    3
    3  154  179  155    3
    3  155  179  180    3
    3  155  180  156    3
    3  156  180  181    3
    3  156  181  157    3
    3  157  181  182    3
    3  157  182  158    3
    3  158  182  183    3
    3  158  183  159    3
    3  159  183  184    3
    3  159  184  160    3
    3  160  184  185    3
    3  160  185  161    3
    3  161  185  186    3
    3  161  186  162    3
    3  162  186  187    3
    3  162  187  163    3
    3  163  187  188    3
    3  163  188  164    3
    3  164  188  189    3
    3  164  189  165    3
    3  165  189  190    3
    3  165  190  166    3
    3  166  190  191    3
    3  166  191  167    3
    3  167  191  192    3
    3  167  192  168    3
    3  168  192  169    3
    3  168  169  145    3
    3  169  193  194    3
    3  169  194  170    3
    3  170  194  195    3
    3  170  195  171    3
    3  171  195  196    3
    3  171  196  172    3
    3  172  196  197    3
    3  172  197  173    3
    3  173  197  198    3
    3  173  198  174    3
    3  174  198  199    3
    3  174  199  175    3
    3  175  199  200    3
    3  175  200  176    3
    3  176  200  201    3
    3  176  201  177    3
    3  177  201  202    3
    3  177  202  178    3
    3  178  202  203    3
    3  178  203  179    3
    3  179  203  204    3
    3  179  204  180    3
    3  180  204  205    3
    3  180  205  181    3
    3  181  205  206    3
    3  181  206  182    3
    3  182  206  207    3
    3  182  207  183    3
    3  183  207  208    3
    3  183  208  184    3
    3  184  208  209    3
    3  184  209  185    3
    3  185  209  210    3
    3  185  210  186    3
    3  186  210  211    3
    3  186  211  187    3
    3  187  211  212    3
    3  187  212  188    3
    3  188  212  213    3
    3  188  213  189    3
    3  189  213  214    3
    3  189  214  190    3
    3  190  214  215    3
    3  190  215  191    3
    3  191  215  216    3
    3  191  216  192    3
    3  192  216  193    3
    3  192  193  169    3
    3  193  217  218    3
    3  193  218  194    3
    3  194  218  219    3
    3  194  219  195    3
    3  195  219  220    3
    3  195  220  196    3
    3  196  220  221    3
    3  196  221  197    3
    3  197  221  222    3
    3  197  222  198    3
    3  198  222  223    3
    3  198  223  199    3
    3  199  223  224    3
    3  199  224  200    3
    3  200  224  225    3
    3  200  225  201    3
    3  201  225  226    3
    3  201  226  202    3
    3  202  226  227    3
    3  202  227  203    3
    3  203  227  228    3
    3  203  228  204    3
    3  204  228  229    3
    3  204  229  205    3
    3  205  229  230    3
    3  205  230  206    3
    3  206  230  231    3
    3  206  231  207    3
    3  207  231  232    3
    3  207  232  208    3
    3  208  232  233    3
    3  208  233  209    3
    3  209  233  234    3
    3  209  234  210    3
    3  210  234  235    3
    3  210  235  211    3
    3  211  235  236    3
    3  211  236  212    3
    3  212  236  237    3
    3  212  237  213    3
    3  213  237  238    3
    3  213  238  214    3
    3  214  238  239    3
    3  214  239  215    3
    3  215  239  240    3
    3  215  240  216    3
    3  216  240  217    3
    3  216  217  193    3
    3  217  241  242    3
    3  217  242  218    3
    3  218  242  243    3
    3  218  243  219    3
    3  219  243  244    3
    3  219  244  220    3
    3  220  244  245    3
    3  220  245  221    3
    3  221  245  246    3
    3  221  246  222    3
    3  222  246  247    3
    3  222  247  223    3
    3  223  247  248    3
    3  223  248  224    3
    3  224  248  249    3
    3  224  249  225    3
    3  225  249  250    3
    3  225  250  226    3
    3  226  250  251    3
    3  226  251  227    3
    3  227  251  252    3
    3  227  252  228    3
    3  228  252  253    3
    3  228  253  229    3
    3  229  253  254    3
    3  229  254  230    3
    3  230  254  255    3
    3  230  255  231    3
    3  231  255  256    3
    3  231  256  232    3
    3  232  256  257    3
    3  232  257  233    3
    3  233  257  258    3
    3  233  258  234    3
    3  234  258  259    3
    3  234  259  235    3
    3  235  259  260    3
    3  235  260  236    3
    3  236  260  261    3
    3  236  261  237    3
    3  237  261  262    3
    3  237  262  238    3
    3  238  262  263    3
    3  238  263  239    3
    3  239  263  264    3
    3  239  264  240    3
    3  240  264  241    3
    3  240  241  217    3
    3  264  265  241    3
    3  264  266  265    3
    3  263  266  264    3
    3  263  267  266    3
    3  262  267  263    3
    3  262  268  267    3
    3  261  268  262    3
    3  261  269  268    3
    3  260  269  261    3
    3  260  270  269    3
    3  259  270  260    3
    3  259  271  270    3
    3  258  271  259    3
    3  258  272  271    3
    3  257  272  258    3
    3  257  273  272    3
    3  256  273  257    3
    3  256  274  273    3
    3  255  274  256    3
    3  255  275  274    3
    3  254  275  255    3
    3  254  276  275    3
    3  253  276  254    3
    3  253  277  276    3
    3  252  277  253    3
    3  252  278  277    3
    3  251  278  252    3
    3  251  279  278    3
    3  250  279  251    3
    3  250  280  279    3
    3  249  280  250    3
    3  249  281  280    3
    3  248  281  249    3
    3  248  282  281    3
    3  247  282  248    3
    3  247  283  282    3
    3  246  283  247    3
    3  246  284  283    3
    3  245  284  246    3
    3  245  285  284    3
    3  244  285  245    3
    3  244  286  285    3
    3  243  286  244    3
    3  243  287  286    3
    3  242  287  243    3
    3  242  288  287    3
    3  241  288  242    3
    3  241  265  288    3
    3  289  279  290    1
    3  291  288  292    1
    3  293  294  295    3
    3  296  275  276    1
    3  297  298  299    1
    3  300  301  302    1
    3  303  304  305    3
    3  292  306  307    1
    3  308  309  310    4
    3  300  293  301    1
    3  311  312  313    3
    3  290  314  315    1
    3  316  317  318    1
    3  319  320  321    3
    3  317  322  308    1
    3  286  323  285    1
    3  286  287  320    1
    3  298  297  293    1
    3  324  325  273    1
    3  326  271  272    1
    3  327  328  301    1
    3  329  326  330    1
    3  300  331  304    1
    3  332  282  302    1
    3  272  325  326    1
    3  296  276  316    1
    3  296  333  275    1
    3  324  334  325    1
    3  335  329  336    1
    3  315  328  337    1
    3  338  339  303    3
    3  334  340  341    4
    3  279  289  278    1
    3  274  275  333    1
    3  322  278  289    1
    3  342  343  344    3
    3  332  301  328    1
    3  314  290  280    1
    3  345  338  346    3
    3  324  333  334    1
    3  277  316  276    1
    3  266  267  335    1
    3  288  291  287    1
    3  347  348  349    3
    3  316  322  317    1
    3  297  350  351    4
    3  327  301  293    1
    3  283  331  302    1
    3  352  353  354    4
    3  326  269  270    1
    3  332  302  301    1
    3  355  299  298    1
    3  312  356  357    3
    3  330  355  329    1
    3  336  306  335    1
    3  271  326  270    1
    3  358  359  360    4
    3  298  361  362    3
    3  283  302  282    1
    3  336  329  355    1
    3  326  363  330    1
    3  265  292  288    1
    3  300  364  365    3
    3  366  367  368    4
    3  333  318  334    1
    3  369  361  370    3
    3  327  293  297    1
    3  278  322  277    1
    3  320  291  356    3
    3  371  285  323    1
    3  363  325  334    1
    3  371  331  284    1
    3  364  339  349    3
    3  268  335  267    1
    3  372  363  373    4
    3  280  290  279    1
    3  266  306  265    1
    3  316  277  322    1
    3  328  315  314    1
    3  308  315  367    1
    3  355  330  372    1
    3  327  297  337    1
    3  280  281  314    1
    3  374  340  375    4
    3  296  316  318    1
    3  352  376  377    4
    3  355  307  336    1
    3  292  343  378    3
    3  326  325  363    1
    3  320  287  291    1
    3  345  319  379    3
    3  380  372  381    4
    3  358  366  382    4
    3  268  329  335    1
    3  273  274  324    1
    3  336  307  306    1
    3  265  306  292    1
    3  296  318  333    1
    3  383  374  384    4
    3  329  268  269    1
    3  385  373  386    4
    3  333  324  274    1
    3  283  284  331    1
    3  298  307  355    1
    3  299  353  387    4
    3  308  289  315    1
    3  273  325  272    1
    3  327  337  328    1
    3  388  376  389    4
    3  314  332  328    1
    3  281  282  332    1
    3  315  289  290    1
    3  363  372  330    1
    3  355  372  299    1
    3  285  371  284    1
    3  314  281  332    1
    3  269  326  329    1
    3  369  347  311    3
    3  266  335  306    1
    3  286  320  323    1
    3  308  322  289    1
    3  300  302  331    1
    3  343  390  313    3
    3  292  307  344    3
    3  298  348  370    3
    3  361  390  342    3
    3  343  342  390    3
    3  342  307  362    3
    3  347  369  348    3
    3  361  369  390    3
    3  369  311  390    3
    3  312  311  347    3
    3  311  313  390    3
    3  313  312  378    3
    3  298  362  307    3
    3  342  362  361    3
    3  342  344  307    3
    3  292  344  343    3
    3  369  370  348    3
    3  298  370  361    3
    3  292  378  312    3
    3  313  378  343    3
    3  334  318  375    4
    3  340  391  388    4
    3  318  317  384    4
    3  340  374  391    4
    3  352  385  389    4
    3  376  391  359    4
    3  376  388  391    4
    3  388  385  341    4
    3  359  391  383    4
    3  359  358  377    4
    3  374  383  391    4
    3  383  317  360    4
    3  374  375  318    4
    3  334  375  340    4
    3  334  341  385    4
    3  388  341  340    4
    3  388  389  385    4
    3  352  389  376    4
    3  352  377  358    4
    3  359  377  376    4
    3  358  360  317    4
    3  383  360  359    4
    3  383  384  317    4
    3  318  384  374    4
    3  367  358  309    4
    3  315  337  368    1
    3  353  352  350    4
    3  353  299  380    4
    3  372  380  299    4
    3  380  385  354    4
    3  350  352  392    4
    3  350  297  387    4
    3  366  337  392    4
    3  367  366  358    4
    3  363  334  386    4
    3  373  385  381    4
    3  392  337  351    4
    3  392  352  382    4
    3  380  381  385    4
    3  373  381  372    4
    3  358  317  310    4
    3  367  309  308    4
    3  385  386  334    4
    3  363  386  373    4
    3  366  368  337    4
    3  315  368  367    1
    3  299  387  297    4
    3  350  387  353    4
    3  352  354  385    4
    3  380  354  353    4
    3  358  382  352    4
    3  392  382  366    4
    3  297  351  337    4
    3  392  351  350    4
    3  308  310  317    4
    3  358  310  309    4
    3  312  347  379    3
    3  320  319  323    3
    3  371  323  346    3
    3  338  347  393    3
    3  364  300  394    3
    3  364  348  294    3
    3  319  345  323    3
    3  338  345  347    3
    3  348  298  295    3
    3  294  293  365    3
    3  304  339  394    3
    3  331  371  305    1
    3  364  349  348    3
    3  349  339  393    3
    3  338  393  339    3
    3  349  393  347    3
    3  338  303  371    3
    3  304  303  339    3
    3  356  312  321    3
    3  291  292  357    3
    3  364  394  339    3
    3  304  394  300    3
    3  319  321  312    3
    3  356  321  320    3
    3  293  295  298    3
    3  348  295  294    3
    3  312  357  292    3
    3  291  357  356    3
    3  345  346  323    3
    3  371  346  338    3
    3  303  305  371    3
    3  331  305  304    1
    3  345  379  347    3
    3  312  379  319    3
    3  300  365  293    3
    3  294  365  364    3
C Prescribed Values(Inlet, Outlet), InteractionSurface(Inlet, Outlet)
       1        0        0        2        2        2
C Inlet Pressure, FunID (E18.9,I5)
   1.000000000e+00    3
C Outlet Velocity
C     Vx,           Vy,            Vz,    indVx,indVy,indVz, FunID(3E18.9, 4I5)
   0.000000000e+00   1.000000000e+00   0.000000000e+00    1    0    0    4
C Inlet Velocity
C nNodeID,    Vx,           Vy,            Vz (I5, 3E18.9)
  265
    1  -2.650000000e+00  -2.550000000e+00  -1.150000000e+00
    2  -2.050000000e+00  -2.400000000e+00  -1.800000000e+00
    3  -1.800000000e+00  -2.400000000e+00  -3.100000000e+00
    4  -1.150000000e+00  -2.400000000e+00  -3.100000000e+00
    5  -9.000000000e-01  -2.400000000e+00  -2.300000000e+00
    6  -1.050000000e+00  -2.400000000e+00  -1.500000000e+00
    7  -1.350000000e+00  -2.400000000e+00  -1.000000000e+00
    8  -2.050000000e+00  -2.400000000e+00  -6.500000000e-01
    9  -3.600000000e+00  -2.400000000e+00  -7.500000000e-01
   10  -4.950000000e+00  -2.400000000e+00  -1.550000000e+00
   11  -5.300000000e+00  -2.400000000e+00  -2.700000000e+00
   12  -4.400000000e+00  -2.400000000e+00  -3.200000000e+00
   13  -3.050000000e+00  -2.400000000e+00  -2.500000000e+00
   14  -2.150000000e+00  -2.400000000e+00  -1.050000000e+00
   15  -2.050000000e+00  -2.400000000e+00  -3.500000000e-01
   16  -2.350000000e+00  -2.400000000e+00   1.500000000e-01
   17  -3.150000000e+00  -2.400000000e+00   9.000000000e-01
   18  -4.200000000e+00  -2.400000000e+00   1.200000000e+00
   19  -4.600000000e+00  -2.400000000e+00   5.500000000e-01
   20  -3.750000000e+00  -2.400000000e+00  -4.500000000e-01
   21  -2.700000000e+00  -2.400000000e+00  -9.000000000e-01
   22  -2.150000000e+00  -2.400000000e+00  -9.500000000e-01
   23  -1.900000000e+00  -2.400000000e+00  -9.000000000e-01
   24  -1.850000000e+00  -2.400000000e+00  -8.500000000e-01
   25  -1.900000000e+00  -2.400000000e+00  -9.500000000e-01
   26  -1.300000000e+00  -2.300000000e+00  -1.550000000e+00
   27  -9.500000000e-01  -2.300000000e+00  -2.050000000e+00
   28  -7.500000000e-01  -2.300000000e+00  -1.500000000e+00
   29  -9.000000000e-01  -2.300000000e+00  -6.500000000e-01
   30  -1.300000000e+00  -2.300000000e+00  -1.500000000e-01
   31  -1.550000000e+00  -2.300000000e+00  -1.000000000e-01
   32  -1.700000000e+00  -2.300000000e+00  -1.500000000e-01
   33  -1.800000000e+00  -2.300000000e+00  -3.000000000e-01
   34  -1.750000000e+00  -2.300000000e+00  -4.500000000e-01
   35  -1.800000000e+00  -2.300000000e+00  -6.000000000e-01
   36  -1.800000000e+00  -2.300000000e+00  -8.000000000e-01
   37  -1.650000000e+00  -2.300000000e+00  -9.000000000e-01
   38  -1.500000000e+00  -2.300000000e+00  -9.500000000e-01
   39  -1.350000000e+00  -2.300000000e+00  -9.000000000e-01
   40  -1.300000000e+00  -2.300000000e+00  -7.000000000e-01
   41  -1.700000000e+00  -2.300000000e+00   5.000000000e-02
   42  -2.450000000e+00  -2.300000000e+00   5.000000000e-01
   43  -3.050000000e+00  -2.300000000e+00   4.000000000e-01
   44  -2.750000000e+00  -2.300000000e+00  -2.500000000e-01
   45  -2.400000000e+00  -2.300000000e+00  -6.500000000e-01
   46  -2.150000000e+00  -2.300000000e+00  -8.500000000e-01
   47  -1.950000000e+00  -2.300000000e+00  -1.050000000e+00
   48  -1.700000000e+00  -2.300000000e+00  -1.150000000e+00
   49  -1.450000000e+00  -2.300000000e+00  -1.250000000e+00
   50  -1.250000000e+00  -2.100000000e+00  -1.100000000e+00
   51  -1.000000000e+00  -2.100000000e+00  -1.450000000e+00
   52  -9.000000000e-01  -2.100000000e+00  -8.000000000e-01
   53  -1.250000000e+00  -2.100000000e+00   5.000000000e-02
   54  -1.750000000e+00  -2.100000000e+00   4.000000000e-01
   55  -2.100000000e+00  -2.100000000e+00   3.500000000e-01
   56  -2.150000000e+00  -2.100000000e+00   1.000000000e-01
   57  -2.100000000e+00  -2.100000000e+00  -1.500000000e-01
   58  -1.900000000e+00  -2.100000000e+00  -3.000000000e-01
   59  -1.850000000e+00  -2.100000000e+00  -4.500000000e-01
   60  -1.950000000e+00  -2.100000000e+00  -7.000000000e-01
   61  -1.850000000e+00  -2.100000000e+00  -9.500000000e-01
   62  -1.600000000e+00  -2.100000000e+00  -1.050000000e+00
   63  -1.400000000e+00  -2.100000000e+00  -1.050000000e+00
   64  -1.300000000e+00  -2.100000000e+00  -9.500000000e-01
   65  -1.600000000e+00  -2.100000000e+00  -2.000000000e-01
   66  -2.250000000e+00  -2.100000000e+00   4.000000000e-01
   67  -2.850000000e+00  -2.100000000e+00   3.500000000e-01
   68  -2.700000000e+00  -2.100000000e+00  -1.500000000e-01
   69  -2.400000000e+00  -2.100000000e+00  -5.000000000e-01
   70  -2.100000000e+00  -2.100000000e+00  -7.000000000e-01
   71  -1.900000000e+00  -2.100000000e+00  -8.500000000e-01
   72  -1.600000000e+00  -2.100000000e+00  -9.500000000e-01
   73  -1.350000000e+00  -2.100000000e+00  -9.000000000e-01
   74  -1.550000000e+00  -1.950000000e+00  -1.100000000e+00
   75  -1.300000000e+00  -1.950000000e+00  -1.550000000e+00
   76  -1.300000000e+00  -1.950000000e+00  -5.500000000e-01
   77  -1.850000000e+00  -1.950000000e+00   5.500000000e-01
   78  -2.600000000e+00  -1.950000000e+00   9.500000000e-01
   79  -3.100000000e+00  -1.950000000e+00   7.500000000e-01
   80  -3.300000000e+00  -1.950000000e+00   3.500000000e-01
   81  -3.250000000e+00  -1.950000000e+00  -5.000000000e-02
   82  -3.050000000e+00  -1.950000000e+00  -4.000000000e-01
   83  -2.850000000e+00  -1.950000000e+00  -7.500000000e-01
   84  -2.700000000e+00  -1.950000000e+00  -1.050000000e+00
   85  -2.300000000e+00  -1.950000000e+00  -9.500000000e-01
   86  -1.950000000e+00  -1.950000000e+00  -6.500000000e-01
   87  -1.850000000e+00  -1.950000000e+00  -4.000000000e-01
   88  -1.800000000e+00  -1.950000000e+00  -5.000000000e-01
   89  -1.850000000e+00  -1.950000000e+00  -2.500000000e-01
   90  -2.300000000e+00  -1.950000000e+00   1.000000000e-01
   91  -2.700000000e+00  -1.950000000e+00   1.000000000e-01
   92  -2.700000000e+00  -1.950000000e+00  -2.000000000e-01
   93  -2.600000000e+00  -1.950000000e+00  -5.000000000e-01
   94  -2.600000000e+00  -1.950000000e+00  -7.000000000e-01
   95  -2.400000000e+00  -1.950000000e+00  -9.500000000e-01
   96  -2.050000000e+00  -1.950000000e+00  -1.000000000e+00
   97  -1.700000000e+00  -1.950000000e+00  -9.000000000e-01
   98  -1.700000000e+00  -1.800000000e+00  -7.500000000e-01
   99  -1.550000000e+00  -1.800000000e+00  -1.100000000e+00
  100  -1.650000000e+00  -1.800000000e+00  -2.000000000e-01
  101  -2.200000000e+00  -1.800000000e+00   7.500000000e-01
  102  -2.950000000e+00  -1.800000000e+00   1.100000000e+00
  103  -3.450000000e+00  -1.800000000e+00   9.000000000e-01
  104  -3.700000000e+00  -1.800000000e+00   4.500000000e-01
  105  -3.750000000e+00  -1.800000000e+00   0.000000000e+00
  106  -3.600000000e+00  -1.800000000e+00  -4.500000000e-01
  107  -3.450000000e+00  -1.800000000e+00  -8.500000000e-01
  108  -3.250000000e+00  -1.800000000e+00  -1.250000000e+00
  109  -2.700000000e+00  -1.800000000e+00  -1.100000000e+00
  110  -2.250000000e+00  -1.800000000e+00  -6.500000000e-01
  111  -2.150000000e+00  -1.800000000e+00  -2.500000000e-01
  112  -2.050000000e+00  -1.800000000e+00  -3.500000000e-01
  113  -2.100000000e+00  -1.800000000e+00  -3.500000000e-01
  114  -2.450000000e+00  -1.800000000e+00   0.000000000e+00
  115  -2.850000000e+00  -1.800000000e+00   5.000000000e-02
  116  -2.950000000e+00  -1.800000000e+00  -2.000000000e-01
  117  -3.200000000e+00  -1.800000000e+00  -4.500000000e-01
  118  -3.350000000e+00  -1.800000000e+00  -8.500000000e-01
  119  -3.100000000e+00  -1.800000000e+00  -1.200000000e+00
  120  -2.500000000e+00  -1.800000000e+00  -1.200000000e+00
  121  -1.900000000e+00  -1.800000000e+00  -8.000000000e-01
  122  -1.600000000e+00  -1.700000000e+00  -6.000000000e-01
  123  -1.500000000e+00  -1.700000000e+00  -1.050000000e+00
  124  -1.500000000e+00  -1.700000000e+00  -3.000000000e-01
  125  -1.900000000e+00  -1.700000000e+00   4.500000000e-01
  126  -2.500000000e+00  -1.700000000e+00   8.000000000e-01
  127  -2.900000000e+00  -1.700000000e+00   6.500000000e-01
  128  -3.200000000e+00  -1.700000000e+00   4.000000000e-01
  129  -3.400000000e+00  -1.700000000e+00   5.000000000e-02
  130  -3.550000000e+00  -1.700000000e+00  -3.500000000e-01
  131  -3.650000000e+00  -1.700000000e+00  -9.000000000e-01
  132  -3.450000000e+00  -1.700000000e+00  -1.400000000e+00
  133  -2.750000000e+00  -1.700000000e+00  -1.250000000e+00
  134  -2.250000000e+00  -1.700000000e+00  -8.500000000e-01
  135  -2.100000000e+00  -1.700000000e+00  -3.500000000e-01
  136  -2.050000000e+00  -1.700000000e+00  -3.000000000e-01
  137  -2.200000000e+00  -1.700000000e+00  -1.000000000e-01
  138  -2.700000000e+00  -1.700000000e+00   3.500000000e-01
  139  -3.250000000e+00  -1.700000000e+00   3.500000000e-01
  140  -3.250000000e+00  -1.700000000e+00  -1.000000000e-01
  141  -3.050000000e+00  -1.700000000e+00  -4.500000000e-01
  142  -2.900000000e+00  -1.700000000e+00  -7.000000000e-01
  143  -2.550000000e+00  -1.700000000e+00  -9.000000000e-01
  144  -2.100000000e+00  -1.700000000e+00  -8.000000000e-01
  145  -1.650000000e+00  -1.700000000e+00  -4.500000000e-01
  146  -1.600000000e+00  -1.200000000e+00  -1.500000000e+00
  147  -1.200000000e+00  -1.200000000e+00  -1.500000000e+00
  148  -1.050000000e+00  -1.200000000e+00  -7.500000000e-01
  149  -1.550000000e+00  -1.200000000e+00   4.500000000e-01
  150  -2.300000000e+00  -1.200000000e+00   1.100000000e+00
  151  -2.800000000e+00  -1.200000000e+00   1.000000000e+00
  152  -3.000000000e+00  -1.200000000e+00   6.500000000e-01
  153  -2.900000000e+00  -1.200000000e+00   2.500000000e-01
  154  -2.700000000e+00  -1.200000000e+00   0.000000000e+00
  155  -2.600000000e+00  -1.200000000e+00  -2.000000000e-01
  156  -2.600000000e+00  -1.200000000e+00  -5.500000000e-01
  157  -2.250000000e+00  -1.200000000e+00  -6.000000000e-01
  158  -1.950000000e+00  -1.200000000e+00  -2.500000000e-01
  159  -1.850000000e+00  -1.200000000e+00   1.000000000e-01
  160  -1.950000000e+00  -1.200000000e+00   3.000000000e-01
  161  -2.300000000e+00  -1.200000000e+00   6.000000000e-01
  162  -3.100000000e+00  -1.200000000e+00   1.150000000e+00
  163  -3.850000000e+00  -1.200000000e+00   9.500000000e-01
  164  -3.500000000e+00  -1.200000000e+00   2.500000000e-01
  165  -2.600000000e+00  -1.200000000e+00  -2.500000000e-01
  166  -1.950000000e+00  -1.200000000e+00  -3.500000000e-01
  167  -1.650000000e+00  -1.200000000e+00  -3.000000000e-01
  168  -1.500000000e+00  -1.200000000e+00  -3.000000000e-01
  169  -1.500000000e+00  -1.200000000e+00  -4.500000000e-01
  170  -1.050000000e+00  -7.500000000e-01  -1.450000000e+00
  171  -6.500000000e-01  -7.500000000e-01  -2.000000000e+00
  172  -5.000000000e-01  -7.500000000e-01  -7.500000000e-01
  173  -7.500000000e-01  -7.500000000e-01   1.000000000e-01
  174  -1.200000000e+00  -7.500000000e-01   6.000000000e-01
  175  -1.600000000e+00  -7.500000000e-01   6.500000000e-01
  176  -1.600000000e+00  -7.500000000e-01   5.000000000e-01
  177  -1.500000000e+00  -7.500000000e-01   3.500000000e-01
  178  -1.300000000e+00  -7.500000000e-01   2.500000000e-01
  179  -1.200000000e+00  -7.500000000e-01   3.000000000e-01
  180  -1.400000000e+00  -7.500000000e-01   1.000000000e-01
  181  -1.400000000e+00  -7.500000000e-01   0.000000000e+00
  182  -1.300000000e+00  -7.500000000e-01   1.000000000e-01
  183  -1.350000000e+00  -7.500000000e-01   2.500000000e-01
  184  -1.450000000e+00  -7.500000000e-01   3.500000000e-01
  185  -1.750000000e+00  -7.500000000e-01   5.500000000e-01
  186  -2.400000000e+00  -7.500000000e-01   9.500000000e-01
  187  -2.950000000e+00  -7.500000000e-01   7.500000000e-01
  188  -2.700000000e+00  -7.500000000e-01   1.500000000e-01
  189  -2.100000000e+00  -7.500000000e-01  -2.500000000e-01
  190  -1.700000000e+00  -7.500000000e-01  -4.500000000e-01
  191  -1.450000000e+00  -7.500000000e-01  -5.500000000e-01
  192  -1.250000000e+00  -7.500000000e-01  -6.000000000e-01
  193  -1.150000000e+00  -7.500000000e-01  -8.000000000e-01
  194  -8.000000000e-01  -3.000000000e-01  -5.000000000e-01
  195  -6.500000000e-01  -3.000000000e-01  -5.000000000e-01
  196  -7.000000000e-01  -3.000000000e-01   0.000000000e+00
  197  -1.100000000e+00  -3.000000000e-01   7.000000000e-01
  198  -1.650000000e+00  -3.000000000e-01   1.000000000e+00
  199  -2.050000000e+00  -3.000000000e-01   9.000000000e-01
  200  -2.150000000e+00  -3.000000000e-01   6.000000000e-01
  201  -2.000000000e+00  -3.000000000e-01   2.500000000e-01
  202  -1.850000000e+00  -3.000000000e-01   1.000000000e-01
  203  -1.750000000e+00  -3.000000000e-01  -5.000000000e-02
  204  -1.800000000e+00  -3.000000000e-01  -3.000000000e-01
  205  -1.750000000e+00  -3.000000000e-01  -6.500000000e-01
  206  -1.500000000e+00  -3.000000000e-01  -6.500000000e-01
  207  -1.350000000e+00  -3.000000000e-01  -5.000000000e-01
  208  -1.250000000e+00  -3.000000000e-01  -4.000000000e-01
  209  -1.300000000e+00  -3.000000000e-01  -2.000000000e-01
  210  -1.750000000e+00  -3.000000000e-01   2.500000000e-01
  211  -2.100000000e+00  -3.000000000e-01   2.500000000e-01
  212  -2.050000000e+00  -3.000000000e-01  -5.000000000e-02
  213  -1.800000000e+00  -3.000000000e-01  -3.000000000e-01
  214  -1.650000000e+00  -3.000000000e-01  -5.000000000e-01
  215  -1.400000000e+00  -3.000000000e-01  -5.000000000e-01
  216  -1.100000000e+00  -3.000000000e-01  -5.000000000e-01
  217  -8.500000000e-01  -3.000000000e-01  -4.000000000e-01
  218  -7.000000000e-01   1.500000000e-01   0.000000000e+00
  219  -5.500000000e-01   1.500000000e-01   0.000000000e+00
  220  -8.500000000e-01   1.500000000e-01   1.000000000e+00
  221  -1.500000000e+00   1.500000000e-01   1.500000000e+00
  222  -2.350000000e+00   1.500000000e-01   1.500000000e+00
  223  -2.950000000e+00   1.500000000e-01   1.500000000e+00
  224  -2.950000000e+00   1.500000000e-01   1.000000000e+00
  225  -2.650000000e+00   1.500000000e-01   4.500000000e-01
  226  -2.050000000e+00   1.500000000e-01   1.500000000e-01
  227  -1.650000000e+00   1.500000000e-01   1.500000000e-01
  228  -1.650000000e+00   1.500000000e-01  -5.000000000e-02
  229  -1.550000000e+00   1.500000000e-01  -1.500000000e-01
  230  -1.300000000e+00   1.500000000e-01   5.000000000e-02
  231  -1.300000000e+00   1.500000000e-01   3.000000000e-01
  232  -1.350000000e+00   1.500000000e-01   3.500000000e-01
  233  -1.100000000e+00   1.500000000e-01  -2.500000000e-01
  234  -8.000000000e-01   1.500000000e-01  -4.500000000e-01
  235  -7.000000000e-01   1.500000000e-01  -4.000000000e-01
  236  -9.000000000e-01   1.500000000e-01  -1.500000000e-01
  237  -1.600000000e+00   1.500000000e-01  -1.500000000e-01
  238  -1.850000000e+00   1.500000000e-01  -3.500000000e-01
  239  -1.550000000e+00   1.500000000e-01  -5.500000000e-01
  240  -1.250000000e+00   1.500000000e-01  -6.000000000e-01
  241  -8.000000000e-01   1.500000000e-01  -3.500000000e-01
  242  -9.000000000e-01   6.500000000e-01   5.000000000e-01
  243  -1.000000000e+00   6.500000000e-01   5.000000000e-01
  244  -1.350000000e+00   6.500000000e-01   1.000000000e+00
  245  -2.050000000e+00   6.500000000e-01   2.000000000e+00
  246  -2.900000000e+00   6.500000000e-01   2.000000000e+00
  247  -3.400000000e+00   6.500000000e-01   1.500000000e+00
  248  -3.400000000e+00   6.500000000e-01   1.000000000e+00
  249  -3.050000000e+00   6.500000000e-01   5.000000000e-01
  250  -2.500000000e+00   6.500000000e-01  -5.000000000e-02
  251  -2.200000000e+00   6.500000000e-01  -1.000000000e-01
  252  -2.300000000e+00   6.500000000e-01  -5.000000000e-01
  253  -2.500000000e+00   6.500000000e-01  -1.300000000e+00
  254  -2.150000000e+00   6.500000000e-01  -1.800000000e+00
  255  -1.700000000e+00   6.500000000e-01  -1.750000000e+00
  256  -1.300000000e+00   6.500000000e-01  -1.550000000e+00
  257  -1.050000000e+00   6.500000000e-01  -1.300000000e+00
  258  -1.400000000e+00   6.500000000e-01  -5.000000000e-01
  259  -1.850000000e+00   6.500000000e-01  -1.500000000e-01
  260  -2.000000000e+00   6.500000000e-01  -2.500000000e-01
  261  -2.400000000e+00   6.500000000e-01  -3.500000000e-01
  262  -2.250000000e+00   6.500000000e-01  -6.000000000e-01
  263  -1.900000000e+00   6.500000000e-01  -7.000000000e-01
  264  -1.400000000e+00   6.500000000e-01  -5.500000000e-01
  265  -9.000000000e-01   6.500000000e-01   0.000000000e+00
C Region List
