C PointsNum,MaxElemVol,TetGenParams,nAtrib,IndMov,MDMaxVolume,MDomDiv,MDOnly,MDDivF,MDPrescP
  395    1.000000e+00 YYpznno2q1.414a     0     0    1.000000e+00     1     0     0     0     0     0 YYpznno2q1.414a
  -1.962148000e-01  -7.668570000e+00   2.819000000e-03
  -3.812290000e-02  -7.242820000e+00   8.709840000e-01
  -2.614590000e-01  -7.242820000e+00   8.410480000e-01
  -4.558280000e-01  -7.242820000e+00   7.412330000e-01
  -6.152570000e-01  -7.242820000e+00   6.082300000e-01
  -7.424580000e-01  -7.242820000e+00   4.538930000e-01
  -8.398340000e-01  -7.242820000e+00   2.824290000e-01
  -9.127890000e-01  -7.242820000e+00   9.409600000e-02
  -9.540680000e-01  -7.242820000e+00  -1.157880000e-01
  -9.405570000e-01  -7.242820000e+00  -3.427610000e-01
  -8.440870000e-01  -7.242820000e+00  -5.548680000e-01
  -6.605420000e-01  -7.242820000e+00  -7.017370000e-01
  -4.417010000e-01  -7.242820000e+00  -7.725250000e-01
  -2.251229000e-01  -7.242820000e+00  -7.863890000e-01
  -2.344800000e-02  -7.242820000e+00  -7.498340000e-01
   1.513440000e-01  -7.242820000e+00  -6.623610000e-01
   2.774660000e-01  -7.242820000e+00  -5.214930000e-01
   3.645370000e-01  -7.242820000e+00  -3.698660000e-01
   4.287250000e-01  -7.242820000e+00  -2.204650000e-01
   4.491810000e-01  -7.242820000e+00  -6.290400000e-02
   4.244040000e-01  -7.242820000e+00   9.109800000e-02
   3.809050000e-01  -7.242820000e+00   2.342130000e-01
   3.301650000e-01  -7.242820000e+00   3.813840000e-01
   2.687470000e-01  -7.242820000e+00   5.570700000e-01
   1.616420000e-01  -7.242820000e+00   7.639680000e-01
  -8.008340000e-02  -6.816070000e+00   1.165310000e+00
  -3.804520000e-01  -6.816070000e+00   1.119125000e+00
  -6.406990000e-01  -6.816070000e+00   9.837630000e-01
  -8.544050000e-01  -6.816070000e+00   8.069350000e-01
  -1.026928000e+00  -6.816070000e+00   6.026800000e-01
  -1.165520000e+00  -6.816070000e+00   3.743960000e-01
  -1.280600000e+00  -6.816070000e+00   1.206132000e-01
  -1.361030000e+00  -6.816070000e+00  -1.720150000e-01
  -1.363650000e+00  -6.816070000e+00  -4.998790000e-01
  -1.228598000e+00  -6.816070000e+00  -8.059010000e-01
  -9.541290000e-01  -6.816070000e+00  -1.002340000e+00
  -6.327920000e-01  -6.816070000e+00  -1.075840000e+00
  -3.300834000e-01  -6.816070000e+00  -1.075650000e+00
  -5.687100000e-02  -6.816070000e+00  -1.016470000e+00
   1.745210000e-01  -6.816070000e+00  -8.929090000e-01
   3.399010000e-01  -6.816070000e+00  -6.993710000e-01
   4.487500000e-01  -6.816070000e+00  -4.939380000e-01
   5.311340000e-01  -6.816070000e+00  -2.962580000e-01
   5.689860000e-01  -6.816070000e+00  -9.038680000e-02
   5.472410000e-01  -6.816070000e+00   1.152030000e-01
   4.921710000e-01  -6.816070000e+00   3.103610000e-01
   4.266970000e-01  -6.816070000e+00   5.133930000e-01
   3.455450000e-01  -6.816070000e+00   7.597270000e-01
   1.949450000e-01  -6.816070000e+00   1.038034000e+00
  -1.372710000e-01  -6.390310000e+00   1.367160000e+00
  -4.879520000e-01  -6.390310000e+00   1.315930000e+00
  -7.987170000e-01  -6.390310000e+00   1.170374000e+00
  -1.061431000e+00  -6.390310000e+00   9.716880000e-01
  -1.274160000e+00  -6.390310000e+00   7.308940000e-01
  -1.444030000e+00  -6.390310000e+00   4.570600000e-01
  -1.588430000e+00  -6.390310000e+00   1.515288000e-01
  -1.695910000e+00  -6.390310000e+00  -2.053190000e-01
  -1.710080000e+00  -6.390310000e+00  -6.105190000e-01
  -1.547860000e+00  -6.390310000e+00  -9.910640000e-01
  -1.194643000e+00  -6.390310000e+00  -1.216050000e+00
  -7.884120000e-01  -6.390310000e+00  -1.270200000e+00
  -4.252710000e-01  -6.390310000e+00  -1.243670000e+00
  -1.100850000e-01  -6.390310000e+00  -1.157310000e+00
   1.503810000e-01  -6.390310000e+00  -1.010105000e+00
   3.429140000e-01  -6.390310000e+00  -7.986560000e-01
   4.732660000e-01  -6.390310000e+00  -5.672660000e-01
   5.708670000e-01  -6.390310000e+00  -3.401500000e-01
   6.181260000e-01  -6.390310000e+00  -1.014712000e-01
   5.920710000e-01  -6.390310000e+00   1.376170000e-01
   5.301910000e-01  -6.390310000e+00   3.651430000e-01
   4.610120000e-01  -6.390310000e+00   6.078120000e-01
   3.724670000e-01  -6.390310000e+00   9.073000000e-01
   1.923980000e-01  -6.390310000e+00   1.236800000e+00
  -1.929060000e-01  -5.964560000e+00   1.518210000e+00
  -5.867960000e-01  -5.964560000e+00   1.470460000e+00
  -9.430470000e-01  -5.964560000e+00   1.322660000e+00
  -1.249810000e+00  -5.964560000e+00   1.106637000e+00
  -1.499090000e+00  -5.964560000e+00   8.323420000e-01
  -1.696580000e+00  -5.964560000e+00   5.185060000e-01
  -1.866380000e+00  -5.964560000e+00   1.657276000e-01
  -1.992640000e+00  -5.964560000e+00  -2.478470000e-01
  -2.011630000e+00  -5.964560000e+00  -7.182860000e-01
  -1.820090000e+00  -5.964560000e+00  -1.157460000e+00
  -1.405030000e+00  -5.964560000e+00  -1.407750000e+00
  -9.307910000e-01  -5.964560000e+00  -1.452720000e+00
  -5.169060000e-01  -5.964560000e+00  -1.407640000e+00
  -1.614300000e-01  -5.964560000e+00  -1.310400000e+00
   1.331550000e-01  -5.964560000e+00  -1.148250000e+00
   3.508320000e-01  -5.964560000e+00  -9.100100000e-01
   4.944680000e-01  -5.964560000e+00  -6.465840000e-01
   5.980970000e-01  -5.964560000e+00  -3.886180000e-01
   6.469920000e-01  -5.964560000e+00  -1.212724000e-01
   6.055360000e-01  -5.964560000e+00   1.436570000e-01
   5.338740000e-01  -5.964560000e+00   3.928790000e-01
   4.646160000e-01  -5.964560000e+00   6.632490000e-01
   3.766960000e-01  -5.964560000e+00   1.006710000e+00
   1.799540000e-01  -5.964560000e+00   1.383800000e+00
  -2.282050000e-01  -5.537800000e+00   1.625060000e+00
  -6.545600000e-01  -5.537800000e+00   1.584910000e+00
  -1.046437000e+00  -5.537800000e+00   1.435890000e+00
  -1.387770000e+00  -5.537800000e+00   1.208361000e+00
  -1.663770000e+00  -5.537800000e+00   9.093820000e-01
  -1.880940000e+00  -5.537800000e+00   5.628580000e-01
  -2.062730000e+00  -5.537800000e+00   1.738001000e-01
  -2.192890000e+00  -5.537800000e+00  -2.785470000e-01
  -2.202990000e+00  -5.537800000e+00  -7.882160000e-01
  -1.988810000e+00  -5.537800000e+00  -1.260810000e+00
  -1.538990000e+00  -5.537800000e+00  -1.530390000e+00
  -1.026682000e+00  -5.537800000e+00  -1.575810000e+00
  -5.802050000e-01  -5.537800000e+00  -1.523370000e+00
  -1.959680000e-01  -5.537800000e+00  -1.424200000e+00
   1.285170000e-01  -5.537800000e+00  -1.257170000e+00
   3.685360000e-01  -5.537800000e+00  -1.002940000e+00
   5.240970000e-01  -5.537800000e+00  -7.128540000e-01
   6.335120000e-01  -5.537800000e+00  -4.288530000e-01
   6.700680000e-01  -5.537800000e+00  -1.361999000e-01
   5.949090000e-01  -5.537800000e+00   1.440060000e-01
   5.166970000e-01  -5.537800000e+00   4.013950000e-01
   4.504360000e-01  -5.537800000e+00   6.864410000e-01
   3.703280000e-01  -5.537800000e+00   1.059280000e+00
   1.718210000e-01  -5.537800000e+00   1.480470000e+00
  -2.558390000e-01  -5.112050000e+00   1.722360000e+00
  -7.062700000e-01  -5.112050000e+00   1.687020000e+00
  -1.126110000e+00  -5.112050000e+00   1.539090000e+00
  -1.494750000e+00  -5.112050000e+00   1.301486000e+00
  -1.792280000e+00  -5.112050000e+00   9.843120000e-01
  -2.024130000e+00  -5.112050000e+00   6.121110000e-01
  -2.212210000e+00  -5.112050000e+00   1.945741000e-01
  -2.340890000e+00  -5.112050000e+00  -2.872200000e-01
  -2.341590000e+00  -5.112050000e+00  -8.243500000e-01
  -2.113430000e+00  -5.112050000e+00  -1.321020000e+00
  -1.638250000e+00  -5.112050000e+00  -1.602450000e+00
  -1.095796000e+00  -5.112050000e+00  -1.641080000e+00
  -6.268390000e-01  -5.112050000e+00  -1.577270000e+00
  -2.275400000e-01  -5.112050000e+00  -1.470720000e+00
   1.126600000e-01  -5.112050000e+00  -1.303900000e+00
   3.697640000e-01  -5.112050000e+00  -1.045030000e+00
   5.335960000e-01  -5.112050000e+00  -7.398700000e-01
   6.466100000e-01  -5.112050000e+00  -4.411370000e-01
   6.757430000e-01  -5.112050000e+00  -1.334259000e-01
   5.893710000e-01  -5.112050000e+00   1.573270000e-01
   5.107440000e-01  -5.112050000e+00   4.246150000e-01
   4.474040000e-01  -5.112050000e+00   7.228170000e-01
   3.714280000e-01  -5.112050000e+00   1.120310000e+00
   1.657446000e-01  -5.112050000e+00   1.569250000e+00
  -3.246040000e-01  -4.300630000e+00   1.942170000e+00
  -8.274260000e-01  -4.300630000e+00   1.918810000e+00
  -1.305000000e+00  -4.300630000e+00   1.770470000e+00
  -1.731710000e+00  -4.300630000e+00   1.515270000e+00
  -2.076240000e+00  -4.300630000e+00   1.156446000e+00
  -2.329890000e+00  -4.300630000e+00   7.273220000e-01
  -2.519560000e+00  -4.300630000e+00   2.491583000e-01
  -2.632340000e+00  -4.300630000e+00  -2.858550000e-01
  -2.608450000e+00  -4.300630000e+00  -8.697300000e-01
  -2.356690000e+00  -4.300630000e+00  -1.409930000e+00
  -1.841530000e+00  -4.300630000e+00  -1.723320000e+00
  -1.242278000e+00  -4.300630000e+00  -1.750530000e+00
  -7.306040000e-01  -4.300630000e+00  -1.664040000e+00
  -3.025888000e-01  -4.300630000e+00  -1.540430000e+00
   6.154000000e-02  -4.300630000e+00  -1.360680000e+00
   3.418500000e-01  -4.300630000e+00  -1.093296000e+00
   5.206460000e-01  -4.300630000e+00  -7.675100000e-01
   6.377600000e-01  -4.300630000e+00  -4.436590000e-01
   6.422810000e-01  -4.300630000e+00  -1.078417000e-01
   5.320080000e-01  -4.300630000e+00   1.950440000e-01
   4.654470000e-01  -4.300630000e+00   4.766880000e-01
   4.192810000e-01  -4.300630000e+00   8.050430000e-01
   3.619780000e-01  -4.300630000e+00   1.261170000e+00
   1.446162900e-01  -4.300630000e+00   1.774440000e+00
  -3.591530000e-01  -3.489210000e+00   2.155100000e+00
  -9.119590000e-01  -3.489210000e+00   2.136100000e+00
  -1.438980000e+00  -3.489210000e+00   1.976090000e+00
  -1.912220000e+00  -3.489210000e+00   1.695630000e+00
  -2.290990000e+00  -3.489210000e+00   1.299959000e+00
  -2.559310000e+00  -3.489210000e+00   8.232710000e-01
  -2.746540000e+00  -3.489210000e+00   2.975661000e-01
  -2.844270000e+00  -3.489210000e+00  -2.802260000e-01
  -2.802900000e+00  -3.489210000e+00  -8.994400000e-01
  -2.532050000e+00  -3.489210000e+00  -1.474330000e+00
  -1.985520000e+00  -3.489210000e+00  -1.810850000e+00
  -1.338200000e+00  -3.489210000e+00  -1.824790000e+00
  -7.941530000e-01  -3.489210000e+00  -1.717030000e+00
  -3.456358000e-01  -3.489210000e+00  -1.580100000e+00
   3.536200000e-02  -3.489210000e+00  -1.392070000e+00
   3.423120000e-01  -3.489210000e+00  -1.130900000e+00
   5.547290000e-01  -3.489210000e+00  -8.046660000e-01
   6.943270000e-01  -3.489210000e+00  -4.579530000e-01
   6.439830000e-01  -3.489210000e+00  -8.343390000e-02
   5.080120000e-01  -3.489210000e+00   2.316240000e-01
   4.492080000e-01  -3.489210000e+00   5.246060000e-01
   4.109370000e-01  -3.489210000e+00   8.736600000e-01
   3.681460000e-01  -3.489210000e+00   1.377350000e+00
   1.507498000e-01  -3.489210000e+00   1.959890000e+00
  -3.675970000e-01  -2.678800000e+00   2.214380000e+00
  -9.380400000e-01  -2.678800000e+00   2.219140000e+00
  -1.498120000e+00  -2.678800000e+00   2.081500000e+00
  -2.012750000e+00  -2.678800000e+00   1.807610000e+00
  -2.424220000e+00  -2.678800000e+00   1.393050000e+00
  -2.703390000e+00  -2.678800000e+00   8.784890000e-01
  -2.874530000e+00  -2.678800000e+00   3.154598000e-01
  -2.938860000e+00  -2.678800000e+00  -2.881260000e-01
  -2.858750000e+00  -2.678800000e+00  -9.146500000e-01
  -2.567310000e+00  -2.678800000e+00  -1.489250000e+00
  -2.017030000e+00  -2.678800000e+00  -1.834020000e+00
  -1.362910000e+00  -2.678800000e+00  -1.855590000e+00
  -8.095970000e-01  -2.678800000e+00  -1.754180000e+00
  -3.499577000e-01  -2.678800000e+00  -1.619940000e+00
   4.197200000e-02  -2.678800000e+00  -1.427580000e+00
   3.654200000e-01  -2.678800000e+00  -1.172560000e+00
   6.170360000e-01  -2.678800000e+00  -8.566920000e-01
   7.829280000e-01  -2.678800000e+00  -4.960050000e-01
   6.788160000e-01  -2.678800000e+00  -8.554020000e-02
   5.104470000e-01  -2.678800000e+00   2.381120000e-01
   4.492710000e-01  -2.678800000e+00   5.350300000e-01
   4.103320000e-01  -2.678800000e+00   8.903900000e-01
   3.697340000e-01  -2.678800000e+00   1.403720000e+00
   1.515627000e-01  -2.678800000e+00   2.003660000e+00
  -3.823260000e-01  -1.867380000e+00   2.238200000e+00
  -9.642400000e-01  -1.867380000e+00   2.256590000e+00
  -1.545650000e+00  -1.867380000e+00   2.133840000e+00
  -2.088030000e+00  -1.867380000e+00   1.864580000e+00
  -2.518820000e+00  -1.867380000e+00   1.436100000e+00
  -2.805740000e+00  -1.867380000e+00   9.009140000e-01
  -2.981190000e+00  -1.867380000e+00   3.168790000e-01
  -3.049510000e+00  -1.867380000e+00  -3.084290000e-01
  -2.970080000e+00  -1.867380000e+00  -9.588800000e-01
  -2.664990000e+00  -1.867380000e+00  -1.555780000e+00
  -2.083350000e+00  -1.867380000e+00  -1.900770000e+00
  -1.397730000e+00  -1.867380000e+00  -1.898960000e+00
  -8.323260000e-01  -1.867380000e+00  -1.779930000e+00
  -3.674214000e-01  -1.867380000e+00  -1.639160000e+00
   2.981800000e-02  -1.867380000e+00  -1.447220000e+00
   3.679560000e-01  -1.867380000e+00  -1.203400000e+00
   6.478180000e-01  -1.867380000e+00  -8.991490000e-01
   8.397020000e-01  -1.867380000e+00  -5.315870000e-01
   7.070850000e-01  -1.867380000e+00  -9.512100000e-02
   5.214930000e-01  -1.867380000e+00   2.384430000e-01
   4.545080000e-01  -1.867380000e+00   5.420710000e-01
   4.077980000e-01  -1.867380000e+00   8.990030000e-01
   3.601820000e-01  -1.867380000e+00   1.410410000e+00
   1.415200000e-01  -1.867380000e+00   2.017870000e+00
  -4.497900000e-01  -1.055960000e+00   2.122430000e+00
  -1.018530000e+00  -1.055960000e+00   2.171250000e+00
  -1.610820000e+00  -1.055960000e+00   2.096690000e+00
  -2.180170000e+00  -1.055960000e+00   1.857630000e+00
  -2.631020000e+00  -1.055960000e+00   1.427420000e+00
  -2.928340000e+00  -1.055960000e+00   8.790110000e-01
  -3.116630000e+00  -1.055960000e+00   2.782550000e-01
  -3.193860000e+00  -1.055960000e+00  -3.674180000e-01
  -3.115810000e+00  -1.055960000e+00  -1.042590000e+00
  -2.797140000e+00  -1.055960000e+00  -1.658100000e+00
  -2.185750000e+00  -1.055960000e+00  -2.004330000e+00
  -1.474720000e+00  -1.055960000e+00  -1.986720000e+00
  -8.957900000e-01  -1.055960000e+00  -1.856320000e+00
  -4.231575000e-01  -1.055960000e+00  -1.707430000e+00
  -2.040300000e-02  -1.055960000e+00  -1.514230000e+00
   3.257660000e-01  -1.055960000e+00  -1.270300000e+00
   6.049660000e-01  -1.055960000e+00  -9.573440000e-01
   7.952030000e-01  -1.055960000e+00  -5.829380000e-01
   6.488350000e-01  -1.055960000e+00  -1.417450000e-01
   4.145370000e-01  -1.055960000e+00   1.840410000e-01
   3.483420000e-01  -1.055960000e+00   4.737110000e-01
   3.134740000e-01  -1.055960000e+00   8.235190000e-01
   2.914980000e-01  -1.055960000e+00   1.347540000e+00
   6.720200000e-02  -1.055960000e+00   1.926830000e+00
  -5.016040000e-01  -3.545410000e-01   2.175920000e+00
   3.317900000e-02  -3.545410000e-01   1.961500000e+00
   2.041060000e-01  -3.545410000e-01   1.281330000e+00
   1.557300000e-01  -3.545410000e-01   7.130400000e-01
   1.553140000e-01  -3.545410000e-01   3.818270000e-01
   2.046230000e-01  -3.545410000e-01   1.275790000e-01
   4.349060000e-01  -3.545410000e-01  -1.572940000e-01
   7.842870000e-01  -3.545410000e-01  -6.412310000e-01
   5.861980000e-01  -3.545410000e-01  -1.026210000e+00
   2.912500000e-01  -3.545410000e-01  -1.342150000e+00
  -6.880900000e-02  -3.545410000e-01  -1.585640000e+00
  -4.838674000e-01  -3.545410000e-01  -1.775830000e+00
  -9.656040000e-01  -3.545410000e-01  -1.932930000e+00
  -1.561150000e+00  -3.545410000e-01  -2.078170000e+00
  -2.303530000e+00  -3.545410000e-01  -2.110460000e+00
  -2.946070000e+00  -3.545410000e-01  -1.761760000e+00
  -3.268710000e+00  -3.545410000e-01  -1.117350000e+00
  -3.316550000e+00  -3.545410000e-01  -4.131950000e-01
  -3.204280000e+00  -3.545410000e-01   2.437060000e-01
  -2.992580000e+00  -3.545410000e-01   8.416340000e-01
  -2.687310000e+00  -3.545410000e-01   1.385010000e+00
  -2.253820000e+00  -3.545410000e-01   1.831920000e+00
  -1.695320000e+00  -3.545410000e-01   2.105490000e+00
  -1.093410000e+00  -3.545410000e-01   2.210470000e+00
  -1.830010000e+00  -3.801410000e-01  -1.674560000e+00
  -2.344700000e+00  -3.772410000e-01  -1.600080000e+00
  -1.475620000e+00  -3.754410000e-01   1.815280000e+00
  -1.081880000e+00  -3.866410000e-01   1.622420000e+00
  -1.859680000e+00  -4.140410000e-01   1.036180000e-01
  -1.848230000e+00  -4.118410000e-01   3.521075000e-01
  -1.586600000e+00  -4.148410000e-01   3.853108000e-01
  -4.504957000e-01  -3.762410000e-01  -1.454020000e+00
  -1.512390000e+00  -4.186410000e-01  -1.835600000e-01
  -1.324960000e+00  -4.171410000e-01   4.185140000e-01
  -1.022120000e+00  -4.178410000e-01  -8.846900000e-02
  -2.259880000e+00  -4.017410000e-01   2.863400000e-01
  -2.295460000e+00  -4.032410000e-01  -1.994050000e-01
  -2.738710000e+00  -3.845410000e-01  -1.391300000e-02
  -2.314180000e+00  -3.898410000e-01   8.280050000e-01
  -2.417840000e+00  -3.906410000e-01   5.943660000e-01
  -2.416200000e+00  -3.865410000e-01   7.842490000e-01
  -4.824840000e-01  -3.820410000e-01   1.526377000e+00
  -9.097630000e-01  -4.042410000e-01   9.994070000e-01
  -1.508850000e+00  -3.952410000e-01  -1.355060000e+00
  -1.456510000e+00  -4.019410000e-01  -1.170610000e+00
  -1.270948000e+00  -3.998410000e-01  -1.221360000e+00
  -1.700700000e+00  -4.024410000e-01   1.019501000e+00
  -1.652220000e+00  -3.909410000e-01   1.422297000e+00
  -1.551130000e+00  -3.983410000e-01   1.232365000e+00
  -2.604570000e+00  -3.829410000e-01  -1.169140000e+00
  -1.956030000e+00  -3.980410000e-01  -1.176380000e+00
  -8.167930000e-01  -3.802410000e-01  -1.526390000e+00
  -1.088384000e+00  -3.974410000e-01  -1.271120000e+00
  -6.348300000e-01  -3.937410000e-01  -1.210060000e+00
  -1.886260000e+00  -3.865410000e-01   1.399328000e+00
  -1.834430000e+00  -3.747410000e-01   1.700950000e+00
  -1.742330000e+00  -3.829410000e-01   1.567120000e+00
  -1.283533000e+00  -3.806410000e-01  -1.631810000e+00
  -2.118300000e+00  -3.803410000e-01   1.380359000e+00
   1.224090000e-01  -3.760410000e-01  -1.070070000e+00
   2.108000000e-01  -3.804410000e-01  -7.175960000e-01
   2.156900000e-02  -3.781410000e-01  -9.038800000e-02
  -1.923640000e+00  -4.125410000e-01  -3.234760000e-01
  -2.217940000e+00  -4.025410000e-01  -6.893200000e-01
  -1.972659000e-01  -3.850410000e-01   4.879250000e-01
  -3.690170000e-01  -3.997410000e-01   5.385700000e-02
  -2.625190000e+00  -3.829410000e-01   5.118549000e-01
  -2.751480000e+00  -3.848410000e-01  -5.920110000e-01
  -1.839150000e-01  -3.791410000e-01  -1.267360000e+00
  -3.343240000e-01  -3.972410000e-01  -8.842900000e-01
  -1.039790000e-01  -3.752410000e-01   1.133704000e+00
  -4.700530000e-01  -3.945410000e-01   9.215610000e-01
  -1.708730000e+00  -4.126410000e-01  -6.544780000e-01
  -2.178810000e+00  -3.908410000e-01   9.903500000e-01
  -2.213590000e+00  -3.969410000e-01   6.818770000e-01
  -6.208150000e-01  -4.035410000e-01  -8.814400000e-01
  -6.762650000e-01  -4.079410000e-01  -6.920790000e-01
  -1.185350000e+00  -4.054410000e-01   1.020920000e+00
  -1.265460000e+00  -3.975410000e-01   1.311426000e+00
  -1.088460000e+00  -4.011410000e-01   1.163916000e+00
  -2.030730000e+00  -3.892410000e-01   1.203463000e+00
  -2.147060000e+00  -3.857410000e-01   1.187855000e+00
  -1.943150000e+00  -3.976410000e-01   1.015567000e+00
  -1.840190000e+00  -4.090410000e-01   5.985970000e-01
  -2.026690000e+00  -4.037410000e-01   6.387370000e-01
  -1.367850000e+00  -4.178410000e-01  -3.733470000e-01
  -1.536290000e+00  -4.156410000e-01  -5.114130000e-01
  -1.216300000e+00  -4.162410000e-01  -5.551340000e-01
  -1.119210000e+00  -4.176410000e-01  -3.273020000e-01
  -9.284630000e-01  -4.151410000e-01  -4.100090000e-01
  -6.965880000e-01  -4.091410000e-01   3.977197000e-01
  -1.559420000e+00  -3.837410000e-01   1.619290000e+00
  -1.322650000e+00  -3.853410000e-01   1.621850000e+00
  -1.398180000e+00  -4.077410000e-01  -9.921600000e-01
  -1.147241000e+00  -4.084410000e-01  -9.393800000e-01
  -1.119813000e+00  -4.032410000e-01  -1.107750000e+00
  -1.385850000e+00  -4.118410000e-01   7.269740000e-01
  -1.149010000e+00  -4.085410000e-01   8.661910000e-01
  -2.898590000e-01  -3.999410000e-01  -3.876780000e-01
  -2.046800000e+00  -4.063410000e-01   4.389687800e-01
  -1.953280000e+00  -4.103410000e-01   2.732930000e-01
  -1.556450000e+00  -4.105410000e-01  -8.298200000e-01
  -1.672600000e+00  -4.037410000e-01  -1.077270000e+00
  -1.693160000e+00  -4.084410000e-01  -8.703700000e-01
  -1.644970000e+00  -4.083410000e-01   8.050150000e-01
  -1.612620000e+00  -4.111410000e-01   6.602860000e-01
  -2.415470000e+00  -3.821410000e-01   9.711320000e-01
  -6.296610000e-01  -4.103410000e-01  -1.062100000e-01
  -5.092870000e-01  -4.068410000e-01  -4.371970000e-01
  -7.625670000e-01  -4.009410000e-01  -1.067330000e+00
  -6.253220000e-01  -3.988410000e-01  -1.052750000e+00
  -1.059302000e+00  -4.124410000e-01  -7.368600000e-01
  -1.227740000e+00  -4.105410000e-01  -8.595100000e-01
  -1.458340000e+00  -3.943410000e-01   1.373361000e+00
  -1.913210000e+00  -3.923410000e-01   1.209948000e+00
  -8.824180000e-01  -4.153410000e-01  -2.960930000e-01
  -6.796880000e-01  -4.114410000e-01  -3.034630000e-01
  -1.384880000e+00  -4.138410000e-01  -6.894800000e-01
  -9.988450000e-01  -4.031410000e-01  -1.085860000e+00
  -9.279760000e-01  -3.997410000e-01  -1.165720000e+00
  -7.347160000e-01  -4.119410000e-01  -4.917170000e-01
  -4.218060000e-01  -4.021410000e-01  -6.627420000e-01
  -1.316800000e+00  -4.184410000e-01  -2.544310000e-01
  -8.155100000e-01  -4.102410000e-01  -7.026560000e-01
  -8.960090000e-01  -4.125410000e-01  -6.137910000e-01
  -1.455640000e+00  -4.051410000e-01   1.023434000e+00
  -9.013050000e-01  -4.074410000e-01  -9.035900000e-01
  -1.459510000e+00  -4.150410000e-01  -6.023060000e-01
  -2.076720000e+00  -3.978410000e-01   8.462220000e-01
  -2.234560000e+00  -3.996410000e-01   4.851089000e-01
C Number of facets
  786
C  Size  Node 1  ......Node N Marker
    3    0    1    2    3
    3    0    2    3    3
    3    0    3    4    3
    3    0    4    5    3
    3    0    5    6    3
    3    0    6    7    3
    3    0    7    8    3
    3    0    8    9    3
    3    0    9   10    3
    3    0   10   11    3
    3    0   11   12    3
    3    0   12   13    3
    3    0   13   14    3
    3    0   14   15    3
    3    0   15   16    3
    3    0   16   17    3
    3    0   17   18    3
    3    0   18   19    3
    3    0   19   20    3
    3    0   20   21    3
    3    0   21   22    3
    3    0   22   23    3
    3    0   23   24    3
    3    0   24    1    3
    3    1   25   26    3
    3    1   26    2    3
    3    2   26   27    3
    3    2   27    3    3
    3    3   27   28    3
    3    3   28    4    3
    3    4   28   29    3
    3    4   29    5    3
    3    5   29   30    3
    3    5   30    6    3
    3    6   30   31    3
    3    6   31    7    3
    3    7   31   32    3
    3    7   32    8    3
    3    8   32   33    3
    3    8   33    9    3
    3    9   33   34    3
    3    9   34   10    3
    3   10   34   35    3
    3   10   35   11    3
    3   11   35   36    3
    3   11   36   12    3
    3   12   36   37    3
    3   12   37   13    3
    3   13   37   38    3
    3   13   38   14    3
    3   14   38   39    3
    3   14   39   15    3
    3   15   39   40    3
    3   15   40   16    3
    3   16   40   41    3
    3   16   41   17    3
    3   17   41   42    3
    3   17   42   18    3
    3   18   42   43    3
    3   18   43   19    3
    3   19   43   44    3
    3   19   44   20    3
    3   20   44   45    3
    3   20   45   21    3
    3   21   45   46    3
    3   21   46   22    3
    3   22   46   47    3
    3   22   47   23    3
    3   23   47   48    3
    3   23   48   24    3
    3   24   48   25    3
    3   24   25    1    3
    3   25   49   50    3
    3   25   50   26    3
    3   26   50   51    3
    3   26   51   27    3
    3   27   51   52    3
    3   27   52   28    3
    3   28   52   53    3
    3   28   53   29    3
    3   29   53   54    3
    3   29   54   30    3
    3   30   54   55    3
    3   30   55   31    3
    3   31   55   56    3
    3   31   56   32    3
    3   32   56   57    3
    3   32   57   33    3
    3   33   57   58    3
    3   33   58   34    3
    3   34   58   59    3
    3   34   59   35    3
    3   35   59   60    3
    3   35   60   36    3
    3   36   60   61    3
    3   36   61   37    3
    3   37   61   62    3
    3   37   62   38    3
    3   38   62   63    3
    3   38   63   39    3
    3   39   63   64    3
    3   39   64   40    3
    3   40   64   65    3
    3   40   65   41    3
    3   41   65   66    3
    3   41   66   42    3
    3   42   66   67    3
    3   42   67   43    3
    3   43   67   68    3
    3   43   68   44    3
    3   44   68   69    3
    3   44   69   45    3
    3   45   69   70    3
    3   45   70   46    3
    3   46   70   71    3
    3   46   71   47    3
    3   47   71   72    3
    3   47   72   48    3
    3   48   72   49    3
    3   48   49   25    3
    3   49   73   74    3
    3   49   74   50    3
    3   50   74   75    3
    3   50   75   51    3
    3   51   75   76    3
    3   51   76   52    3
    3   52   76   77    3
    3   52   77   53    3
    3   53   77   78    3
    3   53   78   54    3
    3   54   78   79    3
    3   54   79   55    3
    3   55   79   80    3
    3   55   80   56    3
    3   56   80   81    3
    3   56   81   57    3
    3   57   81   82    3
    3   57   82   58    3
    3   58   82   83    3
    3   58   83   59    3
    3   59   83   84    3
    3   59   84   60    3
    3   60   84   85    3
    3   60   85   61    3
    3   61   85   86    3
    3   61   86   62    3
    3   62   86   87    3
    3   62   87   63    3
    3   63   87   88    3
    3   63   88   64    3
    3   64   88   89    3
    3   64   89   65    3
    3   65   89   90    3
    3   65   90   66    3
    3   66   90   91    3
    3   66   91   67    3
    3   67   91   92    3
    3   67   92   68    3
    3   68   92   93    3
    3   68   93   69    3
    3   69   93   94    3
    3   69   94   70    3
    3   70   94   95    3
    3   70   95   71    3
    3   71   95   96    3
    3   71   96   72    3
    3   72   96   73    3
    3   72   73   49    3
    3   73   97   98    3
    3   73   98   74    3
    3   74   98   99    3
    3   74   99   75    3
    3   75   99  100    3
    3   75  100   76    3
    3   76  100  101    3
    3   76  101   77    3
    3   77  101  102    3
    3   77  102   78    3
    3   78  102  103    3
    3   78  103   79    3
    3   79  103  104    3
    3   79  104   80    3
    3   80  104  105    3
    3   80  105   81    3
    3   81  105  106    3
    3   81  106   82    3
    3   82  106  107    3
    3   82  107   83    3
    3   83  107  108    3
    3   83  108   84    3
    3   84  108  109    3
    3   84  109   85    3
    3   85  109  110    3
    3   85  110   86    3
    3   86  110  111    3
    3   86  111   87    3
    3   87  111  112    3
    3   87  112   88    3
    3   88  112  113    3
    3   88  113   89    3
    3   89  113  114    3
    3   89  114   90    3
    3   90  114  115    3
    3   90  115   91    3
    3   91  115  116    3
    3   91  116   92    3
    3   92  116  117    3
    3   92  117   93    3
    3   93  117  118    3
    3   93  118   94    3
    3   94  118  119    3
    3   94  119   95    3
    3   95  119  120    3
    3   95  120   96    3
    3   96  120   97    3
    3   96   97   73    3
    3   97  121  122    3
    3   97  122   98    3
    3   98  122  123    3
    3   98  123   99    3
    3   99  123  124    3
    3   99  124  100    3
    3  100  124  125    3
    3  100  125  101    3
    3  101  125  126    3
    3  101  126  102    3
    3  102  126  127    3
    3  102  127  103    3
    3  103  127  128    3
    3  103  128  104    3
    3  104  128  129    3
    3  104  129  105    3
    3  105  129  130    3
    3  105  130  106    3
    3  106  130  131    3
    3  106  131  107    3
    3  107  131  132    3
    3  107  132  108    3
    3  108  132  133    3
    3  108  133  109    3
    3  109  133  134    3
    3  109  134  110    3
    3  110  134  135    3
    3  110  135  111    3
    3  111  135  136    3
    3  111  136  112    3
    3  112  136  137    3
    3  112  137  113    3
    3  113  137  138    3
    3  113  138  114    3
    3  114  138  139    3
    3  114  139  115    3
    3  115  139  140    3
    3  115  140  116    3
    3  116  140  141    3
    3  116  141  117    3
    3  117  141  142    3
    3  117  142  118    3
    3  118  142  143    3
    3  118  143  119    3
    3  119  143  144    3
    3  119  144  120    3
    3  120  144  121    3
    3  120  121   97    3
    3  121  145  146    3
    3  121  146  122    3
    3  122  146  147    3
    3  122  147  123    3
    3  123  147  148    3
    3  123  148  124    3
    3  124  148  149    3
    3  124  149  125    3
    3  125  149  150    3
    3  125  150  126    3
    3  126  150  151    3
    3  126  151  127    3
    3  127  151  152    3
    3  127  152  128    3
    3  128  152  153    3
    3  128  153  129    3
    3  129  153  154    3
    3  129  154  130    3
    3  130  154  155    3
    3  130  155  131    3
    3  131  155  156    3
    3  131  156  132    3
    3  132  156  157    3
    3  132  157  133    3
    3  133  157  158    3
    3  133  158  134    3
    3  134  158  159    3
    3  134  159  135    3
    3  135  159  160    3
    3  135  160  136    3
    3  136  160  161    3
    3  136  161  137    3
    3  137  161  162    3
    3  137  162  138    3
    3  138  162  163    3
    3  138  163  139    3
    3  139  163  164    3
    3  139  164  140    3
    3  140  164  165    3
    3  140  165  141    3
    3  141  165  166    3
    3  141  166  142    3
    3  142  166  167    3
    3  142  167  143    3
    3  143  167  168    3
    3  143  168  144    3
    3  144  168  145    3
    3  144  145  121    3
    3  145  169  170    3
    3  145  170  146    3
    3  146  170  171    3
    3  146  171  147    3
    3  147  171  172    3
    3  147  172  148    3
    3  148  172  173    3
    3  148  173  149    3
    3  149  173  174    3
    3  149  174  150    3
    3  150  174  175    3
    3  150  175  151    3
    3  151  175  176    3
    3  151  176  152    3
    3  152  176  177    3
    3  152  177  153    3
    3  153  177  178    3
    3  153  178  154    3
    3  154  178  179    3
    3  154  179  155    3
    3  155  179  180    3
    3  155  180  156    3
    3  156  180  181    3
    3  156  181  157    3
    3  157  181  182    3
    3  157  182  158    3
    3  158  182  183    3
    3  158  183  159    3
    3  159  183  184    3
    3  159  184  160    3
    3  160  184  185    3
    3  160  185  161    3
    3  161  185  186    3
    3  161  186  162    3
    3  162  186  187    3
    3  162  187  163    3
    3  163  187  188    3
    3  163  188  164    3
    3  164  188  189    3
    3  164  189  165    3
    3  165  189  190    3
    3  165  190  166    3
    3  166  190  191    3
    3  166  191  167    3
    3  167  191  192    3
    3  167  192  168    3
    3  168  192  169    3
    3  168  169  145    3
    3  169  193  194    3
    3  169  194  170    3
    3  170  194  195    3
    3  170  195  171    3
    3  171  195  196    3
    3  171  196  172    3
    3  172  196  197    3
    3  172  197  173    3
    3  173  197  198    3
    3  173  198  174    3
    3  174  198  199    3
    3  174  199  175    3
    3  175  199  200    3
    3  175  200  176    3
    3  176  200  201    3
    3  176  201  177    3
    3  177  201  202    3
    3  177  202  178    3
    3  178  202  203    3
    3  178  203  179    3
    3  179  203  204    3
    3  179  204  180    3
    3  180  204  205    3
    3  180  205  181    3
    3  181  205  206    3
    3  181  206  182    3
    3  182  206  207    3
    3  182  207  183    3
    3  183  207  208    3
    3  183  208  184    3
    3  184  208  209    3
    3  184  209  185    3
    3  185  209  210    3
    3  185  210  186    3
    3  186  210  211    3
    3  186  211  187    3
    3  187  211  212    3
    3  187  212  188    3
    3  188  212  213    3
    3  188  213  189    3
    3  189  213  214    3
    3  189  214  190    3
    3  190  214  215    3
    3  190  215  191    3
    3  191  215  216    3
    3  191  216  192    3
    3  192  216  193    3
    3  192  193  169    3
    3  193  217  218    3
    3  193  218  194    3
    3  194  218  219    3
    3  194  219  195    3
    3  195  219  220    3
    3  195  220  196    3
    3  196  220  221    3
    3  196  221  197    3
    3  197  221  222    3
    3  197  222  198    3
    3  198  222  223    3
    3  198  223  199    3
    3  199  223  224    3
    3  199  224  200    3
    3  200  224  225    3
    3  200  225  201    3
    3  201  225  226    3
    3  201  226  202    3
    3  202  226  227    3
    3  202  227  203    3
    3  203  227  228    3
    3  203  228  204    3
    3  204  228  229    3
    3  204  229  205    3
    3  205  229  230    3
    3  205  230  206    3
    3  206  230  231    3
    3  206  231  207    3
    3  207  231  232    3
    3  207  232  208    3
    3  208  232  233    3
    3  208  233  209    3
    3  209  233  234    3
    3  209  234  210    3
    3  210  234  235    3
    3  210  235  211    3
    3  211  235  236    3
    3  211  236  212    3
    3  212  236  237    3
    3  212  237  213    3
    3  213  237  238    3
    3  213  238  214    3
    3  214  238  239    3
    3  214  239  215    3
    3  215  239  240    3
    3  215  240  216    3
    3  216  240  217    3
    3  216  217  193    3
    3  217  241  242    3
    3  217  242  218    3
    3  218  242  243    3
    3  218  243  219    3
    3  219  243  244    3
    3  219  244  220    3
    3  220  244  245    3
    3  220  245  221    3
    3  221  245  246    3
    3  221  246  222    3
    3  222  246  247    3
    3  222  247  223    3
    3  223  247  248    3
    3  223  248  224    3
    3  224  248  249    3
    3  224  249  225    3
    3  225  249  250    3
    3  225  250  226    3
    3  226  250  251    3
    3  226  251  227    3
    3  227  251  252    3
    3  227  252  228    3
    3  228  252  253    3
    3  228  253  229    3
    3  229  253  254    3
    3  229  254  230    3
    3  230  254  255    3
    3  230  255  231    3
    3  231  255  256    3
    3  231  256  232    3
    3  232  256  257    3
    3  232  257  233    3
    3  233  257  258    3
    3  233  258  234    3
    3  234  258  259    3
    3  234  259  235    3
    3  235  259  260    3
    3  235  260  236    3
    3  236  260  261    3
    3  236  261  237    3
    3  237  261  262    3
    3  237  262  238    3
    3  238  262  263    3
    3  238  263  239    3
    3  239  263  264    3
    3  239  264  240    3
    3  240  264  241    3
    3  240  241  217    3
    3  264  265  241    3
    3  264  266  265    3
    3  263  266  264    3
    3  263  267  266    3
    3  262  267  263    3
    3  262  268  267    3
    3  261  268  262    3
    3  261  269  268    3
    3  260  269  261    3
    3  260  270  269    3
    3  259  270  260    3
    3  259  271  270    3
    3  258  271  259    3
    3  258  272  271    3
    3  257  272  258    3
    3  257  273  272    3
    3  256  273  257    3
    3  256  274  273    3
    3  255  274  256    3
    3  255  275  274    3
    3  254  275  255    3
    3  254  276  275    3
    3  253  276  254    3
    3  253  277  276    3
    3  252  277  253    3
    3  252  278  277    3
    3  251  278  252    3
    3  251  279  278    3
    3  250  279  251    3
    3  250  280  279    3
    3  249  280  250    3
    3  249  281  280    3
    3  248  281  249    3
    3  248  282  281    3
    3  247  282  248    3
    3  247  283  282    3
    3  246  283  247    3
    3  246  284  283    3
    3  245  284  246    3
    3  245  285  284    3
    3  244  285  245    3
    3  244  286  285    3
    3  243  286  244    3
    3  243  287  286    3
    3  242  287  243    3
    3  242  288  287    3
    3  241  288  242    3
    3  241  265  288    3
    3  289  279  290    1
    3  291  288  292    1
    3  293  294  295    3
    3  296  275  276    1
    3  297  298  299    1
    3  300  301  302    1
    3  303  304  305    3
    3  292  306  307    1
    3  308  309  310    4
    3  300  293  301    1
    3  311  312  313    3
    3  290  314  315    1
    3  316  317  318    1
    3  319  320  321    3
    3  317  322  308    1
    3  286  323  285    1
    3  286  287  320    1
    3  298  297  293    1
    3  324  325  273    1
    3  326  271  272    1
    3  327  328  301    1
    3  329  326  330    1
    3  300  331  304    1
    3  332  282  302    1
    3  272  325  326    1
    3  296  276  316    1
    3  296  333  275    1
    3  324  334  325    1
    3  335  329  336    1
    3  315  328  337    1
    3  338  339  303    3
    3  334  340  341    4
    3  279  289  278    1
    3  274  275  333    1
    3  322  278  289    1
    3  342  343  344    3
    3  332  301  328    1
    3  314  290  280    1
    3  345  338  346    3
    3  324  333  334    1
    3  277  316  276    1
    3  266  267  335    1
    3  288  291  287    1
    3  347  348  349    3
    3  316  322  317    1
    3  297  350  351    4
    3  327  301  293    1
    3  283  331  302    1
    3  352  353  354    4
    3  326  269  270    1
    3  332  302  301    1
    3  355  299  298    1
    3  312  356  357    3
    3  330  355  329    1
    3  336  306  335    1
    3  271  326  270    1
    3  358  359  360    4
    3  298  361  362    3
    3  283  302  282    1
    3  336  329  355    1
    3  326  363  330    1
    3  265  292  288    1
    3  300  364  365    3
    3  366  367  368    4
    3  333  318  334    1
    3  369  361  370    3
    3  327  293  297    1
    3  278  322  277    1
    3  320  291  356    3
    3  371  285  323    1
    3  363  325  334    1
    3  371  331  284    1
    3  364  339  349    3
    3  268  335  267    1
    3  372  363  373    4
    3  280  290  279    1
    3  266  306  265    1
    3  316  277  322    1
    3  328  315  314    1
    3  308  315  367    1
    3  355  330  372    1
    3  327  297  337    1
    3  280  281  314    1
    3  374  340  375    4
    3  296  316  318    1
    3  352  376  377    4
    3  355  307  336    1
    3  292  343  378    3
    3  326  325  363    1
    3  320  287  291    1
    3  345  319  379    3
    3  380  372  381    4
    3  358  366  382    4
    3  268  329  335    1
    3  273  274  324    1
    3  336  307  306    1
    3  265  306  292    1
    3  296  318  333    1
    3  383  374  384    4
    3  329  268  269    1
    3  385  373  386    4
    3  333  324  274    1
    3  283  284  331    1
    3  298  307  355    1
    3  299  353  387    4
    3  308  289  315    1
    3  273  325  272    1
    3  327  337  328    1
    3  388  376  389    4
    3  314  332  328    1
    3  281  282  332    1
    3  315  289  290    1
    3  363  372  330    1
    3  355  372  299    1
    3  285  371  284    1
    3  314  281  332    1
    3  269  326  329    1
    3  369  347  311    3
    3  266  335  306    1
    3  286  320  323    1
    3  308  322  289    1
    3  300  302  331    1
    3  343  390  313    3
    3  292  307  344    3
    3  298  348  370    3
    3  361  390  342    3
    3  343  342  390    3
    3  342  307  362    3
    3  347  369  348    3
    3  361  369  390    3
    3  369  311  390    3
    3  312  311  347    3
    3  311  313  390    3
    3  313  312  378    3
    3  298  362  307    3
    3  342  362  361    3
    3  342  344  307    3
    3  292  344  343    3
    3  369  370  348    3
    3  298  370  361    3
    3  292  378  312    3
    3  313  378  343    3
    3  334  318  375    4
    3  340  391  388    4
    3  318  317  384    4
    3  340  374  391    4
    3  352  385  389    4
    3  376  391  359    4
    3  376  388  391    4
    3  388  385  341    4
    3  359  391  383    4
    3  359  358  377    4
    3  374  383  391    4
    3  383  317  360    4
    3  374  375  318    4
    3  334  375  340    4
    3  334  341  385    4
    3  388  341  340    4
    3  388  389  385    4
    3  352  389  376    4
    3  352  377  358    4
    3  359  377  376    4
    3  358  360  317    4
    3  383  360  359    4
    3  383  384  317    4
    3  318  384  374    4
    3  367  358  309    4
    3  315  337  368    1
    3  353  352  350    4
    3  353  299  380    4
    3  372  380  299    4
    3  380  385  354    4
    3  350  352  392    4
    3  350  297  387    4
    3  366  337  392    4
    3  367  366  358    4
    3  363  334  386    4
    3  373  385  381    4
    3  392  337  351    4
    3  392  352  382    4
    3  380  381  385    4
    3  373  381  372    4
    3  358  317  310    4
    3  367  309  308    4
    3  385  386  334    4
    3  363  386  373    4
    3  366  368  337    4
    3  315  368  367    1
    3  299  387  297    4
    3  350  387  353    4
    3  352  354  385    4
    3  380  354  353    4
    3  358  382  352    4
    3  392  382  366    4
    3  297  351  337    4
    3  392  351  350    4
    3  308  310  317    4
    3  358  310  309    4
    3  312  347  379    3
    3  320  319  323    3
    3  371  323  346    3
    3  338  347  393    3
    3  364  300  394    3
    3  364  348  294    3
    3  319  345  323    3
    3  338  345  347    3
    3  348  298  295    3
    3  294  293  365    3
    3  304  339  394    3
    3  331  371  305    1
    3  364  349  348    3
    3  349  339  393    3
    3  338  393  339    3
    3  349  393  347    3
    3  338  303  371    3
    3  304  303  339    3
    3  356  312  321    3
    3  291  292  357    3
    3  364  394  339    3
    3  304  394  300    3
    3  319  321  312    3
    3  356  321  320    3
    3  293  295  298    3
    3  348  295  294    3
    3  312  357  292    3
    3  291  357  356    3
    3  345  346  323    3
    3  371  346  338    3
    3  303  305  371    3
    3  331  305  304    1
    3  345  379  347    3
    3  312  379  319    3
    3  300  365  293    3
    3  294  365  364    3
C Prescribed Values(Inlet, Outlet), InteractionSurface(Inlet, Outlet)
       1        0        0        2        2        2
C Inlet Pressure, FunID (E18.9,I5)
   1.000000000e+00    3
C Outlet Velocity
C     Vx,           Vy,            Vz,    indVx,indVy,indVz, FunID(3E18.9, 4I5)
   0.000000000e+00   1.000000000e+00   0.000000000e+00    1    0    0    4
C Inlet Velocity
C nNodeID,    Vx,           Vy,            Vz (I5, 3E18.9)
  265
    1  -2.050000000e+00  -2.300000000e+00   3.500000000e-01
    2  -2.000000000e-01  -2.150000000e+00   1.700000000e+00
    3  -7.000000000e-01  -2.150000000e+00   2.200000000e+00
    4  -1.400000000e+00  -2.150000000e+00   2.450000000e+00
    5  -2.050000000e+00  -2.150000000e+00   2.450000000e+00
    6  -2.600000000e+00  -2.150000000e+00   2.250000000e+00
    7  -2.950000000e+00  -2.150000000e+00   1.850000000e+00
    8  -3.250000000e+00  -2.150000000e+00   1.400000000e+00
    9  -3.500000000e+00  -2.150000000e+00   9.500000000e-01
   10  -3.850000000e+00  -2.150000000e+00   3.500000000e-01
   11  -3.850000000e+00  -2.150000000e+00  -2.500000000e-01
   12  -3.200000000e+00  -2.150000000e+00  -2.000000000e-01
   13  -2.600000000e+00  -2.150000000e+00   4.500000000e-01
   14  -2.500000000e+00  -2.150000000e+00   9.000000000e-01
   15  -2.500000000e+00  -2.150000000e+00   2.500000000e-01
   16  -1.950000000e+00  -2.150000000e+00  -9.500000000e-01
   17  -1.250000000e+00  -2.150000000e+00  -1.250000000e+00
   18  -9.000000000e-01  -2.150000000e+00  -1.050000000e+00
   19  -9.000000000e-01  -2.150000000e+00  -7.500000000e-01
   20  -1.350000000e+00  -2.150000000e+00  -5.000000000e-01
   21  -2.150000000e+00  -2.150000000e+00  -7.000000000e-01
   22  -2.450000000e+00  -2.150000000e+00  -1.150000000e+00
   23  -1.850000000e+00  -2.150000000e+00  -1.250000000e+00
   24  -9.500000000e-01  -2.150000000e+00  -7.000000000e-01
   25  -1.500000000e-01  -2.150000000e+00   7.000000000e-01
   26   1.000000000e-01  -2.050000000e+00   1.800000000e+00
   27  -4.000000000e-01  -2.050000000e+00   2.500000000e+00
   28  -1.200000000e+00  -2.050000000e+00   3.000000000e+00
   29  -2.000000000e+00  -2.050000000e+00   3.100000000e+00
   30  -2.700000000e+00  -2.050000000e+00   2.850000000e+00
   31  -3.100000000e+00  -2.050000000e+00   2.500000000e+00
   32  -3.400000000e+00  -2.050000000e+00   2.100000000e+00
   33  -3.850000000e+00  -2.050000000e+00   1.650000000e+00
   34  -4.450000000e+00  -2.050000000e+00   9.500000000e-01
   35  -4.600000000e+00  -2.050000000e+00   1.000000000e-01
   36  -3.750000000e+00  -2.050000000e+00   2.500000000e-01
   37  -3.050000000e+00  -2.050000000e+00   1.250000000e+00
   38  -3.050000000e+00  -2.050000000e+00   2.050000000e+00
   39  -3.250000000e+00  -2.050000000e+00   1.400000000e+00
   40  -2.500000000e+00  -2.050000000e+00  -6.000000000e-01
   41  -1.550000000e+00  -2.050000000e+00  -1.350000000e+00
   42  -1.000000000e+00  -2.050000000e+00  -1.200000000e+00
   43  -8.000000000e-01  -2.050000000e+00  -8.500000000e-01
   44  -1.250000000e+00  -2.050000000e+00  -6.000000000e-01
   45  -2.200000000e+00  -2.050000000e+00  -7.500000000e-01
   46  -2.500000000e+00  -2.050000000e+00  -1.200000000e+00
   47  -1.850000000e+00  -2.050000000e+00  -1.300000000e+00
   48  -8.500000000e-01  -2.050000000e+00  -8.000000000e-01
   49   1.000000000e-01  -2.050000000e+00   7.000000000e-01
   50   1.500000000e-01  -1.900000000e+00   1.400000000e+00
   51  -3.500000000e-01  -1.900000000e+00   2.200000000e+00
   52  -1.100000000e+00  -1.900000000e+00   2.850000000e+00
   53  -1.900000000e+00  -1.900000000e+00   3.050000000e+00
   54  -2.650000000e+00  -1.900000000e+00   3.000000000e+00
   55  -3.250000000e+00  -1.900000000e+00   2.750000000e+00
   56  -4.000000000e+00  -1.900000000e+00   2.350000000e+00
   57  -4.900000000e+00  -1.900000000e+00   1.750000000e+00
   58  -5.950000000e+00  -1.900000000e+00   7.000000000e-01
   59  -6.050000000e+00  -1.900000000e+00  -5.000000000e-01
   60  -4.700000000e+00  -1.900000000e+00  -2.000000000e-01
   61  -3.450000000e+00  -1.900000000e+00   1.600000000e+00
   62  -3.450000000e+00  -1.900000000e+00   3.100000000e+00
   63  -4.000000000e+00  -1.900000000e+00   2.500000000e+00
   64  -3.050000000e+00  -1.900000000e+00  -4.000000000e-01
   65  -1.650000000e+00  -1.900000000e+00  -1.750000000e+00
   66  -8.000000000e-01  -1.900000000e+00  -1.700000000e+00
   67  -5.500000000e-01  -1.900000000e+00  -1.250000000e+00
   68  -1.150000000e+00  -1.900000000e+00  -8.000000000e-01
   69  -2.400000000e+00  -1.900000000e+00  -9.500000000e-01
   70  -2.850000000e+00  -1.900000000e+00  -1.450000000e+00
   71  -2.150000000e+00  -1.900000000e+00  -1.700000000e+00
   72  -9.500000000e-01  -1.900000000e+00  -1.150000000e+00
   73   1.000000000e-01  -1.900000000e+00   4.000000000e-01
   74   4.000000000e-01  -1.800000000e+00   1.700000000e+00
   75  -1.000000000e-01  -1.800000000e+00   2.400000000e+00
   76  -7.500000000e-01  -1.800000000e+00   2.800000000e+00
   77  -1.500000000e+00  -1.800000000e+00   3.000000000e+00
   78  -2.200000000e+00  -1.800000000e+00   3.050000000e+00
   79  -2.850000000e+00  -1.800000000e+00   2.850000000e+00
   80  -3.650000000e+00  -1.800000000e+00   2.600000000e+00
   81  -4.750000000e+00  -1.800000000e+00   2.100000000e+00
   82  -6.000000000e+00  -1.800000000e+00   1.000000000e+00
   83  -6.350000000e+00  -1.800000000e+00  -3.500000000e-01
   84  -5.000000000e+00  -1.800000000e+00  -2.000000000e-01
   85  -3.700000000e+00  -1.800000000e+00   1.550000000e+00
   86  -3.650000000e+00  -1.800000000e+00   3.050000000e+00
   87  -4.200000000e+00  -1.800000000e+00   2.750000000e+00
   88  -3.250000000e+00  -1.800000000e+00  -3.500000000e-01
   89  -1.600000000e+00  -1.800000000e+00  -2.050000000e+00
   90  -5.500000000e-01  -1.800000000e+00  -2.000000000e+00
   91  -2.000000000e-01  -1.800000000e+00  -1.500000000e+00
   92  -9.500000000e-01  -1.800000000e+00  -1.000000000e+00
   93  -2.750000000e+00  -1.800000000e+00  -1.150000000e+00
   94  -3.200000000e+00  -1.800000000e+00  -1.850000000e+00
   95  -2.350000000e+00  -1.800000000e+00  -2.100000000e+00
   96  -9.000000000e-01  -1.800000000e+00  -1.450000000e+00
   97   4.000000000e-01  -1.800000000e+00   5.500000000e-01
   98   6.000000000e-01  -1.700000000e+00   2.750000000e+00
   99   0.000000000e+00  -1.700000000e+00   3.200000000e+00
  100  -6.500000000e-01  -1.700000000e+00   3.350000000e+00
  101  -1.300000000e+00  -1.700000000e+00   3.400000000e+00
  102  -1.950000000e+00  -1.700000000e+00   3.400000000e+00
  103  -2.550000000e+00  -1.700000000e+00   3.250000000e+00
  104  -3.200000000e+00  -1.700000000e+00   3.050000000e+00
  105  -4.100000000e+00  -1.700000000e+00   2.650000000e+00
  106  -5.350000000e+00  -1.700000000e+00   1.800000000e+00
  107  -6.000000000e+00  -1.700000000e+00   5.000000000e-01
  108  -5.000000000e+00  -1.700000000e+00   4.000000000e-01
  109  -3.800000000e+00  -1.700000000e+00   1.800000000e+00
  110  -3.750000000e+00  -1.700000000e+00   3.000000000e+00
  111  -4.300000000e+00  -1.700000000e+00   2.900000000e+00
  112  -3.500000000e+00  -1.700000000e+00  -5.000000000e-02
  113  -1.700000000e+00  -1.700000000e+00  -1.850000000e+00
  114  -6.000000000e-01  -1.700000000e+00  -1.900000000e+00
  115  -2.500000000e-01  -1.700000000e+00  -1.400000000e+00
  116  -1.100000000e+00  -1.700000000e+00  -8.500000000e-01
  117  -3.100000000e+00  -1.700000000e+00  -1.100000000e+00
  118  -3.500000000e+00  -1.700000000e+00  -1.900000000e+00
  119  -2.500000000e+00  -1.700000000e+00  -2.200000000e+00
  120  -7.000000000e-01  -1.700000000e+00  -1.250000000e+00
  121   8.000000000e-01  -1.700000000e+00   1.350000000e+00
  122   7.500000000e-01  -1.550000000e+00   3.850000000e+00
  123  -5.000000000e-02  -1.550000000e+00   4.150000000e+00
  124  -7.000000000e-01  -1.550000000e+00   4.000000000e+00
  125  -1.300000000e+00  -1.550000000e+00   3.900000000e+00
  126  -2.050000000e+00  -1.550000000e+00   3.850000000e+00
  127  -2.550000000e+00  -1.550000000e+00   3.650000000e+00
  128  -3.150000000e+00  -1.550000000e+00   3.450000000e+00
  129  -4.000000000e+00  -1.550000000e+00   3.100000000e+00
  130  -5.250000000e+00  -1.550000000e+00   2.300000000e+00
  131  -6.050000000e+00  -1.550000000e+00   9.000000000e-01
  132  -5.200000000e+00  -1.550000000e+00   5.500000000e-01
  133  -4.000000000e+00  -1.550000000e+00   1.750000000e+00
  134  -3.850000000e+00  -1.550000000e+00   2.950000000e+00
  135  -4.300000000e+00  -1.550000000e+00   2.950000000e+00
  136  -3.550000000e+00  -1.550000000e+00   3.000000000e-01
  137  -1.800000000e+00  -1.550000000e+00  -1.600000000e+00
  138  -6.000000000e-01  -1.550000000e+00  -1.750000000e+00
  139  -2.000000000e-01  -1.550000000e+00  -1.250000000e+00
  140  -1.150000000e+00  -1.550000000e+00  -6.000000000e-01
  141  -3.250000000e+00  -1.550000000e+00  -9.000000000e-01
  142  -3.500000000e+00  -1.550000000e+00  -1.700000000e+00
  143  -2.350000000e+00  -1.550000000e+00  -1.850000000e+00
  144  -4.500000000e-01  -1.550000000e+00  -6.500000000e-01
  145   1.200000000e+00  -1.550000000e+00   2.450000000e+00
  146   1.100000000e+00  -1.050000000e+00   4.900000000e+00
  147   2.000000000e-01  -1.050000000e+00   4.950000000e+00
  148  -4.500000000e-01  -1.050000000e+00   4.500000000e+00
  149  -9.000000000e-01  -1.050000000e+00   4.200000000e+00
  150  -1.650000000e+00  -1.050000000e+00   4.300000000e+00
  151  -2.350000000e+00  -1.050000000e+00   4.150000000e+00
  152  -3.150000000e+00  -1.050000000e+00   4.050000000e+00
  153  -4.200000000e+00  -1.050000000e+00   3.600000000e+00
  154  -5.500000000e+00  -1.050000000e+00   2.700000000e+00
  155  -6.350000000e+00  -1.050000000e+00   1.150000000e+00
  156  -5.600000000e+00  -1.050000000e+00   6.500000000e-01
  157  -4.200000000e+00  -1.050000000e+00   2.000000000e+00
  158  -4.000000000e+00  -1.050000000e+00   3.350000000e+00
  159  -4.500000000e+00  -1.050000000e+00   3.650000000e+00
  160  -3.900000000e+00  -1.050000000e+00   9.500000000e-01
  161  -1.800000000e+00  -1.050000000e+00  -1.550000000e+00
  162  -3.000000000e-01  -1.050000000e+00  -1.800000000e+00
  163   2.500000000e-01  -1.050000000e+00  -1.200000000e+00
  164  -1.100000000e+00  -1.050000000e+00  -5.000000000e-01
  165  -3.650000000e+00  -1.050000000e+00  -8.000000000e-01
  166  -3.600000000e+00  -1.050000000e+00  -1.600000000e+00
  167  -2.350000000e+00  -1.050000000e+00  -1.800000000e+00
  168  -1.000000000e-01  -1.050000000e+00  -2.500000000e-01
  169   1.750000000e+00  -1.050000000e+00   3.450000000e+00
  170   1.600000000e+00  -6.000000000e-01   5.950000000e+00
  171   6.500000000e-01  -6.000000000e-01   5.600000000e+00
  172   2.500000000e-01  -6.000000000e-01   4.600000000e+00
  173   2.000000000e-01  -6.000000000e-01   4.150000000e+00
  174  -4.000000000e-01  -6.000000000e-01   4.450000000e+00
  175  -1.200000000e+00  -6.000000000e-01   4.600000000e+00
  176  -2.400000000e+00  -6.000000000e-01   4.650000000e+00
  177  -3.900000000e+00  -6.000000000e-01   4.300000000e+00
  178  -5.400000000e+00  -6.000000000e-01   3.250000000e+00
  179  -6.350000000e+00  -6.000000000e-01   1.700000000e+00
  180  -5.500000000e+00  -6.000000000e-01   1.200000000e+00
  181  -3.950000000e+00  -6.000000000e-01   3.000000000e+00
  182  -3.850000000e+00  -6.000000000e-01   4.800000000e+00
  183  -4.700000000e+00  -6.000000000e-01   5.250000000e+00
  184  -4.450000000e+00  -6.000000000e-01   2.600000000e+00
  185  -2.200000000e+00  -6.000000000e-01  -6.500000000e-01
  186  -2.500000000e-01  -6.000000000e-01  -1.400000000e+00
  187   6.000000000e-01  -6.000000000e-01  -1.000000000e+00
  188  -1.400000000e+00  -6.000000000e-01  -1.000000000e-01
  189  -3.950000000e+00  -6.000000000e-01  -5.500000000e-01
  190  -3.650000000e+00  -6.000000000e-01  -1.350000000e+00
  191  -2.250000000e+00  -6.000000000e-01  -1.550000000e+00
  192   3.000000000e-01  -6.000000000e-01   1.000000000e-01
  193   2.350000000e+00  -6.000000000e-01   4.500000000e+00
  194   2.000000000e+00  -5.000000000e-02   5.900000000e+00
  195   1.150000000e+00  -5.000000000e-02   5.600000000e+00
  196   9.000000000e-01  -5.000000000e-02   4.700000000e+00
  197   8.500000000e-01  -5.000000000e-02   4.400000000e+00
  198   0.000000000e+00  -5.000000000e-02   4.900000000e+00
  199  -1.000000000e+00  -5.000000000e-02   5.150000000e+00
  200  -2.250000000e+00  -5.000000000e-02   5.100000000e+00
  201  -3.650000000e+00  -5.000000000e-02   4.650000000e+00
  202  -5.000000000e+00  -5.000000000e-02   3.700000000e+00
  203  -5.700000000e+00  -5.000000000e-02   2.300000000e+00
  204  -4.800000000e+00  -5.000000000e-02   2.150000000e+00
  205  -3.350000000e+00  -5.000000000e-02   4.300000000e+00
  206  -3.550000000e+00  -5.000000000e-02   6.400000000e+00
  207  -4.700000000e+00  -5.000000000e-02   6.900000000e+00
  208  -4.700000000e+00  -5.000000000e-02   3.750000000e+00
  209  -2.150000000e+00  -5.000000000e-02  -1.500000000e-01
  210   2.500000000e-01  -5.000000000e-02  -1.450000000e+00
  211   1.550000000e+00  -5.000000000e-02  -1.050000000e+00
  212  -9.000000000e-01  -5.000000000e-02   1.500000000e-01
  213  -3.650000000e+00  -5.000000000e-02  -3.000000000e-01
  214  -3.350000000e+00  -5.000000000e-02  -1.150000000e+00
  215  -2.050000000e+00  -5.000000000e-02  -1.500000000e+00
  216   3.500000000e-01  -5.000000000e-02  -1.000000000e-01
  217   2.650000000e+00  -5.000000000e-02   4.400000000e+00
  218   2.200000000e+00   4.000000000e-01   7.600000000e+00
  219   1.200000000e+00   4.000000000e-01   6.600000000e+00
  220   1.350000000e+00   4.000000000e-01   4.750000000e+00
  221   2.100000000e+00   4.000000000e-01   3.850000000e+00
  222   1.650000000e+00   4.000000000e-01   4.600000000e+00
  223   4.500000000e-01   4.000000000e-01   5.350000000e+00
  224  -1.250000000e+00   4.000000000e-01   5.650000000e+00
  225  -3.250000000e+00   4.000000000e-01   5.350000000e+00
  226  -5.000000000e+00   4.000000000e-01   4.200000000e+00
  227  -5.850000000e+00   4.000000000e-01   2.700000000e+00
  228  -4.850000000e+00   4.000000000e-01   2.500000000e+00
  229  -3.200000000e+00   4.000000000e-01   5.100000000e+00
  230  -3.400000000e+00   4.000000000e-01   7.450000000e+00
  231  -4.750000000e+00   4.000000000e-01   8.150000000e+00
  232  -5.100000000e+00   4.000000000e-01   5.150000000e+00
  233  -2.800000000e+00   4.000000000e-01   1.050000000e+00
  234  -1.500000000e-01   4.000000000e-01  -7.500000000e-01
  235   1.350000000e+00   4.000000000e-01  -6.000000000e-01
  236  -1.400000000e+00   4.000000000e-01   5.000000000e-01
  237  -4.100000000e+00   4.000000000e-01  -5.000000000e-02
  238  -3.600000000e+00   4.000000000e-01  -9.500000000e-01
  239  -1.900000000e+00   4.000000000e-01  -1.050000000e+00
  240   1.000000000e+00   4.000000000e-01   1.100000000e+00
  241   3.300000000e+00   4.000000000e-01   6.300000000e+00
  242   1.850000000e+00   9.000000000e-01   8.050000000e+00
  243   8.500000000e-01   9.000000000e-01   6.850000000e+00
  244   1.200000000e+00   9.000000000e-01   4.700000000e+00
  245   2.050000000e+00   9.000000000e-01   3.800000000e+00
  246   1.550000000e+00   9.000000000e-01   4.750000000e+00
  247   2.000000000e-01   9.000000000e-01   5.550000000e+00
  248  -1.750000000e+00   9.000000000e-01   5.950000000e+00
  249  -4.000000000e+00   9.000000000e-01   5.500000000e+00
  250  -5.900000000e+00   9.000000000e-01   4.200000000e+00
  251  -6.800000000e+00   9.000000000e-01   2.400000000e+00
  252  -5.550000000e+00   9.000000000e-01   2.250000000e+00
  253  -3.650000000e+00   9.000000000e-01   4.950000000e+00
  254  -3.700000000e+00   9.000000000e-01   7.400000000e+00
  255  -5.100000000e+00   9.000000000e-01   8.250000000e+00
  256  -5.650000000e+00   9.000000000e-01   5.800000000e+00
  257  -3.550000000e+00   9.000000000e-01   1.650000000e+00
  258  -1.000000000e+00   9.000000000e-01  -2.500000000e-01
  259   5.500000000e-01   9.000000000e-01  -3.500000000e-01
  260  -2.050000000e+00   9.000000000e-01   7.000000000e-01
  261  -4.500000000e+00   9.000000000e-01   2.000000000e-01
  262  -3.750000000e+00   9.000000000e-01  -6.000000000e-01
  263  -1.900000000e+00   9.000000000e-01  -5.500000000e-01
  264   1.250000000e+00   9.000000000e-01   2.150000000e+00
  265   3.150000000e+00   9.000000000e-01   7.350000000e+00
C Region List
