C PointsNum,MaxElemVol,TetGenParams,nAtrib,IndMov,MDMaxVolume,MDomDiv,MDOnly,MDDivF,MDPrescP
  395    1.000000e+00 YYpznno2q1.414a     0     0    1.000000e+00     1     0     0     0     0     0 YYpznno2q1.414a
  -6.921480000e-02  -8.379570000e+00   3.681900000e-02
   1.898771000e-01  -7.913820000e+00   9.629840000e-01
  -6.245900000e-02  -7.913820000e+00   1.052048000e+00
  -3.168280000e-01  -7.913820000e+00   9.792330000e-01
  -5.172570000e-01  -7.913820000e+00   8.152300000e-01
  -6.634580000e-01  -7.913820000e+00   6.268930000e-01
  -7.718340000e-01  -7.913820000e+00   4.324290000e-01
  -8.427890000e-01  -7.913820000e+00   2.290960000e-01
  -8.520680000e-01  -7.913820000e+00   1.621200000e-02
  -8.285570000e-01  -7.913820000e+00  -1.927610000e-01
  -7.600870000e-01  -7.913820000e+00  -3.968680000e-01
  -6.295420000e-01  -7.913820000e+00  -5.717370000e-01
  -4.577010000e-01  -7.913820000e+00  -7.085250000e-01
  -2.581229000e-01  -7.913820000e+00  -8.113890000e-01
  -3.244800000e-02  -7.913820000e+00  -8.438340000e-01
   1.943440000e-01  -7.913820000e+00  -8.173610000e-01
   3.994660000e-01  -7.913820000e+00  -7.174930000e-01
   5.665370000e-01  -7.913820000e+00  -5.648660000e-01
   6.727250000e-01  -7.913820000e+00  -3.714650000e-01
   6.951810000e-01  -7.913820000e+00  -1.579040000e-01
   6.604040000e-01  -7.913820000e+00   3.909800000e-02
   6.019050000e-01  -7.913820000e+00   2.122130000e-01
   5.321650000e-01  -7.913820000e+00   3.733840000e-01
   4.577470000e-01  -7.913820000e+00   5.470700000e-01
   3.576420000e-01  -7.913820000e+00   7.519680000e-01
   2.029166000e-01  -7.449070000e+00   1.269310000e+00
  -1.374520000e-01  -7.449070000e+00   1.348125000e+00
  -4.646990000e-01  -7.449070000e+00   1.217763000e+00
  -7.154050000e-01  -7.449070000e+00   9.979350000e-01
  -9.049280000e-01  -7.449070000e+00   7.616800000e-01
  -1.055520000e+00  -7.449070000e+00   5.203960000e-01
  -1.180600000e+00  -7.449070000e+00   2.656132000e-01
  -1.279030000e+00  -7.449070000e+00  -2.001500000e-02
  -1.319650000e+00  -7.449070000e+00  -3.448790000e-01
  -1.243598000e+00  -7.449070000e+00  -6.759010000e-01
  -1.020129000e+00  -7.449070000e+00  -9.323400000e-01
  -7.207920000e-01  -7.449070000e+00  -1.084840000e+00
  -4.080834000e-01  -7.449070000e+00  -1.157650000e+00
  -9.987100000e-02  -7.449070000e+00  -1.170470000e+00
   1.995210000e-01  -7.449070000e+00  -1.118909000e+00
   4.619010000e-01  -7.449070000e+00  -9.723710000e-01
   6.727500000e-01  -7.449070000e+00  -7.699380000e-01
   8.261340000e-01  -7.449070000e+00  -5.282580000e-01
   8.879860000e-01  -7.449070000e+00  -2.563868000e-01
   8.482410000e-01  -7.449070000e+00   1.120300000e-02
   7.641710000e-01  -7.449070000e+00   2.473610000e-01
   6.676970000e-01  -7.449070000e+00   4.663930000e-01
   5.695450000e-01  -7.449070000e+00   7.047270000e-01
   4.359450000e-01  -7.449070000e+00   9.890340000e-01
   2.197290000e-01  -6.983310000e+00   1.586160000e+00
  -1.999520000e-01  -6.983310000e+00   1.661930000e+00
  -5.927170000e-01  -6.983310000e+00   1.490374000e+00
  -8.914310000e-01  -6.983310000e+00   1.218688000e+00
  -1.117160000e+00  -6.983310000e+00   9.328940000e-01
  -1.297030000e+00  -6.983310000e+00   6.450600000e-01
  -1.449430000e+00  -6.983310000e+00   3.405288000e-01
  -1.573910000e+00  -6.983310000e+00  -2.319000000e-03
  -1.636080000e+00  -6.983310000e+00  -3.965190000e-01
  -1.556860000e+00  -6.983310000e+00  -8.070640000e-01
  -1.285643000e+00  -6.983310000e+00  -1.125050000e+00
  -9.124120000e-01  -6.983310000e+00  -1.303200000e+00
  -5.262710000e-01  -6.983310000e+00  -1.375670000e+00
  -1.540850000e-01  -6.983310000e+00  -1.379310000e+00
   2.003810000e-01  -6.983310000e+00  -1.306105000e+00
   4.959140000e-01  -6.983310000e+00  -1.105656000e+00
   7.162660000e-01  -6.983310000e+00  -8.462660000e-01
   8.748670000e-01  -6.983310000e+00  -5.671500000e-01
   9.601260000e-01  -6.983310000e+00  -2.674712000e-01
   9.500710000e-01  -6.983310000e+00   3.561700000e-02
   8.821910000e-01  -6.983310000e+00   3.191430000e-01
   7.810120000e-01  -6.983310000e+00   5.898120000e-01
   6.694670000e-01  -6.983310000e+00   8.883000000e-01
   5.093980000e-01  -6.983310000e+00   1.245800000e+00
   2.170940000e-01  -6.517560000e+00   1.833210000e+00
  -2.657960000e-01  -6.517560000e+00   1.904460000e+00
  -7.120470000e-01  -6.517560000e+00   1.699660000e+00
  -1.050810000e+00  -6.517560000e+00   1.390637000e+00
  -1.308090000e+00  -6.517560000e+00   1.068342000e+00
  -1.514580000e+00  -6.517560000e+00   7.415060000e-01
  -1.693380000e+00  -6.517560000e+00   3.967276000e-01
  -1.843640000e+00  -6.517560000e+00   6.153000000e-03
  -1.928630000e+00  -6.517560000e+00  -4.502860000e-01
  -1.847090000e+00  -6.517560000e+00  -9.324600000e-01
  -1.534030000e+00  -6.517560000e+00  -1.305750000e+00
  -1.091791000e+00  -6.517560000e+00  -1.500720000e+00
  -6.409060000e-01  -6.517560000e+00  -1.568640000e+00
  -2.144300000e-01  -6.517560000e+00  -1.557400000e+00
   1.861550000e-01  -6.517560000e+00  -1.464250000e+00
   5.098320000e-01  -6.517560000e+00  -1.222010000e+00
   7.354680000e-01  -6.517560000e+00  -9.155840000e-01
   8.970970000e-01  -6.517560000e+00  -6.036180000e-01
   9.979920000e-01  -6.517560000e+00  -2.822724000e-01
   1.006536000e+00  -6.517560000e+00   4.765700000e-02
   9.458740000e-01  -6.517560000e+00   3.658790000e-01
   8.416160000e-01  -6.517560000e+00   6.742490000e-01
   7.246960000e-01  -6.517560000e+00   1.021710000e+00
   5.509540000e-01  -6.517560000e+00   1.442800000e+00
   2.107950000e-01  -6.051800000e+00   2.057060000e+00
  -3.275600000e-01  -6.051800000e+00   2.124910000e+00
  -8.214370000e-01  -6.051800000e+00   1.891890000e+00
  -1.194770000e+00  -6.051800000e+00   1.548361000e+00
  -1.478770000e+00  -6.051800000e+00   1.193382000e+00
  -1.707940000e+00  -6.051800000e+00   8.328580000e-01
  -1.908730000e+00  -6.051800000e+00   4.518001000e-01
  -2.080890000e+00  -6.051800000e+00   1.945300000e-02
  -2.182990000e+00  -6.051800000e+00  -4.892160000e-01
  -2.100810000e+00  -6.051800000e+00  -1.031810000e+00
  -1.748990000e+00  -6.051800000e+00  -1.449390000e+00
  -1.241682000e+00  -6.051800000e+00  -1.647810000e+00
  -7.362050000e-01  -6.051800000e+00  -1.696370000e+00
  -2.719680000e-01  -6.051800000e+00  -1.665200000e+00
   1.605170000e-01  -6.051800000e+00  -1.564170000e+00
   5.115360000e-01  -6.051800000e+00  -1.308940000e+00
   7.550970000e-01  -6.051800000e+00  -9.758540000e-01
   9.275120000e-01  -6.051800000e+00  -6.378530000e-01
   1.035068000e+00  -6.051800000e+00  -2.901999000e-01
   1.036909000e+00  -6.051800000e+00   6.600600000e-02
   9.676970000e-01  -6.051800000e+00   4.043950000e-01
   8.614360000e-01  -6.051800000e+00   7.374410000e-01
   7.503280000e-01  -6.051800000e+00   1.124280000e+00
   5.758210000e-01  -6.051800000e+00   1.610470000e+00
   2.071610000e-01  -5.587050000e+00   2.231360000e+00
  -3.702700000e-01  -5.587050000e+00   2.303020000e+00
  -9.051100000e-01  -5.587050000e+00   2.071090000e+00
  -1.319750000e+00  -5.587050000e+00   1.717486000e+00
  -1.641280000e+00  -5.587050000e+00   1.337312000e+00
  -1.896130000e+00  -5.587050000e+00   9.411110000e-01
  -2.108210000e+00  -5.587050000e+00   5.185741000e-01
  -2.277890000e+00  -5.587050000e+00   4.278000000e-02
  -2.364590000e+00  -5.587050000e+00  -5.033500000e-01
  -2.264430000e+00  -5.587050000e+00  -1.079020000e+00
  -1.889250000e+00  -5.587050000e+00  -1.526450000e+00
  -1.341796000e+00  -5.587050000e+00  -1.729080000e+00
  -8.008390000e-01  -5.587050000e+00  -1.768270000e+00
  -3.105400000e-01  -5.587050000e+00  -1.726720000e+00
   1.436600000e-01  -5.587050000e+00  -1.622900000e+00
   5.197640000e-01  -5.587050000e+00  -1.364030000e+00
   7.835960000e-01  -5.587050000e+00  -1.015870000e+00
   9.696100000e-01  -5.587050000e+00  -6.571370000e-01
   1.081743000e+00  -5.587050000e+00  -2.864259000e-01
   1.084371000e+00  -5.587050000e+00   9.232700000e-02
   1.010744000e+00  -5.587050000e+00   4.546150000e-01
   9.014040000e-01  -5.587050000e+00   8.108170000e-01
   7.864280000e-01  -5.587050000e+00   1.228310000e+00
   6.017446000e-01  -5.587050000e+00   1.754250000e+00
   1.983960000e-01  -4.671630000e+00   2.452170000e+00
  -4.264260000e-01  -4.671630000e+00   2.535810000e+00
  -1.018000000e+00  -4.671630000e+00   2.326470000e+00
  -1.505710000e+00  -4.671630000e+00   1.983270000e+00
  -1.897240000e+00  -4.671630000e+00   1.579446000e+00
  -2.200890000e+00  -4.671630000e+00   1.126322000e+00
  -2.424560000e+00  -4.671630000e+00   6.291583000e-01
  -2.570340000e+00  -4.671630000e+00   8.414500000e-02
  -2.608450000e+00  -4.671630000e+00  -5.137300000e-01
  -2.464690000e+00  -4.671630000e+00  -1.121930000e+00
  -2.061530000e+00  -4.671630000e+00  -1.604320000e+00
  -1.469278000e+00  -4.671630000e+00  -1.818530000e+00
  -8.856040000e-01  -4.671630000e+00  -1.848040000e+00
  -3.615888000e-01  -4.671630000e+00  -1.796430000e+00
   1.225400000e-01  -4.671630000e+00  -1.689680000e+00
   5.308500000e-01  -4.671630000e+00  -1.426296000e+00
   8.216460000e-01  -4.671630000e+00  -1.059510000e+00
   1.029760000e+00  -4.671630000e+00  -6.756590000e-01
   1.154281000e+00  -4.671630000e+00  -2.728417000e-01
   1.170008000e+00  -4.671630000e+00   1.390440000e-01
   1.098447000e+00  -4.671630000e+00   5.386880000e-01
   9.792810000e-01  -4.671630000e+00   9.340430000e-01
   8.499780000e-01  -4.671630000e+00   1.393170000e+00
   6.376162900e-01  -4.671630000e+00   1.958440000e+00
   1.908470000e-01  -3.757210000e+00   2.648100000e+00
  -4.699590000e-01  -3.757210000e+00   2.729100000e+00
  -1.103980000e+00  -3.757210000e+00   2.544090000e+00
  -1.643220000e+00  -3.757210000e+00   2.206630000e+00
  -2.085990000e+00  -3.757210000e+00   1.783959000e+00
  -2.427310000e+00  -3.757210000e+00   1.291271000e+00
  -2.649540000e+00  -3.757210000e+00   7.375661000e-01
  -2.761270000e+00  -3.757210000e+00   1.437740000e-01
  -2.748900000e+00  -3.757210000e+00  -4.804400000e-01
  -2.567050000e+00  -3.757210000e+00  -1.097330000e+00
  -2.155520000e+00  -3.757210000e+00  -1.598850000e+00
  -1.543200000e+00  -3.757210000e+00  -1.815790000e+00
  -9.381530000e-01  -3.757210000e+00  -1.833030000e+00
  -4.026358000e-01  -3.757210000e+00  -1.768100000e+00
   9.036200000e-02  -3.757210000e+00  -1.660070000e+00
   5.123120000e-01  -3.757210000e+00  -1.402900000e+00
   8.167290000e-01  -3.757210000e+00  -1.033666000e+00
   1.039327000e+00  -3.757210000e+00  -6.419530000e-01
   1.176983000e+00  -3.757210000e+00  -2.274339000e-01
   1.208012000e+00  -3.757210000e+00   2.026240000e-01
   1.138208000e+00  -3.757210000e+00   6.236060000e-01
   1.019937000e+00  -3.757210000e+00   1.044660000e+00
   8.871460000e-01  -3.757210000e+00   1.536350000e+00
   6.607498000e-01  -3.757210000e+00   2.136890000e+00
   1.904030000e-01  -2.842800000e+00   2.895380000e+00
  -5.180400000e-01  -2.842800000e+00   2.984140000e+00
  -1.203120000e+00  -2.842800000e+00   2.793500000e+00
  -1.795750000e+00  -2.842800000e+00   2.449610000e+00
  -2.287220000e+00  -2.842800000e+00   1.999050000e+00
  -2.665390000e+00  -2.842800000e+00   1.462489000e+00
  -2.892530000e+00  -2.842800000e+00   8.514598000e-01
  -2.977860000e+00  -2.842800000e+00   2.048740000e-01
  -2.925750000e+00  -2.842800000e+00  -4.526500000e-01
  -2.710310000e+00  -2.842800000e+00  -1.091250000e+00
  -2.284030000e+00  -2.842800000e+00  -1.619020000e+00
  -1.640910000e+00  -2.842800000e+00  -1.843590000e+00
  -1.003597000e+00  -2.842800000e+00  -1.844180000e+00
  -4.479577000e-01  -2.842800000e+00  -1.760940000e+00
   5.897200000e-02  -2.842800000e+00  -1.648580000e+00
   5.004200000e-01  -2.842800000e+00  -1.394560000e+00
   8.260360000e-01  -2.842800000e+00  -1.022692000e+00
   1.063928000e+00  -2.842800000e+00  -6.170050000e-01
   1.213816000e+00  -2.842800000e+00  -1.835402000e-01
   1.254447000e+00  -2.842800000e+00   2.681120000e-01
   1.181271000e+00  -2.842800000e+00   7.130300000e-01
   1.065332000e+00  -2.842800000e+00   1.164390000e+00
   9.327340000e-01  -2.842800000e+00   1.695720000e+00
   6.955627000e-01  -2.842800000e+00   2.344660000e+00
   1.466740000e-01  -1.928380000e+00   3.091200000e+00
  -6.092400000e-01  -1.928380000e+00   3.189590000e+00
  -1.343650000e+00  -1.928380000e+00   2.995840000e+00
  -1.987030000e+00  -1.928380000e+00   2.638580000e+00
  -2.526820000e+00  -1.928380000e+00   2.159100000e+00
  -2.938740000e+00  -1.928380000e+00   1.584914000e+00
  -3.176190000e+00  -1.928380000e+00   9.138790000e-01
  -3.257510000e+00  -1.928380000e+00   2.195710000e-01
  -3.187080000e+00  -1.928380000e+00  -4.848800000e-01
  -2.948990000e+00  -1.928380000e+00  -1.163780000e+00
  -2.497350000e+00  -1.928380000e+00  -1.729770000e+00
  -1.810730000e+00  -1.928380000e+00  -1.971960000e+00
  -1.126326000e+00  -1.928380000e+00  -1.963930000e+00
  -5.344214000e-01  -1.928380000e+00  -1.866160000e+00
   8.180000000e-04  -1.928380000e+00  -1.737220000e+00
   4.689560000e-01  -1.928380000e+00  -1.473400000e+00
   8.048180000e-01  -1.928380000e+00  -1.072149000e+00
   1.045702000e+00  -1.928380000e+00  -6.405870000e-01
   1.185085000e+00  -1.928380000e+00  -1.821210000e-01
   1.191493000e+00  -1.928380000e+00   2.854430000e-01
   1.102508000e+00  -1.928380000e+00   7.340710000e-01
   1.003798000e+00  -1.928380000e+00   1.197003000e+00
   8.941820000e-01  -1.928380000e+00   1.763410000e+00
   6.775200000e-01  -1.928380000e+00   2.488870000e+00
   7.621000000e-02  -1.012960000e+00   3.121430000e+00
  -6.925300000e-01  -1.012960000e+00   3.207250000e+00
  -1.432820000e+00  -1.012960000e+00   3.000690000e+00
  -2.079170000e+00  -1.012960000e+00   2.642630000e+00
  -2.621020000e+00  -1.012960000e+00   2.156420000e+00
  -3.035340000e+00  -1.012960000e+00   1.572011000e+00
  -3.299630000e+00  -1.012960000e+00   9.132550000e-01
  -3.428860000e+00  -1.012960000e+00   2.025820000e-01
  -3.411810000e+00  -1.012960000e+00  -5.415900000e-01
  -3.194140000e+00  -1.012960000e+00  -1.277100000e+00
  -2.701750000e+00  -1.012960000e+00  -1.872330000e+00
  -1.932720000e+00  -1.012960000e+00  -2.057720000e+00
  -1.206790000e+00  -1.012960000e+00  -1.969320000e+00
  -6.191575000e-01  -1.012960000e+00  -1.819430000e+00
  -1.054030000e-01  -1.012960000e+00  -1.673230000e+00
   3.737660000e-01  -1.012960000e+00  -1.470300000e+00
   7.519660000e-01  -1.012960000e+00  -1.117344000e+00
   1.020203000e+00  -1.012960000e+00  -6.879380000e-01
   1.112835000e+00  -1.012960000e+00  -2.017450000e-01
   1.014537000e+00  -1.012960000e+00   2.680410000e-01
   9.013420000e-01  -1.012960000e+00   6.827110000e-01
   8.284740000e-01  -1.012960000e+00   1.125519000e+00
   7.624980000e-01  -1.012960000e+00   1.696540000e+00
   6.032020000e-01  -1.012960000e+00   2.490830000e+00
  -1.260400000e-02  -3.545410000e-01   3.152920000e+00
   5.241790000e-01  -3.545410000e-01   2.517500000e+00
   6.211060000e-01  -3.545410000e-01   1.649330000e+00
   6.407300000e-01  -3.545410000e-01   1.069040000e+00
   6.823140000e-01  -3.545410000e-01   6.468270000e-01
   7.826230000e-01  -3.545410000e-01   2.635790000e-01
   1.000906000e+00  -3.545410000e-01  -1.992940000e-01
   9.632870000e-01  -3.545410000e-01  -7.122310000e-01
   6.551980000e-01  -3.545410000e-01  -1.120210000e+00
   2.362500000e-01  -3.545410000e-01  -1.405150000e+00
  -2.328090000e-01  -3.545410000e-01  -1.570640000e+00
  -7.168674000e-01  -3.545410000e-01  -1.742830000e+00
  -1.297604000e+00  -3.545410000e-01  -1.942930000e+00
  -2.064150000e+00  -3.545410000e-01  -2.122170000e+00
  -2.915530000e+00  -3.545410000e-01  -1.994460000e+00
  -3.442070000e+00  -3.545410000e-01  -1.370760000e+00
  -3.649710000e+00  -3.545410000e-01  -5.833500000e-01
  -3.629550000e+00  -3.545410000e-01   1.938050000e-01
  -3.464280000e+00  -3.545410000e-01   9.307060000e-01
  -3.177580000e+00  -3.545410000e-01   1.601634000e+00
  -2.751310000e+00  -3.545410000e-01   2.188010000e+00
  -2.195820000e+00  -3.545410000e-01   2.667920000e+00
  -1.538320000e+00  -3.545410000e-01   3.036490000e+00
  -7.894100000e-01  -3.545410000e-01   3.233470000e+00
  -2.336010000e+00  -3.956410000e-01  -1.564560000e+00
  -2.870700000e+00  -3.910410000e-01  -1.346080000e+00
  -1.287620000e+00  -3.880410000e-01   2.746280000e+00
  -8.108800000e-01  -4.060410000e-01   2.510420000e+00
  -2.009380000e+00  -4.500410000e-01   6.896180000e-01
  -1.950130000e+00  -4.465410000e-01   9.931075000e-01
  -1.622200000e+00  -4.513410000e-01   1.006310800e+00
  -6.554957000e-01  -3.894410000e-01  -1.406020000e+00
  -1.645390000e+00  -4.575410000e-01   2.724400000e-01
  -1.292360000e+00  -4.545410000e-01   1.005514000e+00
  -1.007920000e+00  -4.565410000e-01   3.005310000e-01
  -2.444880000e+00  -4.303410000e-01   9.603400000e-01
  -2.560460000e+00  -4.327410000e-01   3.705950000e-01
  -3.013710000e+00  -4.026410000e-01   6.290870000e-01
  -2.426280000e+00  -4.112410000e-01   1.598005000e+00
  -2.580140000e+00  -4.125410000e-01   1.330366000e+00
  -2.549800000e+00  -4.058410000e-01   1.550249000e+00
  -7.848400000e-02  -3.986410000e-01   2.229377000e+00
  -6.688630000e-01  -4.342410000e-01   1.665407000e+00
  -1.907850000e+00  -4.199410000e-01  -1.214060000e+00
  -1.806510000e+00  -4.306410000e-01  -9.866100000e-01
  -1.597948000e+00  -4.272410000e-01  -1.076360000e+00
  -1.661600000e+00  -4.315410000e-01   1.807501000e+00
  -1.546220000e+00  -4.129410000e-01   2.284297000e+00
  -1.446130000e+00  -4.248410000e-01   2.055365000e+00
  -3.047570000e+00  -4.001410000e-01  -7.511400000e-01
  -2.376030000e+00  -4.243410000e-01  -9.013800000e-01
  -1.099793000e+00  -3.957410000e-01  -1.477390000e+00
  -1.390384000e+00  -4.234410000e-01  -1.162120000e+00
  -8.338300000e-01  -4.174410000e-01  -1.128060000e+00
  -1.833260000e+00  -4.058410000e-01   2.251328000e+00
  -1.733430000e+00  -3.869410000e-01   2.587950000e+00
  -1.637330000e+00  -4.000410000e-01   2.451120000e+00
  -1.684533000e+00  -3.964410000e-01  -1.590810000e+00
  -2.110300000e+00  -3.960410000e-01   2.218359000e+00
   1.014090000e-01  -3.890410000e-01  -1.085070000e+00
   3.102000000e-01  -3.961410000e-01  -7.004960000e-01
   4.625690000e-01  -3.925410000e-01   2.551200000e-02
  -2.162640000e+00  -4.476410000e-01   1.645240000e-01
  -2.560940000e+00  -4.315410000e-01  -2.393200000e-01
   2.107341000e-01  -4.035410000e-01   8.409250000e-01
  -8.801700000e-02  -4.271410000e-01   3.278570000e-01
  -2.825190000e+00  -4.002410000e-01   1.234854900e+00
  -3.100480000e+00  -4.032410000e-01  -4.301100000e-02
  -3.099150000e-01  -3.940410000e-01  -1.246360000e+00
  -3.883240000e-01  -4.230410000e-01  -7.982900000e-01
   3.169210000e-01  -3.877410000e-01   1.588704000e+00
  -1.212530000e-01  -4.188410000e-01   1.450561000e+00
  -1.982730000e+00  -4.478410000e-01  -2.894780000e-01
  -2.243510000e+00  -4.128410000e-01   1.779350000e+00
  -2.331690000e+00  -4.227410000e-01   1.425877000e+00
  -7.318150000e-01  -4.332410000e-01  -7.484400000e-01
  -7.422650000e-01  -4.403410000e-01  -5.120790000e-01
  -1.017450000e+00  -4.362410000e-01   1.745920000e+00
  -1.077460000e+00  -4.235410000e-01   2.128426000e+00
  -8.736600000e-01  -4.293410000e-01   1.911916000e+00
  -2.033730000e+00  -4.102410000e-01   2.023463000e+00
  -2.175060000e+00  -4.046410000e-01   2.003855000e+00
  -1.958050000e+00  -4.237410000e-01   1.808567000e+00
  -1.899290000e+00  -4.420410000e-01   1.305597000e+00
  -2.117890000e+00  -4.335410000e-01   1.365737000e+00
  -1.509850000e+00  -4.565410000e-01   5.653000000e-03
  -1.746290000e+00  -4.527410000e-01  -1.394130000e-01
  -1.369300000e+00  -4.536410000e-01  -2.501340000e-01
  -1.188210000e+00  -4.555410000e-01   1.869800000e-02
  -9.694630000e-01  -4.518410000e-01  -1.210090000e-01
  -4.782880000e-01  -4.421410000e-01   8.467197000e-01
  -1.408420000e+00  -4.014410000e-01   2.515290000e+00
  -1.111650000e+00  -4.039410000e-01   2.517850000e+00
  -1.698180000e+00  -4.399410000e-01  -7.721600000e-01
  -1.385241000e+00  -4.411410000e-01  -7.423800000e-01
  -1.392813000e+00  -4.327410000e-01  -9.547500000e-01
  -1.315350000e+00  -4.465410000e-01   1.402974000e+00
  -9.946100000e-01  -4.412410000e-01   1.539191000e+00
  -1.460590000e-01  -4.274410000e-01  -2.236780000e-01
  -2.173380000e+00  -4.376410000e-01   1.117968780e+00
  -2.089380000e+00  -4.441410000e-01   9.142930000e-01
  -1.844450000e+00  -4.445410000e-01  -5.388200000e-01
  -2.035600000e+00  -4.335410000e-01  -8.302700000e-01
  -2.012160000e+00  -4.410410000e-01  -5.643700000e-01
  -1.626570000e+00  -4.409410000e-01   1.536015000e+00
  -1.608920000e+00  -4.453410000e-01   1.349286000e+00
  -2.521060000e+00  -3.988410000e-01   1.760132000e+00
  -4.969610000e-01  -4.441410000e-01   1.947900000e-01
  -4.470870000e-01  -4.384410000e-01  -2.361970000e-01
  -9.535670000e-01  -4.290410000e-01  -9.503300000e-01
  -7.833220000e-01  -4.256410000e-01  -9.497500000e-01
  -1.225302000e+00  -4.474410000e-01  -5.048600000e-01
  -1.460740000e+00  -4.444410000e-01  -6.315100000e-01
  -1.311340000e+00  -4.184410000e-01   2.221361000e+00
  -1.893210000e+00  -4.151410000e-01   2.039948000e+00
  -8.804180000e-01  -4.521410000e-01   1.190700000e-02
  -6.217880000e-01  -4.459410000e-01  -3.746300000e-02
  -1.606880000e+00  -4.497410000e-01  -3.914800000e-01
  -1.242845000e+00  -4.325410000e-01  -9.448600000e-01
  -1.175976000e+00  -4.270410000e-01  -1.048720000e+00
  -7.497160000e-01  -4.467410000e-01  -2.587170000e-01
  -4.178060000e-01  -4.309410000e-01  -5.207420000e-01
  -1.417800000e+00  -4.575410000e-01   1.455690000e-01
  -9.165100000e-01  -4.439410000e-01  -5.026560000e-01
  -9.880090000e-01  -4.477410000e-01  -3.807910000e-01
  -1.357040000e+00  -4.358410000e-01   1.786434000e+00
  -1.078305000e+00  -4.394410000e-01  -7.345900000e-01
  -1.676510000e+00  -4.516410000e-01  -2.663060000e-01
  -2.144770000e+00  -4.240410000e-01   1.617222000e+00
  -2.385980000e+00  -4.269410000e-01   1.188108900e+00
C Number of facets
  786
C  Size  Node 1  ......Node N Marker
    3    0    1    2    3
    3    0    2    3    3
    3    0    3    4    3
    3    0    4    5    3
    3    0    5    6    3
    3    0    6    7    3
    3    0    7    8    3
    3    0    8    9    3
    3    0    9   10    3
    3    0   10   11    3
    3    0   11   12    3
    3    0   12   13    3
    3    0   13   14    3
    3    0   14   15    3
    3    0   15   16    3
    3    0   16   17    3
    3    0   17   18    3
    3    0   18   19    3
    3    0   19   20    3
    3    0   20   21    3
    3    0   21   22    3
    3    0   22   23    3
    3    0   23   24    3
    3    0   24    1    3
    3    1   25   26    3
    3    1   26    2    3
    3    2   26   27    3
    3    2   27    3    3
    3    3   27   28    3
    3    3   28    4    3
    3    4   28   29    3
    3    4   29    5    3
    3    5   29   30    3
    3    5   30    6    3
    3    6   30   31    3
    3    6   31    7    3
    3    7   31   32    3
    3    7   32    8    3
    3    8   32   33    3
    3    8   33    9    3
    3    9   33   34    3
    3    9   34   10    3
    3   10   34   35    3
    3   10   35   11    3
    3   11   35   36    3
    3   11   36   12    3
    3   12   36   37    3
    3   12   37   13    3
    3   13   37   38    3
    3   13   38   14    3
    3   14   38   39    3
    3   14   39   15    3
    3   15   39   40    3
    3   15   40   16    3
    3   16   40   41    3
    3   16   41   17    3
    3   17   41   42    3
    3   17   42   18    3
    3   18   42   43    3
    3   18   43   19    3
    3   19   43   44    3
    3   19   44   20    3
    3   20   44   45    3
    3   20   45   21    3
    3   21   45   46    3
    3   21   46   22    3
    3   22   46   47    3
    3   22   47   23    3
    3   23   47   48    3
    3   23   48   24    3
    3   24   48   25    3
    3   24   25    1    3
    3   25   49   50    3
    3   25   50   26    3
    3   26   50   51    3
    3   26   51   27    3
    3   27   51   52    3
    3   27   52   28    3
    3   28   52   53    3
    3   28   53   29    3
    3   29   53   54    3
    3   29   54   30    3
    3   30   54   55    3
    3   30   55   31    3
    3   31   55   56    3
    3   31   56   32    3
    3   32   56   57    3
    3   32   57   33    3
    3   33   57   58    3
    3   33   58   34    3
    3   34   58   59    3
    3   34   59   35    3
    3   35   59   60    3
    3   35   60   36    3
    3   36   60   61    3
    3   36   61   37    3
    3   37   61   62    3
    3   37   62   38    3
    3   38   62   63    3
    3   38   63   39    3
    3   39   63   64    3
    3   39   64   40    3
    3   40   64   65    3
    3   40   65   41    3
    3   41   65   66    3
    3   41   66   42    3
    3   42   66   67    3
    3   42   67   43    3
    3   43   67   68    3
    3   43   68   44    3
    3   44   68   69    3
    3   44   69   45    3
    3   45   69   70    3
    3   45   70   46    3
    3   46   70   71    3
    3   46   71   47    3
    3   47   71   72    3
    3   47   72   48    3
    3   48   72   49    3
    3   48   49   25    3
    3   49   73   74    3
    3   49   74   50    3
    3   50   74   75    3
    3   50   75   51    3
    3   51   75   76    3
    3   51   76   52    3
    3   52   76   77    3
    3   52   77   53    3
    3   53   77   78    3
    3   53   78   54    3
    3   54   78   79    3
    3   54   79   55    3
    3   55   79   80    3
    3   55   80   56    3
    3   56   80   81    3
    3   56   81   57    3
    3   57   81   82    3
    3   57   82   58    3
    3   58   82   83    3
    3   58   83   59    3
    3   59   83   84    3
    3   59   84   60    3
    3   60   84   85    3
    3   60   85   61    3
    3   61   85   86    3
    3   61   86   62    3
    3   62   86   87    3
    3   62   87   63    3
    3   63   87   88    3
    3   63   88   64    3
    3   64   88   89    3
    3   64   89   65    3
    3   65   89   90    3
    3   65   90   66    3
    3   66   90   91    3
    3   66   91   67    3
    3   67   91   92    3
    3   67   92   68    3
    3   68   92   93    3
    3   68   93   69    3
    3   69   93   94    3
    3   69   94   70    3
    3   70   94   95    3
    3   70   95   71    3
    3   71   95   96    3
    3   71   96   72    3
    3   72   96   73    3
    3   72   73   49    3
    3   73   97   98    3
    3   73   98   74    3
    3   74   98   99    3
    3   74   99   75    3
    3   75   99  100    3
    3   75  100   76    3
    3   76  100  101    3
    3   76  101   77    3
    3   77  101  102    3
    3   77  102   78    3
    3   78  102  103    3
    3   78  103   79    3
    3   79  103  104    3
    3   79  104   80    3
    3   80  104  105    3
    3   80  105   81    3
    3   81  105  106    3
    3   81  106   82    3
    3   82  106  107    3
    3   82  107   83    3
    3   83  107  108    3
    3   83  108   84    3
    3   84  108  109    3
    3   84  109   85    3
    3   85  109  110    3
    3   85  110   86    3
    3   86  110  111    3
    3   86  111   87    3
    3   87  111  112    3
    3   87  112   88    3
    3   88  112  113    3
    3   88  113   89    3
    3   89  113  114    3
    3   89  114   90    3
    3   90  114  115    3
    3   90  115   91    3
    3   91  115  116    3
    3   91  116   92    3
    3   92  116  117    3
    3   92  117   93    3
    3   93  117  118    3
    3   93  118   94    3
    3   94  118  119    3
    3   94  119   95    3
    3   95  119  120    3
    3   95  120   96    3
    3   96  120   97    3
    3   96   97   73    3
    3   97  121  122    3
    3   97  122   98    3
    3   98  122  123    3
    3   98  123   99    3
    3   99  123  124    3
    3   99  124  100    3
    3  100  124  125    3
    3  100  125  101    3
    3  101  125  126    3
    3  101  126  102    3
    3  102  126  127    3
    3  102  127  103    3
    3  103  127  128    3
    3  103  128  104    3
    3  104  128  129    3
    3  104  129  105    3
    3  105  129  130    3
    3  105  130  106    3
    3  106  130  131    3
    3  106  131  107    3
    3  107  131  132    3
    3  107  132  108    3
    3  108  132  133    3
    3  108  133  109    3
    3  109  133  134    3
    3  109  134  110    3
    3  110  134  135    3
    3  110  135  111    3
    3  111  135  136    3
    3  111  136  112    3
    3  112  136  137    3
    3  112  137  113    3
    3  113  137  138    3
    3  113  138  114    3
    3  114  138  139    3
    3  114  139  115    3
    3  115  139  140    3
    3  115  140  116    3
    3  116  140  141    3
    3  116  141  117    3
    3  117  141  142    3
    3  117  142  118    3
    3  118  142  143    3
    3  118  143  119    3
    3  119  143  144    3
    3  119  144  120    3
    3  120  144  121    3
    3  120  121   97    3
    3  121  145  146    3
    3  121  146  122    3
    3  122  146  147    3
    3  122  147  123    3
    3  123  147  148    3
    3  123  148  124    3
    3  124  148  149    3
    3  124  149  125    3
    3  125  149  150    3
    3  125  150  126    3
    3  126  150  151    3
    3  126  151  127    3
    3  127  151  152    3
    3  127  152  128    3
    3  128  152  153    3
    3  128  153  129    3
    3  129  153  154    3
    3  129  154  130    3
    3  130  154  155    3
    3  130  155  131    3
    3  131  155  156    3
    3  131  156  132    3
    3  132  156  157    3
    3  132  157  133    3
    3  133  157  158    3
    3  133  158  134    3
    3  134  158  159    3
    3  134  159  135    3
    3  135  159  160    3
    3  135  160  136    3
    3  136  160  161    3
    3  136  161  137    3
    3  137  161  162    3
    3  137  162  138    3
    3  138  162  163    3
    3  138  163  139    3
    3  139  163  164    3
    3  139  164  140    3
    3  140  164  165    3
    3  140  165  141    3
    3  141  165  166    3
    3  141  166  142    3
    3  142  166  167    3
    3  142  167  143    3
    3  143  167  168    3
    3  143  168  144    3
    3  144  168  145    3
    3  144  145  121    3
    3  145  169  170    3
    3  145  170  146    3
    3  146  170  171    3
    3  146  171  147    3
    3  147  171  172    3
    3  147  172  148    3
    3  148  172  173    3
    3  148  173  149    3
    3  149  173  174    3
    3  149  174  150    3
    3  150  174  175    3
    3  150  175  151    3
    3  151  175  176    3
    3  151  176  152    3
    3  152  176  177    3
    3  152  177  153    3
    3  153  177  178    3
    3  153  178  154    3
    3  154  178  179    3
    3  154  179  155    3
    3  155  179  180    3
    3  155  180  156    3
    3  156  180  181    3
    3  156  181  157    3
    3  157  181  182    3
    3  157  182  158    3
    3  158  182  183    3
    3  158  183  159    3
    3  159  183  184    3
    3  159  184  160    3
    3  160  184  185    3
    3  160  185  161    3
    3  161  185  186    3
    3  161  186  162    3
    3  162  186  187    3
    3  162  187  163    3
    3  163  187  188    3
    3  163  188  164    3
    3  164  188  189    3
    3  164  189  165    3
    3  165  189  190    3
    3  165  190  166    3
    3  166  190  191    3
    3  166  191  167    3
    3  167  191  192    3
    3  167  192  168    3
    3  168  192  169    3
    3  168  169  145    3
    3  169  193  194    3
    3  169  194  170    3
    3  170  194  195    3
    3  170  195  171    3
    3  171  195  196    3
    3  171  196  172    3
    3  172  196  197    3
    3  172  197  173    3
    3  173  197  198    3
    3  173  198  174    3
    3  174  198  199    3
    3  174  199  175    3
    3  175  199  200    3
    3  175  200  176    3
    3  176  200  201    3
    3  176  201  177    3
    3  177  201  202    3
    3  177  202  178    3
    3  178  202  203    3
    3  178  203  179    3
    3  179  203  204    3
    3  179  204  180    3
    3  180  204  205    3
    3  180  205  181    3
    3  181  205  206    3
    3  181  206  182    3
    3  182  206  207    3
    3  182  207  183    3
    3  183  207  208    3
    3  183  208  184    3
    3  184  208  209    3
    3  184  209  185    3
    3  185  209  210    3
    3  185  210  186    3
    3  186  210  211    3
    3  186  211  187    3
    3  187  211  212    3
    3  187  212  188    3
    3  188  212  213    3
    3  188  213  189    3
    3  189  213  214    3
    3  189  214  190    3
    3  190  214  215    3
    3  190  215  191    3
    3  191  215  216    3
    3  191  216  192    3
    3  192  216  193    3
    3  192  193  169    3
    3  193  217  218    3
    3  193  218  194    3
    3  194  218  219    3
    3  194  219  195    3
    3  195  219  220    3
    3  195  220  196    3
    3  196  220  221    3
    3  196  221  197    3
    3  197  221  222    3
    3  197  222  198    3
    3  198  222  223    3
    3  198  223  199    3
    3  199  223  224    3
    3  199  224  200    3
    3  200  224  225    3
    3  200  225  201    3
    3  201  225  226    3
    3  201  226  202    3
    3  202  226  227    3
    3  202  227  203    3
    3  203  227  228    3
    3  203  228  204    3
    3  204  228  229    3
    3  204  229  205    3
    3  205  229  230    3
    3  205  230  206    3
    3  206  230  231    3
    3  206  231  207    3
    3  207  231  232    3
    3  207  232  208    3
    3  208  232  233    3
    3  208  233  209    3
    3  209  233  234    3
    3  209  234  210    3
    3  210  234  235    3
    3  210  235  211    3
    3  211  235  236    3
    3  211  236  212    3
    3  212  236  237    3
    3  212  237  213    3
    3  213  237  238    3
    3  213  238  214    3
    3  214  238  239    3
    3  214  239  215    3
    3  215  239  240    3
    3  215  240  216    3
    3  216  240  217    3
    3  216  217  193    3
    3  217  241  242    3
    3  217  242  218    3
    3  218  242  243    3
    3  218  243  219    3
    3  219  243  244    3
    3  219  244  220    3
    3  220  244  245    3
    3  220  245  221    3
    3  221  245  246    3
    3  221  246  222    3
    3  222  246  247    3
    3  222  247  223    3
    3  223  247  248    3
    3  223  248  224    3
    3  224  248  249    3
    3  224  249  225    3
    3  225  249  250    3
    3  225  250  226    3
    3  226  250  251    3
    3  226  251  227    3
    3  227  251  252    3
    3  227  252  228    3
    3  228  252  253    3
    3  228  253  229    3
    3  229  253  254    3
    3  229  254  230    3
    3  230  254  255    3
    3  230  255  231    3
    3  231  255  256    3
    3  231  256  232    3
    3  232  256  257    3
    3  232  257  233    3
    3  233  257  258    3
    3  233  258  234    3
    3  234  258  259    3
    3  234  259  235    3
    3  235  259  260    3
    3  235  260  236    3
    3  236  260  261    3
    3  236  261  237    3
    3  237  261  262    3
    3  237  262  238    3
    3  238  262  263    3
    3  238  263  239    3
    3  239  263  264    3
    3  239  264  240    3
    3  240  264  241    3
    3  240  241  217    3
    3  264  265  241    3
    3  264  266  265    3
    3  263  266  264    3
    3  263  267  266    3
    3  262  267  263    3
    3  262  268  267    3
    3  261  268  262    3
    3  261  269  268    3
    3  260  269  261    3
    3  260  270  269    3
    3  259  270  260    3
    3  259  271  270    3
    3  258  271  259    3
    3  258  272  271    3
    3  257  272  258    3
    3  257  273  272    3
    3  256  273  257    3
    3  256  274  273    3
    3  255  274  256    3
    3  255  275  274    3
    3  254  275  255    3
    3  254  276  275    3
    3  253  276  254    3
    3  253  277  276    3
    3  252  277  253    3
    3  252  278  277    3
    3  251  278  252    3
    3  251  279  278    3
    3  250  279  251    3
    3  250  280  279    3
    3  249  280  250    3
    3  249  281  280    3
    3  248  281  249    3
    3  248  282  281    3
    3  247  282  248    3
    3  247  283  282    3
    3  246  283  247    3
    3  246  284  283    3
    3  245  284  246    3
    3  245  285  284    3
    3  244  285  245    3
    3  244  286  285    3
    3  243  286  244    3
    3  243  287  286    3
    3  242  287  243    3
    3  242  288  287    3
    3  241  288  242    3
    3  241  265  288    3
    3  289  279  290    1
    3  291  288  292    1
    3  293  294  295    3
    3  296  275  276    1
    3  297  298  299    1
    3  300  301  302    1
    3  303  304  305    3
    3  292  306  307    1
    3  308  309  310    4
    3  300  293  301    1
    3  311  312  313    3
    3  290  314  315    1
    3  316  317  318    1
    3  319  320  321    3
    3  317  322  308    1
    3  286  323  285    1
    3  286  287  320    1
    3  298  297  293    1
    3  324  325  273    1
    3  326  271  272    1
    3  327  328  301    1
    3  329  326  330    1
    3  300  331  304    1
    3  332  282  302    1
    3  272  325  326    1
    3  296  276  316    1
    3  296  333  275    1
    3  324  334  325    1
    3  335  329  336    1
    3  315  328  337    1
    3  338  339  303    3
    3  334  340  341    4
    3  279  289  278    1
    3  274  275  333    1
    3  322  278  289    1
    3  342  343  344    3
    3  332  301  328    1
    3  314  290  280    1
    3  345  338  346    3
    3  324  333  334    1
    3  277  316  276    1
    3  266  267  335    1
    3  288  291  287    1
    3  347  348  349    3
    3  316  322  317    1
    3  297  350  351    4
    3  327  301  293    1
    3  283  331  302    1
    3  352  353  354    4
    3  326  269  270    1
    3  332  302  301    1
    3  355  299  298    1
    3  312  356  357    3
    3  330  355  329    1
    3  336  306  335    1
    3  271  326  270    1
    3  358  359  360    4
    3  298  361  362    3
    3  283  302  282    1
    3  336  329  355    1
    3  326  363  330    1
    3  265  292  288    1
    3  300  364  365    3
    3  366  367  368    4
    3  333  318  334    1
    3  369  361  370    3
    3  327  293  297    1
    3  278  322  277    1
    3  320  291  356    3
    3  371  285  323    1
    3  363  325  334    1
    3  371  331  284    1
    3  364  339  349    3
    3  268  335  267    1
    3  372  363  373    4
    3  280  290  279    1
    3  266  306  265    1
    3  316  277  322    1
    3  328  315  314    1
    3  308  315  367    1
    3  355  330  372    1
    3  327  297  337    1
    3  280  281  314    1
    3  374  340  375    4
    3  296  316  318    1
    3  352  376  377    4
    3  355  307  336    1
    3  292  343  378    3
    3  326  325  363    1
    3  320  287  291    1
    3  345  319  379    3
    3  380  372  381    4
    3  358  366  382    4
    3  268  329  335    1
    3  273  274  324    1
    3  336  307  306    1
    3  265  306  292    1
    3  296  318  333    1
    3  383  374  384    4
    3  329  268  269    1
    3  385  373  386    4
    3  333  324  274    1
    3  283  284  331    1
    3  298  307  355    1
    3  299  353  387    4
    3  308  289  315    1
    3  273  325  272    1
    3  327  337  328    1
    3  388  376  389    4
    3  314  332  328    1
    3  281  282  332    1
    3  315  289  290    1
    3  363  372  330    1
    3  355  372  299    1
    3  285  371  284    1
    3  314  281  332    1
    3  269  326  329    1
    3  369  347  311    3
    3  266  335  306    1
    3  286  320  323    1
    3  308  322  289    1
    3  300  302  331    1
    3  343  390  313    3
    3  292  307  344    3
    3  298  348  370    3
    3  361  390  342    3
    3  343  342  390    3
    3  342  307  362    3
    3  347  369  348    3
    3  361  369  390    3
    3  369  311  390    3
    3  312  311  347    3
    3  311  313  390    3
    3  313  312  378    3
    3  298  362  307    3
    3  342  362  361    3
    3  342  344  307    3
    3  292  344  343    3
    3  369  370  348    3
    3  298  370  361    3
    3  292  378  312    3
    3  313  378  343    3
    3  334  318  375    4
    3  340  391  388    4
    3  318  317  384    4
    3  340  374  391    4
    3  352  385  389    4
    3  376  391  359    4
    3  376  388  391    4
    3  388  385  341    4
    3  359  391  383    4
    3  359  358  377    4
    3  374  383  391    4
    3  383  317  360    4
    3  374  375  318    4
    3  334  375  340    4
    3  334  341  385    4
    3  388  341  340    4
    3  388  389  385    4
    3  352  389  376    4
    3  352  377  358    4
    3  359  377  376    4
    3  358  360  317    4
    3  383  360  359    4
    3  383  384  317    4
    3  318  384  374    4
    3  367  358  309    4
    3  315  337  368    1
    3  353  352  350    4
    3  353  299  380    4
    3  372  380  299    4
    3  380  385  354    4
    3  350  352  392    4
    3  350  297  387    4
    3  366  337  392    4
    3  367  366  358    4
    3  363  334  386    4
    3  373  385  381    4
    3  392  337  351    4
    3  392  352  382    4
    3  380  381  385    4
    3  373  381  372    4
    3  358  317  310    4
    3  367  309  308    4
    3  385  386  334    4
    3  363  386  373    4
    3  366  368  337    4
    3  315  368  367    1
    3  299  387  297    4
    3  350  387  353    4
    3  352  354  385    4
    3  380  354  353    4
    3  358  382  352    4
    3  392  382  366    4
    3  297  351  337    4
    3  392  351  350    4
    3  308  310  317    4
    3  358  310  309    4
    3  312  347  379    3
    3  320  319  323    3
    3  371  323  346    3
    3  338  347  393    3
    3  364  300  394    3
    3  364  348  294    3
    3  319  345  323    3
    3  338  345  347    3
    3  348  298  295    3
    3  294  293  365    3
    3  304  339  394    3
    3  331  371  305    1
    3  364  349  348    3
    3  349  339  393    3
    3  338  393  339    3
    3  349  393  347    3
    3  338  303  371    3
    3  304  303  339    3
    3  356  312  321    3
    3  291  292  357    3
    3  364  394  339    3
    3  304  394  300    3
    3  319  321  312    3
    3  356  321  320    3
    3  293  295  298    3
    3  348  295  294    3
    3  312  357  292    3
    3  291  357  356    3
    3  345  346  323    3
    3  371  346  338    3
    3  303  305  371    3
    3  331  305  304    1
    3  345  379  347    3
    3  312  379  319    3
    3  300  365  293    3
    3  294  365  364    3
C Prescribed Values(Inlet, Outlet), InteractionSurface(Inlet, Outlet)
       1        0        0        2        2        2
C Inlet Pressure, FunID (E18.9,I5)
   1.000000000e+00    3
C Outlet Velocity
C     Vx,           Vy,            Vz,    indVx,indVy,indVz, FunID(3E18.9, 4I5)
   0.000000000e+00   1.000000000e+00   0.000000000e+00    1    0    0    4
C Inlet Velocity
C nNodeID,    Vx,           Vy,            Vz (I5, 3E18.9)
  265
    1  -2.700000000e+00  -2.550000000e+00  -1.150000000e+00
    2  -2.100000000e+00  -2.450000000e+00  -1.800000000e+00
    3  -1.750000000e+00  -2.450000000e+00  -3.100000000e+00
    4  -1.150000000e+00  -2.450000000e+00  -3.150000000e+00
    5  -9.000000000e-01  -2.450000000e+00  -2.300000000e+00
    6  -1.100000000e+00  -2.450000000e+00  -1.500000000e+00
    7  -1.400000000e+00  -2.450000000e+00  -1.000000000e+00
    8  -2.000000000e+00  -2.450000000e+00  -7.000000000e-01
    9  -3.600000000e+00  -2.450000000e+00  -7.000000000e-01
   10  -4.950000000e+00  -2.450000000e+00  -1.550000000e+00
   11  -5.300000000e+00  -2.450000000e+00  -2.700000000e+00
   12  -4.450000000e+00  -2.450000000e+00  -3.200000000e+00
   13  -3.050000000e+00  -2.450000000e+00  -2.550000000e+00
   14  -2.150000000e+00  -2.450000000e+00  -1.100000000e+00
   15  -2.100000000e+00  -2.450000000e+00  -3.500000000e-01
   16  -2.350000000e+00  -2.450000000e+00   1.500000000e-01
   17  -3.100000000e+00  -2.450000000e+00   9.500000000e-01
   18  -4.200000000e+00  -2.450000000e+00   1.200000000e+00
   19  -4.650000000e+00  -2.450000000e+00   5.500000000e-01
   20  -3.700000000e+00  -2.450000000e+00  -5.000000000e-01
   21  -2.750000000e+00  -2.450000000e+00  -9.500000000e-01
   22  -2.100000000e+00  -2.450000000e+00  -9.500000000e-01
   23  -1.900000000e+00  -2.450000000e+00  -9.000000000e-01
   24  -1.800000000e+00  -2.450000000e+00  -8.000000000e-01
   25  -1.900000000e+00  -2.450000000e+00  -9.500000000e-01
   26  -1.250000000e+00  -2.250000000e+00  -1.550000000e+00
   27  -1.000000000e+00  -2.250000000e+00  -2.050000000e+00
   28  -7.000000000e-01  -2.250000000e+00  -1.450000000e+00
   29  -9.500000000e-01  -2.250000000e+00  -6.000000000e-01
   30  -1.300000000e+00  -2.250000000e+00  -1.500000000e-01
   31  -1.600000000e+00  -2.250000000e+00  -1.000000000e-01
   32  -1.750000000e+00  -2.250000000e+00  -2.000000000e-01
   33  -1.750000000e+00  -2.250000000e+00  -3.000000000e-01
   34  -1.800000000e+00  -2.250000000e+00  -4.500000000e-01
   35  -1.800000000e+00  -2.250000000e+00  -6.000000000e-01
   36  -1.750000000e+00  -2.250000000e+00  -8.000000000e-01
   37  -1.650000000e+00  -2.250000000e+00  -9.500000000e-01
   38  -1.500000000e+00  -2.250000000e+00  -9.500000000e-01
   39  -1.350000000e+00  -2.250000000e+00  -9.500000000e-01
   40  -1.300000000e+00  -2.250000000e+00  -7.000000000e-01
   41  -1.650000000e+00  -2.250000000e+00   0.000000000e+00
   42  -2.400000000e+00  -2.250000000e+00   5.500000000e-01
   43  -3.050000000e+00  -2.250000000e+00   3.500000000e-01
   44  -2.800000000e+00  -2.250000000e+00  -2.000000000e-01
   45  -2.400000000e+00  -2.250000000e+00  -6.000000000e-01
   46  -2.100000000e+00  -2.250000000e+00  -8.500000000e-01
   47  -1.900000000e+00  -2.250000000e+00  -1.050000000e+00
   48  -1.700000000e+00  -2.250000000e+00  -1.150000000e+00
   49  -1.450000000e+00  -2.250000000e+00  -1.250000000e+00
   50  -1.200000000e+00  -2.100000000e+00  -1.050000000e+00
   51  -1.000000000e+00  -2.100000000e+00  -1.400000000e+00
   52  -9.000000000e-01  -2.100000000e+00  -8.000000000e-01
   53  -1.250000000e+00  -2.100000000e+00   0.000000000e+00
   54  -1.750000000e+00  -2.100000000e+00   4.000000000e-01
   55  -2.100000000e+00  -2.100000000e+00   3.000000000e-01
   56  -2.200000000e+00  -2.100000000e+00   1.000000000e-01
   57  -2.100000000e+00  -2.100000000e+00  -1.500000000e-01
   58  -1.950000000e+00  -2.100000000e+00  -3.000000000e-01
   59  -1.850000000e+00  -2.100000000e+00  -4.000000000e-01
   60  -1.900000000e+00  -2.100000000e+00  -6.500000000e-01
   61  -1.800000000e+00  -2.100000000e+00  -9.000000000e-01
   62  -1.650000000e+00  -2.100000000e+00  -1.050000000e+00
   63  -1.450000000e+00  -2.100000000e+00  -1.000000000e+00
   64  -1.250000000e+00  -2.100000000e+00  -9.000000000e-01
   65  -1.550000000e+00  -2.100000000e+00  -2.000000000e-01
   66  -2.250000000e+00  -2.100000000e+00   4.000000000e-01
   67  -2.800000000e+00  -2.100000000e+00   4.000000000e-01
   68  -2.750000000e+00  -2.100000000e+00  -1.000000000e-01
   69  -2.350000000e+00  -2.100000000e+00  -5.000000000e-01
   70  -2.100000000e+00  -2.100000000e+00  -7.500000000e-01
   71  -1.900000000e+00  -2.100000000e+00  -9.000000000e-01
   72  -1.600000000e+00  -2.100000000e+00  -9.500000000e-01
   73  -1.350000000e+00  -2.100000000e+00  -8.500000000e-01
   74  -1.550000000e+00  -2.000000000e+00  -1.050000000e+00
   75  -1.350000000e+00  -2.000000000e+00  -1.500000000e+00
   76  -1.300000000e+00  -2.000000000e+00  -5.500000000e-01
   77  -1.800000000e+00  -2.000000000e+00   5.000000000e-01
   78  -2.550000000e+00  -2.000000000e+00   9.500000000e-01
   79  -3.050000000e+00  -2.000000000e+00   7.500000000e-01
   80  -3.300000000e+00  -2.000000000e+00   3.500000000e-01
   81  -3.250000000e+00  -2.000000000e+00  -1.000000000e-01
   82  -3.050000000e+00  -2.000000000e+00  -4.500000000e-01
   83  -2.900000000e+00  -2.000000000e+00  -7.000000000e-01
   84  -2.700000000e+00  -2.000000000e+00  -1.000000000e+00
   85  -2.250000000e+00  -2.000000000e+00  -9.500000000e-01
   86  -1.950000000e+00  -2.000000000e+00  -7.000000000e-01
   87  -1.800000000e+00  -2.000000000e+00  -4.000000000e-01
   88  -1.750000000e+00  -2.000000000e+00  -5.500000000e-01
   89  -1.850000000e+00  -2.000000000e+00  -2.500000000e-01
   90  -2.250000000e+00  -2.000000000e+00   1.000000000e-01
   91  -2.650000000e+00  -2.000000000e+00   1.000000000e-01
   92  -2.700000000e+00  -2.000000000e+00  -2.000000000e-01
   93  -2.650000000e+00  -2.000000000e+00  -4.500000000e-01
   94  -2.550000000e+00  -2.000000000e+00  -7.500000000e-01
   95  -2.400000000e+00  -2.000000000e+00  -9.500000000e-01
   96  -2.000000000e+00  -2.000000000e+00  -1.050000000e+00
   97  -1.700000000e+00  -2.000000000e+00  -9.000000000e-01
   98  -1.750000000e+00  -1.850000000e+00  -7.000000000e-01
   99  -1.600000000e+00  -1.850000000e+00  -1.050000000e+00
  100  -1.600000000e+00  -1.850000000e+00  -2.000000000e-01
  101  -2.200000000e+00  -1.850000000e+00   8.000000000e-01
  102  -2.950000000e+00  -1.850000000e+00   1.100000000e+00
  103  -3.450000000e+00  -1.850000000e+00   9.000000000e-01
  104  -3.700000000e+00  -1.850000000e+00   4.500000000e-01
  105  -3.700000000e+00  -1.850000000e+00   0.000000000e+00
  106  -3.550000000e+00  -1.850000000e+00  -4.500000000e-01
  107  -3.450000000e+00  -1.850000000e+00  -8.500000000e-01
  108  -3.250000000e+00  -1.850000000e+00  -1.250000000e+00
  109  -2.650000000e+00  -1.850000000e+00  -1.100000000e+00
  110  -2.250000000e+00  -1.850000000e+00  -6.500000000e-01
  111  -2.100000000e+00  -1.850000000e+00  -3.000000000e-01
  112  -2.100000000e+00  -1.850000000e+00  -4.000000000e-01
  113  -2.050000000e+00  -1.850000000e+00  -3.000000000e-01
  114  -2.450000000e+00  -1.850000000e+00   5.000000000e-02
  115  -2.850000000e+00  -1.850000000e+00   1.000000000e-01
  116  -2.950000000e+00  -1.850000000e+00  -1.500000000e-01
  117  -3.200000000e+00  -1.850000000e+00  -4.500000000e-01
  118  -3.350000000e+00  -1.850000000e+00  -8.500000000e-01
  119  -3.050000000e+00  -1.850000000e+00  -1.150000000e+00
  120  -2.550000000e+00  -1.850000000e+00  -1.250000000e+00
  121  -1.900000000e+00  -1.850000000e+00  -8.000000000e-01
  122  -1.600000000e+00  -1.650000000e+00  -6.000000000e-01
  123  -1.500000000e+00  -1.650000000e+00  -1.000000000e+00
  124  -1.450000000e+00  -1.650000000e+00  -3.500000000e-01
  125  -1.950000000e+00  -1.650000000e+00   5.000000000e-01
  126  -2.500000000e+00  -1.650000000e+00   8.000000000e-01
  127  -2.950000000e+00  -1.650000000e+00   7.000000000e-01
  128  -3.250000000e+00  -1.650000000e+00   4.000000000e-01
  129  -3.400000000e+00  -1.650000000e+00   5.000000000e-02
  130  -3.550000000e+00  -1.650000000e+00  -4.000000000e-01
  131  -3.600000000e+00  -1.650000000e+00  -9.000000000e-01
  132  -3.400000000e+00  -1.650000000e+00  -1.400000000e+00
  133  -2.750000000e+00  -1.650000000e+00  -1.300000000e+00
  134  -2.250000000e+00  -1.650000000e+00  -8.000000000e-01
  135  -2.050000000e+00  -1.650000000e+00  -3.500000000e-01
  136  -2.050000000e+00  -1.650000000e+00  -3.000000000e-01
  137  -2.150000000e+00  -1.650000000e+00  -5.000000000e-02
  138  -2.750000000e+00  -1.650000000e+00   4.000000000e-01
  139  -3.300000000e+00  -1.650000000e+00   4.000000000e-01
  140  -3.250000000e+00  -1.650000000e+00  -5.000000000e-02
  141  -3.050000000e+00  -1.650000000e+00  -4.000000000e-01
  142  -2.850000000e+00  -1.650000000e+00  -7.500000000e-01
  143  -2.550000000e+00  -1.650000000e+00  -8.500000000e-01
  144  -2.100000000e+00  -1.650000000e+00  -8.000000000e-01
  145  -1.650000000e+00  -1.650000000e+00  -4.500000000e-01
  146  -1.600000000e+00  -1.250000000e+00  -1.450000000e+00
  147  -1.250000000e+00  -1.250000000e+00  -1.950000000e+00
  148  -1.050000000e+00  -1.250000000e+00  -7.500000000e-01
  149  -1.550000000e+00  -1.250000000e+00   5.000000000e-01
  150  -2.300000000e+00  -1.250000000e+00   1.050000000e+00
  151  -2.850000000e+00  -1.250000000e+00   1.000000000e+00
  152  -2.950000000e+00  -1.250000000e+00   6.500000000e-01
  153  -2.900000000e+00  -1.250000000e+00   2.500000000e-01
  154  -2.700000000e+00  -1.250000000e+00   0.000000000e+00
  155  -2.550000000e+00  -1.250000000e+00  -2.500000000e-01
  156  -2.550000000e+00  -1.250000000e+00  -6.000000000e-01
  157  -2.250000000e+00  -1.250000000e+00  -5.500000000e-01
  158  -1.950000000e+00  -1.250000000e+00  -2.500000000e-01
  159  -1.900000000e+00  -1.250000000e+00   1.500000000e-01
  160  -1.950000000e+00  -1.250000000e+00   2.500000000e-01
  161  -2.250000000e+00  -1.250000000e+00   6.500000000e-01
  162  -3.100000000e+00  -1.250000000e+00   1.100000000e+00
  163  -3.800000000e+00  -1.250000000e+00   1.000000000e+00
  164  -3.500000000e+00  -1.250000000e+00   2.500000000e-01
  165  -2.550000000e+00  -1.250000000e+00  -2.500000000e-01
  166  -1.950000000e+00  -1.250000000e+00  -3.500000000e-01
  167  -1.700000000e+00  -1.250000000e+00  -3.500000000e-01
  168  -1.500000000e+00  -1.250000000e+00  -2.500000000e-01
  169  -1.550000000e+00  -1.250000000e+00  -4.500000000e-01
  170  -1.050000000e+00  -7.500000000e-01  -1.450000000e+00
  171  -6.500000000e-01  -7.500000000e-01  -1.500000000e+00
  172  -4.500000000e-01  -7.500000000e-01  -8.000000000e-01
  173  -7.500000000e-01  -7.500000000e-01   1.500000000e-01
  174  -1.250000000e+00  -7.500000000e-01   6.500000000e-01
  175  -1.600000000e+00  -7.500000000e-01   6.500000000e-01
  176  -1.650000000e+00  -7.500000000e-01   4.500000000e-01
  177  -1.500000000e+00  -7.500000000e-01   3.000000000e-01
  178  -1.250000000e+00  -7.500000000e-01   3.000000000e-01
  179  -1.200000000e+00  -7.500000000e-01   3.000000000e-01
  180  -1.400000000e+00  -7.500000000e-01   1.500000000e-01
  181  -1.450000000e+00  -7.500000000e-01  -5.000000000e-02
  182  -1.350000000e+00  -7.500000000e-01   5.000000000e-02
  183  -1.300000000e+00  -7.500000000e-01   2.500000000e-01
  184  -1.450000000e+00  -7.500000000e-01   3.500000000e-01
  185  -1.700000000e+00  -7.500000000e-01   6.000000000e-01
  186  -2.350000000e+00  -7.500000000e-01   9.500000000e-01
  187  -2.950000000e+00  -7.500000000e-01   8.000000000e-01
  188  -2.750000000e+00  -7.500000000e-01   2.000000000e-01
  189  -2.100000000e+00  -7.500000000e-01  -2.500000000e-01
  190  -1.650000000e+00  -7.500000000e-01  -4.000000000e-01
  191  -1.450000000e+00  -7.500000000e-01  -5.000000000e-01
  192  -1.250000000e+00  -7.500000000e-01  -5.500000000e-01
  193  -1.100000000e+00  -7.500000000e-01  -7.500000000e-01
  194  -7.500000000e-01  -3.000000000e-01  -5.000000000e-01
  195  -7.000000000e-01  -3.000000000e-01  -5.000000000e-01
  196  -7.500000000e-01  -3.000000000e-01   5.000000000e-01
  197  -1.100000000e+00  -3.000000000e-01   8.000000000e-01
  198  -1.650000000e+00  -3.000000000e-01   1.150000000e+00
  199  -2.050000000e+00  -3.000000000e-01   7.500000000e-01
  200  -2.100000000e+00  -3.000000000e-01   5.500000000e-01
  201  -2.050000000e+00  -3.000000000e-01   3.000000000e-01
  202  -1.850000000e+00  -3.000000000e-01   1.000000000e-01
  203  -1.700000000e+00  -3.000000000e-01   0.000000000e+00
  204  -1.800000000e+00  -3.000000000e-01  -2.500000000e-01
  205  -1.750000000e+00  -3.000000000e-01  -6.000000000e-01
  206  -1.550000000e+00  -3.000000000e-01  -6.500000000e-01
  207  -1.350000000e+00  -3.000000000e-01  -5.500000000e-01
  208  -1.250000000e+00  -3.000000000e-01  -4.000000000e-01
  209  -1.300000000e+00  -3.000000000e-01  -2.000000000e-01
  210  -1.750000000e+00  -3.000000000e-01   2.000000000e-01
  211  -2.100000000e+00  -3.000000000e-01   2.500000000e-01
  212  -2.050000000e+00  -3.000000000e-01  -1.000000000e-01
  213  -1.800000000e+00  -3.000000000e-01  -3.000000000e-01
  214  -1.600000000e+00  -3.000000000e-01  -4.500000000e-01
  215  -1.350000000e+00  -3.000000000e-01  -5.500000000e-01
  216  -1.100000000e+00  -3.000000000e-01  -5.500000000e-01
  217  -9.000000000e-01  -3.000000000e-01  -3.500000000e-01
  218  -6.500000000e-01   2.000000000e-01  -5.000000000e-01
  219  -6.000000000e-01   2.000000000e-01   0.000000000e+00
  220  -8.000000000e-01   2.000000000e-01   1.000000000e+00
  221  -1.450000000e+00   2.000000000e-01   1.500000000e+00
  222  -2.300000000e+00   2.000000000e-01   2.000000000e+00
  223  -2.900000000e+00   2.000000000e-01   1.500000000e+00
  224  -3.000000000e+00   2.000000000e-01   1.000000000e+00
  225  -2.600000000e+00   2.000000000e-01   4.500000000e-01
  226  -2.100000000e+00   2.000000000e-01   2.000000000e-01
  227  -1.700000000e+00   2.000000000e-01   1.500000000e-01
  228  -1.650000000e+00   2.000000000e-01   0.000000000e+00
  229  -1.550000000e+00   2.000000000e-01  -1.000000000e-01
  230  -1.350000000e+00   2.000000000e-01   1.000000000e-01
  231  -1.300000000e+00   2.000000000e-01   3.000000000e-01
  232  -1.350000000e+00   2.000000000e-01   3.000000000e-01
  233  -1.150000000e+00   2.000000000e-01  -2.500000000e-01
  234  -8.500000000e-01   2.000000000e-01  -4.000000000e-01
  235  -6.500000000e-01   2.000000000e-01  -3.500000000e-01
  236  -9.500000000e-01   2.000000000e-01  -1.500000000e-01
  237  -1.550000000e+00   2.000000000e-01  -1.500000000e-01
  238  -1.800000000e+00   2.000000000e-01  -4.000000000e-01
  239  -1.600000000e+00   2.000000000e-01  -5.500000000e-01
  240  -1.250000000e+00   2.000000000e-01  -5.500000000e-01
  241  -8.500000000e-01   2.000000000e-01  -3.000000000e-01
  242  -9.000000000e-01   6.500000000e-01   0.000000000e+00
  243  -1.000000000e+00   6.500000000e-01   5.000000000e-01
  244  -1.350000000e+00   6.500000000e-01   1.500000000e+00
  245  -2.050000000e+00   6.500000000e-01   1.500000000e+00
  246  -2.850000000e+00   6.500000000e-01   2.000000000e+00
  247  -3.400000000e+00   6.500000000e-01   1.500000000e+00
  248  -3.400000000e+00   6.500000000e-01   5.000000000e-01
  249  -3.000000000e+00   6.500000000e-01   0.000000000e+00
  250  -2.500000000e+00   6.500000000e-01   0.000000000e+00
  251  -2.150000000e+00   6.500000000e-01  -1.000000000e-01
  252  -2.150000000e+00   6.500000000e-01  -4.500000000e-01
  253  -2.500000000e+00   6.500000000e-01  -1.350000000e+00
  254  -2.150000000e+00   6.500000000e-01  -1.750000000e+00
  255  -1.650000000e+00   6.500000000e-01  -1.800000000e+00
  256  -1.250000000e+00   6.500000000e-01  -1.600000000e+00
  257  -1.050000000e+00   6.500000000e-01  -1.250000000e+00
  258  -1.400000000e+00   6.500000000e-01  -5.000000000e-01
  259  -1.900000000e+00   6.500000000e-01  -1.500000000e-01
  260  -2.000000000e+00   6.500000000e-01  -2.000000000e-01
  261  -2.400000000e+00   6.500000000e-01  -4.000000000e-01
  262  -2.300000000e+00   6.500000000e-01  -6.000000000e-01
  263  -1.950000000e+00   6.500000000e-01  -7.500000000e-01
  264  -1.450000000e+00   6.500000000e-01  -6.000000000e-01
  265  -8.500000000e-01   6.500000000e-01   0.000000000e+00
C Region List
