C PointsNum,MaxElemVol,TetGenParams,nAtrib,IndMov,MDMaxVolume,MDomDiv,MDOnly,MDDivF,MDPrescP
  395    1.000000e+00 YYpznno2q1.414a     0     0    1.000000e+00     1     0     0     0     0     0 YYpznno2q1.414a
  -7.421480000e-02  -7.529570000e+00  -2.018100000e-02
  -2.612290000e-02  -7.111820000e+00   7.709840000e-01
  -2.204590000e-01  -7.111820000e+00   7.120480000e-01
  -3.748280000e-01  -7.111820000e+00   5.942330000e-01
  -4.932570000e-01  -7.111820000e+00   4.602300000e-01
  -5.864580000e-01  -7.111820000e+00   3.208930000e-01
  -6.608340000e-01  -7.111820000e+00   1.734290000e-01
  -7.167890000e-01  -7.111820000e+00   9.096000000e-03
  -7.420680000e-01  -7.111820000e+00  -1.737880000e-01
  -7.085570000e-01  -7.111820000e+00  -3.637610000e-01
  -6.140870000e-01  -7.111820000e+00  -5.388680000e-01
  -4.705420000e-01  -7.111820000e+00  -6.887370000e-01
  -2.857010000e-01  -7.111820000e+00  -7.995250000e-01
  -7.312290000e-02  -7.111820000e+00  -8.403890000e-01
   1.285520000e-01  -7.111820000e+00  -7.628340000e-01
   2.663440000e-01  -7.111820000e+00  -6.033610000e-01
   3.544660000e-01  -7.111820000e+00  -4.454930000e-01
   4.205370000e-01  -7.111820000e+00  -3.058660000e-01
   4.807250000e-01  -7.111820000e+00  -1.734650000e-01
   5.301810000e-01  -7.111820000e+00  -2.990400000e-02
   5.544040000e-01  -7.111820000e+00   1.330980000e-01
   5.259050000e-01  -7.111820000e+00   3.022130000e-01
   4.411650000e-01  -7.111820000e+00   4.563840000e-01
   3.237470000e-01  -7.111820000e+00   5.990700000e-01
   1.696420000e-01  -7.111820000e+00   7.219680000e-01
  -8.608340000e-02  -6.693070000e+00   1.057310000e+00
  -3.544520000e-01  -6.693070000e+00   9.671250000e-01
  -5.676990000e-01  -6.693070000e+00   8.047630000e-01
  -7.334050000e-01  -6.693070000e+00   6.229350000e-01
  -8.669280000e-01  -6.693070000e+00   4.316800000e-01
  -9.815200000e-01  -6.693070000e+00   2.273960000e-01
  -1.076600000e+00  -6.693070000e+00  -3.386800000e-03
  -1.133030000e+00  -6.693070000e+00  -2.710150000e-01
  -1.097650000e+00  -6.693070000e+00  -5.568790000e-01
  -9.515980000e-01  -6.693070000e+00  -8.139010000e-01
  -7.271290000e-01  -6.693070000e+00  -1.016340000e+00
  -4.517920000e-01  -6.693070000e+00  -1.152840000e+00
  -1.490834000e-01  -6.693070000e+00  -1.200650000e+00
   1.371290000e-01  -6.693070000e+00  -1.099470000e+00
   3.235210000e-01  -6.693070000e+00  -8.559090000e-01
   4.309010000e-01  -6.693070000e+00  -6.203710000e-01
   5.077500000e-01  -6.693070000e+00  -4.239380000e-01
   5.811340000e-01  -6.693070000e+00  -2.452580000e-01
   6.449860000e-01  -6.693070000e+00  -5.638680000e-02
   6.772410000e-01  -6.693070000e+00   1.582030000e-01
   6.401710000e-01  -6.693070000e+00   3.803610000e-01
   5.386970000e-01  -6.693070000e+00   5.933930000e-01
   3.955450000e-01  -6.693070000e+00   8.067270000e-01
   1.889450000e-01  -6.693070000e+00   9.960340000e-01
  -1.442710000e-01  -6.274310000e+00   1.281160000e+00
  -4.689520000e-01  -6.274310000e+00   1.181930000e+00
  -7.357170000e-01  -6.274310000e+00   1.001374000e+00
  -9.494310000e-01  -6.274310000e+00   7.876880000e-01
  -1.117160000e+00  -6.274310000e+00   5.518940000e-01
  -1.248030000e+00  -6.274310000e+00   2.940600000e-01
  -1.348430000e+00  -6.274310000e+00   9.528800000e-03
  -1.398910000e+00  -6.274310000e+00  -3.113190000e-01
  -1.354080000e+00  -6.274310000e+00  -6.515190000e-01
  -1.182860000e+00  -6.274310000e+00  -9.610640000e-01
  -9.136430000e-01  -6.274310000e+00  -1.206050000e+00
  -5.814120000e-01  -6.274310000e+00  -1.368200000e+00
  -2.162710000e-01  -6.274310000e+00  -1.428670000e+00
   1.279150000e-01  -6.274310000e+00  -1.309310000e+00
   3.353810000e-01  -6.274310000e+00  -9.871050000e-01
   4.439140000e-01  -6.274310000e+00  -6.956560000e-01
   5.222660000e-01  -6.274310000e+00  -4.672660000e-01
   6.018670000e-01  -6.274310000e+00  -2.661500000e-01
   6.841260000e-01  -6.274310000e+00  -5.347120000e-02
   7.380710000e-01  -6.274310000e+00   1.936170000e-01
   6.991910000e-01  -6.274310000e+00   4.541430000e-01
   5.910120000e-01  -6.274310000e+00   7.098120000e-01
   4.324670000e-01  -6.274310000e+00   9.783000000e-01
   1.883980000e-01  -6.274310000e+00   1.214800000e+00
  -2.159060000e-01  -5.856560000e+00   1.414210000e+00
  -5.797960000e-01  -5.856560000e+00   1.325460000e+00
  -8.970470000e-01  -5.856560000e+00   1.152660000e+00
  -1.161810000e+00  -5.856560000e+00   9.246370000e-01
  -1.367090000e+00  -5.856560000e+00   6.513420000e-01
  -1.526580000e+00  -5.856560000e+00   3.475060000e-01
  -1.646380000e+00  -5.856560000e+00   8.727600000e-03
  -1.705640000e+00  -5.856560000e+00  -3.728470000e-01
  -1.651630000e+00  -5.856560000e+00  -7.782860000e-01
  -1.438090000e+00  -5.856560000e+00  -1.137460000e+00
  -1.103030000e+00  -5.856560000e+00  -1.396750000e+00
  -7.087910000e-01  -5.856560000e+00  -1.545720000e+00
  -2.969060000e-01  -5.856560000e+00  -1.588640000e+00
   9.057000000e-02  -5.856560000e+00  -1.475400000e+00
   3.301550000e-01  -5.856560000e+00  -1.125250000e+00
   4.478320000e-01  -5.856560000e+00  -7.880100000e-01
   5.294680000e-01  -5.856560000e+00  -5.245840000e-01
   6.120970000e-01  -5.856560000e+00  -2.986180000e-01
   7.059920000e-01  -5.856560000e+00  -6.327240000e-02
   7.695360000e-01  -5.856560000e+00   2.146570000e-01
   7.238740000e-01  -5.856560000e+00   5.038790000e-01
   6.056160000e-01  -5.856560000e+00   7.912490000e-01
   4.306960000e-01  -5.856560000e+00   1.092710000e+00
   1.549540000e-01  -5.856560000e+00   1.351800000e+00
  -2.662050000e-01  -5.437800000e+00   1.461060000e+00
  -6.535600000e-01  -5.437800000e+00   1.391910000e+00
  -1.006437000e+00  -5.437800000e+00   1.234890000e+00
  -1.309770000e+00  -5.437800000e+00   1.003361000e+00
  -1.544770000e+00  -5.437800000e+00   7.063820000e-01
  -1.729940000e+00  -5.437800000e+00   3.698580000e-01
  -1.872730000e+00  -5.437800000e+00  -8.199900000e-03
  -1.944890000e+00  -5.437800000e+00  -4.395470000e-01
  -1.880990000e+00  -5.437800000e+00  -8.962160000e-01
  -1.627810000e+00  -5.437800000e+00  -1.288810000e+00
  -1.238990000e+00  -5.437800000e+00  -1.551390000e+00
  -7.966820000e-01  -5.437800000e+00  -1.681810000e+00
  -3.542050000e-01  -5.437800000e+00  -1.704370000e+00
   6.003200000e-02  -5.437800000e+00  -1.598200000e+00
   3.365170000e-01  -5.437800000e+00  -1.256170000e+00
   4.725360000e-01  -5.437800000e+00  -8.929400000e-01
   5.620970000e-01  -5.437800000e+00  -5.998540000e-01
   6.475120000e-01  -5.437800000e+00  -3.468530000e-01
   7.350680000e-01  -5.437800000e+00  -8.619990000e-02
   7.829090000e-01  -5.437800000e+00   2.100060000e-01
   7.256970000e-01  -5.437800000e+00   5.133950000e-01
   5.984360000e-01  -5.437800000e+00   8.154410000e-01
   4.143280000e-01  -5.437800000e+00   1.132280000e+00
   1.228210000e-01  -5.437800000e+00   1.398470000e+00
  -3.028390000e-01  -5.020050000e+00   1.490360000e+00
  -7.042700000e-01  -5.020050000e+00   1.440020000e+00
  -1.082110000e+00  -5.020050000e+00   1.298090000e+00
  -1.414750000e+00  -5.020050000e+00   1.067486000e+00
  -1.671280000e+00  -5.020050000e+00   7.533120000e-01
  -1.871130000e+00  -5.020050000e+00   3.941110000e-01
  -2.024210000e+00  -5.020050000e+00  -1.242590000e-02
  -2.098890000e+00  -5.020050000e+00  -4.752200000e-01
  -2.026590000e+00  -5.020050000e+00  -9.613500000e-01
  -1.748430000e+00  -5.020050000e+00  -1.373020000e+00
  -1.324250000e+00  -5.020050000e+00  -1.633450000e+00
  -8.537960000e-01  -5.020050000e+00  -1.748080000e+00
  -3.948390000e-01  -5.020050000e+00  -1.754270000e+00
   3.246000000e-02  -5.020050000e+00  -1.649720000e+00
   3.286600000e-01  -5.020050000e+00  -1.319900000e+00
   4.777640000e-01  -5.020050000e+00  -9.460300000e-01
   5.715960000e-01  -5.020050000e+00  -6.368700000e-01
   6.586100000e-01  -5.020050000e+00  -3.681370000e-01
   7.437430000e-01  -5.020050000e+00  -9.442590000e-02
   7.843710000e-01  -5.020050000e+00   2.133270000e-01
   7.207440000e-01  -5.020050000e+00   5.246150000e-01
   5.884040000e-01  -5.020050000e+00   8.348170000e-01
   3.964280000e-01  -5.020050000e+00   1.158310000e+00
   9.574460000e-02  -5.020050000e+00   1.424250000e+00
  -3.906040000e-01  -4.237630000e+00   1.648170000e+00
  -8.374260000e-01  -4.237630000e+00   1.623810000e+00
  -1.278000000e+00  -4.237630000e+00   1.502470000e+00
  -1.677710000e+00  -4.237630000e+00   1.261270000e+00
  -1.977240000e+00  -4.237630000e+00   8.994460000e-01
  -2.190890000e+00  -4.237630000e+00   4.763220000e-01
  -2.332560000e+00  -4.237630000e+00   9.158300000e-03
  -2.381340000e+00  -4.237630000e+00  -5.038550000e-01
  -2.280450000e+00  -4.237630000e+00  -1.031730000e+00
  -1.973690000e+00  -4.237630000e+00  -1.480930000e+00
  -1.507530000e+00  -4.237630000e+00  -1.760320000e+00
  -9.892780000e-01  -4.237630000e+00  -1.869530000e+00
  -4.926040000e-01  -4.237630000e+00  -1.866040000e+00
  -3.058880000e-02  -4.237630000e+00  -1.759430000e+00
   2.975400000e-01  -4.237630000e+00  -1.418680000e+00
   4.488500000e-01  -4.237630000e+00  -9.992960000e-01
   5.386460000e-01  -4.237630000e+00  -6.595100000e-01
   6.217600000e-01  -4.237630000e+00  -3.706590000e-01
   7.072810000e-01  -4.237630000e+00  -7.984170000e-02
   7.530080000e-01  -4.237630000e+00   2.450440000e-01
   6.844470000e-01  -4.237630000e+00   5.726880000e-01
   5.582810000e-01  -4.237630000e+00   9.110430000e-01
   3.659780000e-01  -4.237630000e+00   1.276170000e+00
   4.161629000e-02  -4.237630000e+00   1.566440000e+00
  -4.551530000e-01  -3.455210000e+00   1.796100000e+00
  -9.479590000e-01  -3.455210000e+00   1.801100000e+00
  -1.452980000e+00  -3.455210000e+00   1.698090000e+00
  -1.925220000e+00  -3.455210000e+00   1.448630000e+00
  -2.265990000e+00  -3.455210000e+00   1.034959000e+00
  -2.485310000e+00  -3.455210000e+00   5.452710000e-01
  -2.603540000e+00  -3.455210000e+00   1.756610000e-02
  -2.612270000e+00  -3.455210000e+00  -5.382260000e-01
  -2.477900000e+00  -3.455210000e+00  -1.096440000e+00
  -2.150050000e+00  -3.455210000e+00  -1.577330000e+00
  -1.654520000e+00  -3.455210000e+00  -1.882850000e+00
  -1.099200000e+00  -3.455210000e+00  -2.004790000e+00
  -5.641530000e-01  -3.455210000e+00  -2.004030000e+00
  -6.463580000e-02  -3.455210000e+00  -1.897100000e+00
   3.023620000e-01  -3.455210000e+00  -1.546070000e+00
   4.723120000e-01  -3.455210000e+00  -1.090900000e+00
   5.717290000e-01  -3.455210000e+00  -7.186660000e-01
   6.603270000e-01  -3.455210000e+00  -3.999530000e-01
   7.259830000e-01  -3.455210000e+00  -7.743390000e-02
   7.440120000e-01  -3.455210000e+00   2.646240000e-01
   6.662080000e-01  -3.455210000e+00   6.056060000e-01
   5.439370000e-01  -3.455210000e+00   9.686600000e-01
   3.531460000e-01  -3.455210000e+00   1.373350000e+00
   8.749800000e-03  -3.455210000e+00   1.689890000e+00
  -4.885970000e-01  -2.673800000e+00   1.862380000e+00
  -1.006040000e+00  -2.673800000e+00   1.885140000e+00
  -1.549120000e+00  -2.673800000e+00   1.797500000e+00
  -2.061750000e+00  -2.673800000e+00   1.543610000e+00
  -2.426220000e+00  -2.673800000e+00   1.100050000e+00
  -2.642390000e+00  -2.673800000e+00   5.704890000e-01
  -2.739530000e+00  -2.673800000e+00   8.459800000e-03
  -2.719860000e+00  -2.673800000e+00  -5.681260000e-01
  -2.560750000e+00  -2.673800000e+00  -1.135650000e+00
  -2.224310000e+00  -2.673800000e+00  -1.629250000e+00
  -1.727030000e+00  -2.673800000e+00  -1.961020000e+00
  -1.159910000e+00  -2.673800000e+00  -2.113590000e+00
  -5.985970000e-01  -2.673800000e+00  -2.136180000e+00
  -6.595770000e-02  -2.673800000e+00  -2.032940000e+00
   3.219720000e-01  -2.673800000e+00  -1.654580000e+00
   4.954200000e-01  -2.673800000e+00  -1.163560000e+00
   6.000360000e-01  -2.673800000e+00  -7.706920000e-01
   6.909280000e-01  -2.673800000e+00  -4.330050000e-01
   7.348160000e-01  -2.673800000e+00  -9.154020000e-02
   7.294470000e-01  -2.673800000e+00   2.571120000e-01
   6.482710000e-01  -2.673800000e+00   6.020300000e-01
   5.323320000e-01  -2.673800000e+00   9.783900000e-01
   3.467340000e-01  -2.673800000e+00   1.407720000e+00
  -7.437300000e-03  -2.673800000e+00   1.741660000e+00
  -5.163260000e-01  -1.891380000e+00   1.783200000e+00
  -1.037240000e+00  -1.891380000e+00   1.861590000e+00
  -1.626650000e+00  -1.891380000e+00   1.850840000e+00
  -2.214030000e+00  -1.891380000e+00   1.635580000e+00
  -2.615820000e+00  -1.891380000e+00   1.161100000e+00
  -2.832740000e+00  -1.891380000e+00   5.819140000e-01
  -2.905190000e+00  -1.891380000e+00  -2.312100000e-02
  -2.855510000e+00  -1.891380000e+00  -6.274290000e-01
  -2.670080000e+00  -1.891380000e+00  -1.211880000e+00
  -2.311990000e+00  -1.891380000e+00  -1.715780000e+00
  -1.794350000e+00  -1.891380000e+00  -2.052770000e+00
  -1.206730000e+00  -1.891380000e+00  -2.203960000e+00
  -6.293260000e-01  -1.891380000e+00  -2.226930000e+00
  -8.042140000e-02  -1.891380000e+00  -2.126160000e+00
   3.338180000e-01  -1.891380000e+00  -1.759220000e+00
   5.339560000e-01  -1.891380000e+00  -1.266400000e+00
   6.568180000e-01  -1.891380000e+00  -8.561490000e-01
   7.587020000e-01  -1.891380000e+00  -4.945870000e-01
   7.930850000e-01  -1.891380000e+00  -1.261210000e-01
   7.694930000e-01  -1.891380000e+00   2.414430000e-01
   6.695080000e-01  -1.891380000e+00   5.970710000e-01
   5.197980000e-01  -1.891380000e+00   9.620030000e-01
   3.001820000e-01  -1.891380000e+00   1.343410000e+00
  -5.448000000e-02  -1.891380000e+00   1.638870000e+00
  -5.607900000e-01  -1.108960000e+00   1.641430000e+00
  -1.069530000e+00  -1.108960000e+00   1.763250000e+00
  -1.680820000e+00  -1.108960000e+00   1.814690000e+00
  -2.305170000e+00  -1.108960000e+00   1.628630000e+00
  -2.721020000e+00  -1.108960000e+00   1.141420000e+00
  -2.940340000e+00  -1.108960000e+00   5.440110000e-01
  -3.011630000e+00  -1.108960000e+00  -7.774500000e-02
  -2.955860000e+00  -1.108960000e+00  -6.974180000e-01
  -2.762810000e+00  -1.108960000e+00  -1.294590000e+00
  -2.390140000e+00  -1.108960000e+00  -1.804100000e+00
  -1.854750000e+00  -1.108960000e+00  -2.138330000e+00
  -1.255720000e+00  -1.108960000e+00  -2.281720000e+00
  -6.717900000e-01  -1.108960000e+00  -2.300320000e+00
  -1.181575000e-01  -1.108960000e+00  -2.202430000e+00
   3.165970000e-01  -1.108960000e+00  -1.860230000e+00
   5.377660000e-01  -1.108960000e+00  -1.370300000e+00
   6.649660000e-01  -1.108960000e+00  -9.423440000e-01
   7.612030000e-01  -1.108960000e+00  -5.639380000e-01
   7.708350000e-01  -1.108960000e+00  -1.827450000e-01
   6.875370000e-01  -1.108960000e+00   1.750410000e-01
   5.733420000e-01  -1.108960000e+00   5.107110000e-01
   4.274740000e-01  -1.108960000e+00   8.555190000e-01
   2.184980000e-01  -1.108960000e+00   1.218540000e+00
  -1.227980000e-01  -1.108960000e+00   1.487830000e+00
  -6.386040000e-01  -3.545410000e-01   1.633920000e+00
  -1.958210000e-01  -3.545410000e-01   1.456500000e+00
   1.281060000e-01  -3.545410000e-01   1.155330000e+00
   2.767300000e-01  -3.545410000e-01   7.420400000e-01
   3.613140000e-01  -3.545410000e-01   3.908270000e-01
   4.816230000e-01  -3.545410000e-01   9.757900000e-02
   6.459060000e-01  -3.545410000e-01  -2.262940000e-01
   7.162870000e-01  -3.545410000e-01  -6.242310000e-01
   6.321980000e-01  -3.545410000e-01  -1.020210000e+00
   5.072500000e-01  -3.545410000e-01  -1.470150000e+00
   2.661910000e-01  -3.545410000e-01  -1.961640000e+00
  -1.958674000e-01  -3.545410000e-01  -2.264830000e+00
  -7.536040000e-01  -3.545410000e-01  -2.367930000e+00
  -1.349150000e+00  -3.545410000e-01  -2.370170000e+00
  -1.974530000e+00  -3.545410000e-01  -2.249460000e+00
  -2.546070000e+00  -3.545410000e-01  -1.923760000e+00
  -2.939710000e+00  -3.545410000e-01  -1.395350000e+00
  -3.124550000e+00  -3.545410000e-01  -7.681950000e-01
  -3.154280000e+00  -3.545410000e-01  -1.262940000e-01
  -3.054580000e+00  -3.545410000e-01   5.036340000e-01
  -2.818310000e+00  -3.545410000e-01   1.102010000e+00
  -2.408820000e+00  -3.545410000e-01   1.603920000e+00
  -1.792320000e+00  -3.545410000e-01   1.821490000e+00
  -1.162410000e+00  -3.545410000e-01   1.770470000e+00
  -1.570510000e+00  -3.610310000e-01  -1.900760000e+00
  -2.025700000e+00  -3.603010000e-01  -1.781280000e+00
  -1.567320000e+00  -3.598410000e-01   1.464280000e+00
  -1.172280000e+00  -3.626710000e-01   1.208420000e+00
  -1.800380000e+00  -3.696410000e-01  -1.983820000e-01
  -1.828110000e+00  -3.690410000e-01   3.810750000e-02
  -1.569430000e+00  -3.698410000e-01   7.831080000e-02
  -1.860957000e-01  -3.600510000e-01  -1.820020000e+00
  -1.415790000e+00  -3.708410000e-01  -4.512600000e-01
  -1.310730000e+00  -3.704410000e-01   1.192140000e-01
  -9.427200000e-01  -3.705410000e-01  -3.225690000e-01
  -2.229280000e+00  -3.665410000e-01  -4.066000000e-02
  -2.173260000e+00  -3.668410000e-01  -5.064050000e-01
  -2.643610000e+00  -3.621410000e-01  -3.569130000e-01
  -2.375980000e+00  -3.634910000e-01   5.050050000e-01
  -2.443710000e+00  -3.636910000e-01   2.613660000e-01
  -2.472300000e+00  -3.626410000e-01   4.582490000e-01
  -6.012840000e-01  -3.615110000e-01   1.101377000e+00
  -9.611630000e-01  -3.671410000e-01   6.594070000e-01
  -1.288450000e+00  -3.648410000e-01  -1.615060000e+00
  -1.249510000e+00  -3.665410000e-01  -1.427010000e+00
  -1.067748000e+00  -3.660410000e-01  -1.493560000e+00
  -1.766900000e+00  -3.667410000e-01   6.885010000e-01
  -1.746220000e+00  -3.637610000e-01   1.094297000e+00
  -1.629430000e+00  -3.656410000e-01   8.893650000e-01
  -2.302570000e+00  -3.617410000e-01  -1.396240000e+00
  -1.710930000e+00  -3.655410000e-01  -1.404980000e+00
  -5.862930000e-01  -3.610510000e-01  -1.906390000e+00
  -8.864840000e-01  -3.654410000e-01  -1.559720000e+00
  -4.307300000e-01  -3.644710000e-01  -1.493060000e+00
  -1.993060000e+00  -3.626510000e-01   1.093328000e+00
  -1.950930000e+00  -3.596510000e-01   1.413850000e+00
  -1.848330000e+00  -3.617310000e-01   1.255120000e+00
  -1.068933000e+00  -3.611510000e-01  -1.952810000e+00
  -2.239300000e+00  -3.610910000e-01   1.093959000e+00
   2.437090000e-01  -3.600010000e-01  -1.164070000e+00
   2.483000000e-01  -3.611110000e-01  -7.627960000e-01
   2.107690000e-01  -3.605410000e-01  -1.647880000e-01
  -1.793340000e+00  -3.692410000e-01  -6.040760000e-01
  -2.014940000e+00  -3.667410000e-01  -9.539200000e-01
  -1.106659000e-01  -3.622810000e-01   3.686250000e-01
  -2.648170000e-01  -3.660410000e-01  -8.724300000e-02
  -2.637280000e+00  -3.617510000e-01   1.688549000e-01
  -2.537180000e+00  -3.622210000e-01  -8.940110000e-01
   3.068500000e-02  -3.607810000e-01  -1.494960000e+00
  -2.075240000e-01  -3.653410000e-01  -1.041190000e+00
  -1.628790000e-01  -3.597810000e-01   9.089040000e-01
  -5.005530000e-01  -3.646410000e-01   6.448610000e-01
  -1.540730000e+00  -3.692410000e-01  -9.093780000e-01
  -2.260110000e+00  -3.637410000e-01   6.743500000e-01
  -2.250890000e+00  -3.653410000e-01   3.548770000e-01
  -4.746150000e-01  -3.669410000e-01  -1.086240000e+00
  -5.471650000e-01  -3.680410000e-01  -8.864790000e-01
  -1.238250000e+00  -3.674410000e-01   6.719200000e-01
  -1.342260000e+00  -3.654410000e-01   9.414260000e-01
  -1.151960000e+00  -3.663410000e-01   8.029160000e-01
  -2.129130000e+00  -3.633410000e-01   8.954630000e-01
  -2.249360000e+00  -3.624610000e-01   8.848550000e-01
  -2.019050000e+00  -3.654410000e-01   6.955670000e-01
  -1.856690000e+00  -3.683410000e-01   2.735970000e-01
  -2.053760000e+00  -3.670410000e-01   3.137370000e-01
  -1.249450000e+00  -3.706410000e-01  -6.230470000e-01
  -1.394590000e+00  -3.700410000e-01  -7.657130000e-01
  -1.081300000e+00  -3.702410000e-01  -7.929340000e-01
  -1.011910000e+00  -3.705410000e-01  -5.590020000e-01
  -8.166630000e-01  -3.699410000e-01  -6.214090000e-01
  -6.635880000e-01  -3.683410000e-01   1.615197000e-01
  -1.655520000e+00  -3.619410000e-01   1.279290000e+00
  -1.414250000e+00  -3.623510000e-01   1.243850000e+00
  -1.209280000e+00  -3.680410000e-01  -1.240460000e+00
  -9.740410000e-01  -3.682410000e-01  -1.186780000e+00
  -9.307130000e-01  -3.669410000e-01  -1.373850000e+00
  -1.411240000e+00  -3.690410000e-01   4.019740000e-01
  -1.186510000e+00  -3.682410000e-01   5.311910000e-01
  -1.937590000e-01  -3.660410000e-01  -5.086780000e-01
  -2.042190000e+00  -3.676410000e-01   1.159687800e-01
  -1.921280000e+00  -3.686410000e-01  -4.070700000e-02
  -1.375750000e+00  -3.687410000e-01  -1.076620000e+00
  -1.458900000e+00  -3.670410000e-01  -1.320870000e+00
  -1.500460000e+00  -3.682410000e-01  -1.116270000e+00
  -1.684570000e+00  -3.681410000e-01   4.760150000e-01
  -1.633870000e+00  -3.688410000e-01   3.372860000e-01
  -2.501170000e+00  -3.615310000e-01   6.551320000e-01
  -5.421610000e-01  -3.686410000e-01  -2.886100000e-01
  -4.066870000e-01  -3.677410000e-01  -5.954970000e-01
  -5.839670000e-01  -3.663410000e-01  -1.317930000e+00
  -4.519220000e-01  -3.657410000e-01  -1.291450000e+00
  -9.109020000e-01  -3.692410000e-01  -9.670600000e-01
  -1.059740000e+00  -3.687410000e-01  -1.102410000e+00
  -1.544140000e+00  -3.646410000e-01   1.019361000e+00
  -2.005710000e+00  -3.641210000e-01   8.949480000e-01
  -7.828180000e-01  -3.699410000e-01  -5.044930000e-01
  -5.807880000e-01  -3.689410000e-01  -4.872630000e-01
  -1.228080000e+00  -3.695410000e-01  -9.339800000e-01
  -8.143450000e-01  -3.668410000e-01  -1.348460000e+00
  -7.359760000e-01  -3.659410000e-01  -1.437820000e+00
  -6.208160000e-01  -3.691410000e-01  -6.837170000e-01
  -3.071060000e-01  -3.666410000e-01  -8.189420000e-01
  -1.214100000e+00  -3.707410000e-01  -5.050310000e-01
  -6.798100000e-01  -3.686410000e-01  -9.120560000e-01
  -7.655090000e-01  -3.692410000e-01  -8.252910000e-01
  -1.513940000e+00  -3.673410000e-01   6.804340000e-01
  -7.400050000e-01  -3.679410000e-01  -1.137490000e+00
  -1.310410000e+00  -3.698410000e-01  -8.504060000e-01
  -2.134620000e+00  -3.655410000e-01   5.242220000e-01
  -2.239550000e+00  -3.659410000e-01   1.571089000e-01
C Number of facets
  786
C  Size  Node 1  ......Node N Marker
    3    0    1    2    3
    3    0    2    3    3
    3    0    3    4    3
    3    0    4    5    3
    3    0    5    6    3
    3    0    6    7    3
    3    0    7    8    3
    3    0    8    9    3
    3    0    9   10    3
    3    0   10   11    3
    3    0   11   12    3
    3    0   12   13    3
    3    0   13   14    3
    3    0   14   15    3
    3    0   15   16    3
    3    0   16   17    3
    3    0   17   18    3
    3    0   18   19    3
    3    0   19   20    3
    3    0   20   21    3
    3    0   21   22    3
    3    0   22   23    3
    3    0   23   24    3
    3    0   24    1    3
    3    1   25   26    3
    3    1   26    2    3
    3    2   26   27    3
    3    2   27    3    3
    3    3   27   28    3
    3    3   28    4    3
    3    4   28   29    3
    3    4   29    5    3
    3    5   29   30    3
    3    5   30    6    3
    3    6   30   31    3
    3    6   31    7    3
    3    7   31   32    3
    3    7   32    8    3
    3    8   32   33    3
    3    8   33    9    3
    3    9   33   34    3
    3    9   34   10    3
    3   10   34   35    3
    3   10   35   11    3
    3   11   35   36    3
    3   11   36   12    3
    3   12   36   37    3
    3   12   37   13    3
    3   13   37   38    3
    3   13   38   14    3
    3   14   38   39    3
    3   14   39   15    3
    3   15   39   40    3
    3   15   40   16    3
    3   16   40   41    3
    3   16   41   17    3
    3   17   41   42    3
    3   17   42   18    3
    3   18   42   43    3
    3   18   43   19    3
    3   19   43   44    3
    3   19   44   20    3
    3   20   44   45    3
    3   20   45   21    3
    3   21   45   46    3
    3   21   46   22    3
    3   22   46   47    3
    3   22   47   23    3
    3   23   47   48    3
    3   23   48   24    3
    3   24   48   25    3
    3   24   25    1    3
    3   25   49   50    3
    3   25   50   26    3
    3   26   50   51    3
    3   26   51   27    3
    3   27   51   52    3
    3   27   52   28    3
    3   28   52   53    3
    3   28   53   29    3
    3   29   53   54    3
    3   29   54   30    3
    3   30   54   55    3
    3   30   55   31    3
    3   31   55   56    3
    3   31   56   32    3
    3   32   56   57    3
    3   32   57   33    3
    3   33   57   58    3
    3   33   58   34    3
    3   34   58   59    3
    3   34   59   35    3
    3   35   59   60    3
    3   35   60   36    3
    3   36   60   61    3
    3   36   61   37    3
    3   37   61   62    3
    3   37   62   38    3
    3   38   62   63    3
    3   38   63   39    3
    3   39   63   64    3
    3   39   64   40    3
    3   40   64   65    3
    3   40   65   41    3
    3   41   65   66    3
    3   41   66   42    3
    3   42   66   67    3
    3   42   67   43    3
    3   43   67   68    3
    3   43   68   44    3
    3   44   68   69    3
    3   44   69   45    3
    3   45   69   70    3
    3   45   70   46    3
    3   46   70   71    3
    3   46   71   47    3
    3   47   71   72    3
    3   47   72   48    3
    3   48   72   49    3
    3   48   49   25    3
    3   49   73   74    3
    3   49   74   50    3
    3   50   74   75    3
    3   50   75   51    3
    3   51   75   76    3
    3   51   76   52    3
    3   52   76   77    3
    3   52   77   53    3
    3   53   77   78    3
    3   53   78   54    3
    3   54   78   79    3
    3   54   79   55    3
    3   55   79   80    3
    3   55   80   56    3
    3   56   80   81    3
    3   56   81   57    3
    3   57   81   82    3
    3   57   82   58    3
    3   58   82   83    3
    3   58   83   59    3
    3   59   83   84    3
    3   59   84   60    3
    3   60   84   85    3
    3   60   85   61    3
    3   61   85   86    3
    3   61   86   62    3
    3   62   86   87    3
    3   62   87   63    3
    3   63   87   88    3
    3   63   88   64    3
    3   64   88   89    3
    3   64   89   65    3
    3   65   89   90    3
    3   65   90   66    3
    3   66   90   91    3
    3   66   91   67    3
    3   67   91   92    3
    3   67   92   68    3
    3   68   92   93    3
    3   68   93   69    3
    3   69   93   94    3
    3   69   94   70    3
    3   70   94   95    3
    3   70   95   71    3
    3   71   95   96    3
    3   71   96   72    3
    3   72   96   73    3
    3   72   73   49    3
    3   73   97   98    3
    3   73   98   74    3
    3   74   98   99    3
    3   74   99   75    3
    3   75   99  100    3
    3   75  100   76    3
    3   76  100  101    3
    3   76  101   77    3
    3   77  101  102    3
    3   77  102   78    3
    3   78  102  103    3
    3   78  103   79    3
    3   79  103  104    3
    3   79  104   80    3
    3   80  104  105    3
    3   80  105   81    3
    3   81  105  106    3
    3   81  106   82    3
    3   82  106  107    3
    3   82  107   83    3
    3   83  107  108    3
    3   83  108   84    3
    3   84  108  109    3
    3   84  109   85    3
    3   85  109  110    3
    3   85  110   86    3
    3   86  110  111    3
    3   86  111   87    3
    3   87  111  112    3
    3   87  112   88    3
    3   88  112  113    3
    3   88  113   89    3
    3   89  113  114    3
    3   89  114   90    3
    3   90  114  115    3
    3   90  115   91    3
    3   91  115  116    3
    3   91  116   92    3
    3   92  116  117    3
    3   92  117   93    3
    3   93  117  118    3
    3   93  118   94    3
    3   94  118  119    3
    3   94  119   95    3
    3   95  119  120    3
    3   95  120   96    3
    3   96  120   97    3
    3   96   97   73    3
    3   97  121  122    3
    3   97  122   98    3
    3   98  122  123    3
    3   98  123   99    3
    3   99  123  124    3
    3   99  124  100    3
    3  100  124  125    3
    3  100  125  101    3
    3  101  125  126    3
    3  101  126  102    3
    3  102  126  127    3
    3  102  127  103    3
    3  103  127  128    3
    3  103  128  104    3
    3  104  128  129    3
    3  104  129  105    3
    3  105  129  130    3
    3  105  130  106    3
    3  106  130  131    3
    3  106  131  107    3
    3  107  131  132    3
    3  107  132  108    3
    3  108  132  133    3
    3  108  133  109    3
    3  109  133  134    3
    3  109  134  110    3
    3  110  134  135    3
    3  110  135  111    3
    3  111  135  136    3
    3  111  136  112    3
    3  112  136  137    3
    3  112  137  113    3
    3  113  137  138    3
    3  113  138  114    3
    3  114  138  139    3
    3  114  139  115    3
    3  115  139  140    3
    3  115  140  116    3
    3  116  140  141    3
    3  116  141  117    3
    3  117  141  142    3
    3  117  142  118    3
    3  118  142  143    3
    3  118  143  119    3
    3  119  143  144    3
    3  119  144  120    3
    3  120  144  121    3
    3  120  121   97    3
    3  121  145  146    3
    3  121  146  122    3
    3  122  146  147    3
    3  122  147  123    3
    3  123  147  148    3
    3  123  148  124    3
    3  124  148  149    3
    3  124  149  125    3
    3  125  149  150    3
    3  125  150  126    3
    3  126  150  151    3
    3  126  151  127    3
    3  127  151  152    3
    3  127  152  128    3
    3  128  152  153    3
    3  128  153  129    3
    3  129  153  154    3
    3  129  154  130    3
    3  130  154  155    3
    3  130  155  131    3
    3  131  155  156    3
    3  131  156  132    3
    3  132  156  157    3
    3  132  157  133    3
    3  133  157  158    3
    3  133  158  134    3
    3  134  158  159    3
    3  134  159  135    3
    3  135  159  160    3
    3  135  160  136    3
    3  136  160  161    3
    3  136  161  137    3
    3  137  161  162    3
    3  137  162  138    3
    3  138  162  163    3
    3  138  163  139    3
    3  139  163  164    3
    3  139  164  140    3
    3  140  164  165    3
    3  140  165  141    3
    3  141  165  166    3
    3  141  166  142    3
    3  142  166  167    3
    3  142  167  143    3
    3  143  167  168    3
    3  143  168  144    3
    3  144  168  145    3
    3  144  145  121    3
    3  145  169  170    3
    3  145  170  146    3
    3  146  170  171    3
    3  146  171  147    3
    3  147  171  172    3
    3  147  172  148    3
    3  148  172  173    3
    3  148  173  149    3
    3  149  173  174    3
    3  149  174  150    3
    3  150  174  175    3
    3  150  175  151    3
    3  151  175  176    3
    3  151  176  152    3
    3  152  176  177    3
    3  152  177  153    3
    3  153  177  178    3
    3  153  178  154    3
    3  154  178  179    3
    3  154  179  155    3
    3  155  179  180    3
    3  155  180  156    3
    3  156  180  181    3
    3  156  181  157    3
    3  157  181  182    3
    3  157  182  158    3
    3  158  182  183    3
    3  158  183  159    3
    3  159  183  184    3
    3  159  184  160    3
    3  160  184  185    3
    3  160  185  161    3
    3  161  185  186    3
    3  161  186  162    3
    3  162  186  187    3
    3  162  187  163    3
    3  163  187  188    3
    3  163  188  164    3
    3  164  188  189    3
    3  164  189  165    3
    3  165  189  190    3
    3  165  190  166    3
    3  166  190  191    3
    3  166  191  167    3
    3  167  191  192    3
    3  167  192  168    3
    3  168  192  169    3
    3  168  169  145    3
    3  169  193  194    3
    3  169  194  170    3
    3  170  194  195    3
    3  170  195  171    3
    3  171  195  196    3
    3  171  196  172    3
    3  172  196  197    3
    3  172  197  173    3
    3  173  197  198    3
    3  173  198  174    3
    3  174  198  199    3
    3  174  199  175    3
    3  175  199  200    3
    3  175  200  176    3
    3  176  200  201    3
    3  176  201  177    3
    3  177  201  202    3
    3  177  202  178    3
    3  178  202  203    3
    3  178  203  179    3
    3  179  203  204    3
    3  179  204  180    3
    3  180  204  205    3
    3  180  205  181    3
    3  181  205  206    3
    3  181  206  182    3
    3  182  206  207    3
    3  182  207  183    3
    3  183  207  208    3
    3  183  208  184    3
    3  184  208  209    3
    3  184  209  185    3
    3  185  209  210    3
    3  185  210  186    3
    3  186  210  211    3
    3  186  211  187    3
    3  187  211  212    3
    3  187  212  188    3
    3  188  212  213    3
    3  188  213  189    3
    3  189  213  214    3
    3  189  214  190    3
    3  190  214  215    3
    3  190  215  191    3
    3  191  215  216    3
    3  191  216  192    3
    3  192  216  193    3
    3  192  193  169    3
    3  193  217  218    3
    3  193  218  194    3
    3  194  218  219    3
    3  194  219  195    3
    3  195  219  220    3
    3  195  220  196    3
    3  196  220  221    3
    3  196  221  197    3
    3  197  221  222    3
    3  197  222  198    3
    3  198  222  223    3
    3  198  223  199    3
    3  199  223  224    3
    3  199  224  200    3
    3  200  224  225    3
    3  200  225  201    3
    3  201  225  226    3
    3  201  226  202    3
    3  202  226  227    3
    3  202  227  203    3
    3  203  227  228    3
    3  203  228  204    3
    3  204  228  229    3
    3  204  229  205    3
    3  205  229  230    3
    3  205  230  206    3
    3  206  230  231    3
    3  206  231  207    3
    3  207  231  232    3
    3  207  232  208    3
    3  208  232  233    3
    3  208  233  209    3
    3  209  233  234    3
    3  209  234  210    3
    3  210  234  235    3
    3  210  235  211    3
    3  211  235  236    3
    3  211  236  212    3
    3  212  236  237    3
    3  212  237  213    3
    3  213  237  238    3
    3  213  238  214    3
    3  214  238  239    3
    3  214  239  215    3
    3  215  239  240    3
    3  215  240  216    3
    3  216  240  217    3
    3  216  217  193    3
    3  217  241  242    3
    3  217  242  218    3
    3  218  242  243    3
    3  218  243  219    3
    3  219  243  244    3
    3  219  244  220    3
    3  220  244  245    3
    3  220  245  221    3
    3  221  245  246    3
    3  221  246  222    3
    3  222  246  247    3
    3  222  247  223    3
    3  223  247  248    3
    3  223  248  224    3
    3  224  248  249    3
    3  224  249  225    3
    3  225  249  250    3
    3  225  250  226    3
    3  226  250  251    3
    3  226  251  227    3
    3  227  251  252    3
    3  227  252  228    3
    3  228  252  253    3
    3  228  253  229    3
    3  229  253  254    3
    3  229  254  230    3
    3  230  254  255    3
    3  230  255  231    3
    3  231  255  256    3
    3  231  256  232    3
    3  232  256  257    3
    3  232  257  233    3
    3  233  257  258    3
    3  233  258  234    3
    3  234  258  259    3
    3  234  259  235    3
    3  235  259  260    3
    3  235  260  236    3
    3  236  260  261    3
    3  236  261  237    3
    3  237  261  262    3
    3  237  262  238    3
    3  238  262  263    3
    3  238  263  239    3
    3  239  263  264    3
    3  239  264  240    3
    3  240  264  241    3
    3  240  241  217    3
    3  264  265  241    3
    3  264  266  265    3
    3  263  266  264    3
    3  263  267  266    3
    3  262  267  263    3
    3  262  268  267    3
    3  261  268  262    3
    3  261  269  268    3
    3  260  269  261    3
    3  260  270  269    3
    3  259  270  260    3
    3  259  271  270    3
    3  258  271  259    3
    3  258  272  271    3
    3  257  272  258    3
    3  257  273  272    3
    3  256  273  257    3
    3  256  274  273    3
    3  255  274  256    3
    3  255  275  274    3
    3  254  275  255    3
    3  254  276  275    3
    3  253  276  254    3
    3  253  277  276    3
    3  252  277  253    3
    3  252  278  277    3
    3  251  278  252    3
    3  251  279  278    3
    3  250  279  251    3
    3  250  280  279    3
    3  249  280  250    3
    3  249  281  280    3
    3  248  281  249    3
    3  248  282  281    3
    3  247  282  248    3
    3  247  283  282    3
    3  246  283  247    3
    3  246  284  283    3
    3  245  284  246    3
    3  245  285  284    3
    3  244  285  245    3
    3  244  286  285    3
    3  243  286  244    3
    3  243  287  286    3
    3  242  287  243    3
    3  242  288  287    3
    3  241  288  242    3
    3  241  265  288    3
    3  289  279  290    1
    3  291  288  292    1
    3  293  294  295    3
    3  296  275  276    1
    3  297  298  299    1
    3  300  301  302    1
    3  303  304  305    3
    3  292  306  307    1
    3  308  309  310    4
    3  300  293  301    1
    3  311  312  313    3
    3  290  314  315    1
    3  316  317  318    1
    3  319  320  321    3
    3  317  322  308    1
    3  286  323  285    1
    3  286  287  320    1
    3  298  297  293    1
    3  324  325  273    1
    3  326  271  272    1
    3  327  328  301    1
    3  329  326  330    1
    3  300  331  304    1
    3  332  282  302    1
    3  272  325  326    1
    3  296  276  316    1
    3  296  333  275    1
    3  324  334  325    1
    3  335  329  336    1
    3  315  328  337    1
    3  338  339  303    3
    3  334  340  341    4
    3  279  289  278    1
    3  274  275  333    1
    3  322  278  289    1
    3  342  343  344    3
    3  332  301  328    1
    3  314  290  280    1
    3  345  338  346    3
    3  324  333  334    1
    3  277  316  276    1
    3  266  267  335    1
    3  288  291  287    1
    3  347  348  349    3
    3  316  322  317    1
    3  297  350  351    4
    3  327  301  293    1
    3  283  331  302    1
    3  352  353  354    4
    3  326  269  270    1
    3  332  302  301    1
    3  355  299  298    1
    3  312  356  357    3
    3  330  355  329    1
    3  336  306  335    1
    3  271  326  270    1
    3  358  359  360    4
    3  298  361  362    3
    3  283  302  282    1
    3  336  329  355    1
    3  326  363  330    1
    3  265  292  288    1
    3  300  364  365    3
    3  366  367  368    4
    3  333  318  334    1
    3  369  361  370    3
    3  327  293  297    1
    3  278  322  277    1
    3  320  291  356    3
    3  371  285  323    1
    3  363  325  334    1
    3  371  331  284    1
    3  364  339  349    3
    3  268  335  267    1
    3  372  363  373    4
    3  280  290  279    1
    3  266  306  265    1
    3  316  277  322    1
    3  328  315  314    1
    3  308  315  367    1
    3  355  330  372    1
    3  327  297  337    1
    3  280  281  314    1
    3  374  340  375    4
    3  296  316  318    1
    3  352  376  377    4
    3  355  307  336    1
    3  292  343  378    3
    3  326  325  363    1
    3  320  287  291    1
    3  345  319  379    3
    3  380  372  381    4
    3  358  366  382    4
    3  268  329  335    1
    3  273  274  324    1
    3  336  307  306    1
    3  265  306  292    1
    3  296  318  333    1
    3  383  374  384    4
    3  329  268  269    1
    3  385  373  386    4
    3  333  324  274    1
    3  283  284  331    1
    3  298  307  355    1
    3  299  353  387    4
    3  308  289  315    1
    3  273  325  272    1
    3  327  337  328    1
    3  388  376  389    4
    3  314  332  328    1
    3  281  282  332    1
    3  315  289  290    1
    3  363  372  330    1
    3  355  372  299    1
    3  285  371  284    1
    3  314  281  332    1
    3  269  326  329    1
    3  369  347  311    3
    3  266  335  306    1
    3  286  320  323    1
    3  308  322  289    1
    3  300  302  331    1
    3  343  390  313    3
    3  292  307  344    3
    3  298  348  370    3
    3  361  390  342    3
    3  343  342  390    3
    3  342  307  362    3
    3  347  369  348    3
    3  361  369  390    3
    3  369  311  390    3
    3  312  311  347    3
    3  311  313  390    3
    3  313  312  378    3
    3  298  362  307    3
    3  342  362  361    3
    3  342  344  307    3
    3  292  344  343    3
    3  369  370  348    3
    3  298  370  361    3
    3  292  378  312    3
    3  313  378  343    3
    3  334  318  375    4
    3  340  391  388    4
    3  318  317  384    4
    3  340  374  391    4
    3  352  385  389    4
    3  376  391  359    4
    3  376  388  391    4
    3  388  385  341    4
    3  359  391  383    4
    3  359  358  377    4
    3  374  383  391    4
    3  383  317  360    4
    3  374  375  318    4
    3  334  375  340    4
    3  334  341  385    4
    3  388  341  340    4
    3  388  389  385    4
    3  352  389  376    4
    3  352  377  358    4
    3  359  377  376    4
    3  358  360  317    4
    3  383  360  359    4
    3  383  384  317    4
    3  318  384  374    4
    3  367  358  309    4
    3  315  337  368    1
    3  353  352  350    4
    3  353  299  380    4
    3  372  380  299    4
    3  380  385  354    4
    3  350  352  392    4
    3  350  297  387    4
    3  366  337  392    4
    3  367  366  358    4
    3  363  334  386    4
    3  373  385  381    4
    3  392  337  351    4
    3  392  352  382    4
    3  380  381  385    4
    3  373  381  372    4
    3  358  317  310    4
    3  367  309  308    4
    3  385  386  334    4
    3  363  386  373    4
    3  366  368  337    4
    3  315  368  367    1
    3  299  387  297    4
    3  350  387  353    4
    3  352  354  385    4
    3  380  354  353    4
    3  358  382  352    4
    3  392  382  366    4
    3  297  351  337    4
    3  392  351  350    4
    3  308  310  317    4
    3  358  310  309    4
    3  312  347  379    3
    3  320  319  323    3
    3  371  323  346    3
    3  338  347  393    3
    3  364  300  394    3
    3  364  348  294    3
    3  319  345  323    3
    3  338  345  347    3
    3  348  298  295    3
    3  294  293  365    3
    3  304  339  394    3
    3  331  371  305    1
    3  364  349  348    3
    3  349  339  393    3
    3  338  393  339    3
    3  349  393  347    3
    3  338  303  371    3
    3  304  303  339    3
    3  356  312  321    3
    3  291  292  357    3
    3  364  394  339    3
    3  304  394  300    3
    3  319  321  312    3
    3  356  321  320    3
    3  293  295  298    3
    3  348  295  294    3
    3  312  357  292    3
    3  291  357  356    3
    3  345  346  323    3
    3  371  346  338    3
    3  303  305  371    3
    3  331  305  304    1
    3  345  379  347    3
    3  312  379  319    3
    3  300  365  293    3
    3  294  365  364    3
C Prescribed Values(Inlet, Outlet), InteractionSurface(Inlet, Outlet)
       1        0        0        2        2        2
C Inlet Pressure, FunID (E18.9,I5)
   1.000000000e+00    3
C Outlet Velocity
C     Vx,           Vy,            Vz,    indVx,indVy,indVz, FunID(3E18.9, 4I5)
   0.000000000e+00   1.000000000e+00   0.000000000e+00    1    0    0    4
C Inlet Velocity
C nNodeID,    Vx,           Vy,            Vz (I5, 3E18.9)
  265
    1  -2.050000000e+00  -2.300000000e+00   4.000000000e-01
    2  -2.000000000e-01  -2.150000000e+00   1.650000000e+00
    3  -6.500000000e-01  -2.150000000e+00   2.150000000e+00
    4  -1.350000000e+00  -2.150000000e+00   2.450000000e+00
    5  -2.050000000e+00  -2.150000000e+00   2.450000000e+00
    6  -2.600000000e+00  -2.150000000e+00   2.250000000e+00
    7  -3.000000000e+00  -2.150000000e+00   1.800000000e+00
    8  -3.250000000e+00  -2.150000000e+00   1.400000000e+00
    9  -3.500000000e+00  -2.150000000e+00   9.500000000e-01
   10  -3.900000000e+00  -2.150000000e+00   3.500000000e-01
   11  -3.850000000e+00  -2.150000000e+00  -3.000000000e-01
   12  -3.150000000e+00  -2.150000000e+00  -2.000000000e-01
   13  -2.600000000e+00  -2.150000000e+00   4.500000000e-01
   14  -2.500000000e+00  -2.150000000e+00   9.000000000e-01
   15  -2.550000000e+00  -2.150000000e+00   2.000000000e-01
   16  -1.950000000e+00  -2.150000000e+00  -1.000000000e+00
   17  -1.300000000e+00  -2.150000000e+00  -1.250000000e+00
   18  -9.500000000e-01  -2.150000000e+00  -1.050000000e+00
   19  -8.500000000e-01  -2.150000000e+00  -8.000000000e-01
   20  -1.350000000e+00  -2.150000000e+00  -5.500000000e-01
   21  -2.150000000e+00  -2.150000000e+00  -7.000000000e-01
   22  -2.450000000e+00  -2.150000000e+00  -1.150000000e+00
   23  -1.850000000e+00  -2.150000000e+00  -1.250000000e+00
   24  -9.000000000e-01  -2.150000000e+00  -7.000000000e-01
   25  -1.500000000e-01  -2.150000000e+00   7.000000000e-01
   26   1.000000000e-01  -2.050000000e+00   1.800000000e+00
   27  -4.000000000e-01  -2.050000000e+00   2.500000000e+00
   28  -1.200000000e+00  -2.050000000e+00   3.000000000e+00
   29  -2.050000000e+00  -2.050000000e+00   3.050000000e+00
   30  -2.700000000e+00  -2.050000000e+00   2.850000000e+00
   31  -3.050000000e+00  -2.050000000e+00   2.450000000e+00
   32  -3.400000000e+00  -2.050000000e+00   2.100000000e+00
   33  -3.800000000e+00  -2.050000000e+00   1.650000000e+00
   34  -4.400000000e+00  -2.050000000e+00   9.500000000e-01
   35  -4.600000000e+00  -2.050000000e+00   1.500000000e-01
   36  -3.800000000e+00  -2.050000000e+00   2.000000000e-01
   37  -3.050000000e+00  -2.050000000e+00   1.300000000e+00
   38  -3.000000000e+00  -2.050000000e+00   2.100000000e+00
   39  -3.250000000e+00  -2.050000000e+00   1.400000000e+00
   40  -2.450000000e+00  -2.050000000e+00  -6.500000000e-01
   41  -1.500000000e+00  -2.050000000e+00  -1.350000000e+00
   42  -9.500000000e-01  -2.050000000e+00  -1.150000000e+00
   43  -8.000000000e-01  -2.050000000e+00  -8.500000000e-01
   44  -1.300000000e+00  -2.050000000e+00  -5.500000000e-01
   45  -2.200000000e+00  -2.050000000e+00  -7.500000000e-01
   46  -2.500000000e+00  -2.050000000e+00  -1.150000000e+00
   47  -1.850000000e+00  -2.050000000e+00  -1.350000000e+00
   48  -8.000000000e-01  -2.050000000e+00  -7.500000000e-01
   49   1.000000000e-01  -2.050000000e+00   7.000000000e-01
   50   1.000000000e-01  -1.950000000e+00   1.400000000e+00
   51  -3.000000000e-01  -1.950000000e+00   2.200000000e+00
   52  -1.050000000e+00  -1.950000000e+00   2.850000000e+00
   53  -1.850000000e+00  -1.950000000e+00   3.050000000e+00
   54  -2.600000000e+00  -1.950000000e+00   2.950000000e+00
   55  -3.300000000e+00  -1.950000000e+00   2.750000000e+00
   56  -4.000000000e+00  -1.950000000e+00   2.350000000e+00
   57  -4.950000000e+00  -1.950000000e+00   1.750000000e+00
   58  -5.950000000e+00  -1.950000000e+00   6.500000000e-01
   59  -6.050000000e+00  -1.950000000e+00  -5.000000000e-01
   60  -4.650000000e+00  -1.950000000e+00  -1.500000000e-01
   61  -3.450000000e+00  -1.950000000e+00   1.650000000e+00
   62  -3.500000000e+00  -1.950000000e+00   3.100000000e+00
   63  -4.000000000e+00  -1.950000000e+00   2.550000000e+00
   64  -3.100000000e+00  -1.950000000e+00  -4.000000000e-01
   65  -1.700000000e+00  -1.950000000e+00  -1.750000000e+00
   66  -8.500000000e-01  -1.950000000e+00  -1.650000000e+00
   67  -5.000000000e-01  -1.950000000e+00  -1.200000000e+00
   68  -1.100000000e+00  -1.950000000e+00  -8.000000000e-01
   69  -2.450000000e+00  -1.950000000e+00  -9.000000000e-01
   70  -2.800000000e+00  -1.950000000e+00  -1.450000000e+00
   71  -2.150000000e+00  -1.950000000e+00  -1.700000000e+00
   72  -1.000000000e+00  -1.950000000e+00  -1.200000000e+00
   73   5.000000000e-02  -1.950000000e+00   4.000000000e-01
   74   4.000000000e-01  -1.800000000e+00   1.700000000e+00
   75  -1.000000000e-01  -1.800000000e+00   2.450000000e+00
   76  -8.000000000e-01  -1.800000000e+00   2.850000000e+00
   77  -1.450000000e+00  -1.800000000e+00   3.050000000e+00
   78  -2.200000000e+00  -1.800000000e+00   3.050000000e+00
   79  -2.850000000e+00  -1.800000000e+00   2.850000000e+00
   80  -3.700000000e+00  -1.800000000e+00   2.600000000e+00
   81  -4.800000000e+00  -1.800000000e+00   2.100000000e+00
   82  -6.000000000e+00  -1.800000000e+00   1.000000000e+00
   83  -6.400000000e+00  -1.800000000e+00  -3.000000000e-01
   84  -5.050000000e+00  -1.800000000e+00  -2.000000000e-01
   85  -3.700000000e+00  -1.800000000e+00   1.550000000e+00
   86  -3.650000000e+00  -1.800000000e+00   3.000000000e+00
   87  -4.200000000e+00  -1.800000000e+00   2.750000000e+00
   88  -3.250000000e+00  -1.800000000e+00  -3.500000000e-01
   89  -1.600000000e+00  -1.800000000e+00  -2.050000000e+00
   90  -6.000000000e-01  -1.800000000e+00  -2.050000000e+00
   91  -2.000000000e-01  -1.800000000e+00  -1.500000000e+00
   92  -1.000000000e+00  -1.800000000e+00  -9.500000000e-01
   93  -2.750000000e+00  -1.800000000e+00  -1.200000000e+00
   94  -3.150000000e+00  -1.800000000e+00  -1.850000000e+00
   95  -2.350000000e+00  -1.800000000e+00  -2.150000000e+00
   96  -9.000000000e-01  -1.800000000e+00  -1.400000000e+00
   97   4.000000000e-01  -1.800000000e+00   5.000000000e-01
   98   6.000000000e-01  -1.700000000e+00   2.750000000e+00
   99   0.000000000e+00  -1.700000000e+00   3.250000000e+00
  100  -6.500000000e-01  -1.700000000e+00   3.350000000e+00
  101  -1.300000000e+00  -1.700000000e+00   3.400000000e+00
  102  -1.950000000e+00  -1.700000000e+00   3.400000000e+00
  103  -2.500000000e+00  -1.700000000e+00   3.250000000e+00
  104  -3.150000000e+00  -1.700000000e+00   3.000000000e+00
  105  -4.150000000e+00  -1.700000000e+00   2.650000000e+00
  106  -5.350000000e+00  -1.700000000e+00   1.800000000e+00
  107  -6.000000000e+00  -1.700000000e+00   5.000000000e-01
  108  -5.000000000e+00  -1.700000000e+00   3.500000000e-01
  109  -3.850000000e+00  -1.700000000e+00   1.800000000e+00
  110  -3.750000000e+00  -1.700000000e+00   3.000000000e+00
  111  -4.250000000e+00  -1.700000000e+00   2.900000000e+00
  112  -3.500000000e+00  -1.700000000e+00   0.000000000e+00
  113  -1.700000000e+00  -1.700000000e+00  -1.850000000e+00
  114  -6.500000000e-01  -1.700000000e+00  -1.900000000e+00
  115  -2.500000000e-01  -1.700000000e+00  -1.350000000e+00
  116  -1.100000000e+00  -1.700000000e+00  -8.500000000e-01
  117  -3.150000000e+00  -1.700000000e+00  -1.100000000e+00
  118  -3.500000000e+00  -1.700000000e+00  -1.850000000e+00
  119  -2.450000000e+00  -1.700000000e+00  -2.150000000e+00
  120  -7.500000000e-01  -1.700000000e+00  -1.250000000e+00
  121   8.000000000e-01  -1.700000000e+00   1.350000000e+00
  122   8.000000000e-01  -1.550000000e+00   3.850000000e+00
  123  -5.000000000e-02  -1.550000000e+00   4.100000000e+00
  124  -7.500000000e-01  -1.550000000e+00   4.000000000e+00
  125  -1.350000000e+00  -1.550000000e+00   3.900000000e+00
  126  -2.000000000e+00  -1.550000000e+00   3.850000000e+00
  127  -2.550000000e+00  -1.550000000e+00   3.650000000e+00
  128  -3.150000000e+00  -1.550000000e+00   3.450000000e+00
  129  -4.050000000e+00  -1.550000000e+00   3.150000000e+00
  130  -5.250000000e+00  -1.550000000e+00   2.250000000e+00
  131  -6.050000000e+00  -1.550000000e+00   9.000000000e-01
  132  -5.250000000e+00  -1.550000000e+00   5.000000000e-01
  133  -4.050000000e+00  -1.550000000e+00   1.800000000e+00
  134  -3.850000000e+00  -1.550000000e+00   2.950000000e+00
  135  -4.350000000e+00  -1.550000000e+00   2.950000000e+00
  136  -3.600000000e+00  -1.550000000e+00   2.500000000e-01
  137  -1.800000000e+00  -1.550000000e+00  -1.650000000e+00
  138  -6.500000000e-01  -1.550000000e+00  -1.700000000e+00
  139  -2.000000000e-01  -1.550000000e+00  -1.250000000e+00
  140  -1.150000000e+00  -1.550000000e+00  -6.500000000e-01
  141  -3.250000000e+00  -1.550000000e+00  -9.500000000e-01
  142  -3.500000000e+00  -1.550000000e+00  -1.650000000e+00
  143  -2.350000000e+00  -1.550000000e+00  -1.850000000e+00
  144  -4.000000000e-01  -1.550000000e+00  -6.500000000e-01
  145   1.200000000e+00  -1.550000000e+00   2.450000000e+00
  146   1.100000000e+00  -1.050000000e+00   4.900000000e+00
  147   2.000000000e-01  -1.050000000e+00   4.950000000e+00
  148  -4.500000000e-01  -1.050000000e+00   4.450000000e+00
  149  -9.000000000e-01  -1.050000000e+00   4.200000000e+00
  150  -1.650000000e+00  -1.050000000e+00   4.300000000e+00
  151  -2.350000000e+00  -1.050000000e+00   4.200000000e+00
  152  -3.150000000e+00  -1.050000000e+00   4.000000000e+00
  153  -4.150000000e+00  -1.050000000e+00   3.650000000e+00
  154  -5.450000000e+00  -1.050000000e+00   2.700000000e+00
  155  -6.400000000e+00  -1.050000000e+00   1.150000000e+00
  156  -5.550000000e+00  -1.050000000e+00   6.000000000e-01
  157  -4.200000000e+00  -1.050000000e+00   1.950000000e+00
  158  -3.950000000e+00  -1.050000000e+00   3.350000000e+00
  159  -4.550000000e+00  -1.050000000e+00   3.650000000e+00
  160  -3.900000000e+00  -1.050000000e+00   9.500000000e-01
  161  -1.750000000e+00  -1.050000000e+00  -1.600000000e+00
  162  -3.000000000e-01  -1.050000000e+00  -1.800000000e+00
  163   2.500000000e-01  -1.050000000e+00  -1.250000000e+00
  164  -1.100000000e+00  -1.050000000e+00  -5.000000000e-01
  165  -3.700000000e+00  -1.050000000e+00  -8.500000000e-01
  166  -3.650000000e+00  -1.050000000e+00  -1.600000000e+00
  167  -2.300000000e+00  -1.050000000e+00  -1.750000000e+00
  168  -5.000000000e-02  -1.050000000e+00  -2.500000000e-01
  169   1.750000000e+00  -1.050000000e+00   3.500000000e+00
  170   1.600000000e+00  -6.000000000e-01   6.000000000e+00
  171   6.000000000e-01  -6.000000000e-01   5.550000000e+00
  172   2.500000000e-01  -6.000000000e-01   4.650000000e+00
  173   2.500000000e-01  -6.000000000e-01   4.150000000e+00
  174  -4.000000000e-01  -6.000000000e-01   4.450000000e+00
  175  -1.200000000e+00  -6.000000000e-01   4.650000000e+00
  176  -2.400000000e+00  -6.000000000e-01   4.700000000e+00
  177  -3.900000000e+00  -6.000000000e-01   4.300000000e+00
  178  -5.450000000e+00  -6.000000000e-01   3.250000000e+00
  179  -6.350000000e+00  -6.000000000e-01   1.700000000e+00
  180  -5.500000000e+00  -6.000000000e-01   1.200000000e+00
  181  -4.000000000e+00  -6.000000000e-01   3.000000000e+00
  182  -3.850000000e+00  -6.000000000e-01   4.750000000e+00
  183  -4.650000000e+00  -6.000000000e-01   5.250000000e+00
  184  -4.450000000e+00  -6.000000000e-01   2.600000000e+00
  185  -2.200000000e+00  -6.000000000e-01  -7.000000000e-01
  186  -3.000000000e-01  -6.000000000e-01  -1.400000000e+00
  187   6.000000000e-01  -6.000000000e-01  -9.500000000e-01
  188  -1.350000000e+00  -6.000000000e-01  -1.000000000e-01
  189  -3.900000000e+00  -6.000000000e-01  -5.500000000e-01
  190  -3.600000000e+00  -6.000000000e-01  -1.350000000e+00
  191  -2.200000000e+00  -6.000000000e-01  -1.550000000e+00
  192   2.500000000e-01  -6.000000000e-01   5.000000000e-02
  193   2.400000000e+00  -6.000000000e-01   4.500000000e+00
  194   2.000000000e+00  -5.000000000e-02   5.900000000e+00
  195   1.100000000e+00  -5.000000000e-02   5.600000000e+00
  196   8.500000000e-01  -5.000000000e-02   4.750000000e+00
  197   8.500000000e-01  -5.000000000e-02   4.400000000e+00
  198   5.000000000e-02  -5.000000000e-02   4.850000000e+00
  199  -1.000000000e+00  -5.000000000e-02   5.100000000e+00
  200  -2.250000000e+00  -5.000000000e-02   5.100000000e+00
  201  -3.650000000e+00  -5.000000000e-02   4.700000000e+00
  202  -5.000000000e+00  -5.000000000e-02   3.700000000e+00
  203  -5.750000000e+00  -5.000000000e-02   2.350000000e+00
  204  -4.850000000e+00  -5.000000000e-02   2.150000000e+00
  205  -3.400000000e+00  -5.000000000e-02   4.300000000e+00
  206  -3.550000000e+00  -5.000000000e-02   6.350000000e+00
  207  -4.750000000e+00  -5.000000000e-02   6.900000000e+00
  208  -4.650000000e+00  -5.000000000e-02   3.800000000e+00
  209  -2.200000000e+00  -5.000000000e-02  -1.500000000e-01
  210   2.500000000e-01  -5.000000000e-02  -1.400000000e+00
  211   1.550000000e+00  -5.000000000e-02  -1.050000000e+00
  212  -9.500000000e-01  -5.000000000e-02   1.000000000e-01
  213  -3.650000000e+00  -5.000000000e-02  -3.500000000e-01
  214  -3.350000000e+00  -5.000000000e-02  -1.150000000e+00
  215  -2.000000000e+00  -5.000000000e-02  -1.450000000e+00
  216   3.500000000e-01  -5.000000000e-02  -1.000000000e-01
  217   2.650000000e+00  -5.000000000e-02   4.350000000e+00
  218   2.200000000e+00   4.000000000e-01   7.550000000e+00
  219   1.200000000e+00   4.000000000e-01   6.600000000e+00
  220   1.350000000e+00   4.000000000e-01   4.700000000e+00
  221   2.100000000e+00   4.000000000e-01   3.800000000e+00
  222   1.600000000e+00   4.000000000e-01   4.550000000e+00
  223   4.500000000e-01   4.000000000e-01   5.300000000e+00
  224  -1.300000000e+00   4.000000000e-01   5.650000000e+00
  225  -3.250000000e+00   4.000000000e-01   5.350000000e+00
  226  -5.000000000e+00   4.000000000e-01   4.200000000e+00
  227  -5.900000000e+00   4.000000000e-01   2.650000000e+00
  228  -4.800000000e+00   4.000000000e-01   2.500000000e+00
  229  -3.200000000e+00   4.000000000e-01   5.100000000e+00
  230  -3.350000000e+00   4.000000000e-01   7.450000000e+00
  231  -4.750000000e+00   4.000000000e-01   8.100000000e+00
  232  -5.050000000e+00   4.000000000e-01   5.200000000e+00
  233  -2.750000000e+00   4.000000000e-01   1.050000000e+00
  234  -1.500000000e-01   4.000000000e-01  -7.000000000e-01
  235   1.350000000e+00   4.000000000e-01  -6.500000000e-01
  236  -1.450000000e+00   4.000000000e-01   5.000000000e-01
  237  -4.150000000e+00   4.000000000e-01  -5.000000000e-02
  238  -3.600000000e+00   4.000000000e-01  -9.000000000e-01
  239  -1.850000000e+00   4.000000000e-01  -1.050000000e+00
  240   1.000000000e+00   4.000000000e-01   1.150000000e+00
  241   3.300000000e+00   4.000000000e-01   6.300000000e+00
  242   1.850000000e+00   9.000000000e-01   8.050000000e+00
  243   8.500000000e-01   9.000000000e-01   6.800000000e+00
  244   1.150000000e+00   9.000000000e-01   4.700000000e+00
  245   2.050000000e+00   9.000000000e-01   3.800000000e+00
  246   1.500000000e+00   9.000000000e-01   4.750000000e+00
  247   2.000000000e-01   9.000000000e-01   5.550000000e+00
  248  -1.750000000e+00   9.000000000e-01   5.950000000e+00
  249  -4.000000000e+00   9.000000000e-01   5.500000000e+00
  250  -5.900000000e+00   9.000000000e-01   4.200000000e+00
  251  -6.800000000e+00   9.000000000e-01   2.400000000e+00
  252  -5.550000000e+00   9.000000000e-01   2.250000000e+00
  253  -3.650000000e+00   9.000000000e-01   4.950000000e+00
  254  -3.750000000e+00   9.000000000e-01   7.400000000e+00
  255  -5.100000000e+00   9.000000000e-01   8.250000000e+00
  256  -5.600000000e+00   9.000000000e-01   5.750000000e+00
  257  -3.550000000e+00   9.000000000e-01   1.650000000e+00
  258  -1.000000000e+00   9.000000000e-01  -2.500000000e-01
  259   5.500000000e-01   9.000000000e-01  -3.500000000e-01
  260  -2.050000000e+00   9.000000000e-01   7.000000000e-01
  261  -4.550000000e+00   9.000000000e-01   1.500000000e-01
  262  -3.750000000e+00   9.000000000e-01  -6.000000000e-01
  263  -1.900000000e+00   9.000000000e-01  -5.500000000e-01
  264   1.250000000e+00   9.000000000e-01   2.150000000e+00
  265   3.150000000e+00   9.000000000e-01   7.300000000e+00
C Region List
