C PointsNum,MaxElemVol,TetGenParams,nAtrib,IndMov,MDMaxVolume,MDomDiv,MDOnly,MDDivF,MDPrescP
  395    1.000000e+00 YYpznno2q1.414a     0     0    1.000000e+00     1     0     0     0     0     0 YYpznno2q1.414a
  -1.222148000e-01  -8.218570000e+00  -7.018100000e-02
   6.487710000e-02  -7.762820000e+00   6.669840000e-01
  -1.264590000e-01  -7.762820000e+00   7.230480000e-01
  -3.398280000e-01  -7.762820000e+00   7.302330000e-01
  -5.662570000e-01  -7.762820000e+00   6.922300000e-01
  -7.814580000e-01  -7.762820000e+00   5.808930000e-01
  -9.148340000e-01  -7.762820000e+00   3.774290000e-01
  -9.227890000e-01  -7.762820000e+00   1.300960000e-01
  -8.580680000e-01  -7.762820000e+00  -9.078800000e-02
  -7.685570000e-01  -7.762820000e+00  -2.747610000e-01
  -6.710870000e-01  -7.762820000e+00  -4.348680000e-01
  -5.595420000e-01  -7.762820000e+00  -5.837370000e-01
  -4.217010000e-01  -7.762820000e+00  -7.205250000e-01
  -2.471229000e-01  -7.762820000e+00  -8.353890000e-01
  -3.844800000e-02  -7.762820000e+00  -8.968340000e-01
   1.843440000e-01  -7.762820000e+00  -8.733610000e-01
   3.874660000e-01  -7.762820000e+00  -7.754930000e-01
   5.575370000e-01  -7.762820000e+00  -6.268660000e-01
   6.717250000e-01  -7.762820000e+00  -4.354650000e-01
   6.731810000e-01  -7.762820000e+00  -2.129040000e-01
   5.344040000e-01  -7.762820000e+00  -1.690200000e-02
   4.159050000e-01  -7.762820000e+00   1.162130000e-01
   3.351650000e-01  -7.762820000e+00   2.283840000e-01
   2.707470000e-01  -7.762820000e+00   3.530700000e-01
   1.936420000e-01  -7.762820000e+00   5.079680000e-01
   6.991660000e-02  -7.306070000e+00   9.303100000e-01
  -1.874520000e-01  -7.306070000e+00   9.881250000e-01
  -4.646990000e-01  -7.306070000e+00   9.827630000e-01
  -7.514050000e-01  -7.306070000e+00   9.179350000e-01
  -1.018928000e+00  -7.306070000e+00   7.656800000e-01
  -1.195520000e+00  -7.306070000e+00   5.083960000e-01
  -1.234600000e+00  -7.306070000e+00   1.986132000e-01
  -1.182030000e+00  -7.306070000e+00  -9.501500000e-02
  -1.080650000e+00  -7.306070000e+00  -3.508790000e-01
  -9.475980000e-01  -7.306070000e+00  -5.749010000e-01
  -7.811290000e-01  -7.306070000e+00  -7.683400000e-01
  -5.767920000e-01  -7.306070000e+00  -9.258400000e-01
  -3.380834000e-01  -7.306070000e+00  -1.040650000e+00
  -7.087100000e-02  -7.306070000e+00  -1.092470000e+00
   2.035210000e-01  -7.306070000e+00  -1.054909000e+00
   4.509010000e-01  -7.306070000e+00  -9.263710000e-01
   6.517500000e-01  -7.306070000e+00  -7.369380000e-01
   7.901340000e-01  -7.306070000e+00  -5.032580000e-01
   8.129860000e-01  -7.306070000e+00  -2.353868000e-01
   6.882410000e-01  -7.306070000e+00   1.120300000e-02
   5.591710000e-01  -7.306070000e+00   1.953610000e-01
   4.596970000e-01  -7.306070000e+00   3.573930000e-01
   3.705450000e-01  -7.306070000e+00   5.337270000e-01
   2.559450000e-01  -7.306070000e+00   7.410340000e-01
   6.872900000e-02  -6.849310000e+00   1.083160000e+00
  -2.319520000e-01  -6.849310000e+00   1.129930000e+00
  -5.487170000e-01  -6.849310000e+00   1.119374000e+00
  -8.784310000e-01  -6.849310000e+00   1.045688000e+00
  -1.190160000e+00  -6.849310000e+00   8.738940000e-01
  -1.395030000e+00  -6.849310000e+00   5.780600000e-01
  -1.461430000e+00  -6.849310000e+00   2.245288000e-01
  -1.428910000e+00  -6.849310000e+00  -1.213190000e-01
  -1.329080000e+00  -6.849310000e+00  -4.365190000e-01
  -1.175860000e+00  -6.849310000e+00  -7.170640000e-01
  -9.696430000e-01  -6.849310000e+00  -9.570500000e-01
  -7.144120000e-01  -6.849310000e+00  -1.148200000e+00
  -4.182710000e-01  -6.849310000e+00  -1.283670000e+00
  -8.908500000e-02  -6.849310000e+00  -1.339310000e+00
   2.413810000e-01  -6.849310000e+00  -1.278105000e+00
   5.189140000e-01  -6.849310000e+00  -1.087656000e+00
   7.222660000e-01  -6.849310000e+00  -8.352660000e-01
   8.558670000e-01  -6.849310000e+00  -5.591500000e-01
   9.071260000e-01  -6.849310000e+00  -2.724712000e-01
   8.430710000e-01  -6.849310000e+00   7.617000000e-03
   7.321910000e-01  -6.849310000e+00   2.471430000e-01
   6.140120000e-01  -6.849310000e+00   4.638120000e-01
   4.854670000e-01  -6.849310000e+00   6.843000000e-01
   3.153980000e-01  -6.849310000e+00   9.118000000e-01
   5.709400000e-02  -6.392560000e+00   1.192210000e+00
  -2.727960000e-01  -6.392560000e+00   1.234460000e+00
  -6.190470000e-01  -6.392560000e+00   1.226660000e+00
  -9.858100000e-01  -6.392560000e+00   1.155637000e+00
  -1.338090000e+00  -6.392560000e+00   9.743420000e-01
  -1.570580000e+00  -6.392560000e+00   6.485060000e-01
  -1.657380000e+00  -6.392560000e+00   2.567276000e-01
  -1.636640000e+00  -6.392560000e+00  -1.318470000e-01
  -1.536630000e+00  -6.392560000e+00  -4.952860000e-01
  -1.368090000e+00  -6.392560000e+00  -8.234600000e-01
  -1.125030000e+00  -6.392560000e+00  -1.097750000e+00
  -8.237910000e-01  -6.392560000e+00  -1.306720000e+00
  -4.809060000e-01  -6.392560000e+00  -1.443640000e+00
  -1.104300000e-01  -6.392560000e+00  -1.489400000e+00
   2.531550000e-01  -6.392560000e+00  -1.407250000e+00
   5.458320000e-01  -6.392560000e+00  -1.177010000e+00
   7.514680000e-01  -6.392560000e+00  -8.885840000e-01
   8.880970000e-01  -6.392560000e+00  -5.906180000e-01
   9.649920000e-01  -6.392560000e+00  -2.892724000e-01
   9.475360000e-01  -6.392560000e+00   1.665700000e-02
   8.608740000e-01  -6.392560000e+00   2.998790000e-01
   7.326160000e-01  -6.392560000e+00   5.612490000e-01
   5.666960000e-01  -6.392560000e+00   8.107100000e-01
   3.469540000e-01  -6.392560000e+00   1.039800000e+00
   3.779500000e-02  -5.935800000e+00   1.295060000e+00
  -3.175600000e-01  -5.935800000e+00   1.338910000e+00
  -6.934370000e-01  -5.935800000e+00   1.343890000e+00
  -1.103770000e+00  -5.935800000e+00   1.288361000e+00
  -1.509770000e+00  -5.935800000e+00   1.107382000e+00
  -1.776940000e+00  -5.935800000e+00   7.468580000e-01
  -1.870730000e+00  -5.935800000e+00   3.078001000e-01
  -1.838890000e+00  -5.935800000e+00  -1.265470000e-01
  -1.721990000e+00  -5.935800000e+00  -5.292160000e-01
  -1.531810000e+00  -5.935800000e+00  -8.918100000e-01
  -1.258990000e+00  -5.935800000e+00  -1.192390000e+00
  -9.196820000e-01  -5.935800000e+00  -1.410810000e+00
  -5.402050000e-01  -5.935800000e+00  -1.544370000e+00
  -1.409680000e-01  -5.935800000e+00  -1.581200000e+00
   2.475170000e-01  -5.935800000e+00  -1.489170000e+00
   5.555360000e-01  -5.935800000e+00  -1.236940000e+00
   7.690970000e-01  -5.935800000e+00  -9.268540000e-01
   9.175120000e-01  -5.935800000e+00  -6.128530000e-01
   1.012068000e+00  -5.935800000e+00  -2.941999000e-01
   1.021909000e+00  -5.935800000e+00   3.400600000e-02
   9.526970000e-01  -5.935800000e+00   3.533950000e-01
   8.144360000e-01  -5.935800000e+00   6.504410000e-01
   6.183280000e-01  -5.935800000e+00   9.222800000e-01
   3.598210000e-01  -5.935800000e+00   1.152470000e+00
   1.716100000e-02  -5.479050000e+00   1.402360000e+00
  -3.632700000e-01  -5.479050000e+00   1.451020000e+00
  -7.681100000e-01  -5.479050000e+00   1.464090000e+00
  -1.217750000e+00  -5.479050000e+00   1.416486000e+00
  -1.671280000e+00  -5.479050000e+00   1.231312000e+00
  -1.974130000e+00  -5.479050000e+00   8.431110000e-01
  -2.086210000e+00  -5.479050000e+00   3.605741000e-01
  -2.057890000e+00  -5.479050000e+00  -1.212200000e-01
  -1.932590000e+00  -5.479050000e+00  -5.693500000e-01
  -1.719430000e+00  -5.479050000e+00  -9.720200000e-01
  -1.406250000e+00  -5.479050000e+00  -1.295450000e+00
  -1.015796000e+00  -5.479050000e+00  -1.505080000e+00
  -5.978390000e-01  -5.479050000e+00  -1.614270000e+00
  -1.755400000e-01  -5.479050000e+00  -1.629720000e+00
   2.266600000e-01  -5.479050000e+00  -1.531900000e+00
   5.557640000e-01  -5.479050000e+00  -1.287030000e+00
   7.935960000e-01  -5.479050000e+00  -9.738700000e-01
   9.646100000e-01  -5.479050000e+00  -6.461370000e-01
   1.075743000e+00  -5.479050000e+00  -3.054259000e-01
   1.094371000e+00  -5.479050000e+00   5.232700000e-02
   1.025744000e+00  -5.479050000e+00   4.016150000e-01
   8.734040000e-01  -5.479050000e+00   7.268170000e-01
   6.544280000e-01  -5.479050000e+00   1.020310000e+00
   3.677446000e-01  -5.479050000e+00   1.261250000e+00
  -1.560400000e-02  -4.574630000e+00   1.732170000e+00
  -4.634260000e-01  -4.574630000e+00   1.789810000e+00
  -9.360000000e-01  -4.574630000e+00   1.795470000e+00
  -1.451710000e+00  -4.574630000e+00   1.725270000e+00
  -1.967240000e+00  -4.574630000e+00   1.501446000e+00
  -2.323890000e+00  -4.574630000e+00   1.058322000e+00
  -2.444560000e+00  -4.574630000e+00   4.991583000e-01
  -2.392340000e+00  -4.574630000e+00  -5.485500000e-02
  -2.230450000e+00  -4.574630000e+00  -5.597300000e-01
  -1.979690000e+00  -4.574630000e+00  -1.006930000e+00
  -1.629530000e+00  -4.574630000e+00  -1.367320000e+00
  -1.182278000e+00  -4.574630000e+00  -1.581530000e+00
  -7.146040000e-01  -4.574630000e+00  -1.672040000e+00
  -2.565888000e-01  -4.574630000e+00  -1.667430000e+00
   1.735400000e-01  -4.574630000e+00  -1.559680000e+00
   5.208500000e-01  -4.574630000e+00  -1.291296000e+00
   7.596460000e-01  -4.574630000e+00  -9.455100000e-01
   9.327600000e-01  -4.574630000e+00  -5.966590000e-01
   1.058281000e+00  -4.574630000e+00  -2.418417000e-01
   1.112008000e+00  -4.574630000e+00   1.340440000e-01
   1.067447000e+00  -4.574630000e+00   5.196880000e-01
   9.132810000e-01  -4.574630000e+00   8.860430000e-01
   6.949780000e-01  -4.574630000e+00   1.239170000e+00
   3.876162900e-01  -4.574630000e+00   1.549440000e+00
  -7.153000000e-03  -3.671210000e+00   2.001100000e+00
  -5.129590000e-01  -3.671210000e+00   2.079100000e+00
  -1.050980000e+00  -3.671210000e+00   2.079090000e+00
  -1.621220000e+00  -3.671210000e+00   1.975630000e+00
  -2.173990000e+00  -3.671210000e+00   1.701959000e+00
  -2.549310000e+00  -3.671210000e+00   1.207271000e+00
  -2.638540000e+00  -3.671210000e+00   5.875661000e-01
  -2.520270000e+00  -3.671210000e+00  -3.226000000e-03
  -2.302900000e+00  -3.671210000e+00  -5.154400000e-01
  -2.027050000e+00  -3.671210000e+00  -9.573300000e-01
  -1.686520000e+00  -3.671210000e+00  -1.332850000e+00
  -1.254200000e+00  -3.671210000e+00  -1.589790000e+00
  -7.771530000e-01  -3.671210000e+00  -1.726030000e+00
  -2.896358000e-01  -3.671210000e+00  -1.748100000e+00
   1.733620000e-01  -3.671210000e+00  -1.635070000e+00
   5.363120000e-01  -3.671210000e+00  -1.326900000e+00
   7.717290000e-01  -3.671210000e+00  -9.396660000e-01
   9.403270000e-01  -3.671210000e+00  -5.669530000e-01
   1.060983000e+00  -3.671210000e+00  -1.954339000e-01
   1.104012000e+00  -3.671210000e+00   1.926240000e-01
   1.044208000e+00  -3.671210000e+00   5.826060000e-01
   9.009370000e-01  -3.671210000e+00   9.626600000e-01
   7.111460000e-01  -3.671210000e+00   1.360350000e+00
   4.217498000e-01  -3.671210000e+00   1.747890000e+00
  -2.597000000e-03  -2.766800000e+00   2.190380000e+00
  -5.580400000e-01  -2.766800000e+00   2.281140000e+00
  -1.144120000e+00  -2.766800000e+00   2.261500000e+00
  -1.745750000e+00  -2.766800000e+00   2.112610000e+00
  -2.296220000e+00  -2.766800000e+00   1.783050000e+00
  -2.664390000e+00  -2.766800000e+00   1.253489000e+00
  -2.756530000e+00  -2.766800000e+00   6.144598000e-01
  -2.645860000e+00  -2.766800000e+00   3.874000000e-03
  -2.430750000e+00  -2.766800000e+00  -5.306500000e-01
  -2.151310000e+00  -2.766800000e+00  -9.982500000e-01
  -1.800030000e+00  -2.766800000e+00  -1.401020000e+00
  -1.346910000e+00  -2.766800000e+00  -1.681590000e+00
  -8.415970000e-01  -2.766800000e+00  -1.832180000e+00
  -3.219577000e-01  -2.766800000e+00  -1.858940000e+00
   1.709720000e-01  -2.766800000e+00  -1.733580000e+00
   5.464200000e-01  -2.766800000e+00  -1.389560000e+00
   7.750360000e-01  -2.766800000e+00  -9.646920000e-01
   9.369280000e-01  -2.766800000e+00  -5.710050000e-01
   1.052816000e+00  -2.766800000e+00  -1.875402000e-01
   1.085447000e+00  -2.766800000e+00   2.081120000e-01
   1.018271000e+00  -2.766800000e+00   6.020300000e-01
   8.863320000e-01  -2.766800000e+00   9.933900000e-01
   7.177340000e-01  -2.766800000e+00   1.423720000e+00
   4.445627000e-01  -2.766800000e+00   1.874660000e+00
  -4.732600000e-02  -1.862380000e+00   2.257200000e+00
  -6.262400000e-01  -1.862380000e+00   2.353590000e+00
  -1.239650000e+00  -1.862380000e+00   2.341840000e+00
  -1.872030000e+00  -1.862380000e+00   2.192580000e+00
  -2.450820000e+00  -1.862380000e+00   1.850100000e+00
  -2.842740000e+00  -1.862380000e+00   1.294914000e+00
  -2.958190000e+00  -1.862380000e+00   6.248790000e-01
  -2.866510000e+00  -1.862380000e+00  -2.442900000e-02
  -2.655080000e+00  -1.862380000e+00  -6.028800000e-01
  -2.357990000e+00  -1.862380000e+00  -1.110780000e+00
  -1.972350000e+00  -1.862380000e+00  -1.538770000e+00
  -1.472730000e+00  -1.862380000e+00  -1.815960000e+00
  -9.293260000e-01  -1.862380000e+00  -1.947930000e+00
  -3.844214000e-01  -1.862380000e+00  -1.959160000e+00
   1.308180000e-01  -1.862380000e+00  -1.833220000e+00
   5.339560000e-01  -1.862380000e+00  -1.491400000e+00
   7.788180000e-01  -1.862380000e+00  -1.046149000e+00
   9.427020000e-01  -1.862380000e+00  -6.265870000e-01
   1.042085000e+00  -1.862380000e+00  -2.211210000e-01
   1.038493000e+00  -1.862380000e+00   1.874430000e-01
   9.515080000e-01  -1.862380000e+00   5.800710000e-01
   8.287980000e-01  -1.862380000e+00   9.770030000e-01
   6.781820000e-01  -1.862380000e+00   1.431410000e+00
   4.145200000e-01  -1.862380000e+00   1.919870000e+00
  -1.487900000e-01  -9.579600000e-01   2.206430000e+00
  -7.175300000e-01  -9.579600000e-01   2.302250000e+00
  -1.322820000e+00  -9.579600000e-01   2.299690000e+00
  -1.952170000e+00  -9.579600000e-01   2.162630000e+00
  -2.534020000e+00  -9.579600000e-01   1.829420000e+00
  -2.936340000e+00  -9.579600000e-01   1.281011000e+00
  -3.097630000e+00  -9.579600000e-01   6.172550000e-01
  -3.067860000e+00  -9.579600000e-01  -4.741800000e-02
  -2.898810000e+00  -9.579600000e-01  -6.705900000e-01
  -2.601140000e+00  -9.579600000e-01  -1.226100000e+00
  -2.174750000e+00  -9.579600000e-01  -1.674330000e+00
  -1.610720000e+00  -9.579600000e-01  -1.918720000e+00
  -1.025790000e+00  -9.579600000e-01  -1.983320000e+00
  -4.761575000e-01  -9.579600000e-01  -1.937430000e+00
   2.559700000e-02  -9.579600000e-01  -1.790230000e+00
   4.247660000e-01  -9.579600000e-01  -1.471300000e+00
   6.389660000e-01  -9.579600000e-01  -1.011344000e+00
   7.712030000e-01  -9.579600000e-01  -5.939380000e-01
   8.678350000e-01  -9.579600000e-01  -2.117450000e-01
   8.995370000e-01  -9.579600000e-01   1.730410000e-01
   8.343420000e-01  -9.579600000e-01   5.597110000e-01
   7.304740000e-01  -9.579600000e-01   9.605190000e-01
   5.934980000e-01  -9.579600000e-01   1.426540000e+00
   3.282020000e-01  -9.579600000e-01   1.914830000e+00
  -2.686040000e-01  -3.545410000e-01   2.137920000e+00
   2.181790000e-01  -3.545410000e-01   1.884500000e+00
   4.781060000e-01  -3.545410000e-01   1.392330000e+00
   5.747300000e-01  -3.545410000e-01   9.000400000e-01
   6.423140000e-01  -3.545410000e-01   5.018270000e-01
   6.956230000e-01  -3.545410000e-01   1.375790000e-01
   6.689060000e-01  -3.545410000e-01  -2.202940000e-01
   6.002870000e-01  -3.545410000e-01  -5.882310000e-01
   4.971980000e-01  -3.545410000e-01  -1.008210000e+00
   2.892500000e-01  -3.545410000e-01  -1.458150000e+00
  -1.138090000e-01  -3.545410000e-01  -1.721640000e+00
  -5.928674000e-01  -3.545410000e-01  -1.892830000e+00
  -1.141604000e+00  -3.545410000e-01  -2.008930000e+00
  -1.777150000e+00  -3.545410000e-01  -2.038170000e+00
  -2.429530000e+00  -3.545410000e-01  -1.848460000e+00
  -2.906070000e+00  -3.545410000e-01  -1.370760000e+00
  -3.188710000e+00  -3.545410000e-01  -7.523500000e-01
  -3.293550000e+00  -3.545410000e-01  -7.919500000e-02
  -3.241280000e+00  -3.545410000e-01   5.987060000e-01
  -3.027580000e+00  -3.545410000e-01   1.244634000e+00
  -2.622310000e+00  -3.545410000e-01   1.785010000e+00
  -2.047820000e+00  -3.545410000e-01   2.114920000e+00
  -1.424320000e+00  -3.545410000e-01   2.245490000e+00
  -8.264100000e-01  -3.545410000e-01   2.238470000e+00
  -1.993010000e+00  -4.154410000e-01  -1.520560000e+00
  -2.429700000e+00  -4.086410000e-01  -1.321080000e+00
  -1.242620000e+00  -4.042410000e-01   1.918280000e+00
  -8.748800000e-01  -4.309410000e-01   1.668420000e+00
  -1.856780000e+00  -4.965410000e-01   3.296180000e-01
  -1.823020000e+00  -4.905410000e-01   5.781075000e-01
  -1.538600000e+00  -4.975410000e-01   5.703108000e-01
  -5.514957000e-01  -4.062410000e-01  -1.530020000e+00
  -1.522390000e+00  -5.075410000e-01  -8.560000000e-03
  -1.253860000e+00  -5.035410000e-01   5.635140000e-01
  -9.844200000e-01  -5.055410000e-01   2.753100000e-02
  -2.263380000e+00  -4.665410000e-01   5.723400000e-01
  -2.317460000e+00  -4.705410000e-01   7.959500000e-02
  -2.760710000e+00  -4.259410000e-01   3.110870000e-01
  -2.283280000e+00  -4.385410000e-01   1.142005000e+00
  -2.416840000e+00  -4.404410000e-01   9.143660000e-01
  -2.398500000e+00  -4.306410000e-01   1.113249000e+00
  -2.774840000e-01  -4.199410000e-01   1.522377000e+00
  -7.438630000e-01  -4.725410000e-01   1.072407000e+00
  -1.660850000e+00  -4.514410000e-01  -1.246060000e+00
  -1.586510000e+00  -4.675410000e-01  -1.054610000e+00
  -1.409948000e+00  -4.625410000e-01  -1.143360000e+00
  -1.591600000e+00  -4.685410000e-01   1.211501000e+00
  -1.478220000e+00  -4.411410000e-01   1.584297000e+00
  -1.402130000e+00  -4.585410000e-01   1.383365000e+00
  -2.625570000e+00  -4.221410000e-01  -8.471400000e-01
  -2.056030000e+00  -4.575410000e-01  -9.633800000e-01
  -9.647930000e-01  -4.156410000e-01  -1.571390000e+00
  -1.232384000e+00  -4.565410000e-01  -1.230120000e+00
  -7.458300000e-01  -4.478410000e-01  -1.222060000e+00
  -1.732260000e+00  -4.306410000e-01   1.616328000e+00
  -1.623430000e+00  -4.025410000e-01   1.889950000e+00
  -1.550330000e+00  -4.220410000e-01   1.742120000e+00
  -1.469533000e+00  -4.166410000e-01  -1.607810000e+00
  -1.986300000e+00  -4.160410000e-01   1.656359000e+00
   4.840900000e-02  -4.057410000e-01  -1.081070000e+00
   1.289000000e-01  -4.162410000e-01  -6.705960000e-01
   2.984690000e-01  -4.108410000e-01  -7.948800000e-02
  -1.954640000e+00  -4.925410000e-01  -9.447600000e-02
  -2.261940000e+00  -4.685410000e-01  -4.233200000e-01
   1.157341000e-01  -4.272410000e-01   5.829250000e-01
  -1.837170000e-01  -4.625410000e-01   1.218570000e-01
  -2.644920000e+00  -4.222410000e-01   8.538549000e-01
  -2.756480000e+00  -4.267410000e-01  -2.710110000e-01
  -2.559150000e-01  -4.131410000e-01  -1.325360000e+00
  -4.093240000e-01  -4.565410000e-01  -8.552900000e-01
   1.569210000e-01  -4.037410000e-01   1.202704000e+00
  -2.502530000e-01  -4.498410000e-01   9.805610000e-01
  -1.772730000e+00  -4.925410000e-01  -4.644780000e-01
  -2.115810000e+00  -4.409410000e-01   1.281350000e+00
  -2.187790000e+00  -4.555410000e-01   9.728770000e-01
  -7.008150000e-01  -4.715410000e-01  -8.394400000e-01
  -7.242650000e-01  -4.815410000e-01  -6.290790000e-01
  -1.039450000e+00  -4.755410000e-01   1.123920000e+00
  -1.094460000e+00  -4.565410000e-01   1.407426000e+00
  -9.216600000e-01  -4.655410000e-01   1.244916000e+00
  -1.920730000e+00  -4.371410000e-01   1.461463000e+00
  -2.051060000e+00  -4.288410000e-01   1.471855000e+00
  -1.853150000e+00  -4.575410000e-01   1.258567000e+00
  -1.791290000e+00  -4.845410000e-01   8.225970000e-01
  -1.989190000e+00  -4.715410000e-01   8.967370000e-01
  -1.393850000e+00  -5.055410000e-01  -2.213470000e-01
  -1.583290000e+00  -5.005410000e-01  -3.414130000e-01
  -1.263300000e+00  -5.015410000e-01  -4.291340000e-01
  -1.125210000e+00  -5.045410000e-01  -2.033020000e-01
  -9.364630000e-01  -4.985410000e-01  -3.080090000e-01
  -5.452880000e-01  -4.845410000e-01   4.817197000e-01
  -1.354420000e+00  -4.240410000e-01   1.751290000e+00
  -1.116650000e+00  -4.278410000e-01   1.709850000e+00
  -1.508180000e+00  -4.815410000e-01  -8.691600000e-01
  -1.249241000e+00  -4.825410000e-01  -8.493800000e-01
  -1.243813000e+00  -4.705410000e-01  -1.040750000e+00
  -1.287350000e+00  -4.905410000e-01   8.729740000e-01
  -1.016610000e+00  -4.835410000e-01   9.721910000e-01
  -2.450590000e-01  -4.625410000e-01  -3.286780000e-01
  -2.028080000e+00  -4.775410000e-01   6.969687800e-01
  -1.941880000e+00  -4.875410000e-01   5.152930000e-01
  -1.641450000e+00  -4.875410000e-01  -6.708200000e-01
  -1.782600000e+00  -4.715410000e-01  -9.132700000e-01
  -1.779160000e+00  -4.825410000e-01  -6.913700000e-01
  -1.557470000e+00  -4.825410000e-01   9.920150000e-01
  -1.539620000e+00  -4.895410000e-01   8.452860000e-01
  -2.382470000e+00  -4.201410000e-01   1.311132000e+00
  -5.446610000e-01  -4.875410000e-01  -2.421000000e-02
  -4.942870000e-01  -4.785410000e-01  -3.691970000e-01
  -8.695670000e-01  -4.645410000e-01  -1.039330000e+00
  -7.243220000e-01  -4.595410000e-01  -1.035750000e+00
  -1.129302000e+00  -4.925410000e-01  -6.398600000e-01
  -1.318740000e+00  -4.875410000e-01  -7.515100000e-01
  -1.287340000e+00  -4.492410000e-01   1.501361000e+00
  -1.792210000e+00  -4.444410000e-01   1.439948000e+00
  -8.664180000e-01  -4.995410000e-01  -1.950930000e-01
  -6.460880000e-01  -4.905410000e-01  -2.204630000e-01
  -1.452880000e+00  -4.955410000e-01  -5.484800000e-01
  -1.116845000e+00  -4.705410000e-01  -1.032860000e+00
  -1.052976000e+00  -4.615410000e-01  -1.131720000e+00
  -7.457160000e-01  -4.915410000e-01  -4.117170000e-01
  -4.528060000e-01  -4.675410000e-01  -6.137420000e-01
  -1.323800000e+00  -5.065410000e-01  -1.054310000e-01
  -8.715100000e-01  -4.875410000e-01  -6.286560000e-01
  -9.380090000e-01  -4.925410000e-01  -5.257910000e-01
  -1.328040000e+00  -4.755410000e-01   1.168434000e+00
  -9.923050000e-01  -4.805410000e-01  -8.395900000e-01
  -1.517510000e+00  -4.985410000e-01  -4.463060000e-01
  -2.020620000e+00  -4.575410000e-01   1.115222000e+00
  -2.225780000e+00  -4.615410000e-01   7.741089000e-01
C Number of facets
  786
C  Size  Node 1  ......Node N Marker
    3    0    1    2    3
    3    0    2    3    3
    3    0    3    4    3
    3    0    4    5    3
    3    0    5    6    3
    3    0    6    7    3
    3    0    7    8    3
    3    0    8    9    3
    3    0    9   10    3
    3    0   10   11    3
    3    0   11   12    3
    3    0   12   13    3
    3    0   13   14    3
    3    0   14   15    3
    3    0   15   16    3
    3    0   16   17    3
    3    0   17   18    3
    3    0   18   19    3
    3    0   19   20    3
    3    0   20   21    3
    3    0   21   22    3
    3    0   22   23    3
    3    0   23   24    3
    3    0   24    1    3
    3    1   25   26    3
    3    1   26    2    3
    3    2   26   27    3
    3    2   27    3    3
    3    3   27   28    3
    3    3   28    4    3
    3    4   28   29    3
    3    4   29    5    3
    3    5   29   30    3
    3    5   30    6    3
    3    6   30   31    3
    3    6   31    7    3
    3    7   31   32    3
    3    7   32    8    3
    3    8   32   33    3
    3    8   33    9    3
    3    9   33   34    3
    3    9   34   10    3
    3   10   34   35    3
    3   10   35   11    3
    3   11   35   36    3
    3   11   36   12    3
    3   12   36   37    3
    3   12   37   13    3
    3   13   37   38    3
    3   13   38   14    3
    3   14   38   39    3
    3   14   39   15    3
    3   15   39   40    3
    3   15   40   16    3
    3   16   40   41    3
    3   16   41   17    3
    3   17   41   42    3
    3   17   42   18    3
    3   18   42   43    3
    3   18   43   19    3
    3   19   43   44    3
    3   19   44   20    3
    3   20   44   45    3
    3   20   45   21    3
    3   21   45   46    3
    3   21   46   22    3
    3   22   46   47    3
    3   22   47   23    3
    3   23   47   48    3
    3   23   48   24    3
    3   24   48   25    3
    3   24   25    1    3
    3   25   49   50    3
    3   25   50   26    3
    3   26   50   51    3
    3   26   51   27    3
    3   27   51   52    3
    3   27   52   28    3
    3   28   52   53    3
    3   28   53   29    3
    3   29   53   54    3
    3   29   54   30    3
    3   30   54   55    3
    3   30   55   31    3
    3   31   55   56    3
    3   31   56   32    3
    3   32   56   57    3
    3   32   57   33    3
    3   33   57   58    3
    3   33   58   34    3
    3   34   58   59    3
    3   34   59   35    3
    3   35   59   60    3
    3   35   60   36    3
    3   36   60   61    3
    3   36   61   37    3
    3   37   61   62    3
    3   37   62   38    3
    3   38   62   63    3
    3   38   63   39    3
    3   39   63   64    3
    3   39   64   40    3
    3   40   64   65    3
    3   40   65   41    3
    3   41   65   66    3
    3   41   66   42    3
    3   42   66   67    3
    3   42   67   43    3
    3   43   67   68    3
    3   43   68   44    3
    3   44   68   69    3
    3   44   69   45    3
    3   45   69   70    3
    3   45   70   46    3
    3   46   70   71    3
    3   46   71   47    3
    3   47   71   72    3
    3   47   72   48    3
    3   48   72   49    3
    3   48   49   25    3
    3   49   73   74    3
    3   49   74   50    3
    3   50   74   75    3
    3   50   75   51    3
    3   51   75   76    3
    3   51   76   52    3
    3   52   76   77    3
    3   52   77   53    3
    3   53   77   78    3
    3   53   78   54    3
    3   54   78   79    3
    3   54   79   55    3
    3   55   79   80    3
    3   55   80   56    3
    3   56   80   81    3
    3   56   81   57    3
    3   57   81   82    3
    3   57   82   58    3
    3   58   82   83    3
    3   58   83   59    3
    3   59   83   84    3
    3   59   84   60    3
    3   60   84   85    3
    3   60   85   61    3
    3   61   85   86    3
    3   61   86   62    3
    3   62   86   87    3
    3   62   87   63    3
    3   63   87   88    3
    3   63   88   64    3
    3   64   88   89    3
    3   64   89   65    3
    3   65   89   90    3
    3   65   90   66    3
    3   66   90   91    3
    3   66   91   67    3
    3   67   91   92    3
    3   67   92   68    3
    3   68   92   93    3
    3   68   93   69    3
    3   69   93   94    3
    3   69   94   70    3
    3   70   94   95    3
    3   70   95   71    3
    3   71   95   96    3
    3   71   96   72    3
    3   72   96   73    3
    3   72   73   49    3
    3   73   97   98    3
    3   73   98   74    3
    3   74   98   99    3
    3   74   99   75    3
    3   75   99  100    3
    3   75  100   76    3
    3   76  100  101    3
    3   76  101   77    3
    3   77  101  102    3
    3   77  102   78    3
    3   78  102  103    3
    3   78  103   79    3
    3   79  103  104    3
    3   79  104   80    3
    3   80  104  105    3
    3   80  105   81    3
    3   81  105  106    3
    3   81  106   82    3
    3   82  106  107    3
    3   82  107   83    3
    3   83  107  108    3
    3   83  108   84    3
    3   84  108  109    3
    3   84  109   85    3
    3   85  109  110    3
    3   85  110   86    3
    3   86  110  111    3
    3   86  111   87    3
    3   87  111  112    3
    3   87  112   88    3
    3   88  112  113    3
    3   88  113   89    3
    3   89  113  114    3
    3   89  114   90    3
    3   90  114  115    3
    3   90  115   91    3
    3   91  115  116    3
    3   91  116   92    3
    3   92  116  117    3
    3   92  117   93    3
    3   93  117  118    3
    3   93  118   94    3
    3   94  118  119    3
    3   94  119   95    3
    3   95  119  120    3
    3   95  120   96    3
    3   96  120   97    3
    3   96   97   73    3
    3   97  121  122    3
    3   97  122   98    3
    3   98  122  123    3
    3   98  123   99    3
    3   99  123  124    3
    3   99  124  100    3
    3  100  124  125    3
    3  100  125  101    3
    3  101  125  126    3
    3  101  126  102    3
    3  102  126  127    3
    3  102  127  103    3
    3  103  127  128    3
    3  103  128  104    3
    3  104  128  129    3
    3  104  129  105    3
    3  105  129  130    3
    3  105  130  106    3
    3  106  130  131    3
    3  106  131  107    3
    3  107  131  132    3
    3  107  132  108    3
    3  108  132  133    3
    3  108  133  109    3
    3  109  133  134    3
    3  109  134  110    3
    3  110  134  135    3
    3  110  135  111    3
    3  111  135  136    3
    3  111  136  112    3
    3  112  136  137    3
    3  112  137  113    3
    3  113  137  138    3
    3  113  138  114    3
    3  114  138  139    3
    3  114  139  115    3
    3  115  139  140    3
    3  115  140  116    3
    3  116  140  141    3
    3  116  141  117    3
    3  117  141  142    3
    3  117  142  118    3
    3  118  142  143    3
    3  118  143  119    3
    3  119  143  144    3
    3  119  144  120    3
    3  120  144  121    3
    3  120  121   97    3
    3  121  145  146    3
    3  121  146  122    3
    3  122  146  147    3
    3  122  147  123    3
    3  123  147  148    3
    3  123  148  124    3
    3  124  148  149    3
    3  124  149  125    3
    3  125  149  150    3
    3  125  150  126    3
    3  126  150  151    3
    3  126  151  127    3
    3  127  151  152    3
    3  127  152  128    3
    3  128  152  153    3
    3  128  153  129    3
    3  129  153  154    3
    3  129  154  130    3
    3  130  154  155    3
    3  130  155  131    3
    3  131  155  156    3
    3  131  156  132    3
    3  132  156  157    3
    3  132  157  133    3
    3  133  157  158    3
    3  133  158  134    3
    3  134  158  159    3
    3  134  159  135    3
    3  135  159  160    3
    3  135  160  136    3
    3  136  160  161    3
    3  136  161  137    3
    3  137  161  162    3
    3  137  162  138    3
    3  138  162  163    3
    3  138  163  139    3
    3  139  163  164    3
    3  139  164  140    3
    3  140  164  165    3
    3  140  165  141    3
    3  141  165  166    3
    3  141  166  142    3
    3  142  166  167    3
    3  142  167  143    3
    3  143  167  168    3
    3  143  168  144    3
    3  144  168  145    3
    3  144  145  121    3
    3  145  169  170    3
    3  145  170  146    3
    3  146  170  171    3
    3  146  171  147    3
    3  147  171  172    3
    3  147  172  148    3
    3  148  172  173    3
    3  148  173  149    3
    3  149  173  174    3
    3  149  174  150    3
    3  150  174  175    3
    3  150  175  151    3
    3  151  175  176    3
    3  151  176  152    3
    3  152  176  177    3
    3  152  177  153    3
    3  153  177  178    3
    3  153  178  154    3
    3  154  178  179    3
    3  154  179  155    3
    3  155  179  180    3
    3  155  180  156    3
    3  156  180  181    3
    3  156  181  157    3
    3  157  181  182    3
    3  157  182  158    3
    3  158  182  183    3
    3  158  183  159    3
    3  159  183  184    3
    3  159  184  160    3
    3  160  184  185    3
    3  160  185  161    3
    3  161  185  186    3
    3  161  186  162    3
    3  162  186  187    3
    3  162  187  163    3
    3  163  187  188    3
    3  163  188  164    3
    3  164  188  189    3
    3  164  189  165    3
    3  165  189  190    3
    3  165  190  166    3
    3  166  190  191    3
    3  166  191  167    3
    3  167  191  192    3
    3  167  192  168    3
    3  168  192  169    3
    3  168  169  145    3
    3  169  193  194    3
    3  169  194  170    3
    3  170  194  195    3
    3  170  195  171    3
    3  171  195  196    3
    3  171  196  172    3
    3  172  196  197    3
    3  172  197  173    3
    3  173  197  198    3
    3  173  198  174    3
    3  174  198  199    3
    3  174  199  175    3
    3  175  199  200    3
    3  175  200  176    3
    3  176  200  201    3
    3  176  201  177    3
    3  177  201  202    3
    3  177  202  178    3
    3  178  202  203    3
    3  178  203  179    3
    3  179  203  204    3
    3  179  204  180    3
    3  180  204  205    3
    3  180  205  181    3
    3  181  205  206    3
    3  181  206  182    3
    3  182  206  207    3
    3  182  207  183    3
    3  183  207  208    3
    3  183  208  184    3
    3  184  208  209    3
    3  184  209  185    3
    3  185  209  210    3
    3  185  210  186    3
    3  186  210  211    3
    3  186  211  187    3
    3  187  211  212    3
    3  187  212  188    3
    3  188  212  213    3
    3  188  213  189    3
    3  189  213  214    3
    3  189  214  190    3
    3  190  214  215    3
    3  190  215  191    3
    3  191  215  216    3
    3  191  216  192    3
    3  192  216  193    3
    3  192  193  169    3
    3  193  217  218    3
    3  193  218  194    3
    3  194  218  219    3
    3  194  219  195    3
    3  195  219  220    3
    3  195  220  196    3
    3  196  220  221    3
    3  196  221  197    3
    3  197  221  222    3
    3  197  222  198    3
    3  198  222  223    3
    3  198  223  199    3
    3  199  223  224    3
    3  199  224  200    3
    3  200  224  225    3
    3  200  225  201    3
    3  201  225  226    3
    3  201  226  202    3
    3  202  226  227    3
    3  202  227  203    3
    3  203  227  228    3
    3  203  228  204    3
    3  204  228  229    3
    3  204  229  205    3
    3  205  229  230    3
    3  205  230  206    3
    3  206  230  231    3
    3  206  231  207    3
    3  207  231  232    3
    3  207  232  208    3
    3  208  232  233    3
    3  208  233  209    3
    3  209  233  234    3
    3  209  234  210    3
    3  210  234  235    3
    3  210  235  211    3
    3  211  235  236    3
    3  211  236  212    3
    3  212  236  237    3
    3  212  237  213    3
    3  213  237  238    3
    3  213  238  214    3
    3  214  238  239    3
    3  214  239  215    3
    3  215  239  240    3
    3  215  240  216    3
    3  216  240  217    3
    3  216  217  193    3
    3  217  241  242    3
    3  217  242  218    3
    3  218  242  243    3
    3  218  243  219    3
    3  219  243  244    3
    3  219  244  220    3
    3  220  244  245    3
    3  220  245  221    3
    3  221  245  246    3
    3  221  246  222    3
    3  222  246  247    3
    3  222  247  223    3
    3  223  247  248    3
    3  223  248  224    3
    3  224  248  249    3
    3  224  249  225    3
    3  225  249  250    3
    3  225  250  226    3
    3  226  250  251    3
    3  226  251  227    3
    3  227  251  252    3
    3  227  252  228    3
    3  228  252  253    3
    3  228  253  229    3
    3  229  253  254    3
    3  229  254  230    3
    3  230  254  255    3
    3  230  255  231    3
    3  231  255  256    3
    3  231  256  232    3
    3  232  256  257    3
    3  232  257  233    3
    3  233  257  258    3
    3  233  258  234    3
    3  234  258  259    3
    3  234  259  235    3
    3  235  259  260    3
    3  235  260  236    3
    3  236  260  261    3
    3  236  261  237    3
    3  237  261  262    3
    3  237  262  238    3
    3  238  262  263    3
    3  238  263  239    3
    3  239  263  264    3
    3  239  264  240    3
    3  240  264  241    3
    3  240  241  217    3
    3  264  265  241    3
    3  264  266  265    3
    3  263  266  264    3
    3  263  267  266    3
    3  262  267  263    3
    3  262  268  267    3
    3  261  268  262    3
    3  261  269  268    3
    3  260  269  261    3
    3  260  270  269    3
    3  259  270  260    3
    3  259  271  270    3
    3  258  271  259    3
    3  258  272  271    3
    3  257  272  258    3
    3  257  273  272    3
    3  256  273  257    3
    3  256  274  273    3
    3  255  274  256    3
    3  255  275  274    3
    3  254  275  255    3
    3  254  276  275    3
    3  253  276  254    3
    3  253  277  276    3
    3  252  277  253    3
    3  252  278  277    3
    3  251  278  252    3
    3  251  279  278    3
    3  250  279  251    3
    3  250  280  279    3
    3  249  280  250    3
    3  249  281  280    3
    3  248  281  249    3
    3  248  282  281    3
    3  247  282  248    3
    3  247  283  282    3
    3  246  283  247    3
    3  246  284  283    3
    3  245  284  246    3
    3  245  285  284    3
    3  244  285  245    3
    3  244  286  285    3
    3  243  286  244    3
    3  243  287  286    3
    3  242  287  243    3
    3  242  288  287    3
    3  241  288  242    3
    3  241  265  288    3
    3  289  279  290    1
    3  291  288  292    1
    3  293  294  295    3
    3  296  275  276    1
    3  297  298  299    1
    3  300  301  302    1
    3  303  304  305    3
    3  292  306  307    1
    3  308  309  310    4
    3  300  293  301    1
    3  311  312  313    3
    3  290  314  315    1
    3  316  317  318    1
    3  319  320  321    3
    3  317  322  308    1
    3  286  323  285    1
    3  286  287  320    1
    3  298  297  293    1
    3  324  325  273    1
    3  326  271  272    1
    3  327  328  301    1
    3  329  326  330    1
    3  300  331  304    1
    3  332  282  302    1
    3  272  325  326    1
    3  296  276  316    1
    3  296  333  275    1
    3  324  334  325    1
    3  335  329  336    1
    3  315  328  337    1
    3  338  339  303    3
    3  334  340  341    4
    3  279  289  278    1
    3  274  275  333    1
    3  322  278  289    1
    3  342  343  344    3
    3  332  301  328    1
    3  314  290  280    1
    3  345  338  346    3
    3  324  333  334    1
    3  277  316  276    1
    3  266  267  335    1
    3  288  291  287    1
    3  347  348  349    3
    3  316  322  317    1
    3  297  350  351    4
    3  327  301  293    1
    3  283  331  302    1
    3  352  353  354    4
    3  326  269  270    1
    3  332  302  301    1
    3  355  299  298    1
    3  312  356  357    3
    3  330  355  329    1
    3  336  306  335    1
    3  271  326  270    1
    3  358  359  360    4
    3  298  361  362    3
    3  283  302  282    1
    3  336  329  355    1
    3  326  363  330    1
    3  265  292  288    1
    3  300  364  365    3
    3  366  367  368    4
    3  333  318  334    1
    3  369  361  370    3
    3  327  293  297    1
    3  278  322  277    1
    3  320  291  356    3
    3  371  285  323    1
    3  363  325  334    1
    3  371  331  284    1
    3  364  339  349    3
    3  268  335  267    1
    3  372  363  373    4
    3  280  290  279    1
    3  266  306  265    1
    3  316  277  322    1
    3  328  315  314    1
    3  308  315  367    1
    3  355  330  372    1
    3  327  297  337    1
    3  280  281  314    1
    3  374  340  375    4
    3  296  316  318    1
    3  352  376  377    4
    3  355  307  336    1
    3  292  343  378    3
    3  326  325  363    1
    3  320  287  291    1
    3  345  319  379    3
    3  380  372  381    4
    3  358  366  382    4
    3  268  329  335    1
    3  273  274  324    1
    3  336  307  306    1
    3  265  306  292    1
    3  296  318  333    1
    3  383  374  384    4
    3  329  268  269    1
    3  385  373  386    4
    3  333  324  274    1
    3  283  284  331    1
    3  298  307  355    1
    3  299  353  387    4
    3  308  289  315    1
    3  273  325  272    1
    3  327  337  328    1
    3  388  376  389    4
    3  314  332  328    1
    3  281  282  332    1
    3  315  289  290    1
    3  363  372  330    1
    3  355  372  299    1
    3  285  371  284    1
    3  314  281  332    1
    3  269  326  329    1
    3  369  347  311    3
    3  266  335  306    1
    3  286  320  323    1
    3  308  322  289    1
    3  300  302  331    1
    3  343  390  313    3
    3  292  307  344    3
    3  298  348  370    3
    3  361  390  342    3
    3  343  342  390    3
    3  342  307  362    3
    3  347  369  348    3
    3  361  369  390    3
    3  369  311  390    3
    3  312  311  347    3
    3  311  313  390    3
    3  313  312  378    3
    3  298  362  307    3
    3  342  362  361    3
    3  342  344  307    3
    3  292  344  343    3
    3  369  370  348    3
    3  298  370  361    3
    3  292  378  312    3
    3  313  378  343    3
    3  334  318  375    4
    3  340  391  388    4
    3  318  317  384    4
    3  340  374  391    4
    3  352  385  389    4
    3  376  391  359    4
    3  376  388  391    4
    3  388  385  341    4
    3  359  391  383    4
    3  359  358  377    4
    3  374  383  391    4
    3  383  317  360    4
    3  374  375  318    4
    3  334  375  340    4
    3  334  341  385    4
    3  388  341  340    4
    3  388  389  385    4
    3  352  389  376    4
    3  352  377  358    4
    3  359  377  376    4
    3  358  360  317    4
    3  383  360  359    4
    3  383  384  317    4
    3  318  384  374    4
    3  367  358  309    4
    3  315  337  368    1
    3  353  352  350    4
    3  353  299  380    4
    3  372  380  299    4
    3  380  385  354    4
    3  350  352  392    4
    3  350  297  387    4
    3  366  337  392    4
    3  367  366  358    4
    3  363  334  386    4
    3  373  385  381    4
    3  392  337  351    4
    3  392  352  382    4
    3  380  381  385    4
    3  373  381  372    4
    3  358  317  310    4
    3  367  309  308    4
    3  385  386  334    4
    3  363  386  373    4
    3  366  368  337    4
    3  315  368  367    1
    3  299  387  297    4
    3  350  387  353    4
    3  352  354  385    4
    3  380  354  353    4
    3  358  382  352    4
    3  392  382  366    4
    3  297  351  337    4
    3  392  351  350    4
    3  308  310  317    4
    3  358  310  309    4
    3  312  347  379    3
    3  320  319  323    3
    3  371  323  346    3
    3  338  347  393    3
    3  364  300  394    3
    3  364  348  294    3
    3  319  345  323    3
    3  338  345  347    3
    3  348  298  295    3
    3  294  293  365    3
    3  304  339  394    3
    3  331  371  305    1
    3  364  349  348    3
    3  349  339  393    3
    3  338  393  339    3
    3  349  393  347    3
    3  338  303  371    3
    3  304  303  339    3
    3  356  312  321    3
    3  291  292  357    3
    3  364  394  339    3
    3  304  394  300    3
    3  319  321  312    3
    3  356  321  320    3
    3  293  295  298    3
    3  348  295  294    3
    3  312  357  292    3
    3  291  357  356    3
    3  345  346  323    3
    3  371  346  338    3
    3  303  305  371    3
    3  331  305  304    1
    3  345  379  347    3
    3  312  379  319    3
    3  300  365  293    3
    3  294  365  364    3
C Prescribed Values(Inlet, Outlet), InteractionSurface(Inlet, Outlet)
       3        1        0        2        2        2
C Inlet Velocity
C     Vx,           Vy,            Vz,    indVx,indVy,indVz, FunID (3E18.9, 4I5)
   0.000000000e+00   1.000000000e+00   0.000000000e+00    1    0    1    4
C Inlet Pressure, FunID (E18.9,I5)
   1.000000000e+00    3
C Outlet Pressure (E18.9,I5)
   1.000000000e+00    2
C Inlet Velocity
C nNodeID,    Vx,           Vy,            Vz (I5, 3E18.9)
  265
    1   1.000000000e+00   7.400000000e+00  -5.000000000e-01
    2  -1.200000000e+00   7.100000000e+00  -9.000000000e-01
    3  -1.100000000e+00   7.100000000e+00  -1.600000000e+00
    4  -7.000000000e-01   7.100000000e+00  -2.200000000e+00
    5   0.000000000e+00   7.100000000e+00  -2.900000000e+00
    6   1.200000000e+00   7.100000000e+00  -3.500000000e+00
    7   2.300000000e+00   7.100000000e+00  -3.300000000e+00
    8   2.400000000e+00   7.100000000e+00  -2.600000000e+00
    9   2.100000000e+00   7.100000000e+00  -2.100000000e+00
   10   1.900000000e+00   7.100000000e+00  -1.700000000e+00
   11   1.900000000e+00   7.100000000e+00  -1.600000000e+00
   12   2.100000000e+00   7.100000000e+00  -1.500000000e+00
   13   2.400000000e+00   7.100000000e+00  -1.300000000e+00
   14   2.700000000e+00   7.100000000e+00  -6.000000000e-01
   15   2.700000000e+00   7.100000000e+00   4.000000000e-01
   16   2.300000000e+00   7.100000000e+00   1.200000000e+00
   17   1.900000000e+00   7.100000000e+00   1.600000000e+00
   18   1.300000000e+00   7.100000000e+00   1.900000000e+00
   19   5.000000000e-01   7.100000000e+00   2.000000000e+00
   20  -6.000000000e-01   7.100000000e+00   1.700000000e+00
   21  -2.000000000e-01   7.100000000e+00   1.100000000e+00
   22   1.000000000e-01   7.100000000e+00   9.000000000e-01
   23   1.000000000e-01   7.100000000e+00   9.000000000e-01
   24  -2.000000000e-01   7.100000000e+00   8.000000000e-01
   25  -7.000000000e-01   7.100000000e+00   4.000000000e-01
   26  -1.600000000e+00   6.600000000e+00  -3.000000000e-01
   27  -1.600000000e+00   6.600000000e+00  -1.200000000e+00
   28  -1.200000000e+00   6.600000000e+00  -2.100000000e+00
   29  -4.000000000e-01   6.600000000e+00  -3.100000000e+00
   30   9.000000000e-01   6.600000000e+00  -3.800000000e+00
   31   2.000000000e+00   6.600000000e+00  -3.700000000e+00
   32   2.200000000e+00   6.600000000e+00  -3.100000000e+00
   33   2.100000000e+00   6.600000000e+00  -2.600000000e+00
   34   2.000000000e+00   6.600000000e+00  -2.400000000e+00
   35   2.300000000e+00   6.600000000e+00  -2.100000000e+00
   36   2.800000000e+00   6.600000000e+00  -1.700000000e+00
   37   3.200000000e+00   6.600000000e+00  -1.100000000e+00
   38   3.400000000e+00   6.600000000e+00  -3.000000000e-01
   39   3.400000000e+00   6.600000000e+00   7.000000000e-01
   40   2.900000000e+00   6.600000000e+00   1.700000000e+00
   41   2.400000000e+00   6.600000000e+00   2.200000000e+00
   42   1.800000000e+00   6.600000000e+00   2.400000000e+00
   43   1.000000000e+00   6.600000000e+00   2.600000000e+00
   44   1.000000000e-01   6.600000000e+00   2.300000000e+00
   45   5.000000000e-01   6.600000000e+00   1.900000000e+00
   46   9.000000000e-01   6.600000000e+00   2.000000000e+00
   47   6.000000000e-01   6.600000000e+00   2.100000000e+00
   48  -1.000000000e-01   6.600000000e+00   2.100000000e+00
   49  -1.000000000e+00   6.600000000e+00   1.400000000e+00
   50  -1.900000000e+00   6.200000000e+00   1.500000000e+00
   51  -2.200000000e+00   6.200000000e+00   4.000000000e-01
   52  -2.000000000e+00   6.200000000e+00  -9.000000000e-01
   53  -1.200000000e+00   6.200000000e+00  -2.300000000e+00
   54   3.000000000e-01   6.200000000e+00  -3.400000000e+00
   55   1.500000000e+00   6.200000000e+00  -3.600000000e+00
   56   2.000000000e+00   6.200000000e+00  -3.200000000e+00
   57   2.200000000e+00   6.200000000e+00  -2.700000000e+00
   58   2.400000000e+00   6.200000000e+00  -2.400000000e+00
   59   3.000000000e+00   6.200000000e+00  -2.000000000e+00
   60   3.600000000e+00   6.200000000e+00  -1.300000000e+00
   61   4.000000000e+00   6.200000000e+00  -5.000000000e-01
   62   4.200000000e+00   6.200000000e+00   6.000000000e-01
   63   3.900000000e+00   6.200000000e+00   1.700000000e+00
   64   3.500000000e+00   6.200000000e+00   2.600000000e+00
   65   3.100000000e+00   6.200000000e+00   2.600000000e+00
   66   2.900000000e+00   6.200000000e+00   2.600000000e+00
   67   2.200000000e+00   6.200000000e+00   2.900000000e+00
   68   9.000000000e-01   6.200000000e+00   3.100000000e+00
   69   3.000000000e-01   6.200000000e+00   2.800000000e+00
   70   2.000000000e-01   6.200000000e+00   2.600000000e+00
   71   1.000000000e-01   6.200000000e+00   2.700000000e+00
   72  -3.000000000e-01   6.200000000e+00   2.900000000e+00
   73  -1.200000000e+00   6.200000000e+00   2.600000000e+00
   74  -2.100000000e+00   5.800000000e+00   2.600000000e+00
   75  -2.600000000e+00   5.800000000e+00   1.600000000e+00
   76  -2.700000000e+00   5.800000000e+00   0.000000000e+00
   77  -2.000000000e+00   5.800000000e+00  -1.600000000e+00
   78  -4.000000000e-01   5.800000000e+00  -3.100000000e+00
   79   1.000000000e+00   5.800000000e+00  -3.600000000e+00
   80   1.900000000e+00   5.800000000e+00  -3.300000000e+00
   81   2.500000000e+00   5.800000000e+00  -2.800000000e+00
   82   2.900000000e+00   5.800000000e+00  -2.400000000e+00
   83   3.500000000e+00   5.800000000e+00  -1.800000000e+00
   84   4.100000000e+00   5.800000000e+00  -1.100000000e+00
   85   4.400000000e+00   5.800000000e+00  -3.000000000e-01
   86   4.600000000e+00   5.800000000e+00   6.000000000e-01
   87   4.400000000e+00   5.800000000e+00   1.900000000e+00
   88   3.800000000e+00   5.800000000e+00   2.900000000e+00
   89   3.300000000e+00   5.800000000e+00   3.100000000e+00
   90   3.100000000e+00   5.800000000e+00   3.000000000e+00
   91   2.700000000e+00   5.800000000e+00   3.200000000e+00
   92   1.500000000e+00   5.800000000e+00   3.600000000e+00
   93   7.000000000e-01   5.800000000e+00   3.500000000e+00
   94   3.000000000e-01   5.800000000e+00   3.400000000e+00
   95  -1.000000000e-01   5.800000000e+00   3.500000000e+00
   96  -5.000000000e-01   5.800000000e+00   3.600000000e+00
   97  -1.300000000e+00   5.800000000e+00   3.500000000e+00
   98  -2.400000000e+00   5.300000000e+00   3.100000000e+00
   99  -3.000000000e+00   5.300000000e+00   2.100000000e+00
  100  -3.100000000e+00   5.300000000e+00   4.000000000e-01
  101  -2.400000000e+00   5.300000000e+00  -1.600000000e+00
  102  -7.000000000e-01   5.300000000e+00  -3.500000000e+00
  103   1.100000000e+00   5.300000000e+00  -4.000000000e+00
  104   2.300000000e+00   5.300000000e+00  -3.700000000e+00
  105   2.800000000e+00   5.300000000e+00  -3.200000000e+00
  106   3.400000000e+00   5.300000000e+00  -2.600000000e+00
  107   4.000000000e+00   5.300000000e+00  -1.900000000e+00
  108   4.500000000e+00   5.300000000e+00  -1.100000000e+00
  109   4.700000000e+00   5.300000000e+00  -3.000000000e-01
  110   4.800000000e+00   5.300000000e+00   4.000000000e-01
  111   4.700000000e+00   5.300000000e+00   1.700000000e+00
  112   3.900000000e+00   5.300000000e+00   3.200000000e+00
  113   3.100000000e+00   5.300000000e+00   3.600000000e+00
  114   2.700000000e+00   5.300000000e+00   3.400000000e+00
  115   2.300000000e+00   5.300000000e+00   3.600000000e+00
  116   1.300000000e+00   5.300000000e+00   3.800000000e+00
  117   4.000000000e-01   5.300000000e+00   3.800000000e+00
  118  -2.000000000e-01   5.300000000e+00   3.600000000e+00
  119  -6.000000000e-01   5.300000000e+00   3.600000000e+00
  120  -1.000000000e+00   5.300000000e+00   3.700000000e+00
  121  -1.600000000e+00   5.300000000e+00   3.900000000e+00
  122  -2.800000000e+00   4.900000000e+00   3.300000000e+00
  123  -3.400000000e+00   4.900000000e+00   2.200000000e+00
  124  -3.600000000e+00   4.900000000e+00   4.000000000e-01
  125  -2.800000000e+00   4.900000000e+00  -1.900000000e+00
  126  -7.000000000e-01   4.900000000e+00  -4.000000000e+00
  127   1.400000000e+00   4.900000000e+00  -4.600000000e+00
  128   2.700000000e+00   4.900000000e+00  -4.100000000e+00
  129   3.400000000e+00   4.900000000e+00  -3.300000000e+00
  130   4.100000000e+00   4.900000000e+00  -2.600000000e+00
  131   4.600000000e+00   4.900000000e+00  -1.800000000e+00
  132   5.000000000e+00   4.900000000e+00  -7.000000000e-01
  133   5.000000000e+00   4.900000000e+00   0.000000000e+00
  134   4.900000000e+00   4.900000000e+00   7.000000000e-01
  135   4.700000000e+00   4.900000000e+00   1.700000000e+00
  136   3.900000000e+00   4.900000000e+00   3.300000000e+00
  137   2.800000000e+00   4.900000000e+00   4.100000000e+00
  138   2.100000000e+00   4.900000000e+00   4.100000000e+00
  139   1.400000000e+00   4.900000000e+00   4.100000000e+00
  140   4.000000000e-01   4.900000000e+00   4.200000000e+00
  141  -5.000000000e-01   4.900000000e+00   3.900000000e+00
  142  -1.200000000e+00   4.900000000e+00   3.600000000e+00
  143  -1.300000000e+00   4.900000000e+00   3.500000000e+00
  144  -1.400000000e+00   4.900000000e+00   3.700000000e+00
  145  -2.000000000e+00   4.900000000e+00   4.000000000e+00
  146  -3.400000000e+00   3.800000000e+00   2.100000000e+00
  147  -3.800000000e+00   3.800000000e+00   8.000000000e-01
  148  -3.800000000e+00   3.800000000e+00  -1.100000000e+00
  149  -2.700000000e+00   3.800000000e+00  -3.600000000e+00
  150  -2.000000000e-01   3.800000000e+00  -5.800000000e+00
  151   2.400000000e+00   3.800000000e+00  -6.200000000e+00
  152   3.800000000e+00   3.800000000e+00  -5.500000000e+00
  153   4.300000000e+00   3.800000000e+00  -4.400000000e+00
  154   4.700000000e+00   3.800000000e+00  -3.600000000e+00
  155   5.200000000e+00   3.800000000e+00  -2.600000000e+00
  156   5.800000000e+00   3.800000000e+00  -1.200000000e+00
  157   5.600000000e+00   3.800000000e+00  -2.000000000e-01
  158   5.300000000e+00   3.800000000e+00   4.000000000e-01
  159   5.100000000e+00   3.800000000e+00   1.200000000e+00
  160   4.100000000e+00   3.800000000e+00   3.000000000e+00
  161   2.900000000e+00   3.800000000e+00   3.900000000e+00
  162   2.200000000e+00   3.800000000e+00   3.800000000e+00
  163   1.500000000e+00   3.800000000e+00   3.700000000e+00
  164   4.000000000e-01   3.800000000e+00   3.800000000e+00
  165  -9.000000000e-01   3.800000000e+00   3.600000000e+00
  166  -1.900000000e+00   3.800000000e+00   3.000000000e+00
  167  -1.800000000e+00   3.800000000e+00   2.900000000e+00
  168  -2.000000000e+00   3.800000000e+00   3.200000000e+00
  169  -2.600000000e+00   3.800000000e+00   3.300000000e+00
  170  -4.100000000e+00   2.800000000e+00  -3.000000000e-01
  171  -4.100000000e+00   2.800000000e+00  -1.500000000e+00
  172  -3.900000000e+00   2.800000000e+00  -3.000000000e+00
  173  -3.000000000e+00   2.800000000e+00  -5.000000000e+00
  174  -5.000000000e-01   2.800000000e+00  -6.900000000e+00
  175   2.500000000e+00   2.800000000e+00  -7.600000000e+00
  176   4.100000000e+00   2.800000000e+00  -6.600000000e+00
  177   4.500000000e+00   2.800000000e+00  -5.400000000e+00
  178   4.500000000e+00   2.800000000e+00  -4.400000000e+00
  179   4.700000000e+00   2.800000000e+00  -3.700000000e+00
  180   5.300000000e+00   2.800000000e+00  -2.600000000e+00
  181   5.500000000e+00   2.800000000e+00  -1.800000000e+00
  182   5.500000000e+00   2.800000000e+00  -1.000000000e+00
  183   5.400000000e+00   2.800000000e+00   1.000000000e-01
  184   4.400000000e+00   2.800000000e+00   2.500000000e+00
  185   2.900000000e+00   2.800000000e+00   3.500000000e+00
  186   2.000000000e+00   2.800000000e+00   3.300000000e+00
  187   1.500000000e+00   2.800000000e+00   3.200000000e+00
  188   5.000000000e-01   2.800000000e+00   3.200000000e+00
  189  -7.000000000e-01   2.800000000e+00   3.000000000e+00
  190  -1.500000000e+00   2.800000000e+00   2.600000000e+00
  191  -1.700000000e+00   2.800000000e+00   2.500000000e+00
  192  -2.200000000e+00   2.800000000e+00   2.400000000e+00
  193  -3.300000000e+00   2.800000000e+00   1.700000000e+00
  194  -4.800000000e+00   1.700000000e+00  -2.700000000e+00
  195  -4.400000000e+00   1.700000000e+00  -3.600000000e+00
  196  -4.200000000e+00   1.700000000e+00  -4.300000000e+00
  197  -3.700000000e+00   1.700000000e+00  -5.400000000e+00
  198  -1.700000000e+00   1.700000000e+00  -7.200000000e+00
  199   1.300000000e+00   1.700000000e+00  -8.000000000e+00
  200   3.400000000e+00   1.700000000e+00  -7.400000000e+00
  201   4.200000000e+00   1.700000000e+00  -6.100000000e+00
  202   4.500000000e+00   1.700000000e+00  -5.200000000e+00
  203   4.900000000e+00   1.700000000e+00  -4.400000000e+00
  204   5.500000000e+00   1.700000000e+00  -3.200000000e+00
  205   5.600000000e+00   1.700000000e+00  -2.400000000e+00
  206   5.700000000e+00   1.700000000e+00  -1.800000000e+00
  207   5.700000000e+00   1.700000000e+00  -7.000000000e-01
  208   4.600000000e+00   1.700000000e+00   1.900000000e+00
  209   3.000000000e+00   1.700000000e+00   3.100000000e+00
  210   2.100000000e+00   1.700000000e+00   2.800000000e+00
  211   1.700000000e+00   1.700000000e+00   2.600000000e+00
  212   6.000000000e-01   1.700000000e+00   2.700000000e+00
  213  -6.000000000e-01   1.700000000e+00   2.500000000e+00
  214  -1.400000000e+00   1.700000000e+00   2.100000000e+00
  215  -1.900000000e+00   1.700000000e+00   2.000000000e+00
  216  -2.700000000e+00   1.700000000e+00   1.600000000e+00
  217  -4.200000000e+00   1.700000000e+00  -2.000000000e-01
  218  -5.000000000e+00   5.000000000e-01  -4.000000000e+00
  219  -4.400000000e+00   5.000000000e-01  -4.800000000e+00
  220  -3.900000000e+00   5.000000000e-01  -5.500000000e+00
  221  -3.100000000e+00   5.000000000e-01  -6.800000000e+00
  222  -8.000000000e-01   5.000000000e-01  -8.500000000e+00
  223   2.100000000e+00   5.000000000e-01  -9.100000000e+00
  224   3.800000000e+00   5.000000000e-01  -8.200000000e+00
  225   4.300000000e+00   5.000000000e-01  -7.000000000e+00
  226   4.600000000e+00   5.000000000e-01  -6.200000000e+00
  227   5.200000000e+00   5.000000000e-01  -5.200000000e+00
  228   6.100000000e+00   5.000000000e-01  -3.600000000e+00
  229   6.200000000e+00   5.000000000e-01  -2.500000000e+00
  230   6.000000000e+00   5.000000000e-01  -1.700000000e+00
  231   5.900000000e+00   5.000000000e-01  -7.000000000e-01
  232   4.900000000e+00   5.000000000e-01   1.700000000e+00
  233   3.100000000e+00   5.000000000e-01   3.000000000e+00
  234   2.200000000e+00   5.000000000e-01   2.600000000e+00
  235   1.700000000e+00   5.000000000e-01   2.400000000e+00
  236   1.000000000e-01   5.000000000e-01   2.400000000e+00
  237  -1.200000000e+00   5.000000000e-01   1.900000000e+00
  238  -1.900000000e+00   5.000000000e-01   1.400000000e+00
  239  -2.100000000e+00   5.000000000e-01   1.200000000e+00
  240  -3.000000000e+00   5.000000000e-01   8.000000000e-01
  241  -4.500000000e+00   5.000000000e-01  -1.100000000e+00
  242  -4.400000000e+00  -6.000000000e-01  -4.100000000e+00
  243  -3.900000000e+00  -6.000000000e-01  -4.900000000e+00
  244  -3.500000000e+00  -6.000000000e-01  -5.700000000e+00
  245  -2.700000000e+00  -6.000000000e-01  -7.200000000e+00
  246  -1.000000000e-01  -6.000000000e-01  -9.000000000e+00
  247   2.200000000e+00  -6.000000000e-01  -9.400000000e+00
  248   3.500000000e+00  -6.000000000e-01  -8.600000000e+00
  249   3.900000000e+00  -6.000000000e-01  -7.900000000e+00
  250   4.500000000e+00  -6.000000000e-01  -7.300000000e+00
  251   5.700000000e+00  -6.000000000e-01  -6.100000000e+00
  252   7.000000000e+00  -6.000000000e-01  -4.200000000e+00
  253   7.000000000e+00  -6.000000000e-01  -2.700000000e+00
  254   6.600000000e+00  -6.000000000e-01  -2.200000000e+00
  255   6.400000000e+00  -6.000000000e-01  -1.700000000e+00
  256   5.600000000e+00  -6.000000000e-01   3.000000000e-01
  257   4.000000000e+00  -6.000000000e-01   1.800000000e+00
  258   3.400000000e+00  -6.000000000e-01   1.500000000e+00
  259   3.300000000e+00  -6.000000000e-01   1.300000000e+00
  260   1.800000000e+00  -6.000000000e-01   1.600000000e+00
  261  -2.000000000e-01  -6.000000000e-01   1.500000000e+00
  262  -1.100000000e+00  -6.000000000e-01   1.000000000e+00
  263  -1.600000000e+00  -6.000000000e-01   8.000000000e-01
  264  -2.500000000e+00  -6.000000000e-01   5.000000000e-01
  265  -4.200000000e+00  -6.000000000e-01  -1.700000000e+00
C Region List
