C PointsNum,MaxElemVol,TetGenParams,nAtrib,IndMov,MDMaxVolume,MDomDiv,MDOnly,MDDivF,MDPrescP
  395    1.000000e+00 YYpznno2q1.414a     0     0    1.000000e+00     1     0     0     0     0     0 YYpznno2q1.414a
  -2.462148000e-01  -8.703570000e+00  -2.618100000e-02
   5.187710000e-02  -8.217820000e+00   8.269840000e-01
  -1.754590000e-01  -8.217820000e+00   8.780480000e-01
  -4.198280000e-01  -8.217820000e+00   8.912330000e-01
  -6.832570000e-01  -8.217820000e+00   8.582300000e-01
  -9.434580000e-01  -8.217820000e+00   7.458930000e-01
  -1.121834000e+00  -8.217820000e+00   5.234290000e-01
  -1.180789000e+00  -8.217820000e+00   2.460960000e-01
  -1.158068000e+00  -8.217820000e+00  -2.378800000e-02
  -1.085557000e+00  -8.217820000e+00  -2.677610000e-01
  -9.780870000e-01  -8.217820000e+00  -4.888680000e-01
  -8.305420000e-01  -8.217820000e+00  -6.817370000e-01
  -6.387010000e-01  -8.217820000e+00  -8.335250000e-01
  -4.161229000e-01  -8.217820000e+00  -9.413890000e-01
  -1.694480000e-01  -8.217820000e+00  -9.948340000e-01
   8.334400000e-02  -8.217820000e+00  -9.643610000e-01
   2.854660000e-01  -8.217820000e+00  -8.074930000e-01
   4.145370000e-01  -8.217820000e+00  -6.038660000e-01
   5.017250000e-01  -8.217820000e+00  -4.074650000e-01
   5.561810000e-01  -8.217820000e+00  -2.139040000e-01
   5.384040000e-01  -8.217820000e+00  -1.890200000e-02
   4.839050000e-01  -8.217820000e+00   1.572130000e-01
   4.131650000e-01  -8.217820000e+00   3.193840000e-01
   3.357470000e-01  -8.217820000e+00   4.900700000e-01
   2.276420000e-01  -8.217820000e+00   6.759680000e-01
   8.891660000e-02  -7.732070000e+00   1.194310000e+00
  -2.334520000e-01  -7.732070000e+00   1.259125000e+00
  -5.686990000e-01  -7.732070000e+00   1.237763000e+00
  -8.994050000e-01  -7.732070000e+00   1.141935000e+00
  -1.202928000e+00  -7.732070000e+00   9.576800000e-01
  -1.418520000e+00  -7.732070000e+00   6.713960000e-01
  -1.516600000e+00  -7.732070000e+00   3.316132000e-01
  -1.523030000e+00  -7.732070000e+00  -1.301500000e-02
  -1.459650000e+00  -7.732070000e+00  -3.428790000e-01
  -1.332598000e+00  -7.732070000e+00  -6.499010000e-01
  -1.131129000e+00  -7.732070000e+00  -9.153400000e-01
  -8.617920000e-01  -7.732070000e+00  -1.110840000e+00
  -5.550834000e-01  -7.732070000e+00  -1.235650000e+00
  -2.268710000e-01  -7.732070000e+00  -1.287470000e+00
   1.035210000e-01  -7.732070000e+00  -1.239909000e+00
   3.629010000e-01  -7.732070000e+00  -1.029371000e+00
   5.257500000e-01  -7.732070000e+00  -7.609380000e-01
   6.351340000e-01  -7.732070000e+00  -5.062580000e-01
   7.059860000e-01  -7.732070000e+00  -2.573868000e-01
   6.872410000e-01  -7.732070000e+00  -6.797000000e-03
   6.221710000e-01  -7.732070000e+00   2.213610000e-01
   5.376970000e-01  -7.732070000e+00   4.373930000e-01
   4.505450000e-01  -7.732070000e+00   6.757270000e-01
   3.229450000e-01  -7.732070000e+00   9.550340000e-01
   8.972900000e-02  -7.246310000e+00   1.478160000e+00
  -3.009520000e-01  -7.246310000e+00   1.542930000e+00
  -6.997170000e-01  -7.246310000e+00   1.507374000e+00
  -1.089431000e+00  -7.246310000e+00   1.384688000e+00
  -1.443160000e+00  -7.246310000e+00   1.160894000e+00
  -1.701030000e+00  -7.246310000e+00   8.260600000e-01
  -1.831430000e+00  -7.246310000e+00   4.275288000e-01
  -1.857910000e+00  -7.246310000e+00   1.668100000e-02
  -1.799080000e+00  -7.246310000e+00  -3.865190000e-01
  -1.652860000e+00  -7.246310000e+00  -7.680640000e-01
  -1.404643000e+00  -7.246310000e+00  -1.094050000e+00
  -1.062412000e+00  -7.246310000e+00  -1.314200000e+00
  -6.822710000e-01  -7.246310000e+00  -1.436670000e+00
  -2.920850000e-01  -7.246310000e+00  -1.471310000e+00
   9.138100000e-02  -7.246310000e+00  -1.408105000e+00
   3.809140000e-01  -7.246310000e+00  -1.143656000e+00
   5.452660000e-01  -7.246310000e+00  -8.162660000e-01
   6.558670000e-01  -7.246310000e+00  -5.251500000e-01
   7.481260000e-01  -7.246310000e+00  -2.554712000e-01
   7.880710000e-01  -7.246310000e+00   2.361700000e-02
   7.611910000e-01  -7.246310000e+00   3.071430000e-01
   6.700120000e-01  -7.246310000e+00   5.828120000e-01
   5.594670000e-01  -7.246310000e+00   8.813000000e-01
   3.883980000e-01  -7.246310000e+00   1.214800000e+00
   9.409400000e-02  -6.767560000e+00   1.702210000e+00
  -3.537960000e-01  -6.767560000e+00   1.762460000e+00
  -8.020470000e-01  -6.767560000e+00   1.701660000e+00
  -1.228810000e+00  -6.767560000e+00   1.542637000e+00
  -1.610090000e+00  -6.767560000e+00   1.282342000e+00
  -1.892580000e+00  -6.767560000e+00   9.145060000e-01
  -2.063380000e+00  -6.767560000e+00   4.827276000e-01
  -2.138640000e+00  -6.767560000e+00   2.415300000e-02
  -2.117630000e+00  -6.767560000e+00  -4.502860000e-01
  -1.973090000e+00  -6.767560000e+00  -9.154600000e-01
  -1.672030000e+00  -6.767560000e+00  -1.301750000e+00
  -1.242791000e+00  -6.767560000e+00  -1.530720000e+00
  -7.879060000e-01  -6.767560000e+00  -1.627640000e+00
  -3.444300000e-01  -6.767560000e+00  -1.632400000e+00
   7.915500000e-02  -6.767560000e+00  -1.548250000e+00
   3.988320000e-01  -6.767560000e+00  -1.258010000e+00
   5.774680000e-01  -6.767560000e+00  -8.925840000e-01
   6.980970000e-01  -6.767560000e+00  -5.716180000e-01
   8.079920000e-01  -6.767560000e+00  -2.772724000e-01
   8.815360000e-01  -6.767560000e+00   3.265700000e-02
   8.788740000e-01  -6.767560000e+00   3.618790000e-01
   7.796160000e-01  -6.767560000e+00   6.852490000e-01
   6.486960000e-01  -6.767560000e+00   1.032710000e+00
   4.439540000e-01  -6.767560000e+00   1.411800000e+00
   9.779500000e-02  -6.284800000e+00   1.867060000e+00
  -3.945600000e-01  -6.284800000e+00   1.928910000e+00
  -8.844370000e-01  -6.284800000e+00   1.856890000e+00
  -1.347770000e+00  -6.284800000e+00   1.678361000e+00
  -1.760770000e+00  -6.284800000e+00   1.392382000e+00
  -2.068940000e+00  -6.284800000e+00   9.918580000e-01
  -2.264730000e+00  -6.284800000e+00   5.258001000e-01
  -2.365890000e+00  -6.284800000e+00   2.345300000e-02
  -2.359990000e+00  -6.284800000e+00  -5.052160000e-01
  -2.210810000e+00  -6.284800000e+00  -1.029810000e+00
  -1.868990000e+00  -6.284800000e+00  -1.458390000e+00
  -1.379682000e+00  -6.284800000e+00  -1.698810000e+00
  -8.702050000e-01  -6.284800000e+00  -1.786370000e+00
  -3.839680000e-01  -6.284800000e+00  -1.777200000e+00
   7.451700000e-02  -6.284800000e+00  -1.683170000e+00
   4.275360000e-01  -6.284800000e+00  -1.376940000e+00
   6.270970000e-01  -6.284800000e+00  -9.818540000e-01
   7.615120000e-01  -6.284800000e+00  -6.308530000e-01
   8.840680000e-01  -6.284800000e+00  -3.081999000e-01
   9.649090000e-01  -6.284800000e+00   3.300600000e-02
   9.606970000e-01  -6.284800000e+00   3.943950000e-01
   8.524360000e-01  -6.284800000e+00   7.504410000e-01
   7.083280000e-01  -6.284800000e+00   1.132280000e+00
   4.828210000e-01  -6.284800000e+00   1.549470000e+00
   8.516100000e-02  -5.801050000e+00   2.002360000e+00
  -4.412700000e-01  -5.801050000e+00   2.075020000e+00
  -9.721100000e-01  -5.801050000e+00   2.019090000e+00
  -1.488750000e+00  -5.801050000e+00   1.850486000e+00
  -1.958280000e+00  -5.801050000e+00   1.552312000e+00
  -2.306130000e+00  -5.801050000e+00   1.111111000e+00
  -2.510210000e+00  -5.801050000e+00   5.875741000e-01
  -2.593890000e+00  -5.801050000e+00   3.178000000e-02
  -2.560590000e+00  -5.801050000e+00  -5.373500000e-01
  -2.381430000e+00  -5.801050000e+00  -1.092020000e+00
  -2.015250000e+00  -5.801050000e+00  -1.551450000e+00
  -1.496796000e+00  -5.801050000e+00  -1.812080000e+00
  -9.518390000e-01  -5.801050000e+00  -1.912270000e+00
  -4.295400000e-01  -5.801050000e+00  -1.905720000e+00
   6.466000000e-02  -5.801050000e+00  -1.807900000e+00
   4.497640000e-01  -5.801050000e+00  -1.484030000e+00
   6.645960000e-01  -5.801050000e+00  -1.055870000e+00
   8.086100000e-01  -5.801050000e+00  -6.751370000e-01
   9.387430000e-01  -5.801050000e+00  -3.254259000e-01
   1.022371000e+00  -5.801050000e+00   4.232700000e-02
   1.012744000e+00  -5.801050000e+00   4.306150000e-01
   8.944040000e-01  -5.801050000e+00   8.118170000e-01
   7.414280000e-01  -5.801050000e+00   1.221310000e+00
   4.997446000e-01  -5.801050000e+00   1.669250000e+00
   8.139600000e-02  -4.855630000e+00   2.333170000e+00
  -5.184260000e-01  -4.855630000e+00   2.416810000e+00
  -1.122000000e+00  -4.855630000e+00   2.350470000e+00
  -1.707710000e+00  -4.855630000e+00   2.156270000e+00
  -2.241240000e+00  -4.855630000e+00   1.813446000e+00
  -2.636890000e+00  -4.855630000e+00   1.315322000e+00
  -2.851560000e+00  -4.855630000e+00   7.161583000e-01
  -2.916340000e+00  -4.855630000e+00   9.014500000e-02
  -2.849450000e+00  -4.855630000e+00  -5.367300000e-01
  -2.636690000e+00  -4.855630000e+00  -1.137930000e+00
  -2.245530000e+00  -4.855630000e+00  -1.647320000e+00
  -1.681278000e+00  -4.855630000e+00  -1.943530000e+00
  -1.081604000e+00  -4.855630000e+00  -2.057040000e+00
  -5.055888000e-01  -4.855630000e+00  -2.047430000e+00
   3.954000000e-02  -4.855630000e+00  -1.937680000e+00
   4.528500000e-01  -4.855630000e+00  -1.563296000e+00
   6.616460000e-01  -4.855630000e+00  -1.069510000e+00
   8.007600000e-01  -4.855630000e+00  -6.556590000e-01
   9.472810000e-01  -4.855630000e+00  -2.898417000e-01
   1.077008000e+00  -4.855630000e+00   1.010440000e-01
   1.098447000e+00  -4.855630000e+00   5.336880000e-01
   9.792810000e-01  -4.855630000e+00   9.630430000e-01
   8.189780000e-01  -4.855630000e+00   1.435170000e+00
   5.526162900e-01  -4.855630000e+00   1.952440000e+00
   7.884700000e-02  -3.909210000e+00   2.644100000e+00
  -5.809590000e-01  -3.909210000e+00   2.749100000e+00
  -1.247980000e+00  -3.909210000e+00   2.676090000e+00
  -1.895220000e+00  -3.909210000e+00   2.456630000e+00
  -2.481990000e+00  -3.909210000e+00   2.076959000e+00
  -2.916310000e+00  -3.909210000e+00   1.523271000e+00
  -3.107540000e+00  -3.909210000e+00   8.535661000e-01
  -3.096270000e+00  -3.909210000e+00   1.757740000e-01
  -2.949900000e+00  -3.909210000e+00  -4.614400000e-01
  -2.690050000e+00  -3.909210000e+00  -1.047330000e+00
  -2.309520000e+00  -3.909210000e+00  -1.562850000e+00
  -1.767200000e+00  -3.909210000e+00  -1.898790000e+00
  -1.166153000e+00  -3.909210000e+00  -2.053030000e+00
  -5.666358000e-01  -3.909210000e+00  -2.071100000e+00
   9.362000000e-03  -3.909210000e+00  -1.967070000e+00
   4.343120000e-01  -3.909210000e+00  -1.550900000e+00
   6.197290000e-01  -3.909210000e+00  -1.002666000e+00
   7.453270000e-01  -3.909210000e+00  -5.729530000e-01
   8.979830000e-01  -3.909210000e+00  -2.064339000e-01
   1.052012000e+00  -3.909210000e+00   1.876240000e-01
   1.068208000e+00  -3.909210000e+00   6.286060000e-01
   9.649370000e-01  -3.909210000e+00   1.076660000e+00
   8.301460000e-01  -3.909210000e+00   1.595350000e+00
   5.807498000e-01  -3.909210000e+00   2.195890000e+00
   4.340300000e-02  -2.963800000e+00   2.855380000e+00
  -6.610400000e-01  -2.963800000e+00   2.954140000e+00
  -1.376120000e+00  -2.963800000e+00   2.893500000e+00
  -2.072750000e+00  -2.963800000e+00   2.665610000e+00
  -2.709220000e+00  -2.963800000e+00   2.262050000e+00
  -3.180390000e+00  -2.963800000e+00   1.667489000e+00
  -3.387530000e+00  -2.963800000e+00   9.464598000e-01
  -3.376860000e+00  -2.963800000e+00   2.138740000e-01
  -3.216750000e+00  -2.963800000e+00  -4.726500000e-01
  -2.935310000e+00  -2.963800000e+00  -1.104250000e+00
  -2.522030000e+00  -2.963800000e+00  -1.657020000e+00
  -1.928910000e+00  -2.963800000e+00  -2.003590000e+00
  -1.277597000e+00  -2.963800000e+00  -2.135180000e+00
  -6.469577000e-01  -2.963800000e+00  -2.123940000e+00
  -5.002800000e-02  -2.963800000e+00  -2.003580000e+00
   4.074200000e-01  -2.963800000e+00  -1.602560000e+00
   5.940360000e-01  -2.963800000e+00  -1.018692000e+00
   7.169280000e-01  -2.963800000e+00  -5.640050000e-01
   8.798160000e-01  -2.963800000e+00  -1.845402000e-01
   1.053447000e+00  -2.963800000e+00   2.271120000e-01
   1.064271000e+00  -2.963800000e+00   6.870300000e-01
   9.673320000e-01  -2.963800000e+00   1.163390000e+00
   8.407340000e-01  -2.963800000e+00   1.724720000e+00
   5.845627000e-01  -2.963800000e+00   2.379660000e+00
  -1.032600000e-02  -2.018380000e+00   2.951200000e+00
  -7.422400000e-01  -2.018380000e+00   3.069590000e+00
  -1.494650000e+00  -2.018380000e+00   3.025840000e+00
  -2.241030000e+00  -2.018380000e+00   2.808580000e+00
  -2.928820000e+00  -2.018380000e+00   2.399100000e+00
  -3.433740000e+00  -2.018380000e+00   1.764914000e+00
  -3.645190000e+00  -2.018380000e+00   9.938790000e-01
  -3.622510000e+00  -2.018380000e+00   2.095710000e-01
  -3.442080000e+00  -2.018380000e+00  -5.168800000e-01
  -3.137990000e+00  -2.018380000e+00  -1.178780000e+00
  -2.697350000e+00  -2.018380000e+00  -1.758770000e+00
  -2.074730000e+00  -2.018380000e+00  -2.118960000e+00
  -1.387326000e+00  -2.018380000e+00  -2.247930000e+00
  -7.274214000e-01  -2.018380000e+00  -2.229160000e+00
  -1.051820000e-01  -2.018380000e+00  -2.103220000e+00
   3.909560000e-01  -2.018380000e+00  -1.718400000e+00
   5.978180000e-01  -2.018380000e+00  -1.107149000e+00
   7.177020000e-01  -2.018380000e+00  -6.155870000e-01
   8.640850000e-01  -2.018380000e+00  -2.061210000e-01
   9.924930000e-01  -2.018380000e+00   2.224430000e-01
   9.685080000e-01  -2.018380000e+00   6.790710000e-01
   8.867980000e-01  -2.018380000e+00   1.159003000e+00
   7.851820000e-01  -2.018380000e+00   1.746410000e+00
   5.505200000e-01  -2.018380000e+00   2.456870000e+00
  -1.387900000e-01  -1.072960000e+00   2.961430000e+00
  -8.745300000e-01  -1.072960000e+00   3.097250000e+00
  -1.641820000e+00  -1.072960000e+00   3.070690000e+00
  -2.418170000e+00  -1.072960000e+00   2.882630000e+00
  -3.145020000e+00  -1.072960000e+00   2.476420000e+00
  -3.673340000e+00  -1.072960000e+00   1.822011000e+00
  -3.918630000e+00  -1.072960000e+00   1.023255000e+00
  -3.936860000e+00  -1.072960000e+00   2.025820000e-01
  -3.784810000e+00  -1.072960000e+00  -5.815900000e-01
  -3.484140000e+00  -1.072960000e+00  -1.310100000e+00
  -2.994750000e+00  -1.072960000e+00  -1.933330000e+00
  -2.282720000e+00  -1.072960000e+00  -2.252720000e+00
  -1.526790000e+00  -1.072960000e+00  -2.280320000e+00
  -8.601575000e-01  -1.072960000e+00  -2.175430000e+00
  -2.644030000e-01  -1.072960000e+00  -2.011230000e+00
   2.627660000e-01  -1.072960000e+00  -1.734300000e+00
   5.229660000e-01  -1.072960000e+00  -1.171344000e+00
   6.442030000e-01  -1.072960000e+00  -6.569380000e-01
   7.588350000e-01  -1.072960000e+00  -2.207450000e-01
   7.915370000e-01  -1.072960000e+00   2.150410000e-01
   7.303420000e-01  -1.072960000e+00   6.427110000e-01
   6.844740000e-01  -1.072960000e+00   1.111519000e+00
   6.364980000e-01  -1.072960000e+00   1.721540000e+00
   4.442020000e-01  -1.072960000e+00   2.490830000e+00
  -2.896040000e-01  -3.545410000e-01   2.942920000e+00
   3.281790000e-01  -3.545410000e-01   2.547500000e+00
   5.171060000e-01  -3.545410000e-01   1.750330000e+00
   5.177300000e-01  -3.545410000e-01   1.101040000e+00
   5.243140000e-01  -3.545410000e-01   6.278270000e-01
   5.676230000e-01  -3.545410000e-01   2.165790000e-01
   5.769060000e-01  -3.545410000e-01  -2.092940000e-01
   4.902870000e-01  -3.545410000e-01  -6.502310000e-01
   3.851980000e-01  -3.545410000e-01  -1.177210000e+00
   7.225000000e-02  -3.545410000e-01  -1.653150000e+00
  -4.438090000e-01  -3.545410000e-01  -1.884640000e+00
  -1.005867400e+00  -3.545410000e-01  -2.098830000e+00
  -1.677604000e+00  -3.545410000e-01  -2.299930000e+00
  -2.508150000e+00  -3.545410000e-01  -2.395170000e+00
  -3.335530000e+00  -3.545410000e-01  -2.124460000e+00
  -3.872070000e+00  -3.545410000e-01  -1.448760000e+00
  -4.159710000e+00  -3.545410000e-01  -6.423500000e-01
  -4.260550000e+00  -3.545410000e-01   2.038050000e-01
  -4.177280000e+00  -3.545410000e-01   1.050706000e+00
  -3.886580000e+00  -3.545410000e-01   1.861634000e+00
  -3.340310000e+00  -3.545410000e-01   2.528010000e+00
  -2.585820000e+00  -3.545410000e-01   2.917920000e+00
  -1.790320000e+00  -3.545410000e-01   3.086490000e+00
  -1.020410000e+00  -3.545410000e-01   3.083470000e+00
  -2.794010000e+00  -3.740410000e-01  -1.761560000e+00
  -3.328700000e+00  -3.718410000e-01  -1.469080000e+00
  -1.583320000e+00  -3.704410000e-01   2.736280000e+00
  -1.118480000e+00  -3.789410000e-01   2.420420000e+00
  -2.547380000e+00  -3.997410000e-01   6.996180000e-01
  -2.485130000e+00  -3.981410000e-01   1.033107500e+00
  -2.110400000e+00  -4.003410000e-01   1.016310800e+00
  -9.384957000e-01  -3.710410000e-01  -1.710020000e+00
  -2.128390000e+00  -4.033410000e-01   2.224400000e-01
  -1.733660000e+00  -4.021410000e-01   9.915140000e-01
  -1.418120000e+00  -4.026410000e-01   2.405310000e-01
  -3.052880000e+00  -3.904410000e-01   1.030340000e+00
  -3.152460000e+00  -3.915410000e-01   3.755950000e-01
  -3.671710000e+00  -3.773410000e-01   6.890870000e-01
  -3.027280000e+00  -3.814410000e-01   1.778005000e+00
  -3.215140000e+00  -3.820410000e-01   1.480366000e+00
  -3.171800000e+00  -3.788410000e-01   1.740249000e+00
  -3.444840000e-01  -3.754410000e-01   2.169377000e+00
  -1.006963000e+00  -3.923410000e-01   1.635407000e+00
  -2.354850000e+00  -3.855410000e-01  -1.421060000e+00
  -2.250510000e+00  -3.905410000e-01  -1.172610000e+00
  -2.019948000e+00  -3.890410000e-01  -1.288360000e+00
  -2.122600000e+00  -3.910410000e-01   1.877501000e+00
  -1.931220000e+00  -3.822410000e-01   2.344297000e+00
  -1.852130000e+00  -3.878410000e-01   2.095365000e+00
  -3.551570000e+00  -3.761410000e-01  -8.321400000e-01
  -2.859030000e+00  -3.876410000e-01  -1.036380000e+00
  -1.454793000e+00  -3.740410000e-01  -1.790390000e+00
  -1.794384000e+00  -3.871410000e-01  -1.399120000e+00
  -1.166830000e+00  -3.843410000e-01  -1.371060000e+00
  -2.261260000e+00  -3.788410000e-01   2.381328000e+00
  -2.083930000e+00  -3.698410000e-01   2.707950000e+00
  -2.007330000e+00  -3.761410000e-01   2.531120000e+00
  -2.107533000e+00  -3.743410000e-01  -1.870810000e+00
  -2.584300000e+00  -3.741410000e-01   2.428359000e+00
  -1.635910000e-01  -3.709410000e-01  -1.227270000e+00
  -4.810000000e-02  -3.742410000e-01  -7.350960000e-01
   1.475690000e-01  -3.725410000e-01  -6.488000000e-03
  -2.696640000e+00  -3.986410000e-01   1.265240000e-01
  -3.096940000e+00  -3.910410000e-01  -3.013200000e-01
  -1.416590000e-02  -3.777410000e-01   8.339250000e-01
  -4.020170000e-01  -3.889410000e-01   2.918570000e-01
  -3.497190000e+00  -3.761410000e-01   1.394854900e+00
  -3.685480000e+00  -3.776410000e-01  -6.801100000e-02
  -5.609150000e-01  -3.732410000e-01  -1.488360000e+00
  -7.203240000e-01  -3.869410000e-01  -9.372900000e-01
   1.389210000e-01  -3.702410000e-01   1.627704000e+00
  -3.852530000e-01  -3.849410000e-01   1.432561000e+00
  -2.476730000e+00  -3.987410000e-01  -3.844780000e-01
  -2.799810000e+00  -3.821410000e-01   1.959350000e+00
  -2.924090000e+00  -3.868410000e-01   1.565877000e+00
  -1.091815000e+00  -3.918410000e-01  -9.074400000e-01
  -1.114265000e+00  -3.951410000e-01  -6.390790000e-01
  -1.394450000e+00  -3.932410000e-01   1.725920000e+00
  -1.437060000e+00  -3.872410000e-01   2.108426000e+00
  -1.223660000e+00  -3.900410000e-01   1.881916000e+00
  -2.526730000e+00  -3.809410000e-01   2.193463000e+00
  -2.692060000e+00  -3.783410000e-01   2.193855000e+00
  -2.464150000e+00  -3.873410000e-01   1.938567000e+00
  -2.423890000e+00  -3.960410000e-01   1.365597000e+00
  -2.676490000e+00  -3.919410000e-01   1.465737000e+00
  -1.969850000e+00  -4.027410000e-01  -7.234700000e-02
  -2.224290000e+00  -4.010410000e-01  -2.264130000e-01
  -1.808300000e+00  -4.015410000e-01  -3.581340000e-01
  -1.617210000e+00  -4.025410000e-01  -6.130200000e-02
  -1.375463000e+00  -4.006410000e-01  -2.120090000e-01
  -8.132880000e-01  -3.960410000e-01   8.127197000e-01
  -1.748320000e+00  -3.767410000e-01   2.545290000e+00
  -1.435440000e+00  -3.779410000e-01   2.487850000e+00
  -2.145180000e+00  -3.950410000e-01  -9.341600000e-01
  -1.805241000e+00  -3.955410000e-01  -9.123800000e-01
  -1.803813000e+00  -3.916410000e-01  -1.157750000e+00
  -1.749350000e+00  -3.981410000e-01   1.412974000e+00
  -1.378610000e+00  -3.956410000e-01   1.519191000e+00
  -4.968590000e-01  -3.890410000e-01  -2.806780000e-01
  -2.743380000e+00  -3.939410000e-01   1.197968780e+00
  -2.644380000e+00  -3.969410000e-01   9.542930000e-01
  -2.313450000e+00  -3.971410000e-01  -6.658200000e-01
  -2.507600000e+00  -3.919410000e-01  -9.822700000e-01
  -2.496160000e+00  -3.955410000e-01  -6.873700000e-01
  -2.099470000e+00  -3.954410000e-01   1.586015000e+00
  -2.088620000e+00  -3.975410000e-01   1.389286000e+00
  -3.130470000e+00  -3.755410000e-01   1.990132000e+00
  -8.556610000e-01  -3.969410000e-01   1.377900000e-01
  -8.102870000e-01  -3.942410000e-01  -3.161970000e-01
  -1.317567000e+00  -3.898410000e-01  -1.154330000e+00
  -1.130322000e+00  -3.882410000e-01  -1.149750000e+00
  -1.641302000e+00  -3.985410000e-01  -6.418600000e-01
  -1.893740000e+00  -3.971410000e-01  -7.825100000e-01
  -1.685340000e+00  -3.848410000e-01   2.231361000e+00
  -2.362210000e+00  -3.832410000e-01   2.169948000e+00
  -1.278418000e+00  -4.008410000e-01  -6.509300000e-02
  -9.956880000e-01  -3.978410000e-01  -1.124630000e-01
  -2.061880000e+00  -3.996410000e-01  -5.104800000e-01
  -1.638845000e+00  -3.915410000e-01  -1.147860000e+00
  -1.558976000e+00  -3.888410000e-01  -1.270720000e+00
  -1.132716000e+00  -3.982410000e-01  -3.587170000e-01
  -7.658060000e-01  -3.907410000e-01  -6.297420000e-01
  -1.872800000e+00  -4.031410000e-01   7.956900000e-02
  -1.304510000e+00  -3.969410000e-01  -6.346560000e-01
  -1.388009000e+00  -3.986410000e-01  -4.987910000e-01
  -1.776040000e+00  -3.930410000e-01   1.806434000e+00
  -1.469305000e+00  -3.947410000e-01  -9.025900000e-01
  -2.142510000e+00  -4.005410000e-01  -3.703060000e-01
  -2.695620000e+00  -3.874410000e-01   1.747222000e+00
  -2.988980000e+00  -3.888410000e-01   1.298108900e+00
C Number of facets
  786
C  Size  Node 1  ......Node N Marker
    3    0    1    2    3
    3    0    2    3    3
    3    0    3    4    3
    3    0    4    5    3
    3    0    5    6    3
    3    0    6    7    3
    3    0    7    8    3
    3    0    8    9    3
    3    0    9   10    3
    3    0   10   11    3
    3    0   11   12    3
    3    0   12   13    3
    3    0   13   14    3
    3    0   14   15    3
    3    0   15   16    3
    3    0   16   17    3
    3    0   17   18    3
    3    0   18   19    3
    3    0   19   20    3
    3    0   20   21    3
    3    0   21   22    3
    3    0   22   23    3
    3    0   23   24    3
    3    0   24    1    3
    3    1   25   26    3
    3    1   26    2    3
    3    2   26   27    3
    3    2   27    3    3
    3    3   27   28    3
    3    3   28    4    3
    3    4   28   29    3
    3    4   29    5    3
    3    5   29   30    3
    3    5   30    6    3
    3    6   30   31    3
    3    6   31    7    3
    3    7   31   32    3
    3    7   32    8    3
    3    8   32   33    3
    3    8   33    9    3
    3    9   33   34    3
    3    9   34   10    3
    3   10   34   35    3
    3   10   35   11    3
    3   11   35   36    3
    3   11   36   12    3
    3   12   36   37    3
    3   12   37   13    3
    3   13   37   38    3
    3   13   38   14    3
    3   14   38   39    3
    3   14   39   15    3
    3   15   39   40    3
    3   15   40   16    3
    3   16   40   41    3
    3   16   41   17    3
    3   17   41   42    3
    3   17   42   18    3
    3   18   42   43    3
    3   18   43   19    3
    3   19   43   44    3
    3   19   44   20    3
    3   20   44   45    3
    3   20   45   21    3
    3   21   45   46    3
    3   21   46   22    3
    3   22   46   47    3
    3   22   47   23    3
    3   23   47   48    3
    3   23   48   24    3
    3   24   48   25    3
    3   24   25    1    3
    3   25   49   50    3
    3   25   50   26    3
    3   26   50   51    3
    3   26   51   27    3
    3   27   51   52    3
    3   27   52   28    3
    3   28   52   53    3
    3   28   53   29    3
    3   29   53   54    3
    3   29   54   30    3
    3   30   54   55    3
    3   30   55   31    3
    3   31   55   56    3
    3   31   56   32    3
    3   32   56   57    3
    3   32   57   33    3
    3   33   57   58    3
    3   33   58   34    3
    3   34   58   59    3
    3   34   59   35    3
    3   35   59   60    3
    3   35   60   36    3
    3   36   60   61    3
    3   36   61   37    3
    3   37   61   62    3
    3   37   62   38    3
    3   38   62   63    3
    3   38   63   39    3
    3   39   63   64    3
    3   39   64   40    3
    3   40   64   65    3
    3   40   65   41    3
    3   41   65   66    3
    3   41   66   42    3
    3   42   66   67    3
    3   42   67   43    3
    3   43   67   68    3
    3   43   68   44    3
    3   44   68   69    3
    3   44   69   45    3
    3   45   69   70    3
    3   45   70   46    3
    3   46   70   71    3
    3   46   71   47    3
    3   47   71   72    3
    3   47   72   48    3
    3   48   72   49    3
    3   48   49   25    3
    3   49   73   74    3
    3   49   74   50    3
    3   50   74   75    3
    3   50   75   51    3
    3   51   75   76    3
    3   51   76   52    3
    3   52   76   77    3
    3   52   77   53    3
    3   53   77   78    3
    3   53   78   54    3
    3   54   78   79    3
    3   54   79   55    3
    3   55   79   80    3
    3   55   80   56    3
    3   56   80   81    3
    3   56   81   57    3
    3   57   81   82    3
    3   57   82   58    3
    3   58   82   83    3
    3   58   83   59    3
    3   59   83   84    3
    3   59   84   60    3
    3   60   84   85    3
    3   60   85   61    3
    3   61   85   86    3
    3   61   86   62    3
    3   62   86   87    3
    3   62   87   63    3
    3   63   87   88    3
    3   63   88   64    3
    3   64   88   89    3
    3   64   89   65    3
    3   65   89   90    3
    3   65   90   66    3
    3   66   90   91    3
    3   66   91   67    3
    3   67   91   92    3
    3   67   92   68    3
    3   68   92   93    3
    3   68   93   69    3
    3   69   93   94    3
    3   69   94   70    3
    3   70   94   95    3
    3   70   95   71    3
    3   71   95   96    3
    3   71   96   72    3
    3   72   96   73    3
    3   72   73   49    3
    3   73   97   98    3
    3   73   98   74    3
    3   74   98   99    3
    3   74   99   75    3
    3   75   99  100    3
    3   75  100   76    3
    3   76  100  101    3
    3   76  101   77    3
    3   77  101  102    3
    3   77  102   78    3
    3   78  102  103    3
    3   78  103   79    3
    3   79  103  104    3
    3   79  104   80    3
    3   80  104  105    3
    3   80  105   81    3
    3   81  105  106    3
    3   81  106   82    3
    3   82  106  107    3
    3   82  107   83    3
    3   83  107  108    3
    3   83  108   84    3
    3   84  108  109    3
    3   84  109   85    3
    3   85  109  110    3
    3   85  110   86    3
    3   86  110  111    3
    3   86  111   87    3
    3   87  111  112    3
    3   87  112   88    3
    3   88  112  113    3
    3   88  113   89    3
    3   89  113  114    3
    3   89  114   90    3
    3   90  114  115    3
    3   90  115   91    3
    3   91  115  116    3
    3   91  116   92    3
    3   92  116  117    3
    3   92  117   93    3
    3   93  117  118    3
    3   93  118   94    3
    3   94  118  119    3
    3   94  119   95    3
    3   95  119  120    3
    3   95  120   96    3
    3   96  120   97    3
    3   96   97   73    3
    3   97  121  122    3
    3   97  122   98    3
    3   98  122  123    3
    3   98  123   99    3
    3   99  123  124    3
    3   99  124  100    3
    3  100  124  125    3
    3  100  125  101    3
    3  101  125  126    3
    3  101  126  102    3
    3  102  126  127    3
    3  102  127  103    3
    3  103  127  128    3
    3  103  128  104    3
    3  104  128  129    3
    3  104  129  105    3
    3  105  129  130    3
    3  105  130  106    3
    3  106  130  131    3
    3  106  131  107    3
    3  107  131  132    3
    3  107  132  108    3
    3  108  132  133    3
    3  108  133  109    3
    3  109  133  134    3
    3  109  134  110    3
    3  110  134  135    3
    3  110  135  111    3
    3  111  135  136    3
    3  111  136  112    3
    3  112  136  137    3
    3  112  137  113    3
    3  113  137  138    3
    3  113  138  114    3
    3  114  138  139    3
    3  114  139  115    3
    3  115  139  140    3
    3  115  140  116    3
    3  116  140  141    3
    3  116  141  117    3
    3  117  141  142    3
    3  117  142  118    3
    3  118  142  143    3
    3  118  143  119    3
    3  119  143  144    3
    3  119  144  120    3
    3  120  144  121    3
    3  120  121   97    3
    3  121  145  146    3
    3  121  146  122    3
    3  122  146  147    3
    3  122  147  123    3
    3  123  147  148    3
    3  123  148  124    3
    3  124  148  149    3
    3  124  149  125    3
    3  125  149  150    3
    3  125  150  126    3
    3  126  150  151    3
    3  126  151  127    3
    3  127  151  152    3
    3  127  152  128    3
    3  128  152  153    3
    3  128  153  129    3
    3  129  153  154    3
    3  129  154  130    3
    3  130  154  155    3
    3  130  155  131    3
    3  131  155  156    3
    3  131  156  132    3
    3  132  156  157    3
    3  132  157  133    3
    3  133  157  158    3
    3  133  158  134    3
    3  134  158  159    3
    3  134  159  135    3
    3  135  159  160    3
    3  135  160  136    3
    3  136  160  161    3
    3  136  161  137    3
    3  137  161  162    3
    3  137  162  138    3
    3  138  162  163    3
    3  138  163  139    3
    3  139  163  164    3
    3  139  164  140    3
    3  140  164  165    3
    3  140  165  141    3
    3  141  165  166    3
    3  141  166  142    3
    3  142  166  167    3
    3  142  167  143    3
    3  143  167  168    3
    3  143  168  144    3
    3  144  168  145    3
    3  144  145  121    3
    3  145  169  170    3
    3  145  170  146    3
    3  146  170  171    3
    3  146  171  147    3
    3  147  171  172    3
    3  147  172  148    3
    3  148  172  173    3
    3  148  173  149    3
    3  149  173  174    3
    3  149  174  150    3
    3  150  174  175    3
    3  150  175  151    3
    3  151  175  176    3
    3  151  176  152    3
    3  152  176  177    3
    3  152  177  153    3
    3  153  177  178    3
    3  153  178  154    3
    3  154  178  179    3
    3  154  179  155    3
    3  155  179  180    3
    3  155  180  156    3
    3  156  180  181    3
    3  156  181  157    3
    3  157  181  182    3
    3  157  182  158    3
    3  158  182  183    3
    3  158  183  159    3
    3  159  183  184    3
    3  159  184  160    3
    3  160  184  185    3
    3  160  185  161    3
    3  161  185  186    3
    3  161  186  162    3
    3  162  186  187    3
    3  162  187  163    3
    3  163  187  188    3
    3  163  188  164    3
    3  164  188  189    3
    3  164  189  165    3
    3  165  189  190    3
    3  165  190  166    3
    3  166  190  191    3
    3  166  191  167    3
    3  167  191  192    3
    3  167  192  168    3
    3  168  192  169    3
    3  168  169  145    3
    3  169  193  194    3
    3  169  194  170    3
    3  170  194  195    3
    3  170  195  171    3
    3  171  195  196    3
    3  171  196  172    3
    3  172  196  197    3
    3  172  197  173    3
    3  173  197  198    3
    3  173  198  174    3
    3  174  198  199    3
    3  174  199  175    3
    3  175  199  200    3
    3  175  200  176    3
    3  176  200  201    3
    3  176  201  177    3
    3  177  201  202    3
    3  177  202  178    3
    3  178  202  203    3
    3  178  203  179    3
    3  179  203  204    3
    3  179  204  180    3
    3  180  204  205    3
    3  180  205  181    3
    3  181  205  206    3
    3  181  206  182    3
    3  182  206  207    3
    3  182  207  183    3
    3  183  207  208    3
    3  183  208  184    3
    3  184  208  209    3
    3  184  209  185    3
    3  185  209  210    3
    3  185  210  186    3
    3  186  210  211    3
    3  186  211  187    3
    3  187  211  212    3
    3  187  212  188    3
    3  188  212  213    3
    3  188  213  189    3
    3  189  213  214    3
    3  189  214  190    3
    3  190  214  215    3
    3  190  215  191    3
    3  191  215  216    3
    3  191  216  192    3
    3  192  216  193    3
    3  192  193  169    3
    3  193  217  218    3
    3  193  218  194    3
    3  194  218  219    3
    3  194  219  195    3
    3  195  219  220    3
    3  195  220  196    3
    3  196  220  221    3
    3  196  221  197    3
    3  197  221  222    3
    3  197  222  198    3
    3  198  222  223    3
    3  198  223  199    3
    3  199  223  224    3
    3  199  224  200    3
    3  200  224  225    3
    3  200  225  201    3
    3  201  225  226    3
    3  201  226  202    3
    3  202  226  227    3
    3  202  227  203    3
    3  203  227  228    3
    3  203  228  204    3
    3  204  228  229    3
    3  204  229  205    3
    3  205  229  230    3
    3  205  230  206    3
    3  206  230  231    3
    3  206  231  207    3
    3  207  231  232    3
    3  207  232  208    3
    3  208  232  233    3
    3  208  233  209    3
    3  209  233  234    3
    3  209  234  210    3
    3  210  234  235    3
    3  210  235  211    3
    3  211  235  236    3
    3  211  236  212    3
    3  212  236  237    3
    3  212  237  213    3
    3  213  237  238    3
    3  213  238  214    3
    3  214  238  239    3
    3  214  239  215    3
    3  215  239  240    3
    3  215  240  216    3
    3  216  240  217    3
    3  216  217  193    3
    3  217  241  242    3
    3  217  242  218    3
    3  218  242  243    3
    3  218  243  219    3
    3  219  243  244    3
    3  219  244  220    3
    3  220  244  245    3
    3  220  245  221    3
    3  221  245  246    3
    3  221  246  222    3
    3  222  246  247    3
    3  222  247  223    3
    3  223  247  248    3
    3  223  248  224    3
    3  224  248  249    3
    3  224  249  225    3
    3  225  249  250    3
    3  225  250  226    3
    3  226  250  251    3
    3  226  251  227    3
    3  227  251  252    3
    3  227  252  228    3
    3  228  252  253    3
    3  228  253  229    3
    3  229  253  254    3
    3  229  254  230    3
    3  230  254  255    3
    3  230  255  231    3
    3  231  255  256    3
    3  231  256  232    3
    3  232  256  257    3
    3  232  257  233    3
    3  233  257  258    3
    3  233  258  234    3
    3  234  258  259    3
    3  234  259  235    3
    3  235  259  260    3
    3  235  260  236    3
    3  236  260  261    3
    3  236  261  237    3
    3  237  261  262    3
    3  237  262  238    3
    3  238  262  263    3
    3  238  263  239    3
    3  239  263  264    3
    3  239  264  240    3
    3  240  264  241    3
    3  240  241  217    3
    3  264  265  241    3
    3  264  266  265    3
    3  263  266  264    3
    3  263  267  266    3
    3  262  267  263    3
    3  262  268  267    3
    3  261  268  262    3
    3  261  269  268    3
    3  260  269  261    3
    3  260  270  269    3
    3  259  270  260    3
    3  259  271  270    3
    3  258  271  259    3
    3  258  272  271    3
    3  257  272  258    3
    3  257  273  272    3
    3  256  273  257    3
    3  256  274  273    3
    3  255  274  256    3
    3  255  275  274    3
    3  254  275  255    3
    3  254  276  275    3
    3  253  276  254    3
    3  253  277  276    3
    3  252  277  253    3
    3  252  278  277    3
    3  251  278  252    3
    3  251  279  278    3
    3  250  279  251    3
    3  250  280  279    3
    3  249  280  250    3
    3  249  281  280    3
    3  248  281  249    3
    3  248  282  281    3
    3  247  282  248    3
    3  247  283  282    3
    3  246  283  247    3
    3  246  284  283    3
    3  245  284  246    3
    3  245  285  284    3
    3  244  285  245    3
    3  244  286  285    3
    3  243  286  244    3
    3  243  287  286    3
    3  242  287  243    3
    3  242  288  287    3
    3  241  288  242    3
    3  241  265  288    3
    3  289  279  290    1
    3  291  288  292    1
    3  293  294  295    3
    3  296  275  276    1
    3  297  298  299    1
    3  300  301  302    1
    3  303  304  305    3
    3  292  306  307    1
    3  308  309  310    4
    3  300  293  301    1
    3  311  312  313    3
    3  290  314  315    1
    3  316  317  318    1
    3  319  320  321    3
    3  317  322  308    1
    3  286  323  285    1
    3  286  287  320    1
    3  298  297  293    1
    3  324  325  273    1
    3  326  271  272    1
    3  327  328  301    1
    3  329  326  330    1
    3  300  331  304    1
    3  332  282  302    1
    3  272  325  326    1
    3  296  276  316    1
    3  296  333  275    1
    3  324  334  325    1
    3  335  329  336    1
    3  315  328  337    1
    3  338  339  303    3
    3  334  340  341    4
    3  279  289  278    1
    3  274  275  333    1
    3  322  278  289    1
    3  342  343  344    3
    3  332  301  328    1
    3  314  290  280    1
    3  345  338  346    3
    3  324  333  334    1
    3  277  316  276    1
    3  266  267  335    1
    3  288  291  287    1
    3  347  348  349    3
    3  316  322  317    1
    3  297  350  351    4
    3  327  301  293    1
    3  283  331  302    1
    3  352  353  354    4
    3  326  269  270    1
    3  332  302  301    1
    3  355  299  298    1
    3  312  356  357    3
    3  330  355  329    1
    3  336  306  335    1
    3  271  326  270    1
    3  358  359  360    4
    3  298  361  362    3
    3  283  302  282    1
    3  336  329  355    1
    3  326  363  330    1
    3  265  292  288    1
    3  300  364  365    3
    3  366  367  368    4
    3  333  318  334    1
    3  369  361  370    3
    3  327  293  297    1
    3  278  322  277    1
    3  320  291  356    3
    3  371  285  323    1
    3  363  325  334    1
    3  371  331  284    1
    3  364  339  349    3
    3  268  335  267    1
    3  372  363  373    4
    3  280  290  279    1
    3  266  306  265    1
    3  316  277  322    1
    3  328  315  314    1
    3  308  315  367    1
    3  355  330  372    1
    3  327  297  337    1
    3  280  281  314    1
    3  374  340  375    4
    3  296  316  318    1
    3  352  376  377    4
    3  355  307  336    1
    3  292  343  378    3
    3  326  325  363    1
    3  320  287  291    1
    3  345  319  379    3
    3  380  372  381    4
    3  358  366  382    4
    3  268  329  335    1
    3  273  274  324    1
    3  336  307  306    1
    3  265  306  292    1
    3  296  318  333    1
    3  383  374  384    4
    3  329  268  269    1
    3  385  373  386    4
    3  333  324  274    1
    3  283  284  331    1
    3  298  307  355    1
    3  299  353  387    4
    3  308  289  315    1
    3  273  325  272    1
    3  327  337  328    1
    3  388  376  389    4
    3  314  332  328    1
    3  281  282  332    1
    3  315  289  290    1
    3  363  372  330    1
    3  355  372  299    1
    3  285  371  284    1
    3  314  281  332    1
    3  269  326  329    1
    3  369  347  311    3
    3  266  335  306    1
    3  286  320  323    1
    3  308  322  289    1
    3  300  302  331    1
    3  343  390  313    3
    3  292  307  344    3
    3  298  348  370    3
    3  361  390  342    3
    3  343  342  390    3
    3  342  307  362    3
    3  347  369  348    3
    3  361  369  390    3
    3  369  311  390    3
    3  312  311  347    3
    3  311  313  390    3
    3  313  312  378    3
    3  298  362  307    3
    3  342  362  361    3
    3  342  344  307    3
    3  292  344  343    3
    3  369  370  348    3
    3  298  370  361    3
    3  292  378  312    3
    3  313  378  343    3
    3  334  318  375    4
    3  340  391  388    4
    3  318  317  384    4
    3  340  374  391    4
    3  352  385  389    4
    3  376  391  359    4
    3  376  388  391    4
    3  388  385  341    4
    3  359  391  383    4
    3  359  358  377    4
    3  374  383  391    4
    3  383  317  360    4
    3  374  375  318    4
    3  334  375  340    4
    3  334  341  385    4
    3  388  341  340    4
    3  388  389  385    4
    3  352  389  376    4
    3  352  377  358    4
    3  359  377  376    4
    3  358  360  317    4
    3  383  360  359    4
    3  383  384  317    4
    3  318  384  374    4
    3  367  358  309    4
    3  315  337  368    1
    3  353  352  350    4
    3  353  299  380    4
    3  372  380  299    4
    3  380  385  354    4
    3  350  352  392    4
    3  350  297  387    4
    3  366  337  392    4
    3  367  366  358    4
    3  363  334  386    4
    3  373  385  381    4
    3  392  337  351    4
    3  392  352  382    4
    3  380  381  385    4
    3  373  381  372    4
    3  358  317  310    4
    3  367  309  308    4
    3  385  386  334    4
    3  363  386  373    4
    3  366  368  337    4
    3  315  368  367    1
    3  299  387  297    4
    3  350  387  353    4
    3  352  354  385    4
    3  380  354  353    4
    3  358  382  352    4
    3  392  382  366    4
    3  297  351  337    4
    3  392  351  350    4
    3  308  310  317    4
    3  358  310  309    4
    3  312  347  379    3
    3  320  319  323    3
    3  371  323  346    3
    3  338  347  393    3
    3  364  300  394    3
    3  364  348  294    3
    3  319  345  323    3
    3  338  345  347    3
    3  348  298  295    3
    3  294  293  365    3
    3  304  339  394    3
    3  331  371  305    1
    3  364  349  348    3
    3  349  339  393    3
    3  338  393  339    3
    3  349  393  347    3
    3  338  303  371    3
    3  304  303  339    3
    3  356  312  321    3
    3  291  292  357    3
    3  364  394  339    3
    3  304  394  300    3
    3  319  321  312    3
    3  356  321  320    3
    3  293  295  298    3
    3  348  295  294    3
    3  312  357  292    3
    3  291  357  356    3
    3  345  346  323    3
    3  371  346  338    3
    3  303  305  371    3
    3  331  305  304    1
    3  345  379  347    3
    3  312  379  319    3
    3  300  365  293    3
    3  294  365  364    3
C Prescribed Values(Inlet, Outlet), InteractionSurface(Inlet, Outlet)
       3        1        0        2        2        2
C Inlet Velocity
C     Vx,           Vy,            Vz,    indVx,indVy,indVz, FunID (3E18.9, 4I5)
   0.000000000e+00   1.000000000e+00   0.000000000e+00    1    0    1    4
C Inlet Pressure, FunID (E18.9,I5)
   1.000000000e+00    3
C Outlet Pressure (E18.9,I5)
   1.000000000e+00    2
C Inlet Velocity
C nNodeID,    Vx,           Vy,            Vz (I5, 3E18.9)
  265
    1   1.200000000e+00   4.000000000e+00  -4.000000000e-01
    2   4.000000000e-01   4.000000000e+00  -1.600000000e+00
    3   8.000000000e-01   4.000000000e+00  -1.400000000e+00
    4   1.100000000e+00   4.000000000e+00  -1.300000000e+00
    5   1.300000000e+00   4.000000000e+00  -1.200000000e+00
    6   1.600000000e+00   4.000000000e+00  -1.100000000e+00
    7   1.800000000e+00   4.000000000e+00  -9.000000000e-01
    8   2.300000000e+00   4.000000000e+00  -7.000000000e-01
    9   2.900000000e+00   4.000000000e+00  -3.000000000e-01
   10   3.100000000e+00   4.000000000e+00   3.000000000e-01
   11   3.000000000e+00   4.000000000e+00   1.000000000e+00
   12   2.600000000e+00   4.000000000e+00   1.400000000e+00
   13   1.900000000e+00   4.000000000e+00   1.500000000e+00
   14   1.300000000e+00   4.000000000e+00   1.300000000e+00
   15   8.000000000e-01   4.000000000e+00   1.000000000e+00
   16   6.000000000e-01   4.000000000e+00   8.000000000e-01
   17   7.000000000e-01   4.000000000e+00   0.000000000e+00
   18   1.300000000e+00   4.000000000e+00  -7.000000000e-01
   19   1.800000000e+00   4.000000000e+00  -7.000000000e-01
   20   1.400000000e+00   4.000000000e+00  -3.000000000e-01
   21   0.000000000e+00   4.000000000e+00  -2.000000000e-01
   22  -8.000000000e-01   4.000000000e+00  -7.000000000e-01
   23  -9.000000000e-01   4.000000000e+00  -1.200000000e+00
   24  -7.000000000e-01   4.000000000e+00  -1.700000000e+00
   25  -2.000000000e-01   4.000000000e+00  -1.900000000e+00
   26   1.000000000e-01   3.000000000e+00  -2.900000000e+00
   27   8.000000000e-01   3.000000000e+00  -2.800000000e+00
   28   1.500000000e+00   3.000000000e+00  -2.300000000e+00
   29   1.700000000e+00   3.000000000e+00  -1.800000000e+00
   30   1.900000000e+00   3.000000000e+00  -1.300000000e+00
   31   2.100000000e+00   3.000000000e+00  -9.000000000e-01
   32   2.600000000e+00   3.000000000e+00  -8.000000000e-01
   33   3.400000000e+00   3.000000000e+00  -3.000000000e-01
   34   3.700000000e+00   3.000000000e+00   5.000000000e-01
   35   3.700000000e+00   3.000000000e+00   1.300000000e+00
   36   3.300000000e+00   3.000000000e+00   2.000000000e+00
   37   2.500000000e+00   3.000000000e+00   2.300000000e+00
   38   1.700000000e+00   3.000000000e+00   2.300000000e+00
   39   1.000000000e+00   3.000000000e+00   2.000000000e+00
   40   4.000000000e-01   3.000000000e+00   1.700000000e+00
   41   4.000000000e-01   3.000000000e+00   6.000000000e-01
   42   1.000000000e+00   3.000000000e+00  -3.000000000e-01
   43   1.500000000e+00   3.000000000e+00  -5.000000000e-01
   44   1.100000000e+00   3.000000000e+00  -3.000000000e-01
   45  -1.000000000e-01   3.000000000e+00  -2.000000000e-01
   46  -9.000000000e-01   3.000000000e+00  -7.000000000e-01
   47  -1.000000000e+00   3.000000000e+00  -1.400000000e+00
   48  -9.000000000e-01   3.000000000e+00  -2.100000000e+00
   49  -5.000000000e-01   3.000000000e+00  -2.700000000e+00
   50   2.000000000e-01   2.600000000e+00  -4.700000000e+00
   51   1.300000000e+00   2.600000000e+00  -4.600000000e+00
   52   2.200000000e+00   2.600000000e+00  -4.100000000e+00
   53   2.600000000e+00   2.600000000e+00  -3.200000000e+00
   54   2.700000000e+00   2.600000000e+00  -2.400000000e+00
   55   3.100000000e+00   2.600000000e+00  -1.900000000e+00
   56   3.700000000e+00   2.600000000e+00  -1.600000000e+00
   57   4.300000000e+00   2.600000000e+00  -1.000000000e+00
   58   4.700000000e+00   2.600000000e+00   0.000000000e+00
   59   4.600000000e+00   2.600000000e+00   1.000000000e+00
   60   4.100000000e+00   2.600000000e+00   1.900000000e+00
   61   3.000000000e+00   2.600000000e+00   1.900000000e+00
   62   2.000000000e+00   2.600000000e+00   1.600000000e+00
   63   1.400000000e+00   2.600000000e+00   1.100000000e+00
   64   9.000000000e-01   2.600000000e+00   9.000000000e-01
   65   8.000000000e-01   2.600000000e+00   0.000000000e+00
   66   1.300000000e+00   2.600000000e+00  -8.000000000e-01
   67   1.700000000e+00   2.600000000e+00  -1.000000000e+00
   68   1.600000000e+00   2.600000000e+00  -9.000000000e-01
   69   5.000000000e-01   2.600000000e+00  -8.000000000e-01
   70  -4.000000000e-01   2.600000000e+00  -1.200000000e+00
   71  -6.000000000e-01   2.600000000e+00  -2.000000000e+00
   72  -7.000000000e-01   2.600000000e+00  -2.800000000e+00
   73  -5.000000000e-01   2.600000000e+00  -3.900000000e+00
   74   1.000000000e-01   2.800000000e+00  -6.300000000e+00
   75   1.500000000e+00   2.800000000e+00  -6.300000000e+00
   76   2.600000000e+00   2.800000000e+00  -5.300000000e+00
   77   3.100000000e+00   2.800000000e+00  -3.900000000e+00
   78   3.100000000e+00   2.800000000e+00  -2.700000000e+00
   79   3.400000000e+00   2.800000000e+00  -2.200000000e+00
   80   4.100000000e+00   2.800000000e+00  -1.800000000e+00
   81   5.000000000e+00   2.800000000e+00  -1.100000000e+00
   82   5.800000000e+00   2.800000000e+00   0.000000000e+00
   83   5.900000000e+00   2.800000000e+00   1.500000000e+00
   84   5.200000000e+00   2.800000000e+00   2.500000000e+00
   85   3.600000000e+00   2.800000000e+00   2.600000000e+00
   86   2.400000000e+00   2.800000000e+00   1.900000000e+00
   87   1.600000000e+00   2.800000000e+00   1.200000000e+00
   88   1.000000000e+00   2.800000000e+00   9.000000000e-01
   89   9.000000000e-01   2.800000000e+00   2.000000000e-01
   90   1.300000000e+00   2.800000000e+00  -6.000000000e-01
   91   1.500000000e+00   2.800000000e+00  -9.000000000e-01
   92   1.400000000e+00   2.800000000e+00  -9.000000000e-01
   93   6.000000000e-01   2.800000000e+00  -1.000000000e+00
   94  -3.000000000e-01   2.800000000e+00  -1.500000000e+00
   95  -5.000000000e-01   2.800000000e+00  -2.200000000e+00
   96  -8.000000000e-01   2.800000000e+00  -3.300000000e+00
   97  -8.000000000e-01   2.800000000e+00  -5.000000000e+00
   98  -1.000000000e-01   2.700000000e+00  -7.000000000e+00
   99   1.500000000e+00   2.700000000e+00  -7.000000000e+00
  100   2.800000000e+00   2.700000000e+00  -5.800000000e+00
  101   3.300000000e+00   2.700000000e+00  -4.000000000e+00
  102   3.000000000e+00   2.700000000e+00  -2.400000000e+00
  103   3.000000000e+00   2.700000000e+00  -1.800000000e+00
  104   3.900000000e+00   2.700000000e+00  -1.600000000e+00
  105   5.200000000e+00   2.700000000e+00  -1.000000000e+00
  106   6.300000000e+00   2.700000000e+00   3.000000000e-01
  107   6.700000000e+00   2.700000000e+00   2.000000000e+00
  108   5.800000000e+00   2.700000000e+00   3.200000000e+00
  109   4.100000000e+00   2.700000000e+00   3.300000000e+00
  110   2.600000000e+00   2.700000000e+00   2.600000000e+00
  111   1.700000000e+00   2.700000000e+00   1.800000000e+00
  112   1.100000000e+00   2.700000000e+00   1.500000000e+00
  113   7.000000000e-01   2.700000000e+00   8.000000000e-01
  114   1.000000000e+00   2.700000000e+00  -1.000000000e-01
  115   1.200000000e+00   2.700000000e+00  -6.000000000e-01
  116   1.100000000e+00   2.700000000e+00  -7.000000000e-01
  117   5.000000000e-01   2.700000000e+00  -8.000000000e-01
  118   0.000000000e+00   2.700000000e+00  -1.200000000e+00
  119  -3.000000000e-01   2.700000000e+00  -1.900000000e+00
  120  -8.000000000e-01   2.700000000e+00  -3.100000000e+00
  121  -1.000000000e+00   2.700000000e+00  -5.200000000e+00
  122  -2.000000000e-01   2.500000000e+00  -7.400000000e+00
  123   1.600000000e+00   2.500000000e+00  -7.400000000e+00
  124   3.100000000e+00   2.500000000e+00  -6.300000000e+00
  125   3.700000000e+00   2.500000000e+00  -4.400000000e+00
  126   3.400000000e+00   2.500000000e+00  -2.700000000e+00
  127   3.400000000e+00   2.500000000e+00  -2.000000000e+00
  128   4.100000000e+00   2.500000000e+00  -1.600000000e+00
  129   5.100000000e+00   2.500000000e+00  -9.000000000e-01
  130   6.100000000e+00   2.500000000e+00   2.000000000e-01
  131   6.400000000e+00   2.500000000e+00   1.700000000e+00
  132   5.600000000e+00   2.500000000e+00   3.000000000e+00
  133   4.200000000e+00   2.500000000e+00   3.400000000e+00
  134   2.800000000e+00   2.500000000e+00   3.200000000e+00
  135   1.700000000e+00   2.500000000e+00   2.700000000e+00
  136   1.000000000e+00   2.500000000e+00   2.300000000e+00
  137   5.000000000e-01   2.500000000e+00   1.300000000e+00
  138   1.000000000e+00   2.500000000e+00   0.000000000e+00
  139   1.400000000e+00   2.500000000e+00  -6.000000000e-01
  140   1.500000000e+00   2.500000000e+00  -7.000000000e-01
  141   9.000000000e-01   2.500000000e+00  -8.000000000e-01
  142   4.000000000e-01   2.500000000e+00  -1.100000000e+00
  143   1.000000000e-01   2.500000000e+00  -1.800000000e+00
  144  -6.000000000e-01   2.500000000e+00  -3.000000000e+00
  145  -1.000000000e+00   2.500000000e+00  -5.500000000e+00
  146  -3.000000000e-01   2.300000000e+00  -7.100000000e+00
  147   1.500000000e+00   2.300000000e+00  -7.100000000e+00
  148   2.900000000e+00   2.300000000e+00  -5.900000000e+00
  149   3.400000000e+00   2.300000000e+00  -4.000000000e+00
  150   3.100000000e+00   2.300000000e+00  -2.000000000e+00
  151   3.000000000e+00   2.300000000e+00  -1.400000000e+00
  152   3.700000000e+00   2.300000000e+00  -1.200000000e+00
  153   4.800000000e+00   2.300000000e+00  -6.000000000e-01
  154   5.900000000e+00   2.300000000e+00   5.000000000e-01
  155   6.100000000e+00   2.300000000e+00   2.000000000e+00
  156   5.600000000e+00   2.300000000e+00   3.400000000e+00
  157   4.300000000e+00   2.300000000e+00   4.100000000e+00
  158   2.900000000e+00   2.300000000e+00   4.200000000e+00
  159   1.700000000e+00   2.300000000e+00   4.000000000e+00
  160   6.000000000e-01   2.300000000e+00   3.500000000e+00
  161   1.000000000e-01   2.300000000e+00   2.200000000e+00
  162   7.000000000e-01   2.300000000e+00   5.000000000e-01
  163   1.200000000e+00   2.300000000e+00  -2.000000000e-01
  164   1.100000000e+00   2.300000000e+00  -3.000000000e-01
  165   5.000000000e-01   2.300000000e+00  -4.000000000e-01
  166   1.000000000e-01   2.300000000e+00  -9.000000000e-01
  167  -3.000000000e-01   2.300000000e+00  -1.500000000e+00
  168  -1.000000000e+00   2.300000000e+00  -2.900000000e+00
  169  -1.200000000e+00   2.300000000e+00  -5.200000000e+00
  170  -1.000000000e-01   2.000000000e+00  -7.100000000e+00
  171   1.700000000e+00   2.000000000e+00  -7.500000000e+00
  172   3.000000000e+00   2.000000000e+00  -6.000000000e+00
  173   3.700000000e+00   2.000000000e+00  -4.000000000e+00
  174   3.500000000e+00   2.000000000e+00  -2.000000000e+00
  175   3.500000000e+00   2.000000000e+00  -2.000000000e+00
  176   4.300000000e+00   2.000000000e+00  -1.500000000e+00
  177   5.400000000e+00   2.000000000e+00  -8.000000000e-01
  178   6.200000000e+00   2.000000000e+00   4.000000000e-01
  179   6.300000000e+00   2.000000000e+00   1.800000000e+00
  180   5.800000000e+00   2.000000000e+00   3.200000000e+00
  181   4.500000000e+00   2.000000000e+00   3.800000000e+00
  182   3.100000000e+00   2.000000000e+00   3.800000000e+00
  183   1.800000000e+00   2.000000000e+00   3.600000000e+00
  184   8.000000000e-01   2.000000000e+00   3.200000000e+00
  185   5.000000000e-01   2.000000000e+00   1.700000000e+00
  186   1.200000000e+00   2.000000000e+00  -1.000000000e-01
  187   1.800000000e+00   2.000000000e+00  -6.000000000e-01
  188   1.700000000e+00   2.000000000e+00  -6.000000000e-01
  189   7.000000000e-01   2.000000000e+00  -6.000000000e-01
  190   1.000000000e-01   2.000000000e+00  -1.100000000e+00
  191  -4.000000000e-01   2.000000000e+00  -1.800000000e+00
  192  -8.000000000e-01   2.000000000e+00  -3.200000000e+00
  193  -1.000000000e+00   2.000000000e+00  -5.400000000e+00
  194   5.000000000e-01   1.800000000e+00  -7.000000000e+00
  195   2.100000000e+00   1.800000000e+00  -6.000000000e+00
  196   3.500000000e+00   1.800000000e+00  -6.000000000e+00
  197   4.400000000e+00   1.800000000e+00  -5.000000000e+00
  198   5.000000000e+00   1.800000000e+00  -3.000000000e+00
  199   5.400000000e+00   1.800000000e+00  -2.000000000e+00
  200   6.300000000e+00   1.800000000e+00  -2.000000000e+00
  201   7.100000000e+00   1.800000000e+00  -1.000000000e+00
  202   7.800000000e+00   1.800000000e+00   5.000000000e-01
  203   7.700000000e+00   1.800000000e+00   2.200000000e+00
  204   6.800000000e+00   1.800000000e+00   3.600000000e+00
  205   5.200000000e+00   1.800000000e+00   4.200000000e+00
  206   3.600000000e+00   1.800000000e+00   3.800000000e+00
  207   2.400000000e+00   1.800000000e+00   3.100000000e+00
  208   1.400000000e+00   1.800000000e+00   2.500000000e+00
  209   9.000000000e-01   1.800000000e+00   1.700000000e+00
  210   1.500000000e+00   1.800000000e+00   0.000000000e+00
  211   2.100000000e+00   1.800000000e+00  -7.000000000e-01
  212   1.800000000e+00   1.800000000e+00  -6.000000000e-01
  213   5.000000000e-01   1.800000000e+00  -8.000000000e-01
  214  -2.000000000e-01   1.800000000e+00  -1.400000000e+00
  215  -5.000000000e-01   1.800000000e+00  -2.300000000e+00
  216  -7.000000000e-01   1.800000000e+00  -3.700000000e+00
  217  -6.000000000e-01   1.800000000e+00  -5.600000000e+00
  218   7.000000000e-01   1.600000000e+00  -7.000000000e+00
  219   2.200000000e+00   1.600000000e+00  -7.000000000e+00
  220   3.700000000e+00   1.600000000e+00  -7.000000000e+00
  221   4.800000000e+00   1.600000000e+00  -5.000000000e+00
  222   5.400000000e+00   1.600000000e+00  -4.000000000e+00
  223   6.100000000e+00   1.600000000e+00  -3.000000000e+00
  224   6.800000000e+00   1.600000000e+00  -3.000000000e+00
  225   7.400000000e+00   1.600000000e+00  -1.100000000e+00
  226   7.700000000e+00   1.600000000e+00   4.000000000e-01
  227   7.600000000e+00   1.600000000e+00   1.900000000e+00
  228   6.500000000e+00   1.600000000e+00   3.300000000e+00
  229   5.300000000e+00   1.600000000e+00   4.000000000e+00
  230   3.700000000e+00   1.600000000e+00   3.700000000e+00
  231   2.500000000e+00   1.600000000e+00   3.200000000e+00
  232   1.500000000e+00   1.600000000e+00   2.600000000e+00
  233   9.000000000e-01   1.600000000e+00   1.800000000e+00
  234   1.500000000e+00   1.600000000e+00   1.000000000e-01
  235   2.200000000e+00   1.600000000e+00  -7.000000000e-01
  236   2.000000000e+00   1.600000000e+00  -7.000000000e-01
  237   8.000000000e-01   1.600000000e+00  -8.000000000e-01
  238   2.000000000e-01   1.600000000e+00  -1.400000000e+00
  239  -2.000000000e-01   1.600000000e+00  -2.200000000e+00
  240  -5.000000000e-01   1.600000000e+00  -3.700000000e+00
  241  -5.000000000e-01   1.600000000e+00  -5.700000000e+00
  242   9.000000000e-01   1.400000000e+00  -8.000000000e+00
  243   2.600000000e+00   1.400000000e+00  -8.000000000e+00
  244   4.400000000e+00   1.400000000e+00  -7.000000000e+00
  245   5.800000000e+00   1.400000000e+00  -7.000000000e+00
  246   6.800000000e+00   1.400000000e+00  -5.000000000e+00
  247   7.700000000e+00   1.400000000e+00  -4.000000000e+00
  248   8.300000000e+00   1.400000000e+00  -3.000000000e+00
  249   8.500000000e+00   1.400000000e+00  -1.100000000e+00
  250   9.000000000e+00   1.400000000e+00   6.000000000e-01
  251   9.000000000e+00   1.400000000e+00   2.300000000e+00
  252   7.000000000e+00   1.400000000e+00   3.800000000e+00
  253   6.000000000e+00   1.400000000e+00   4.300000000e+00
  254   4.100000000e+00   1.400000000e+00   3.800000000e+00
  255   2.900000000e+00   1.400000000e+00   3.100000000e+00
  256   1.900000000e+00   1.400000000e+00   2.400000000e+00
  257   9.000000000e-01   1.400000000e+00   2.500000000e+00
  258   5.000000000e-01   1.400000000e+00   1.400000000e+00
  259   7.000000000e-01   1.400000000e+00   4.000000000e-01
  260   8.000000000e-01   1.400000000e+00  -3.000000000e-01
  261   1.300000000e+00   1.400000000e+00  -8.000000000e-01
  262   1.400000000e+00   1.400000000e+00  -1.100000000e+00
  263   9.000000000e-01   1.400000000e+00  -1.900000000e+00
  264   1.000000000e-01   1.400000000e+00  -3.400000000e+00
  265  -4.000000000e-01   1.400000000e+00  -6.000000000e+00
C Region List
