C PointsNum,MaxElemVol,TetGenParams,nAtrib,IndMov,MDMaxVolume,MDomDiv,MDOnly,MDDivF,MDPrescP
  395    1.000000e+00 YYpznno2q1.414a     0     0    1.000000e+00     1     0     0     0     0     0 YYpznno2q1.414a
  -3.321480000e-02  -7.483570000e+00  -2.718100000e-02
  -2.212290000e-02  -7.067820000e+00   7.369840000e-01
  -2.064590000e-01  -7.067820000e+00   6.690480000e-01
  -3.478280000e-01  -7.067820000e+00   5.452330000e-01
  -4.522570000e-01  -7.067820000e+00   4.112300000e-01
  -5.344580000e-01  -7.067820000e+00   2.768930000e-01
  -6.018340000e-01  -7.067820000e+00   1.364290000e-01
  -6.517890000e-01  -7.067820000e+00  -1.890400000e-02
  -6.710680000e-01  -7.067820000e+00  -1.927880000e-01
  -6.315570000e-01  -7.067820000e+00  -3.707610000e-01
  -5.370870000e-01  -7.067820000e+00  -5.338680000e-01
  -4.065420000e-01  -7.067820000e+00  -6.847370000e-01
  -2.337010000e-01  -7.067820000e+00  -8.085250000e-01
  -2.212290000e-02  -7.067820000e+00  -8.583890000e-01
   1.785520000e-01  -7.067820000e+00  -7.678340000e-01
   3.043440000e-01  -7.067820000e+00  -5.843610000e-01
   3.794660000e-01  -7.067820000e+00  -4.204930000e-01
   4.385370000e-01  -7.067820000e+00  -2.848660000e-01
   4.987250000e-01  -7.067820000e+00  -1.584650000e-01
   5.571810000e-01  -7.067820000e+00  -1.890400000e-02
   5.974040000e-01  -7.067820000e+00   1.470980000e-01
   5.739050000e-01  -7.067820000e+00   3.252130000e-01
   4.781650000e-01  -7.067820000e+00   4.813840000e-01
   3.427470000e-01  -7.067820000e+00   6.130700000e-01
   1.726420000e-01  -7.067820000e+00   7.079680000e-01
  -8.808340000e-02  -6.652070000e+00   1.021310000e+00
  -3.454520000e-01  -6.652070000e+00   9.161250000e-01
  -5.436990000e-01  -6.652070000e+00   7.447630000e-01
  -6.934050000e-01  -6.652070000e+00   5.609350000e-01
  -8.139280000e-01  -6.652070000e+00   3.746800000e-01
  -9.195200000e-01  -6.652070000e+00   1.783960000e-01
  -1.008600000e+00  -6.652070000e+00  -4.438680000e-02
  -1.057030000e+00  -6.652070000e+00  -3.040150000e-01
  -1.008650000e+00  -6.652070000e+00  -5.758790000e-01
  -8.595980000e-01  -6.652070000e+00  -8.159010000e-01
  -6.521290000e-01  -6.652070000e+00  -1.021340000e+00
  -3.917920000e-01  -6.652070000e+00  -1.177840000e+00
  -8.808340000e-02  -6.652070000e+00  -1.241650000e+00
   2.021290000e-01  -6.652070000e+00  -1.127470000e+00
   3.735210000e-01  -6.652070000e+00  -8.439090000e-01
   4.619010000e-01  -6.652070000e+00  -5.943710000e-01
   5.277500000e-01  -6.652070000e+00  -3.999380000e-01
   5.981340000e-01  -6.652070000e+00  -2.282580000e-01
   6.699860000e-01  -6.652070000e+00  -4.438680000e-02
   7.202410000e-01  -6.652070000e+00   1.722030000e-01
   6.891710000e-01  -6.652070000e+00   4.043610000e-01
   5.756970000e-01  -6.652070000e+00   6.193930000e-01
   4.125450000e-01  -6.652070000e+00   8.227270000e-01
   1.869450000e-01  -6.652070000e+00   9.820340000e-01
  -1.472710000e-01  -6.236310000e+00   1.252160000e+00
  -4.619520000e-01  -6.236310000e+00   1.136930000e+00
  -7.147170000e-01  -6.236310000e+00   9.453740000e-01
  -9.114310000e-01  -6.236310000e+00   7.266880000e-01
  -1.064160000e+00  -6.236310000e+00   4.918940000e-01
  -1.183030000e+00  -6.236310000e+00   2.400600000e-01
  -1.268430000e+00  -6.236310000e+00  -3.747120000e-02
  -1.299910000e+00  -6.236310000e+00  -3.463190000e-01
  -1.235080000e+00  -6.236310000e+00  -6.655190000e-01
  -1.060860000e+00  -6.236310000e+00  -9.510640000e-01
  -8.196430000e-01  -6.236310000e+00  -1.202050000e+00
  -5.124120000e-01  -6.236310000e+00  -1.400200000e+00
  -1.472710000e-01  -6.236310000e+00  -1.490670000e+00
   2.069150000e-01  -6.236310000e+00  -1.359310000e+00
   3.963810000e-01  -6.236310000e+00  -9.791050000e-01
   4.769140000e-01  -6.236310000e+00  -6.616560000e-01
   5.382660000e-01  -6.236310000e+00  -4.332660000e-01
   6.128670000e-01  -6.236310000e+00  -2.411500000e-01
   7.061260000e-01  -6.236310000e+00  -3.747120000e-02
   7.860710000e-01  -6.236310000e+00   2.126170000e-01
   7.561910000e-01  -6.236310000e+00   4.841430000e-01
   6.340120000e-01  -6.236310000e+00   7.438120000e-01
   4.524670000e-01  -6.236310000e+00   1.001300000e+00
   1.863980000e-01  -6.236310000e+00   1.207800000e+00
  -2.239060000e-01  -5.820560000e+00   1.379210000e+00
  -5.777960000e-01  -5.820560000e+00   1.277460000e+00
  -8.820470000e-01  -5.820560000e+00   1.096660000e+00
  -1.131810000e+00  -5.820560000e+00   8.646370000e-01
  -1.323090000e+00  -5.820560000e+00   5.913420000e-01
  -1.469580000e+00  -5.820560000e+00   2.905060000e-01
  -1.573380000e+00  -5.820560000e+00  -4.327240000e-02
  -1.610640000e+00  -5.820560000e+00  -4.148470000e-01
  -1.531630000e+00  -5.820560000e+00  -7.982860000e-01
  -1.311090000e+00  -5.820560000e+00  -1.130460000e+00
  -1.003030000e+00  -5.820560000e+00  -1.392750000e+00
  -6.347910000e-01  -5.820560000e+00  -1.576720000e+00
  -2.239060000e-01  -5.820560000e+00  -1.649640000e+00
   1.745700000e-01  -5.820560000e+00  -1.530400000e+00
   3.961550000e-01  -5.820560000e+00  -1.117250000e+00
   4.798320000e-01  -5.820560000e+00  -7.470100000e-01
   5.404680000e-01  -5.820560000e+00  -4.845840000e-01
   6.170970000e-01  -5.820560000e+00  -2.686180000e-01
   7.249920000e-01  -5.820560000e+00  -4.327240000e-02
   8.245360000e-01  -5.820560000e+00   2.376570000e-01
   7.878740000e-01  -5.820560000e+00   5.408790000e-01
   6.526160000e-01  -5.820560000e+00   8.332490000e-01
   4.486960000e-01  -5.820560000e+00   1.121710000e+00
   1.469540000e-01  -5.820560000e+00   1.340800000e+00
  -2.792050000e-01  -5.404800000e+00   1.406060000e+00
  -6.535600000e-01  -5.404800000e+00   1.327910000e+00
  -9.934370000e-01  -5.404800000e+00   1.167890000e+00
  -1.283770000e+00  -5.404800000e+00   9.353610000e-01
  -1.504770000e+00  -5.404800000e+00   6.383820000e-01
  -1.678940000e+00  -5.404800000e+00   3.058580000e-01
  -1.808730000e+00  -5.404800000e+00  -6.919990000e-02
  -1.862890000e+00  -5.404800000e+00  -4.935470000e-01
  -1.773990000e+00  -5.404800000e+00  -9.322160000e-01
  -1.507810000e+00  -5.404800000e+00  -1.297810000e+00
  -1.138990000e+00  -5.404800000e+00  -1.558390000e+00
  -7.206820000e-01  -5.404800000e+00  -1.716810000e+00
  -2.792050000e-01  -5.404800000e+00  -1.764370000e+00
   1.460320000e-01  -5.404800000e+00  -1.656200000e+00
   4.055170000e-01  -5.404800000e+00  -1.255170000e+00
   5.075360000e-01  -5.404800000e+00  -8.559400000e-01
   5.740970000e-01  -5.404800000e+00  -5.618540000e-01
   6.525120000e-01  -5.404800000e+00  -3.188530000e-01
   7.570680000e-01  -5.404800000e+00  -6.919990000e-02
   8.449090000e-01  -5.404800000e+00   2.320060000e-01
   7.956970000e-01  -5.404800000e+00   5.513950000e-01
   6.484360000e-01  -5.404800000e+00   8.584410000e-01
   4.283280000e-01  -5.404800000e+00   1.156280000e+00
   1.068210000e-01  -5.404800000e+00   1.371470000e+00
  -3.178390000e-01  -4.989050000e+00   1.413360000e+00
  -7.032700000e-01  -4.989050000e+00   1.357020000e+00
  -1.068110000e+00  -4.989050000e+00   1.218090000e+00
  -1.388750000e+00  -4.989050000e+00   9.894860000e-01
  -1.630280000e+00  -4.989050000e+00   6.763120000e-01
  -1.820130000e+00  -4.989050000e+00   3.211110000e-01
  -1.961210000e+00  -4.989050000e+00  -8.142590000e-02
  -2.018890000e+00  -4.989050000e+00  -5.372200000e-01
  -1.921590000e+00  -4.989050000e+00  -1.007350000e+00
  -1.626430000e+00  -4.989050000e+00  -1.390020000e+00
  -1.220250000e+00  -4.989050000e+00  -1.644450000e+00
  -7.737960000e-01  -4.989050000e+00  -1.783080000e+00
  -3.178390000e-01  -4.989050000e+00  -1.813270000e+00
   1.184600000e-01  -4.989050000e+00  -1.709720000e+00
   4.006600000e-01  -4.989050000e+00  -1.325900000e+00
   5.137640000e-01  -4.989050000e+00  -9.130300000e-01
   5.835960000e-01  -4.989050000e+00  -6.018700000e-01
   6.626100000e-01  -4.989050000e+00  -3.441370000e-01
   7.667430000e-01  -4.989050000e+00  -8.142590000e-02
   8.493710000e-01  -4.989050000e+00   2.313270000e-01
   7.907440000e-01  -4.989050000e+00   5.586150000e-01
   6.354040000e-01  -4.989050000e+00   8.718170000e-01
   4.054280000e-01  -4.989050000e+00   1.171310000e+00
   7.274460000e-02  -4.989050000e+00   1.376250000e+00
  -4.126040000e-01  -4.216630000e+00   1.550170000e+00
  -8.404260000e-01  -4.216630000e+00   1.525810000e+00
  -1.269000000e+00  -4.216630000e+00   1.412470000e+00
  -1.659710000e+00  -4.216630000e+00   1.176270000e+00
  -1.944240000e+00  -4.216630000e+00   8.134460000e-01
  -2.144890000e+00  -4.216630000e+00   3.933220000e-01
  -2.270560000e+00  -4.216630000e+00  -7.084170000e-02
  -2.297340000e+00  -4.216630000e+00  -5.758550000e-01
  -2.170450000e+00  -4.216630000e+00  -1.085730000e+00
  -1.846690000e+00  -4.216630000e+00  -1.504930000e+00
  -1.395530000e+00  -4.216630000e+00  -1.773320000e+00
  -9.052780000e-01  -4.216630000e+00  -1.909530000e+00
  -4.126040000e-01  -4.216630000e+00  -1.933040000e+00
   5.941120000e-02  -4.216630000e+00  -1.832430000e+00
   3.765400000e-01  -4.216630000e+00  -1.437680000e+00
   4.848500000e-01  -4.216630000e+00  -9.682960000e-01
   5.446460000e-01  -4.216630000e+00  -6.235100000e-01
   6.167600000e-01  -4.216630000e+00  -3.466590000e-01
   7.292810000e-01  -4.216630000e+00  -7.084170000e-02
   8.260080000e-01  -4.216630000e+00   2.610440000e-01
   7.574470000e-01  -4.216630000e+00   6.046880000e-01
   6.052810000e-01  -4.216630000e+00   9.470430000e-01
   3.679780000e-01  -4.216630000e+00   1.281170000e+00
   7.616290000e-03  -4.216630000e+00   1.497440000e+00
  -4.871530000e-01  -3.444210000e+00   1.677100000e+00
  -9.599590000e-01  -3.444210000e+00   1.689100000e+00
  -1.457980000e+00  -3.444210000e+00   1.606090000e+00
  -1.929220000e+00  -3.444210000e+00   1.366630000e+00
  -2.257990000e+00  -3.444210000e+00   9.469590000e-01
  -2.460310000e+00  -3.444210000e+00   4.532710000e-01
  -2.555540000e+00  -3.444210000e+00  -7.543390000e-02
  -2.535270000e+00  -3.444210000e+00  -6.242260000e-01
  -2.369900000e+00  -3.444210000e+00  -1.162440000e+00
  -2.023050000e+00  -3.444210000e+00  -1.611330000e+00
  -1.544520000e+00  -3.444210000e+00  -1.906850000e+00
  -1.020200000e+00  -3.444210000e+00  -2.064790000e+00
  -4.871530000e-01  -3.444210000e+00  -2.100030000e+00
   2.936420000e-02  -3.444210000e+00  -2.003100000e+00
   3.913620000e-01  -3.444210000e+00  -1.597070000e+00
   5.153120000e-01  -3.444210000e+00  -1.077900000e+00
   5.767290000e-01  -3.444210000e+00  -6.896660000e-01
   6.493270000e-01  -3.444210000e+00  -3.799530000e-01
   7.539830000e-01  -3.444210000e+00  -7.543390000e-02
   8.230120000e-01  -3.444210000e+00   2.756240000e-01
   7.392080000e-01  -3.444210000e+00   6.326060000e-01
   5.889370000e-01  -3.444210000e+00   1.000660000e+00
   3.481460000e-01  -3.444210000e+00   1.371350000e+00
  -3.825020000e-02  -3.444210000e+00   1.599890000e+00
  -5.285970000e-01  -2.671800000e+00   1.745380000e+00
  -1.029040000e+00  -2.671800000e+00   1.774140000e+00
  -1.566120000e+00  -2.671800000e+00   1.703500000e+00
  -2.077750000e+00  -2.671800000e+00   1.455610000e+00
  -2.426220000e+00  -2.671800000e+00   1.002050000e+00
  -2.622390000e+00  -2.671800000e+00   4.674890000e-01
  -2.694530000e+00  -2.671800000e+00  -9.354020000e-02
  -2.646860000e+00  -2.671800000e+00  -6.611260000e-01
  -2.461750000e+00  -2.671800000e+00  -1.209650000e+00
  -2.110310000e+00  -2.671800000e+00  -1.675250000e+00
  -1.631030000e+00  -2.671800000e+00  -2.003020000e+00
  -1.092910000e+00  -2.671800000e+00  -2.199590000e+00
  -5.285970000e-01  -2.671800000e+00  -2.264180000e+00
   2.804230000e-02  -2.671800000e+00  -2.170940000e+00
   4.159720000e-01  -2.671800000e+00  -1.729580000e+00
   5.384200000e-01  -2.671800000e+00  -1.160560000e+00
   5.940360000e-01  -2.671800000e+00  -7.416920000e-01
   6.599280000e-01  -2.671800000e+00  -4.120050000e-01
   7.528160000e-01  -2.671800000e+00  -9.354020000e-02
   8.024470000e-01  -2.671800000e+00   2.631120000e-01
   7.142710000e-01  -2.671800000e+00   6.240300000e-01
   5.733320000e-01  -2.671800000e+00   1.008390000e+00
   3.387340000e-01  -2.671800000e+00   1.408720000e+00
  -6.043730000e-02  -2.671800000e+00   1.653660000e+00
  -5.613260000e-01  -1.899380000e+00   1.631200000e+00
  -1.061240000e+00  -1.899380000e+00   1.729590000e+00
  -1.653650000e+00  -1.899380000e+00   1.755840000e+00
  -2.256030000e+00  -1.899380000e+00   1.558580000e+00
  -2.648820000e+00  -1.899380000e+00   1.069100000e+00
  -2.841740000e+00  -1.899380000e+00   4.749140000e-01
  -2.880190000e+00  -1.899380000e+00  -1.361210000e-01
  -2.790510000e+00  -1.899380000e+00  -7.334290000e-01
  -2.570080000e+00  -1.899380000e+00  -1.295880000e+00
  -2.194990000e+00  -1.899380000e+00  -1.769780000e+00
  -1.697350000e+00  -1.899380000e+00  -2.103770000e+00
  -1.142730000e+00  -1.899380000e+00  -2.305960000e+00
  -5.613260000e-01  -1.899380000e+00  -2.375930000e+00
   1.557860000e-02  -1.899380000e+00  -2.289160000e+00
   4.358180000e-01  -1.899380000e+00  -1.863220000e+00
   5.899560000e-01  -1.899380000e+00  -1.287400000e+00
   6.598180000e-01  -1.899380000e+00  -8.411490000e-01
   7.317020000e-01  -1.899380000e+00  -4.825870000e-01
   8.210850000e-01  -1.899380000e+00  -1.361210000e-01
   8.514930000e-01  -1.899380000e+00   2.424430000e-01
   7.415080000e-01  -1.899380000e+00   6.160710000e-01
   5.577980000e-01  -1.899380000e+00   9.830030000e-01
   2.801820000e-01  -1.899380000e+00   1.321410000e+00
  -1.194800000e-01  -1.899380000e+00   1.512870000e+00
  -5.977900000e-01  -1.126960000e+00   1.481430000e+00
  -1.086530000e+00  -1.126960000e+00   1.627250000e+00
  -1.704820000e+00  -1.126960000e+00   1.720690000e+00
  -2.347170000e+00  -1.126960000e+00   1.552630000e+00
  -2.751020000e+00  -1.126960000e+00   1.046420000e+00
  -2.944340000e+00  -1.126960000e+00   4.320110000e-01
  -2.976630000e+00  -1.126960000e+00  -1.967450000e-01
  -2.876860000e+00  -1.126960000e+00  -8.074180000e-01
  -2.644810000e+00  -1.126960000e+00  -1.378590000e+00
  -2.254140000e+00  -1.126960000e+00  -1.853100000e+00
  -1.744750000e+00  -1.126960000e+00  -2.183330000e+00
  -1.182720000e+00  -1.126960000e+00  -2.379720000e+00
  -5.977900000e-01  -1.126960000e+00  -2.448320000e+00
  -1.615750000e-02  -1.126960000e+00  -2.367430000e+00
   4.295970000e-01  -1.126960000e+00  -1.976230000e+00
   6.087660000e-01  -1.126960000e+00  -1.403300000e+00
   6.849660000e-01  -1.126960000e+00  -9.373440000e-01
   7.502030000e-01  -1.126960000e+00  -5.579380000e-01
   8.118350000e-01  -1.126960000e+00  -1.967450000e-01
   7.785370000e-01  -1.126960000e+00   1.720410000e-01
   6.483420000e-01  -1.126960000e+00   5.227110000e-01
   4.654740000e-01  -1.126960000e+00   8.665190000e-01
   1.944980000e-01  -1.126960000e+00   1.175540000e+00
  -1.857980000e-01  -1.126960000e+00   1.340830000e+00
  -6.836040000e-01  -3.545410000e-01   1.452920000e+00
  -2.718210000e-01  -3.545410000e-01   1.287500000e+00
   1.031060000e-01  -3.545410000e-01   1.113330000e+00
   3.177300000e-01  -3.545410000e-01   7.520400000e-01
   4.303140000e-01  -3.545410000e-01   3.938270000e-01
   5.736230000e-01  -3.545410000e-01   8.757900000e-02
   7.159060000e-01  -3.545410000e-01  -2.492940000e-01
   6.932870000e-01  -3.545410000e-01  -6.182310000e-01
   6.481980000e-01  -3.545410000e-01  -1.018210000e+00
   5.792500000e-01  -3.545410000e-01  -1.512150000e+00
   3.771910000e-01  -3.545410000e-01  -2.086640000e+00
  -9.986740000e-02  -3.545410000e-01  -2.427830000e+00
  -6.836040000e-01  -3.545410000e-01  -2.512930000e+00
  -1.278150000e+00  -3.545410000e-01  -2.468170000e+00
  -1.865530000e+00  -3.545410000e-01  -2.296460000e+00
  -2.412070000e+00  -3.545410000e-01  -1.977760000e+00
  -2.829710000e+00  -3.545410000e-01  -1.488350000e+00
  -3.060550000e+00  -3.545410000e-01  -8.861950000e-01
  -3.137280000e+00  -3.545410000e-01  -2.492940000e-01
  -3.075580000e+00  -3.545410000e-01   3.916340000e-01
  -2.861310000e+00  -3.545410000e-01   1.008010000e+00
  -2.460820000e+00  -3.545410000e-01   1.527920000e+00
  -1.824320000e+00  -3.545410000e-01   1.726490000e+00
  -1.185410000e+00  -3.545410000e-01   1.623470000e+00
  -1.484010000e+00  -3.545410000e-01  -1.976560000e+00
  -1.918700000e+00  -3.545410000e-01  -1.842080000e+00
  -1.597620000e+00  -3.545410000e-01   1.346280000e+00
  -1.201880000e+00  -3.545410000e-01   1.070420000e+00
  -1.780380000e+00  -3.545410000e-01  -2.993820000e-01
  -1.821130000e+00  -3.545410000e-01  -6.689250000e-02
  -1.563400000e+00  -3.545410000e-01  -2.368920000e-02
  -9.849570000e-02  -3.545410000e-01  -1.942020000e+00
  -1.383390000e+00  -3.545410000e-01  -5.405600000e-01
  -1.305660000e+00  -3.545410000e-01   1.951400000e-02
  -9.161200000e-01  -3.545410000e-01  -4.004690000e-01
  -2.218880000e+00  -3.545410000e-01  -1.496600000e-01
  -2.132460000e+00  -3.545410000e-01  -6.084050000e-01
  -2.611710000e+00  -3.545410000e-01  -4.709130000e-01
  -2.396280000e+00  -3.545410000e-01   3.980050000e-01
  -2.452140000e+00  -3.545410000e-01   1.503660000e-01
  -2.490800000e+00  -3.545410000e-01   3.502490000e-01
  -6.404840000e-01  -3.545410000e-01   9.593770000e-01
  -9.778630000e-01  -3.545410000e-01   5.454070000e-01
  -1.214850000e+00  -3.545410000e-01  -1.702060000e+00
  -1.180510000e+00  -3.545410000e-01  -1.512610000e+00
  -9.999480000e-01  -3.545410000e-01  -1.584360000e+00
  -1.788600000e+00  -3.545410000e-01   5.775010000e-01
  -1.777220000e+00  -3.545410000e-01   9.842970000e-01
  -1.655130000e+00  -3.545410000e-01   7.753650000e-01
  -2.201570000e+00  -3.545410000e-01  -1.472140000e+00
  -1.629030000e+00  -3.545410000e-01  -1.481380000e+00
  -5.097930000e-01  -3.545410000e-01  -2.032390000e+00
  -8.193840000e-01  -3.545410000e-01  -1.656120000e+00
  -3.628300000e-01  -3.545410000e-01  -1.587060000e+00
  -2.028260000e+00  -3.545410000e-01   9.913280000e-01
  -1.989430000e+00  -3.545410000e-01   1.317950000e+00
  -1.883330000e+00  -3.545410000e-01   1.151120000e+00
  -9.975330000e-01  -3.545410000e-01  -2.059810000e+00
  -2.279300000e+00  -3.545410000e-01   9.983590000e-01
   2.844090000e-01  -3.545410000e-01  -1.195070000e+00
   2.609000000e-01  -3.545410000e-01  -7.775960000e-01
   2.735690000e-01  -3.545410000e-01  -1.894880000e-01
  -1.749640000e+00  -3.545410000e-01  -6.974760000e-01
  -1.946940000e+00  -3.545410000e-01  -1.042320000e+00
  -8.126590000e-02  -3.545410000e-01   3.289250000e-01
  -2.300170000e-01  -3.545410000e-01  -1.341430000e-01
  -2.641190000e+00  -3.545410000e-01   5.485490000e-02
  -2.465480000e+00  -3.545410000e-01  -9.950110000e-01
   1.020850000e-01  -3.545410000e-01  -1.570360000e+00
  -1.653240000e-01  -3.545410000e-01  -1.093290000e+00
  -1.820790000e-01  -3.545410000e-01   8.337040000e-01
  -5.102530000e-01  -3.545410000e-01   5.525610000e-01
  -1.484730000e+00  -3.545410000e-01  -9.944780000e-01
  -2.286810000e+00  -3.545410000e-01   5.693500000e-01
  -2.263090000e+00  -3.545410000e-01   2.458770000e-01
  -4.258150000e-01  -3.545410000e-01  -1.154440000e+00
  -5.042650000e-01  -3.545410000e-01  -9.510790000e-01
  -1.255450000e+00  -3.545410000e-01   5.559200000e-01
  -1.367460000e+00  -3.545410000e-01   8.184260000e-01
  -1.172660000e+00  -3.545410000e-01   6.819160000e-01
  -2.161730000e+00  -3.545410000e-01   7.934630000e-01
  -2.283060000e+00  -3.545410000e-01   7.838550000e-01
  -2.044150000e+00  -3.545410000e-01   5.885670000e-01
  -1.861890000e+00  -3.545410000e-01   1.655970000e-01
  -2.062490000e+00  -3.545410000e-01   2.057370000e-01
  -1.209850000e+00  -3.545410000e-01  -7.063470000e-01
  -1.347290000e+00  -3.545410000e-01  -8.504130000e-01
  -1.036300000e+00  -3.545410000e-01  -8.721340000e-01
  -9.762100000e-01  -3.545410000e-01  -6.363020000e-01
  -7.794630000e-01  -3.545410000e-01  -6.920090000e-01
  -6.522880000e-01  -3.545410000e-01   8.271970000e-02
  -1.687420000e+00  -3.545410000e-01   1.165290000e+00
  -1.444650000e+00  -3.545410000e-01   1.117850000e+00
  -1.146180000e+00  -3.545410000e-01  -1.323160000e+00
  -9.162410000e-01  -3.545410000e-01  -1.269380000e+00
  -8.678130000e-01  -3.545410000e-01  -1.462750000e+00
  -1.419350000e+00  -3.545410000e-01   2.929740000e-01
  -1.198610000e+00  -3.545410000e-01   4.191910000e-01
  -1.618590000e-01  -3.545410000e-01  -5.486780000e-01
  -2.040380000e+00  -3.545410000e-01   7.968780000e-03
  -1.910380000e+00  -3.545410000e-01  -1.457070000e-01
  -1.315450000e+00  -3.545410000e-01  -1.158820000e+00
  -1.387600000e+00  -3.545410000e-01  -1.402270000e+00
  -1.436160000e+00  -3.545410000e-01  -1.198370000e+00
  -1.697470000e+00  -3.545410000e-01   3.660150000e-01
  -1.640620000e+00  -3.545410000e-01   2.292860000e-01
  -2.529470000e+00  -3.545410000e-01   5.501320000e-01
  -5.126610000e-01  -3.545410000e-01  -3.492100000e-01
  -3.722870000e-01  -3.545410000e-01  -6.481970000e-01
  -5.245670000e-01  -3.545410000e-01  -1.401330000e+00
  -3.943220000e-01  -3.545410000e-01  -1.370750000e+00
  -8.613020000e-01  -3.545410000e-01  -1.043860000e+00
  -1.003740000e+00  -3.545410000e-01  -1.183510000e+00
  -1.572340000e+00  -3.545410000e-01   9.013610000e-01
  -2.036210000e+00  -3.545410000e-01   7.899480000e-01
  -7.494180000e-01  -3.545410000e-01  -5.740930000e-01
  -5.476880000e-01  -3.545410000e-01  -5.484630000e-01
  -1.175880000e+00  -3.545410000e-01  -1.015480000e+00
  -7.528450000e-01  -3.545410000e-01  -1.435860000e+00
  -6.719760000e-01  -3.545410000e-01  -1.528720000e+00
  -5.827160000e-01  -3.545410000e-01  -7.477170000e-01
  -2.688060000e-01  -3.545410000e-01  -8.707420000e-01
  -1.179800000e+00  -3.545410000e-01  -5.884310000e-01
  -6.345100000e-01  -3.545410000e-01  -9.816560000e-01
  -7.220090000e-01  -3.545410000e-01  -8.957910000e-01
  -1.533040000e+00  -3.545410000e-01   5.664340000e-01
  -6.863050000e-01  -3.545410000e-01  -1.215590000e+00
  -1.260510000e+00  -3.545410000e-01  -9.333060000e-01
  -2.153620000e+00  -3.545410000e-01   4.172220000e-01
  -2.240980000e+00  -3.545410000e-01   4.810890000e-02
C Number of facets
  786
C  Size  Node 1  ......Node N Marker
    3    0    1    2    3
    3    0    2    3    3
    3    0    3    4    3
    3    0    4    5    3
    3    0    5    6    3
    3    0    6    7    3
    3    0    7    8    3
    3    0    8    9    3
    3    0    9   10    3
    3    0   10   11    3
    3    0   11   12    3
    3    0   12   13    3
    3    0   13   14    3
    3    0   14   15    3
    3    0   15   16    3
    3    0   16   17    3
    3    0   17   18    3
    3    0   18   19    3
    3    0   19   20    3
    3    0   20   21    3
    3    0   21   22    3
    3    0   22   23    3
    3    0   23   24    3
    3    0   24    1    3
    3    1   25   26    3
    3    1   26    2    3
    3    2   26   27    3
    3    2   27    3    3
    3    3   27   28    3
    3    3   28    4    3
    3    4   28   29    3
    3    4   29    5    3
    3    5   29   30    3
    3    5   30    6    3
    3    6   30   31    3
    3    6   31    7    3
    3    7   31   32    3
    3    7   32    8    3
    3    8   32   33    3
    3    8   33    9    3
    3    9   33   34    3
    3    9   34   10    3
    3   10   34   35    3
    3   10   35   11    3
    3   11   35   36    3
    3   11   36   12    3
    3   12   36   37    3
    3   12   37   13    3
    3   13   37   38    3
    3   13   38   14    3
    3   14   38   39    3
    3   14   39   15    3
    3   15   39   40    3
    3   15   40   16    3
    3   16   40   41    3
    3   16   41   17    3
    3   17   41   42    3
    3   17   42   18    3
    3   18   42   43    3
    3   18   43   19    3
    3   19   43   44    3
    3   19   44   20    3
    3   20   44   45    3
    3   20   45   21    3
    3   21   45   46    3
    3   21   46   22    3
    3   22   46   47    3
    3   22   47   23    3
    3   23   47   48    3
    3   23   48   24    3
    3   24   48   25    3
    3   24   25    1    3
    3   25   49   50    3
    3   25   50   26    3
    3   26   50   51    3
    3   26   51   27    3
    3   27   51   52    3
    3   27   52   28    3
    3   28   52   53    3
    3   28   53   29    3
    3   29   53   54    3
    3   29   54   30    3
    3   30   54   55    3
    3   30   55   31    3
    3   31   55   56    3
    3   31   56   32    3
    3   32   56   57    3
    3   32   57   33    3
    3   33   57   58    3
    3   33   58   34    3
    3   34   58   59    3
    3   34   59   35    3
    3   35   59   60    3
    3   35   60   36    3
    3   36   60   61    3
    3   36   61   37    3
    3   37   61   62    3
    3   37   62   38    3
    3   38   62   63    3
    3   38   63   39    3
    3   39   63   64    3
    3   39   64   40    3
    3   40   64   65    3
    3   40   65   41    3
    3   41   65   66    3
    3   41   66   42    3
    3   42   66   67    3
    3   42   67   43    3
    3   43   67   68    3
    3   43   68   44    3
    3   44   68   69    3
    3   44   69   45    3
    3   45   69   70    3
    3   45   70   46    3
    3   46   70   71    3
    3   46   71   47    3
    3   47   71   72    3
    3   47   72   48    3
    3   48   72   49    3
    3   48   49   25    3
    3   49   73   74    3
    3   49   74   50    3
    3   50   74   75    3
    3   50   75   51    3
    3   51   75   76    3
    3   51   76   52    3
    3   52   76   77    3
    3   52   77   53    3
    3   53   77   78    3
    3   53   78   54    3
    3   54   78   79    3
    3   54   79   55    3
    3   55   79   80    3
    3   55   80   56    3
    3   56   80   81    3
    3   56   81   57    3
    3   57   81   82    3
    3   57   82   58    3
    3   58   82   83    3
    3   58   83   59    3
    3   59   83   84    3
    3   59   84   60    3
    3   60   84   85    3
    3   60   85   61    3
    3   61   85   86    3
    3   61   86   62    3
    3   62   86   87    3
    3   62   87   63    3
    3   63   87   88    3
    3   63   88   64    3
    3   64   88   89    3
    3   64   89   65    3
    3   65   89   90    3
    3   65   90   66    3
    3   66   90   91    3
    3   66   91   67    3
    3   67   91   92    3
    3   67   92   68    3
    3   68   92   93    3
    3   68   93   69    3
    3   69   93   94    3
    3   69   94   70    3
    3   70   94   95    3
    3   70   95   71    3
    3   71   95   96    3
    3   71   96   72    3
    3   72   96   73    3
    3   72   73   49    3
    3   73   97   98    3
    3   73   98   74    3
    3   74   98   99    3
    3   74   99   75    3
    3   75   99  100    3
    3   75  100   76    3
    3   76  100  101    3
    3   76  101   77    3
    3   77  101  102    3
    3   77  102   78    3
    3   78  102  103    3
    3   78  103   79    3
    3   79  103  104    3
    3   79  104   80    3
    3   80  104  105    3
    3   80  105   81    3
    3   81  105  106    3
    3   81  106   82    3
    3   82  106  107    3
    3   82  107   83    3
    3   83  107  108    3
    3   83  108   84    3
    3   84  108  109    3
    3   84  109   85    3
    3   85  109  110    3
    3   85  110   86    3
    3   86  110  111    3
    3   86  111   87    3
    3   87  111  112    3
    3   87  112   88    3
    3   88  112  113    3
    3   88  113   89    3
    3   89  113  114    3
    3   89  114   90    3
    3   90  114  115    3
    3   90  115   91    3
    3   91  115  116    3
    3   91  116   92    3
    3   92  116  117    3
    3   92  117   93    3
    3   93  117  118    3
    3   93  118   94    3
    3   94  118  119    3
    3   94  119   95    3
    3   95  119  120    3
    3   95  120   96    3
    3   96  120   97    3
    3   96   97   73    3
    3   97  121  122    3
    3   97  122   98    3
    3   98  122  123    3
    3   98  123   99    3
    3   99  123  124    3
    3   99  124  100    3
    3  100  124  125    3
    3  100  125  101    3
    3  101  125  126    3
    3  101  126  102    3
    3  102  126  127    3
    3  102  127  103    3
    3  103  127  128    3
    3  103  128  104    3
    3  104  128  129    3
    3  104  129  105    3
    3  105  129  130    3
    3  105  130  106    3
    3  106  130  131    3
    3  106  131  107    3
    3  107  131  132    3
    3  107  132  108    3
    3  108  132  133    3
    3  108  133  109    3
    3  109  133  134    3
    3  109  134  110    3
    3  110  134  135    3
    3  110  135  111    3
    3  111  135  136    3
    3  111  136  112    3
    3  112  136  137    3
    3  112  137  113    3
    3  113  137  138    3
    3  113  138  114    3
    3  114  138  139    3
    3  114  139  115    3
    3  115  139  140    3
    3  115  140  116    3
    3  116  140  141    3
    3  116  141  117    3
    3  117  141  142    3
    3  117  142  118    3
    3  118  142  143    3
    3  118  143  119    3
    3  119  143  144    3
    3  119  144  120    3
    3  120  144  121    3
    3  120  121   97    3
    3  121  145  146    3
    3  121  146  122    3
    3  122  146  147    3
    3  122  147  123    3
    3  123  147  148    3
    3  123  148  124    3
    3  124  148  149    3
    3  124  149  125    3
    3  125  149  150    3
    3  125  150  126    3
    3  126  150  151    3
    3  126  151  127    3
    3  127  151  152    3
    3  127  152  128    3
    3  128  152  153    3
    3  128  153  129    3
    3  129  153  154    3
    3  129  154  130    3
    3  130  154  155    3
    3  130  155  131    3
    3  131  155  156    3
    3  131  156  132    3
    3  132  156  157    3
    3  132  157  133    3
    3  133  157  158    3
    3  133  158  134    3
    3  134  158  159    3
    3  134  159  135    3
    3  135  159  160    3
    3  135  160  136    3
    3  136  160  161    3
    3  136  161  137    3
    3  137  161  162    3
    3  137  162  138    3
    3  138  162  163    3
    3  138  163  139    3
    3  139  163  164    3
    3  139  164  140    3
    3  140  164  165    3
    3  140  165  141    3
    3  141  165  166    3
    3  141  166  142    3
    3  142  166  167    3
    3  142  167  143    3
    3  143  167  168    3
    3  143  168  144    3
    3  144  168  145    3
    3  144  145  121    3
    3  145  169  170    3
    3  145  170  146    3
    3  146  170  171    3
    3  146  171  147    3
    3  147  171  172    3
    3  147  172  148    3
    3  148  172  173    3
    3  148  173  149    3
    3  149  173  174    3
    3  149  174  150    3
    3  150  174  175    3
    3  150  175  151    3
    3  151  175  176    3
    3  151  176  152    3
    3  152  176  177    3
    3  152  177  153    3
    3  153  177  178    3
    3  153  178  154    3
    3  154  178  179    3
    3  154  179  155    3
    3  155  179  180    3
    3  155  180  156    3
    3  156  180  181    3
    3  156  181  157    3
    3  157  181  182    3
    3  157  182  158    3
    3  158  182  183    3
    3  158  183  159    3
    3  159  183  184    3
    3  159  184  160    3
    3  160  184  185    3
    3  160  185  161    3
    3  161  185  186    3
    3  161  186  162    3
    3  162  186  187    3
    3  162  187  163    3
    3  163  187  188    3
    3  163  188  164    3
    3  164  188  189    3
    3  164  189  165    3
    3  165  189  190    3
    3  165  190  166    3
    3  166  190  191    3
    3  166  191  167    3
    3  167  191  192    3
    3  167  192  168    3
    3  168  192  169    3
    3  168  169  145    3
    3  169  193  194    3
    3  169  194  170    3
    3  170  194  195    3
    3  170  195  171    3
    3  171  195  196    3
    3  171  196  172    3
    3  172  196  197    3
    3  172  197  173    3
    3  173  197  198    3
    3  173  198  174    3
    3  174  198  199    3
    3  174  199  175    3
    3  175  199  200    3
    3  175  200  176    3
    3  176  200  201    3
    3  176  201  177    3
    3  177  201  202    3
    3  177  202  178    3
    3  178  202  203    3
    3  178  203  179    3
    3  179  203  204    3
    3  179  204  180    3
    3  180  204  205    3
    3  180  205  181    3
    3  181  205  206    3
    3  181  206  182    3
    3  182  206  207    3
    3  182  207  183    3
    3  183  207  208    3
    3  183  208  184    3
    3  184  208  209    3
    3  184  209  185    3
    3  185  209  210    3
    3  185  210  186    3
    3  186  210  211    3
    3  186  211  187    3
    3  187  211  212    3
    3  187  212  188    3
    3  188  212  213    3
    3  188  213  189    3
    3  189  213  214    3
    3  189  214  190    3
    3  190  214  215    3
    3  190  215  191    3
    3  191  215  216    3
    3  191  216  192    3
    3  192  216  193    3
    3  192  193  169    3
    3  193  217  218    3
    3  193  218  194    3
    3  194  218  219    3
    3  194  219  195    3
    3  195  219  220    3
    3  195  220  196    3
    3  196  220  221    3
    3  196  221  197    3
    3  197  221  222    3
    3  197  222  198    3
    3  198  222  223    3
    3  198  223  199    3
    3  199  223  224    3
    3  199  224  200    3
    3  200  224  225    3
    3  200  225  201    3
    3  201  225  226    3
    3  201  226  202    3
    3  202  226  227    3
    3  202  227  203    3
    3  203  227  228    3
    3  203  228  204    3
    3  204  228  229    3
    3  204  229  205    3
    3  205  229  230    3
    3  205  230  206    3
    3  206  230  231    3
    3  206  231  207    3
    3  207  231  232    3
    3  207  232  208    3
    3  208  232  233    3
    3  208  233  209    3
    3  209  233  234    3
    3  209  234  210    3
    3  210  234  235    3
    3  210  235  211    3
    3  211  235  236    3
    3  211  236  212    3
    3  212  236  237    3
    3  212  237  213    3
    3  213  237  238    3
    3  213  238  214    3
    3  214  238  239    3
    3  214  239  215    3
    3  215  239  240    3
    3  215  240  216    3
    3  216  240  217    3
    3  216  217  193    3
    3  217  241  242    3
    3  217  242  218    3
    3  218  242  243    3
    3  218  243  219    3
    3  219  243  244    3
    3  219  244  220    3
    3  220  244  245    3
    3  220  245  221    3
    3  221  245  246    3
    3  221  246  222    3
    3  222  246  247    3
    3  222  247  223    3
    3  223  247  248    3
    3  223  248  224    3
    3  224  248  249    3
    3  224  249  225    3
    3  225  249  250    3
    3  225  250  226    3
    3  226  250  251    3
    3  226  251  227    3
    3  227  251  252    3
    3  227  252  228    3
    3  228  252  253    3
    3  228  253  229    3
    3  229  253  254    3
    3  229  254  230    3
    3  230  254  255    3
    3  230  255  231    3
    3  231  255  256    3
    3  231  256  232    3
    3  232  256  257    3
    3  232  257  233    3
    3  233  257  258    3
    3  233  258  234    3
    3  234  258  259    3
    3  234  259  235    3
    3  235  259  260    3
    3  235  260  236    3
    3  236  260  261    3
    3  236  261  237    3
    3  237  261  262    3
    3  237  262  238    3
    3  238  262  263    3
    3  238  263  239    3
    3  239  263  264    3
    3  239  264  240    3
    3  240  264  241    3
    3  240  241  217    3
    3  264  265  241    3
    3  264  266  265    3
    3  263  266  264    3
    3  263  267  266    3
    3  262  267  263    3
    3  262  268  267    3
    3  261  268  262    3
    3  261  269  268    3
    3  260  269  261    3
    3  260  270  269    3
    3  259  270  260    3
    3  259  271  270    3
    3  258  271  259    3
    3  258  272  271    3
    3  257  272  258    3
    3  257  273  272    3
    3  256  273  257    3
    3  256  274  273    3
    3  255  274  256    3
    3  255  275  274    3
    3  254  275  255    3
    3  254  276  275    3
    3  253  276  254    3
    3  253  277  276    3
    3  252  277  253    3
    3  252  278  277    3
    3  251  278  252    3
    3  251  279  278    3
    3  250  279  251    3
    3  250  280  279    3
    3  249  280  250    3
    3  249  281  280    3
    3  248  281  249    3
    3  248  282  281    3
    3  247  282  248    3
    3  247  283  282    3
    3  246  283  247    3
    3  246  284  283    3
    3  245  284  246    3
    3  245  285  284    3
    3  244  285  245    3
    3  244  286  285    3
    3  243  286  244    3
    3  243  287  286    3
    3  242  287  243    3
    3  242  288  287    3
    3  241  288  242    3
    3  241  265  288    3
    3  289  279  290    1
    3  291  288  292    1
    3  293  294  295    3
    3  296  275  276    1
    3  297  298  299    1
    3  300  301  302    1
    3  303  304  305    3
    3  292  306  307    1
    3  308  309  310    4
    3  300  293  301    1
    3  311  312  313    3
    3  290  314  315    1
    3  316  317  318    1
    3  319  320  321    3
    3  317  322  308    1
    3  286  323  285    1
    3  286  287  320    1
    3  298  297  293    1
    3  324  325  273    1
    3  326  271  272    1
    3  327  328  301    1
    3  329  326  330    1
    3  300  331  304    1
    3  332  282  302    1
    3  272  325  326    1
    3  296  276  316    1
    3  296  333  275    1
    3  324  334  325    1
    3  335  329  336    1
    3  315  328  337    1
    3  338  339  303    3
    3  334  340  341    4
    3  279  289  278    1
    3  274  275  333    1
    3  322  278  289    1
    3  342  343  344    3
    3  332  301  328    1
    3  314  290  280    1
    3  345  338  346    3
    3  324  333  334    1
    3  277  316  276    1
    3  266  267  335    1
    3  288  291  287    1
    3  347  348  349    3
    3  316  322  317    1
    3  297  350  351    4
    3  327  301  293    1
    3  283  331  302    1
    3  352  353  354    4
    3  326  269  270    1
    3  332  302  301    1
    3  355  299  298    1
    3  312  356  357    3
    3  330  355  329    1
    3  336  306  335    1
    3  271  326  270    1
    3  358  359  360    4
    3  298  361  362    3
    3  283  302  282    1
    3  336  329  355    1
    3  326  363  330    1
    3  265  292  288    1
    3  300  364  365    3
    3  366  367  368    4
    3  333  318  334    1
    3  369  361  370    3
    3  327  293  297    1
    3  278  322  277    1
    3  320  291  356    3
    3  371  285  323    1
    3  363  325  334    1
    3  371  331  284    1
    3  364  339  349    3
    3  268  335  267    1
    3  372  363  373    4
    3  280  290  279    1
    3  266  306  265    1
    3  316  277  322    1
    3  328  315  314    1
    3  308  315  367    1
    3  355  330  372    1
    3  327  297  337    1
    3  280  281  314    1
    3  374  340  375    4
    3  296  316  318    1
    3  352  376  377    4
    3  355  307  336    1
    3  292  343  378    3
    3  326  325  363    1
    3  320  287  291    1
    3  345  319  379    3
    3  380  372  381    4
    3  358  366  382    4
    3  268  329  335    1
    3  273  274  324    1
    3  336  307  306    1
    3  265  306  292    1
    3  296  318  333    1
    3  383  374  384    4
    3  329  268  269    1
    3  385  373  386    4
    3  333  324  274    1
    3  283  284  331    1
    3  298  307  355    1
    3  299  353  387    4
    3  308  289  315    1
    3  273  325  272    1
    3  327  337  328    1
    3  388  376  389    4
    3  314  332  328    1
    3  281  282  332    1
    3  315  289  290    1
    3  363  372  330    1
    3  355  372  299    1
    3  285  371  284    1
    3  314  281  332    1
    3  269  326  329    1
    3  369  347  311    3
    3  266  335  306    1
    3  286  320  323    1
    3  308  322  289    1
    3  300  302  331    1
    3  343  390  313    3
    3  292  307  344    3
    3  298  348  370    3
    3  361  390  342    3
    3  343  342  390    3
    3  342  307  362    3
    3  347  369  348    3
    3  361  369  390    3
    3  369  311  390    3
    3  312  311  347    3
    3  311  313  390    3
    3  313  312  378    3
    3  298  362  307    3
    3  342  362  361    3
    3  342  344  307    3
    3  292  344  343    3
    3  369  370  348    3
    3  298  370  361    3
    3  292  378  312    3
    3  313  378  343    3
    3  334  318  375    4
    3  340  391  388    4
    3  318  317  384    4
    3  340  374  391    4
    3  352  385  389    4
    3  376  391  359    4
    3  376  388  391    4
    3  388  385  341    4
    3  359  391  383    4
    3  359  358  377    4
    3  374  383  391    4
    3  383  317  360    4
    3  374  375  318    4
    3  334  375  340    4
    3  334  341  385    4
    3  388  341  340    4
    3  388  389  385    4
    3  352  389  376    4
    3  352  377  358    4
    3  359  377  376    4
    3  358  360  317    4
    3  383  360  359    4
    3  383  384  317    4
    3  318  384  374    4
    3  367  358  309    4
    3  315  337  368    1
    3  353  352  350    4
    3  353  299  380    4
    3  372  380  299    4
    3  380  385  354    4
    3  350  352  392    4
    3  350  297  387    4
    3  366  337  392    4
    3  367  366  358    4
    3  363  334  386    4
    3  373  385  381    4
    3  392  337  351    4
    3  392  352  382    4
    3  380  381  385    4
    3  373  381  372    4
    3  358  317  310    4
    3  367  309  308    4
    3  385  386  334    4
    3  363  386  373    4
    3  366  368  337    4
    3  315  368  367    1
    3  299  387  297    4
    3  350  387  353    4
    3  352  354  385    4
    3  380  354  353    4
    3  358  382  352    4
    3  392  382  366    4
    3  297  351  337    4
    3  392  351  350    4
    3  308  310  317    4
    3  358  310  309    4
    3  312  347  379    3
    3  320  319  323    3
    3  371  323  346    3
    3  338  347  393    3
    3  364  300  394    3
    3  364  348  294    3
    3  319  345  323    3
    3  338  345  347    3
    3  348  298  295    3
    3  294  293  365    3
    3  304  339  394    3
    3  331  371  305    1
    3  364  349  348    3
    3  349  339  393    3
    3  338  393  339    3
    3  349  393  347    3
    3  338  303  371    3
    3  304  303  339    3
    3  356  312  321    3
    3  291  292  357    3
    3  364  394  339    3
    3  304  394  300    3
    3  319  321  312    3
    3  356  321  320    3
    3  293  295  298    3
    3  348  295  294    3
    3  312  357  292    3
    3  291  357  356    3
    3  345  346  323    3
    3  371  346  338    3
    3  303  305  371    3
    3  331  305  304    1
    3  345  379  347    3
    3  312  379  319    3
    3  300  365  293    3
    3  294  365  364    3
C Prescribed Values(Inlet, Outlet), InteractionSurface(Inlet, Outlet)
       1        0        0        2        2        2
C Inlet Pressure, FunID (E18.9,I5)
   1.000000000e+00    3
C Outlet Velocity
C     Vx,           Vy,            Vz,    indVx,indVy,indVz, FunID(3E18.9, 4I5)
   0.000000000e+00   1.000000000e+00   0.000000000e+00    1    0    0    4
C Inlet Velocity
C nNodeID,    Vx,           Vy,            Vz (I5, 3E18.9)
  265
    1  -2.050000000e+00  -2.300000000e+00   3.500000000e-01
    2  -2.000000000e-01  -2.200000000e+00   1.700000000e+00
    3  -7.000000000e-01  -2.200000000e+00   2.150000000e+00
    4  -1.350000000e+00  -2.200000000e+00   2.450000000e+00
    5  -2.050000000e+00  -2.200000000e+00   2.450000000e+00
    6  -2.600000000e+00  -2.200000000e+00   2.200000000e+00
    7  -2.950000000e+00  -2.200000000e+00   1.850000000e+00
    8  -3.250000000e+00  -2.200000000e+00   1.400000000e+00
    9  -3.550000000e+00  -2.200000000e+00   9.500000000e-01
   10  -3.850000000e+00  -2.200000000e+00   3.500000000e-01
   11  -3.850000000e+00  -2.200000000e+00  -2.500000000e-01
   12  -3.200000000e+00  -2.200000000e+00  -2.000000000e-01
   13  -2.600000000e+00  -2.200000000e+00   4.500000000e-01
   14  -2.550000000e+00  -2.200000000e+00   9.000000000e-01
   15  -2.500000000e+00  -2.200000000e+00   2.500000000e-01
   16  -1.900000000e+00  -2.200000000e+00  -9.500000000e-01
   17  -1.250000000e+00  -2.200000000e+00  -1.250000000e+00
   18  -9.000000000e-01  -2.200000000e+00  -1.050000000e+00
   19  -9.000000000e-01  -2.200000000e+00  -7.500000000e-01
   20  -1.350000000e+00  -2.200000000e+00  -5.500000000e-01
   21  -2.150000000e+00  -2.200000000e+00  -7.000000000e-01
   22  -2.400000000e+00  -2.200000000e+00  -1.150000000e+00
   23  -1.850000000e+00  -2.200000000e+00  -1.250000000e+00
   24  -9.500000000e-01  -2.200000000e+00  -7.000000000e-01
   25  -1.500000000e-01  -2.200000000e+00   7.000000000e-01
   26   1.000000000e-01  -2.050000000e+00   1.800000000e+00
   27  -4.500000000e-01  -2.050000000e+00   2.550000000e+00
   28  -1.200000000e+00  -2.050000000e+00   3.000000000e+00
   29  -2.000000000e+00  -2.050000000e+00   3.100000000e+00
   30  -2.650000000e+00  -2.050000000e+00   2.850000000e+00
   31  -3.100000000e+00  -2.050000000e+00   2.450000000e+00
   32  -3.400000000e+00  -2.050000000e+00   2.050000000e+00
   33  -3.800000000e+00  -2.050000000e+00   1.650000000e+00
   34  -4.450000000e+00  -2.050000000e+00   9.500000000e-01
   35  -4.600000000e+00  -2.050000000e+00   1.000000000e-01
   36  -3.750000000e+00  -2.050000000e+00   2.500000000e-01
   37  -3.000000000e+00  -2.050000000e+00   1.250000000e+00
   38  -3.050000000e+00  -2.050000000e+00   2.050000000e+00
   39  -3.250000000e+00  -2.050000000e+00   1.400000000e+00
   40  -2.500000000e+00  -2.050000000e+00  -6.000000000e-01
   41  -1.550000000e+00  -2.050000000e+00  -1.300000000e+00
   42  -1.000000000e+00  -2.050000000e+00  -1.200000000e+00
   43  -8.500000000e-01  -2.050000000e+00  -8.500000000e-01
   44  -1.250000000e+00  -2.050000000e+00  -6.000000000e-01
   45  -2.150000000e+00  -2.050000000e+00  -7.000000000e-01
   46  -2.450000000e+00  -2.050000000e+00  -1.200000000e+00
   47  -1.850000000e+00  -2.050000000e+00  -1.300000000e+00
   48  -8.500000000e-01  -2.050000000e+00  -8.000000000e-01
   49   1.000000000e-01  -2.050000000e+00   7.000000000e-01
   50   1.500000000e-01  -1.900000000e+00   1.450000000e+00
   51  -3.500000000e-01  -1.900000000e+00   2.250000000e+00
   52  -1.050000000e+00  -1.900000000e+00   2.800000000e+00
   53  -1.900000000e+00  -1.900000000e+00   3.050000000e+00
   54  -2.650000000e+00  -1.900000000e+00   3.000000000e+00
   55  -3.250000000e+00  -1.900000000e+00   2.700000000e+00
   56  -4.000000000e+00  -1.900000000e+00   2.350000000e+00
   57  -4.950000000e+00  -1.900000000e+00   1.750000000e+00
   58  -5.950000000e+00  -1.900000000e+00   7.000000000e-01
   59  -6.100000000e+00  -1.900000000e+00  -5.000000000e-01
   60  -4.700000000e+00  -1.900000000e+00  -2.000000000e-01
   61  -3.450000000e+00  -1.900000000e+00   1.600000000e+00
   62  -3.450000000e+00  -1.900000000e+00   3.100000000e+00
   63  -3.950000000e+00  -1.900000000e+00   2.500000000e+00
   64  -3.050000000e+00  -1.900000000e+00  -4.000000000e-01
   65  -1.650000000e+00  -1.900000000e+00  -1.700000000e+00
   66  -8.000000000e-01  -1.900000000e+00  -1.700000000e+00
   67  -5.500000000e-01  -1.900000000e+00  -1.250000000e+00
   68  -1.100000000e+00  -1.900000000e+00  -8.000000000e-01
   69  -2.400000000e+00  -1.900000000e+00  -9.500000000e-01
   70  -2.850000000e+00  -1.900000000e+00  -1.500000000e+00
   71  -2.150000000e+00  -1.900000000e+00  -1.700000000e+00
   72  -1.000000000e+00  -1.900000000e+00  -1.150000000e+00
   73   1.000000000e-01  -1.900000000e+00   3.500000000e-01
   74   4.000000000e-01  -1.800000000e+00   1.750000000e+00
   75  -1.000000000e-01  -1.800000000e+00   2.400000000e+00
   76  -7.500000000e-01  -1.800000000e+00   2.800000000e+00
   77  -1.500000000e+00  -1.800000000e+00   3.000000000e+00
   78  -2.200000000e+00  -1.800000000e+00   3.000000000e+00
   79  -2.850000000e+00  -1.800000000e+00   2.850000000e+00
   80  -3.650000000e+00  -1.800000000e+00   2.600000000e+00
   81  -4.750000000e+00  -1.800000000e+00   2.100000000e+00
   82  -6.000000000e+00  -1.800000000e+00   1.000000000e+00
   83  -6.350000000e+00  -1.800000000e+00  -3.500000000e-01
   84  -5.000000000e+00  -1.800000000e+00  -2.000000000e-01
   85  -3.700000000e+00  -1.800000000e+00   1.550000000e+00
   86  -3.650000000e+00  -1.800000000e+00   3.050000000e+00
   87  -4.200000000e+00  -1.800000000e+00   2.750000000e+00
   88  -3.300000000e+00  -1.800000000e+00  -4.000000000e-01
   89  -1.600000000e+00  -1.800000000e+00  -2.050000000e+00
   90  -5.500000000e-01  -1.800000000e+00  -2.000000000e+00
   91  -2.500000000e-01  -1.800000000e+00  -1.500000000e+00
   92  -9.500000000e-01  -1.800000000e+00  -1.000000000e+00
   93  -2.750000000e+00  -1.800000000e+00  -1.150000000e+00
   94  -3.200000000e+00  -1.800000000e+00  -1.850000000e+00
   95  -2.350000000e+00  -1.800000000e+00  -2.100000000e+00
   96  -9.000000000e-01  -1.800000000e+00  -1.450000000e+00
   97   4.000000000e-01  -1.800000000e+00   5.500000000e-01
   98   6.500000000e-01  -1.650000000e+00   2.750000000e+00
   99   0.000000000e+00  -1.650000000e+00   3.200000000e+00
  100  -6.500000000e-01  -1.650000000e+00   3.350000000e+00
  101  -1.300000000e+00  -1.650000000e+00   3.400000000e+00
  102  -2.000000000e+00  -1.650000000e+00   3.400000000e+00
  103  -2.550000000e+00  -1.650000000e+00   3.200000000e+00
  104  -3.200000000e+00  -1.650000000e+00   3.050000000e+00
  105  -4.100000000e+00  -1.650000000e+00   2.700000000e+00
  106  -5.350000000e+00  -1.650000000e+00   1.800000000e+00
  107  -6.000000000e+00  -1.650000000e+00   4.500000000e-01
  108  -5.000000000e+00  -1.650000000e+00   3.500000000e-01
  109  -3.800000000e+00  -1.650000000e+00   1.750000000e+00
  110  -3.750000000e+00  -1.650000000e+00   3.000000000e+00
  111  -4.300000000e+00  -1.650000000e+00   2.900000000e+00
  112  -3.450000000e+00  -1.650000000e+00  -5.000000000e-02
  113  -1.750000000e+00  -1.650000000e+00  -1.850000000e+00
  114  -6.000000000e-01  -1.650000000e+00  -1.900000000e+00
  115  -2.500000000e-01  -1.650000000e+00  -1.400000000e+00
  116  -1.100000000e+00  -1.650000000e+00  -8.500000000e-01
  117  -3.100000000e+00  -1.650000000e+00  -1.100000000e+00
  118  -3.500000000e+00  -1.650000000e+00  -1.900000000e+00
  119  -2.500000000e+00  -1.650000000e+00  -2.150000000e+00
  120  -7.000000000e-01  -1.650000000e+00  -1.200000000e+00
  121   8.000000000e-01  -1.650000000e+00   1.350000000e+00
  122   7.500000000e-01  -1.550000000e+00   3.850000000e+00
  123  -5.000000000e-02  -1.550000000e+00   4.150000000e+00
  124  -7.000000000e-01  -1.550000000e+00   4.000000000e+00
  125  -1.300000000e+00  -1.550000000e+00   3.900000000e+00
  126  -2.050000000e+00  -1.550000000e+00   3.850000000e+00
  127  -2.550000000e+00  -1.550000000e+00   3.650000000e+00
  128  -3.150000000e+00  -1.550000000e+00   3.450000000e+00
  129  -4.000000000e+00  -1.550000000e+00   3.100000000e+00
  130  -5.250000000e+00  -1.550000000e+00   2.300000000e+00
  131  -6.100000000e+00  -1.550000000e+00   8.500000000e-01
  132  -5.200000000e+00  -1.550000000e+00   5.500000000e-01
  133  -4.000000000e+00  -1.550000000e+00   1.750000000e+00
  134  -3.850000000e+00  -1.550000000e+00   2.950000000e+00
  135  -4.300000000e+00  -1.550000000e+00   3.000000000e+00
  136  -3.600000000e+00  -1.550000000e+00   3.000000000e-01
  137  -1.800000000e+00  -1.550000000e+00  -1.650000000e+00
  138  -6.000000000e-01  -1.550000000e+00  -1.750000000e+00
  139  -2.000000000e-01  -1.550000000e+00  -1.200000000e+00
  140  -1.150000000e+00  -1.550000000e+00  -6.500000000e-01
  141  -3.250000000e+00  -1.550000000e+00  -9.000000000e-01
  142  -3.500000000e+00  -1.550000000e+00  -1.700000000e+00
  143  -2.350000000e+00  -1.550000000e+00  -1.850000000e+00
  144  -4.500000000e-01  -1.550000000e+00  -6.500000000e-01
  145   1.150000000e+00  -1.550000000e+00   2.400000000e+00
  146   1.100000000e+00  -1.050000000e+00   4.900000000e+00
  147   1.500000000e-01  -1.050000000e+00   4.900000000e+00
  148  -4.500000000e-01  -1.050000000e+00   4.500000000e+00
  149  -9.000000000e-01  -1.050000000e+00   4.250000000e+00
  150  -1.650000000e+00  -1.050000000e+00   4.300000000e+00
  151  -2.300000000e+00  -1.050000000e+00   4.150000000e+00
  152  -3.100000000e+00  -1.050000000e+00   4.000000000e+00
  153  -4.200000000e+00  -1.050000000e+00   3.600000000e+00
  154  -5.500000000e+00  -1.050000000e+00   2.700000000e+00
  155  -6.350000000e+00  -1.050000000e+00   1.200000000e+00
  156  -5.600000000e+00  -1.050000000e+00   6.500000000e-01
  157  -4.200000000e+00  -1.050000000e+00   2.000000000e+00
  158  -4.000000000e+00  -1.050000000e+00   3.350000000e+00
  159  -4.500000000e+00  -1.050000000e+00   3.650000000e+00
  160  -3.950000000e+00  -1.050000000e+00   9.500000000e-01
  161  -1.800000000e+00  -1.050000000e+00  -1.550000000e+00
  162  -3.000000000e-01  -1.050000000e+00  -1.800000000e+00
  163   2.500000000e-01  -1.050000000e+00  -1.200000000e+00
  164  -1.100000000e+00  -1.050000000e+00  -4.500000000e-01
  165  -3.650000000e+00  -1.050000000e+00  -8.000000000e-01
  166  -3.650000000e+00  -1.050000000e+00  -1.600000000e+00
  167  -2.350000000e+00  -1.050000000e+00  -1.800000000e+00
  168  -1.000000000e-01  -1.050000000e+00  -2.500000000e-01
  169   1.700000000e+00  -1.050000000e+00   3.450000000e+00
  170   1.600000000e+00  -5.500000000e-01   5.950000000e+00
  171   6.000000000e-01  -5.500000000e-01   5.600000000e+00
  172   2.500000000e-01  -5.500000000e-01   4.600000000e+00
  173   2.000000000e-01  -5.500000000e-01   4.100000000e+00
  174  -4.000000000e-01  -5.500000000e-01   4.400000000e+00
  175  -1.250000000e+00  -5.500000000e-01   4.600000000e+00
  176  -2.400000000e+00  -5.500000000e-01   4.650000000e+00
  177  -3.850000000e+00  -5.500000000e-01   4.300000000e+00
  178  -5.400000000e+00  -5.500000000e-01   3.300000000e+00
  179  -6.350000000e+00  -5.500000000e-01   1.700000000e+00
  180  -5.500000000e+00  -5.500000000e-01   1.200000000e+00
  181  -3.950000000e+00  -5.500000000e-01   3.000000000e+00
  182  -3.850000000e+00  -5.500000000e-01   4.800000000e+00
  183  -4.700000000e+00  -5.500000000e-01   5.300000000e+00
  184  -4.450000000e+00  -5.500000000e-01   2.550000000e+00
  185  -2.150000000e+00  -5.500000000e-01  -6.500000000e-01
  186  -2.500000000e-01  -5.500000000e-01  -1.450000000e+00
  187   5.500000000e-01  -5.500000000e-01  -1.000000000e+00
  188  -1.400000000e+00  -5.500000000e-01  -1.000000000e-01
  189  -3.950000000e+00  -5.500000000e-01  -5.500000000e-01
  190  -3.650000000e+00  -5.500000000e-01  -1.350000000e+00
  191  -2.250000000e+00  -5.500000000e-01  -1.600000000e+00
  192   2.500000000e-01  -5.500000000e-01   1.000000000e-01
  193   2.350000000e+00  -5.500000000e-01   4.500000000e+00
  194   2.000000000e+00  -1.000000000e-01   5.850000000e+00
  195   1.150000000e+00  -1.000000000e-01   5.550000000e+00
  196   8.500000000e-01  -1.000000000e-01   4.700000000e+00
  197   8.000000000e-01  -1.000000000e-01   4.400000000e+00
  198   0.000000000e+00  -1.000000000e-01   4.900000000e+00
  199  -1.000000000e+00  -1.000000000e-01   5.150000000e+00
  200  -2.250000000e+00  -1.000000000e-01   5.100000000e+00
  201  -3.650000000e+00  -1.000000000e-01   4.650000000e+00
  202  -4.950000000e+00  -1.000000000e-01   3.700000000e+00
  203  -5.700000000e+00  -1.000000000e-01   2.300000000e+00
  204  -4.800000000e+00  -1.000000000e-01   2.100000000e+00
  205  -3.350000000e+00  -1.000000000e-01   4.300000000e+00
  206  -3.500000000e+00  -1.000000000e-01   6.400000000e+00
  207  -4.700000000e+00  -1.000000000e-01   6.900000000e+00
  208  -4.700000000e+00  -1.000000000e-01   3.750000000e+00
  209  -2.150000000e+00  -1.000000000e-01  -1.500000000e-01
  210   3.000000000e-01  -1.000000000e-01  -1.450000000e+00
  211   1.550000000e+00  -1.000000000e-01  -1.050000000e+00
  212  -9.000000000e-01  -1.000000000e-01   1.000000000e-01
  213  -3.650000000e+00  -1.000000000e-01  -3.000000000e-01
  214  -3.300000000e+00  -1.000000000e-01  -1.100000000e+00
  215  -2.050000000e+00  -1.000000000e-01  -1.500000000e+00
  216   4.000000000e-01  -1.000000000e-01  -5.000000000e-02
  217   2.650000000e+00  -1.000000000e-01   4.400000000e+00
  218   2.250000000e+00   4.000000000e-01   7.600000000e+00
  219   1.200000000e+00   4.000000000e-01   6.600000000e+00
  220   1.350000000e+00   4.000000000e-01   4.750000000e+00
  221   2.100000000e+00   4.000000000e-01   3.850000000e+00
  222   1.650000000e+00   4.000000000e-01   4.600000000e+00
  223   4.500000000e-01   4.000000000e-01   5.350000000e+00
  224  -1.250000000e+00   4.000000000e-01   5.650000000e+00
  225  -3.250000000e+00   4.000000000e-01   5.300000000e+00
  226  -5.000000000e+00   4.000000000e-01   4.200000000e+00
  227  -5.850000000e+00   4.000000000e-01   2.700000000e+00
  228  -4.850000000e+00   4.000000000e-01   2.550000000e+00
  229  -3.200000000e+00   4.000000000e-01   5.100000000e+00
  230  -3.400000000e+00   4.000000000e-01   7.450000000e+00
  231  -4.800000000e+00   4.000000000e-01   8.150000000e+00
  232  -5.100000000e+00   4.000000000e-01   5.200000000e+00
  233  -2.800000000e+00   4.000000000e-01   1.050000000e+00
  234  -1.500000000e-01   4.000000000e-01  -7.500000000e-01
  235   1.350000000e+00   4.000000000e-01  -6.000000000e-01
  236  -1.400000000e+00   4.000000000e-01   5.000000000e-01
  237  -4.100000000e+00   4.000000000e-01  -5.000000000e-02
  238  -3.600000000e+00   4.000000000e-01  -9.500000000e-01
  239  -1.900000000e+00   4.000000000e-01  -1.050000000e+00
  240   1.000000000e+00   4.000000000e-01   1.100000000e+00
  241   3.250000000e+00   4.000000000e-01   6.300000000e+00
  242   1.850000000e+00   9.000000000e-01   8.000000000e+00
  243   8.500000000e-01   9.000000000e-01   6.800000000e+00
  244   1.200000000e+00   9.000000000e-01   4.700000000e+00
  245   2.100000000e+00   9.000000000e-01   3.800000000e+00
  246   1.500000000e+00   9.000000000e-01   4.750000000e+00
  247   2.000000000e-01   9.000000000e-01   5.600000000e+00
  248  -1.750000000e+00   9.000000000e-01   5.950000000e+00
  249  -3.950000000e+00   9.000000000e-01   5.500000000e+00
  250  -5.900000000e+00   9.000000000e-01   4.200000000e+00
  251  -6.800000000e+00   9.000000000e-01   2.450000000e+00
  252  -5.500000000e+00   9.000000000e-01   2.250000000e+00
  253  -3.650000000e+00   9.000000000e-01   4.900000000e+00
  254  -3.700000000e+00   9.000000000e-01   7.400000000e+00
  255  -5.100000000e+00   9.000000000e-01   8.250000000e+00
  256  -5.650000000e+00   9.000000000e-01   5.800000000e+00
  257  -3.550000000e+00   9.000000000e-01   1.650000000e+00
  258  -1.000000000e+00   9.000000000e-01  -2.500000000e-01
  259   5.500000000e-01   9.000000000e-01  -3.000000000e-01
  260  -2.050000000e+00   9.000000000e-01   7.000000000e-01
  261  -4.550000000e+00   9.000000000e-01   1.500000000e-01
  262  -3.750000000e+00   9.000000000e-01  -6.000000000e-01
  263  -1.900000000e+00   9.000000000e-01  -5.500000000e-01
  264   1.200000000e+00   9.000000000e-01   2.150000000e+00
  265   3.150000000e+00   9.000000000e-01   7.350000000e+00
C Region List
