C PointsNum,MaxElemVol,TetGenParams,nAtrib,IndMov,MDMaxVolume,MDomDiv,MDOnly,MDDivF,MDPrescP
  395    1.000000e+00 YYpznno2q1.414a     0     0    1.000000e+00     1     0     0     0     0     0 YYpznno2q1.414a
  -5.321480000e-02  -7.699570000e+00  -1.071810000e-01
  -1.912290000e-02  -7.271820000e+00   6.079840000e-01
  -2.014590000e-01  -7.271820000e+00   6.130480000e-01
  -3.888280000e-01  -7.271820000e+00   5.762330000e-01
  -5.662570000e-01  -7.271820000e+00   4.872300000e-01
  -6.954580000e-01  -7.271820000e+00   3.348930000e-01
  -7.548340000e-01  -7.271820000e+00   1.444290000e-01
  -7.547890000e-01  -7.271820000e+00  -5.090400000e-02
  -7.120680000e-01  -7.271820000e+00  -2.337880000e-01
  -6.365570000e-01  -7.271820000e+00  -3.977610000e-01
  -5.380870000e-01  -7.271820000e+00  -5.478680000e-01
  -4.135420000e-01  -7.271820000e+00  -6.877370000e-01
  -2.547010000e-01  -7.271820000e+00  -8.065250000e-01
  -5.812290000e-02  -7.271820000e+00  -8.763890000e-01
   1.515520000e-01  -7.271820000e+00  -8.658340000e-01
   3.493440000e-01  -7.271820000e+00  -7.893610000e-01
   5.204660000e-01  -7.271820000e+00  -6.634930000e-01
   6.525370000e-01  -7.271820000e+00  -4.978660000e-01
   7.067250000e-01  -7.271820000e+00  -2.964650000e-01
   6.331810000e-01  -7.271820000e+00  -9.390400000e-02
   5.214040000e-01  -7.271820000e+00   6.009800000e-02
   4.259050000e-01  -7.271820000e+00   1.792130000e-01
   3.451650000e-01  -7.271820000e+00   2.923840000e-01
   2.587470000e-01  -7.271820000e+00   4.140700000e-01
   1.416420000e-01  -7.271820000e+00   5.369680000e-01
  -4.808340000e-02  -6.844070000e+00   9.153100000e-01
  -3.004520000e-01  -6.844070000e+00   9.051250000e-01
  -5.496990000e-01  -6.844070000e+00   8.357630000e-01
  -7.814050000e-01  -6.844070000e+00   7.039350000e-01
  -9.579280000e-01  -6.844070000e+00   5.006800000e-01
  -1.055520000e+00  -6.844070000e+00   2.493960000e-01
  -1.077600000e+00  -6.844070000e+00  -1.738680000e-02
  -1.038030000e+00  -6.844070000e+00  -2.770150000e-01
  -9.396500000e-01  -6.844070000e+00  -5.178790000e-01
  -7.835980000e-01  -6.844070000e+00  -7.229010000e-01
  -5.861290000e-01  -6.844070000e+00  -8.863400000e-01
  -3.557920000e-01  -6.844070000e+00  -1.004840000e+00
  -9.908340000e-02  -6.844070000e+00  -1.064650000e+00
   1.661290000e-01  -6.844070000e+00  -1.041470000e+00
   4.105210000e-01  -6.844070000e+00  -9.379090000e-01
   6.179010000e-01  -6.844070000e+00  -7.753710000e-01
   7.777500000e-01  -6.844070000e+00  -5.689380000e-01
   8.561340000e-01  -6.844070000e+00  -3.222580000e-01
   8.199860000e-01  -6.844070000e+00  -7.138680000e-02
   7.242410000e-01  -6.844070000e+00   1.462030000e-01
   6.171710000e-01  -6.844070000e+00   3.313610000e-01
   5.046970000e-01  -6.844070000e+00   5.073930000e-01
   3.685450000e-01  -6.844070000e+00   6.817270000e-01
   1.869450000e-01  -6.844070000e+00   8.380340000e-01
  -6.627100000e-02  -6.416310000e+00   1.186160000e+00
  -3.829520000e-01  -6.416310000e+00   1.158930000e+00
  -6.867170000e-01  -6.416310000e+00   1.055374000e+00
  -9.604310000e-01  -6.416310000e+00   8.816880000e-01
  -1.172160000e+00  -6.416310000e+00   6.328940000e-01
  -1.290030000e+00  -6.416310000e+00   3.270600000e-01
  -1.319430000e+00  -6.416310000e+00   3.528800000e-03
  -1.274910000e+00  -6.416310000e+00  -3.133190000e-01
  -1.158080000e+00  -6.416310000e+00  -6.085190000e-01
  -9.668600000e-01  -6.416310000e+00  -8.580640000e-01
  -7.196430000e-01  -6.416310000e+00  -1.050050000e+00
  -4.364120000e-01  -6.416310000e+00  -1.182200000e+00
  -1.272710000e-01  -6.416310000e+00  -1.246670000e+00
   1.889150000e-01  -6.416310000e+00  -1.220310000e+00
   4.833810000e-01  -6.416310000e+00  -1.099105000e+00
   7.339140000e-01  -6.416310000e+00  -9.046560000e-01
   9.242660000e-01  -6.416310000e+00  -6.542660000e-01
   1.009867000e+00  -6.416310000e+00  -3.561500000e-01
   9.701260000e-01  -6.416310000e+00  -5.847120000e-02
   8.700710000e-01  -6.416310000e+00   2.016170000e-01
   7.511910000e-01  -6.416310000e+00   4.311430000e-01
   6.210120000e-01  -6.416310000e+00   6.538120000e-01
   4.594670000e-01  -6.416310000e+00   8.823000000e-01
   2.323980000e-01  -6.416310000e+00   1.091800000e+00
  -9.190600000e-02  -5.988560000e+00   1.378210000e+00
  -4.537960000e-01  -5.988560000e+00   1.346460000e+00
  -8.020470000e-01  -5.988560000e+00   1.231660000e+00
  -1.119810000e+00  -5.988560000e+00   1.037637000e+00
  -1.368090000e+00  -5.988560000e+00   7.533420000e-01
  -1.499580000e+00  -5.988560000e+00   3.995060000e-01
  -1.523380000e+00  -5.988560000e+00   2.772760000e-02
  -1.464640000e+00  -5.988560000e+00  -3.318470000e-01
  -1.331630000e+00  -5.988560000e+00  -6.662860000e-01
  -1.118090000e+00  -5.988560000e+00  -9.544600000e-01
  -8.380300000e-01  -5.988560000e+00  -1.176750000e+00
  -5.137910000e-01  -5.988560000e+00  -1.329720000e+00
  -1.599060000e-01  -5.988560000e+00  -1.401640000e+00
   2.005700000e-01  -5.988560000e+00  -1.361400000e+00
   5.201550000e-01  -5.988560000e+00  -1.199250000e+00
   7.778320000e-01  -5.988560000e+00  -9.600100000e-01
   9.694680000e-01  -5.988560000e+00  -6.785840000e-01
   1.074097000e+00  -5.988560000e+00  -3.626180000e-01
   1.072992000e+00  -5.988560000e+00  -4.027240000e-02
   1.000536000e+00  -5.988560000e+00   2.606570000e-01
   8.808740000e-01  -5.988560000e+00   5.368790000e-01
   7.286160000e-01  -5.988560000e+00   8.022490000e-01
   5.286960000e-01  -5.988560000e+00   1.062710000e+00
   2.549540000e-01  -5.988560000e+00   1.286800000e+00
  -1.332050000e-01  -5.560800000e+00   1.512060000e+00
  -5.285600000e-01  -5.560800000e+00   1.484910000e+00
  -9.154370000e-01  -5.560800000e+00   1.373890000e+00
  -1.275770000e+00  -5.560800000e+00   1.171361000e+00
  -1.558770000e+00  -5.560800000e+00   8.603820000e-01
  -1.698940000e+00  -5.560800000e+00   4.628580000e-01
  -1.712730000e+00  -5.560800000e+00   4.880010000e-02
  -1.636890000e+00  -5.560800000e+00  -3.455470000e-01
  -1.484990000e+00  -5.560800000e+00  -7.092160000e-01
  -1.253810000e+00  -5.560800000e+00  -1.024810000e+00
  -9.479900000e-01  -5.560800000e+00  -1.268390000e+00
  -5.936820000e-01  -5.560800000e+00  -1.434810000e+00
  -2.062050000e-01  -5.560800000e+00  -1.512370000e+00
   1.860320000e-01  -5.560800000e+00  -1.461200000e+00
   5.205170000e-01  -5.560800000e+00  -1.263170000e+00
   7.745360000e-01  -5.560800000e+00  -9.879400000e-01
   9.620970000e-01  -5.560800000e+00  -6.848540000e-01
   1.078512000e+00  -5.560800000e+00  -3.608530000e-01
   1.103068000e+00  -5.560800000e+00  -2.619990000e-02
   1.051909000e+00  -5.560800000e+00   2.990060000e-01
   9.336970000e-01  -5.560800000e+00   6.043950000e-01
   7.704360000e-01  -5.560800000e+00   8.984410000e-01
   5.503280000e-01  -5.560800000e+00   1.184280000e+00
   2.458210000e-01  -5.560800000e+00   1.421470000e+00
  -1.808390000e-01  -5.133050000e+00   1.634360000e+00
  -6.032700000e-01  -5.133050000e+00   1.608020000e+00
  -1.022110000e+00  -5.133050000e+00   1.495090000e+00
  -1.415750000e+00  -5.133050000e+00   1.283486000e+00
  -1.724280000e+00  -5.133050000e+00   9.493120000e-01
  -1.878130000e+00  -5.133050000e+00   5.191110000e-01
  -1.896210000e+00  -5.133050000e+00   7.157410000e-02
  -1.813890000e+00  -5.133050000e+00  -3.572200000e-01
  -1.650590000e+00  -5.133050000e+00  -7.533500000e-01
  -1.397430000e+00  -5.133050000e+00  -1.095020000e+00
  -1.057250000e+00  -5.133050000e+00  -1.345450000e+00
  -6.687960000e-01  -5.133050000e+00  -1.503080000e+00
  -2.578390000e-01  -5.133050000e+00  -1.567270000e+00
   1.524600000e-01  -5.133050000e+00  -1.512720000e+00
   4.976600000e-01  -5.133050000e+00  -1.295900000e+00
   7.537640000e-01  -5.133050000e+00  -1.002030000e+00
   9.415960000e-01  -5.133050000e+00  -6.878700000e-01
   1.065610000e+00  -5.133050000e+00  -3.571370000e-01
   1.103743000e+00  -5.133050000e+00  -1.242590000e-02
   1.060371000e+00  -5.133050000e+00   3.293270000e-01
   9.417440000e-01  -5.133050000e+00   6.516150000e-01
   7.774040000e-01  -5.133050000e+00   9.678170000e-01
   5.514280000e-01  -5.133050000e+00   1.283310000e+00
   2.277446000e-01  -5.133050000e+00   1.543250000e+00
  -2.546040000e-01  -4.305630000e+00   1.881170000e+00
  -7.304260000e-01  -4.305630000e+00   1.848810000e+00
  -1.199000000e+00  -4.305630000e+00   1.716470000e+00
  -1.635710000e+00  -4.305630000e+00   1.473270000e+00
  -1.979240000e+00  -4.305630000e+00   1.097446000e+00
  -2.154890000e+00  -4.305630000e+00   6.193220000e-01
  -2.178560000e+00  -4.305630000e+00   1.171583000e-01
  -2.088340000e+00  -4.305630000e+00  -3.638550000e-01
  -1.905450000e+00  -4.305630000e+00  -8.087300000e-01
  -1.618690000e+00  -4.305630000e+00  -1.189930000e+00
  -1.228530000e+00  -4.305630000e+00  -1.454320000e+00
  -7.902780000e-01  -4.305630000e+00  -1.599530000e+00
  -3.416040000e-01  -4.305630000e+00  -1.646040000e+00
   9.941120000e-02  -4.305630000e+00  -1.585430000e+00
   4.655400000e-01  -4.305630000e+00  -1.345680000e+00
   7.238500000e-01  -4.305630000e+00  -1.017296000e+00
   9.086460000e-01  -4.305630000e+00  -6.785100000e-01
   1.038760000e+00  -4.305630000e+00  -3.346590000e-01
   1.087281000e+00  -4.305630000e+00   2.515830000e-02
   1.052008000e+00  -4.305630000e+00   3.840440000e-01
   9.374470000e-01  -4.305630000e+00   7.296880000e-01
   7.832810000e-01  -4.305630000e+00   1.087043000e+00
   5.589780000e-01  -4.305630000e+00   1.465170000e+00
   2.066162900e-01  -4.305630000e+00   1.779440000e+00
  -2.931530000e-01  -3.478210000e+00   1.981100000e+00
  -8.019590000e-01  -3.478210000e+00   1.978100000e+00
  -1.323980000e+00  -3.478210000e+00   1.872090000e+00
  -1.826220000e+00  -3.478210000e+00   1.630630000e+00
  -2.210990000e+00  -3.478210000e+00   1.215959000e+00
  -2.375310000e+00  -3.478210000e+00   6.762710000e-01
  -2.348540000e+00  -3.478210000e+00   1.255661000e-01
  -2.205270000e+00  -3.478210000e+00  -3.762260000e-01
  -1.987900000e+00  -3.478210000e+00  -8.254400000e-01
  -1.695050000e+00  -3.478210000e+00  -1.217330000e+00
  -1.311520000e+00  -3.478210000e+00  -1.515850000e+00
  -8.672000000e-01  -3.478210000e+00  -1.709790000e+00
  -3.891530000e-01  -3.478210000e+00  -1.795030000e+00
   9.336420000e-02  -3.478210000e+00  -1.739100000e+00
   4.833620000e-01  -3.478210000e+00  -1.457070000e+00
   7.393120000e-01  -3.478210000e+00  -1.076900000e+00
   9.157290000e-01  -3.478210000e+00  -7.066660000e-01
   1.046327000e+00  -3.478210000e+00  -3.459530000e-01
   1.094983000e+00  -3.478210000e+00   2.756610000e-02
   1.057012000e+00  -3.478210000e+00   4.006240000e-01
   9.372080000e-01  -3.478210000e+00   7.596060000e-01
   7.809370000e-01  -3.478210000e+00   1.132660000e+00
   5.531460000e-01  -3.478210000e+00   1.531350000e+00
   1.877498000e-01  -3.478210000e+00   1.863890000e+00
  -3.375970000e-01  -2.651800000e+00   1.996380000e+00
  -8.680400000e-01  -2.651800000e+00   2.028140000e+00
  -1.436120000e+00  -2.651800000e+00   1.961500000e+00
  -2.001750000e+00  -2.651800000e+00   1.733610000e+00
  -2.418220000e+00  -2.651800000e+00   1.282050000e+00
  -2.573390000e+00  -2.651800000e+00   6.904890000e-01
  -2.520530000e+00  -2.651800000e+00   1.004598000e-01
  -2.351860000e+00  -2.651800000e+00  -4.271260000e-01
  -2.115750000e+00  -2.651800000e+00  -8.936500000e-01
  -1.810310000e+00  -2.651800000e+00  -1.305250000e+00
  -1.416030000e+00  -2.651800000e+00  -1.629020000e+00
  -9.519100000e-01  -2.651800000e+00  -1.852590000e+00
  -4.425970000e-01  -2.651800000e+00  -1.960180000e+00
   7.804230000e-02  -2.651800000e+00  -1.909940000e+00
   4.939720000e-01  -2.651800000e+00  -1.596580000e+00
   7.534200000e-01  -2.651800000e+00  -1.172560000e+00
   9.240360000e-01  -2.651800000e+00  -7.696920000e-01
   1.053928000e+00  -2.651800000e+00  -3.890050000e-01
   1.094816000e+00  -2.651800000e+00   4.598000000e-04
   1.045447000e+00  -2.651800000e+00   3.841120000e-01
   9.172710000e-01  -2.651800000e+00   7.500300000e-01
   7.563320000e-01  -2.651800000e+00   1.131390000e+00
   5.237340000e-01  -2.651800000e+00   1.536720000e+00
   1.485627000e-01  -2.651800000e+00   1.865660000e+00
  -3.943260000e-01  -1.824380000e+00   1.974200000e+00
  -9.342400000e-01  -1.824380000e+00   2.014590000e+00
  -1.515650000e+00  -1.824380000e+00   1.951840000e+00
  -2.090030000e+00  -1.824380000e+00   1.717580000e+00
  -2.506820000e+00  -1.824380000e+00   1.253100000e+00
  -2.693740000e+00  -1.824380000e+00   6.589140000e-01
  -2.693190000e+00  -1.824380000e+00   5.287900000e-02
  -2.563510000e+00  -1.824380000e+00  -5.144290000e-01
  -2.334080000e+00  -1.824380000e+00  -1.031880000e+00
  -1.994990000e+00  -1.824380000e+00  -1.475780000e+00
  -1.546350000e+00  -1.824380000e+00  -1.796770000e+00
  -1.038730000e+00  -1.824380000e+00  -1.990960000e+00
  -5.043260000e-01  -1.824380000e+00  -2.066930000e+00
   3.057860000e-02  -1.824380000e+00  -2.011160000e+00
   4.708180000e-01  -1.824380000e+00  -1.714220000e+00
   7.529560000e-01  -1.824380000e+00  -1.285400000e+00
   9.318180000e-01  -1.824380000e+00  -8.621490000e-01
   1.056702000e+00  -1.824380000e+00  -4.585870000e-01
   1.050085000e+00  -1.824380000e+00  -5.212100000e-02
   9.524930000e-01  -1.824380000e+00   3.224430000e-01
   8.205080000e-01  -1.824380000e+00   6.770710000e-01
   6.787980000e-01  -1.824380000e+00   1.061003000e+00
   4.691820000e-01  -1.824380000e+00   1.492410000e+00
   9.852000000e-02  -1.824380000e+00   1.838870000e+00
  -4.557900000e-01  -9.969600000e-01   1.921430000e+00
  -9.935300000e-01  -9.969600000e-01   1.962250000e+00
  -1.571820000e+00  -9.969600000e-01   1.898690000e+00
  -2.136170000e+00  -9.969600000e-01   1.657630000e+00
  -2.546020000e+00  -9.969600000e-01   1.196420000e+00
  -2.778340000e+00  -9.969600000e-01   6.220110000e-01
  -2.854630000e+00  -9.969600000e-01   1.025500000e-02
  -2.791860000e+00  -9.969600000e-01  -6.014180000e-01
  -2.582810000e+00  -9.969600000e-01  -1.180590000e+00
  -2.201140000e+00  -9.969600000e-01  -1.659100000e+00
  -1.682750000e+00  -9.969600000e-01  -1.963330000e+00
  -1.121720000e+00  -9.969600000e-01  -2.108720000e+00
  -5.657900000e-01  -9.969600000e-01  -2.134320000e+00
  -2.815750000e-02  -9.969600000e-01  -2.056430000e+00
   4.205970000e-01  -9.969600000e-01  -1.771230000e+00
   7.057660000e-01  -9.969600000e-01  -1.341300000e+00
   8.789660000e-01  -9.969600000e-01  -9.073440000e-01
   1.001203000e+00  -9.969600000e-01  -5.009380000e-01
   9.928350000e-01  -9.969600000e-01  -9.374500000e-02
   8.855370000e-01  -9.969600000e-01   2.790410000e-01
   7.543420000e-01  -9.969600000e-01   6.297110000e-01
   6.204740000e-01  -9.969600000e-01   1.018519000e+00
   4.164980000e-01  -9.969600000e-01   1.461540000e+00
   3.820200000e-02  -9.969600000e-01   1.794830000e+00
  -5.626040000e-01  -3.545410000e-01   1.792920000e+00
  -8.782100000e-02  -3.545410000e-01   1.656500000e+00
   2.811060000e-01  -3.545410000e-01   1.348330000e+00
   4.117300000e-01  -3.545410000e-01   8.560400000e-01
   4.843140000e-01  -3.545410000e-01   4.768270000e-01
   5.986230000e-01  -3.545410000e-01   1.715790000e-01
   7.839060000e-01  -3.545410000e-01  -1.522940000e-01
   8.532870000e-01  -3.545410000e-01  -5.482310000e-01
   7.521980000e-01  -3.545410000e-01  -9.542100000e-01
   5.902500000e-01  -3.545410000e-01  -1.390150000e+00
   2.991910000e-01  -3.545410000e-01  -1.797640000e+00
  -1.538674000e-01  -3.545410000e-01  -2.036830000e+00
  -6.716040000e-01  -3.545410000e-01  -2.136930000e+00
  -1.229150000e+00  -3.545410000e-01  -2.166170000e+00
  -1.828530000e+00  -3.545410000e-01  -2.081460000e+00
  -2.406070000e+00  -3.545410000e-01  -1.810760000e+00
  -2.821710000e+00  -3.545410000e-01  -1.312350000e+00
  -3.005550000e+00  -3.545410000e-01  -6.881950000e-01
  -3.007280000e+00  -3.545410000e-01  -5.029400000e-02
  -2.871580000e+00  -3.545410000e-01   5.576340000e-01
  -2.608310000e+00  -3.545410000e-01   1.110010000e+00
  -2.210820000e+00  -3.545410000e-01   1.565920000e+00
  -1.659320000e+00  -3.545410000e-01   1.806490000e+00
  -1.087410000e+00  -3.545410000e-01   1.853470000e+00
  -1.455610000e+00  -4.014410000e-01  -1.727560000e+00
  -1.899900000e+00  -3.961410000e-01  -1.643080000e+00
  -1.451620000e+00  -3.927410000e-01   1.477280000e+00
  -1.078880000e+00  -4.132410000e-01   1.271420000e+00
  -1.689880000e+00  -4.635410000e-01  -1.333820000e-01
  -1.710130000e+00  -4.595410000e-01   9.210750000e-02
  -1.461400000e+00  -4.645410000e-01   1.373108000e-01
  -1.451957000e-01  -3.943410000e-01  -1.631020000e+00
  -1.322690000e+00  -4.715410000e-01  -3.645600000e-01
  -1.211760000e+00  -4.695410000e-01   1.835140000e-01
  -8.589200000e-01  -4.705410000e-01  -2.324690000e-01
  -2.098880000e+00  -4.410410000e-01   1.234000000e-02
  -2.060960000e+00  -4.437410000e-01  -4.324050000e-01
  -2.516910000e+00  -4.094410000e-01  -2.879130000e-01
  -2.212280000e+00  -4.191410000e-01   5.320050000e-01
  -2.290140000e+00  -4.206410000e-01   3.023660000e-01
  -2.306800000e+00  -4.130410000e-01   4.892490000e-01
  -5.114840000e-01  -4.048410000e-01   1.228377000e+00
  -8.658630000e-01  -4.454410000e-01   7.354070000e-01
  -1.195050000e+00  -4.290410000e-01  -1.447060000e+00
  -1.161510000e+00  -4.413410000e-01  -1.271610000e+00
  -9.867480000e-01  -4.375410000e-01  -1.328360000e+00
  -1.634600000e+00  -4.423410000e-01   7.125010000e-01
  -1.611220000e+00  -4.211410000e-01   1.097297000e+00
  -1.504130000e+00  -4.347410000e-01   9.123650000e-01
  -2.187370000e+00  -4.065410000e-01  -1.292140000e+00
  -1.607030000e+00  -4.341410000e-01  -1.271380000e+00
  -5.270930000e-01  -4.015410000e-01  -1.696390000e+00
  -8.128640000e-01  -4.331410000e-01  -1.384120000e+00
  -3.750300000e-01  -4.262410000e-01  -1.328060000e+00
  -1.836260000e+00  -4.130410000e-01   1.085328000e+00
  -1.795430000e+00  -3.914410000e-01   1.391350000e+00
  -1.703330000e+00  -4.064410000e-01   1.246420000e+00
  -9.789330000e-01  -4.022410000e-01  -1.750810000e+00
  -2.060300000e+00  -4.018410000e-01   1.080359000e+00
   3.259090000e-01  -3.939410000e-01  -1.071070000e+00
   3.454000000e-01  -4.019410000e-01  -6.784960000e-01
   3.128690000e-01  -3.978410000e-01  -8.848800000e-02
  -1.691840000e+00  -4.605410000e-01  -5.184760000e-01
  -1.910840000e+00  -4.423410000e-01  -8.583200000e-01
  -8.165900000e-03  -4.104410000e-01   4.649250000e-01
  -1.766170000e-01  -4.373410000e-01  -1.143000000e-03
  -2.482190000e+00  -4.066410000e-01   2.198549000e-01
  -2.426680000e+00  -4.100410000e-01  -8.140110000e-01
   8.618500000e-02  -3.996410000e-01  -1.359360000e+00
  -1.371240000e-01  -4.326410000e-01  -9.262900000e-01
  -4.607900000e-02  -3.924410000e-01   1.054704000e+00
  -4.042530000e-01  -4.278410000e-01   7.515610000e-01
  -1.447830000e+00  -4.605410000e-01  -7.994780000e-01
  -2.094810000e+00  -4.210410000e-01   6.893500000e-01
  -2.101090000e+00  -4.322410000e-01   3.888770000e-01
  -4.070150000e-01  -4.443410000e-01  -9.564400000e-01
  -4.754650000e-01  -4.523410000e-01  -7.690790000e-01
  -1.136450000e+00  -4.477410000e-01   7.289200000e-01
  -1.235460000e+00  -4.332410000e-01   9.864260000e-01
  -1.053660000e+00  -4.398410000e-01   8.639160000e-01
  -1.965730000e+00  -4.180410000e-01   8.964630000e-01
  -2.077060000e+00  -4.117410000e-01   8.858550000e-01
  -1.869150000e+00  -4.335410000e-01   7.095670000e-01
  -1.730890000e+00  -4.543410000e-01   3.155970000e-01
  -1.915490000e+00  -4.446410000e-01   3.507370000e-01
  -1.162450000e+00  -4.705410000e-01  -5.233470000e-01
  -1.304790000e+00  -4.665410000e-01  -6.614130000e-01
  -1.000300000e+00  -4.675410000e-01  -6.801340000e-01
  -9.297100000e-01  -4.705410000e-01  -4.593020000e-01
  -7.382630000e-01  -4.655410000e-01  -5.180090000e-01
  -5.758880000e-01  -4.544410000e-01   2.477197000e-01
  -1.528420000e+00  -4.080410000e-01   1.286290000e+00
  -1.304650000e+00  -4.109410000e-01   1.278850000e+00
  -1.124580000e+00  -4.519410000e-01  -1.099160000e+00
  -8.975410000e-01  -4.532410000e-01  -1.044380000e+00
  -8.561130000e-01  -4.437410000e-01  -1.215750000e+00
  -1.303350000e+00  -4.595410000e-01   4.549740000e-01
  -1.086610000e+00  -4.534410000e-01   5.941910000e-01
  -1.107590000e-01  -4.377410000e-01  -4.176780000e-01
  -1.912380000e+00  -4.493410000e-01   1.629687800e-01
  -1.801380000e+00  -4.565410000e-01   1.529300000e-02
  -1.286450000e+00  -4.575410000e-01  -9.518200000e-01
  -1.364800000e+00  -4.446410000e-01  -1.181270000e+00
  -1.406960000e+00  -4.532410000e-01  -9.923700000e-01
  -1.562470000e+00  -4.531410000e-01   5.130150000e-01
  -1.516620000e+00  -4.585410000e-01   3.822860000e-01
  -2.323470000e+00  -4.050410000e-01   6.761320000e-01
  -4.606610000e-01  -4.565410000e-01  -1.972100000e-01
  -3.290870000e-01  -4.502410000e-01  -4.961970000e-01
  -5.197170000e-01  -4.394410000e-01  -1.166330000e+00
  -3.895820000e-01  -4.356410000e-01  -1.144750000e+00
  -8.348020000e-01  -4.605410000e-01  -8.418600000e-01
  -9.801400000e-01  -4.575410000e-01  -9.685100000e-01
  -1.424340000e+00  -4.274410000e-01   1.044361000e+00
  -1.852210000e+00  -4.237410000e-01   8.979480000e-01
  -7.033180000e-01  -4.655410000e-01  -4.060930000e-01
  -5.022880000e-01  -4.585410000e-01  -3.894630000e-01
  -1.143280000e+00  -4.635410000e-01  -8.144800000e-01
  -7.435950000e-01  -4.435410000e-01  -1.191860000e+00
  -6.681960000e-01  -4.372410000e-01  -1.273720000e+00
  -5.458160000e-01  -4.595410000e-01  -5.757170000e-01
  -2.331060000e-01  -4.417410000e-01  -7.117420000e-01
  -1.126700000e+00  -4.715410000e-01  -4.114310000e-01
  -6.072100000e-01  -4.565410000e-01  -7.916560000e-01
  -6.904090000e-01  -4.605410000e-01  -7.097910000e-01
  -1.398040000e+00  -4.472410000e-01   7.184340000e-01
  -6.695050000e-01  -4.513410000e-01  -9.995900000e-01
  -1.223310000e+00  -4.655410000e-01  -7.383060000e-01
  -1.983620000e+00  -4.338410000e-01   5.482220000e-01
  -2.098980000e+00  -4.371410000e-01   2.011089000e-01
C Number of facets
  786
C  Size  Node 1  ......Node N Marker
    3    0    1    2    3
    3    0    2    3    3
    3    0    3    4    3
    3    0    4    5    3
    3    0    5    6    3
    3    0    6    7    3
    3    0    7    8    3
    3    0    8    9    3
    3    0    9   10    3
    3    0   10   11    3
    3    0   11   12    3
    3    0   12   13    3
    3    0   13   14    3
    3    0   14   15    3
    3    0   15   16    3
    3    0   16   17    3
    3    0   17   18    3
    3    0   18   19    3
    3    0   19   20    3
    3    0   20   21    3
    3    0   21   22    3
    3    0   22   23    3
    3    0   23   24    3
    3    0   24    1    3
    3    1   25   26    3
    3    1   26    2    3
    3    2   26   27    3
    3    2   27    3    3
    3    3   27   28    3
    3    3   28    4    3
    3    4   28   29    3
    3    4   29    5    3
    3    5   29   30    3
    3    5   30    6    3
    3    6   30   31    3
    3    6   31    7    3
    3    7   31   32    3
    3    7   32    8    3
    3    8   32   33    3
    3    8   33    9    3
    3    9   33   34    3
    3    9   34   10    3
    3   10   34   35    3
    3   10   35   11    3
    3   11   35   36    3
    3   11   36   12    3
    3   12   36   37    3
    3   12   37   13    3
    3   13   37   38    3
    3   13   38   14    3
    3   14   38   39    3
    3   14   39   15    3
    3   15   39   40    3
    3   15   40   16    3
    3   16   40   41    3
    3   16   41   17    3
    3   17   41   42    3
    3   17   42   18    3
    3   18   42   43    3
    3   18   43   19    3
    3   19   43   44    3
    3   19   44   20    3
    3   20   44   45    3
    3   20   45   21    3
    3   21   45   46    3
    3   21   46   22    3
    3   22   46   47    3
    3   22   47   23    3
    3   23   47   48    3
    3   23   48   24    3
    3   24   48   25    3
    3   24   25    1    3
    3   25   49   50    3
    3   25   50   26    3
    3   26   50   51    3
    3   26   51   27    3
    3   27   51   52    3
    3   27   52   28    3
    3   28   52   53    3
    3   28   53   29    3
    3   29   53   54    3
    3   29   54   30    3
    3   30   54   55    3
    3   30   55   31    3
    3   31   55   56    3
    3   31   56   32    3
    3   32   56   57    3
    3   32   57   33    3
    3   33   57   58    3
    3   33   58   34    3
    3   34   58   59    3
    3   34   59   35    3
    3   35   59   60    3
    3   35   60   36    3
    3   36   60   61    3
    3   36   61   37    3
    3   37   61   62    3
    3   37   62   38    3
    3   38   62   63    3
    3   38   63   39    3
    3   39   63   64    3
    3   39   64   40    3
    3   40   64   65    3
    3   40   65   41    3
    3   41   65   66    3
    3   41   66   42    3
    3   42   66   67    3
    3   42   67   43    3
    3   43   67   68    3
    3   43   68   44    3
    3   44   68   69    3
    3   44   69   45    3
    3   45   69   70    3
    3   45   70   46    3
    3   46   70   71    3
    3   46   71   47    3
    3   47   71   72    3
    3   47   72   48    3
    3   48   72   49    3
    3   48   49   25    3
    3   49   73   74    3
    3   49   74   50    3
    3   50   74   75    3
    3   50   75   51    3
    3   51   75   76    3
    3   51   76   52    3
    3   52   76   77    3
    3   52   77   53    3
    3   53   77   78    3
    3   53   78   54    3
    3   54   78   79    3
    3   54   79   55    3
    3   55   79   80    3
    3   55   80   56    3
    3   56   80   81    3
    3   56   81   57    3
    3   57   81   82    3
    3   57   82   58    3
    3   58   82   83    3
    3   58   83   59    3
    3   59   83   84    3
    3   59   84   60    3
    3   60   84   85    3
    3   60   85   61    3
    3   61   85   86    3
    3   61   86   62    3
    3   62   86   87    3
    3   62   87   63    3
    3   63   87   88    3
    3   63   88   64    3
    3   64   88   89    3
    3   64   89   65    3
    3   65   89   90    3
    3   65   90   66    3
    3   66   90   91    3
    3   66   91   67    3
    3   67   91   92    3
    3   67   92   68    3
    3   68   92   93    3
    3   68   93   69    3
    3   69   93   94    3
    3   69   94   70    3
    3   70   94   95    3
    3   70   95   71    3
    3   71   95   96    3
    3   71   96   72    3
    3   72   96   73    3
    3   72   73   49    3
    3   73   97   98    3
    3   73   98   74    3
    3   74   98   99    3
    3   74   99   75    3
    3   75   99  100    3
    3   75  100   76    3
    3   76  100  101    3
    3   76  101   77    3
    3   77  101  102    3
    3   77  102   78    3
    3   78  102  103    3
    3   78  103   79    3
    3   79  103  104    3
    3   79  104   80    3
    3   80  104  105    3
    3   80  105   81    3
    3   81  105  106    3
    3   81  106   82    3
    3   82  106  107    3
    3   82  107   83    3
    3   83  107  108    3
    3   83  108   84    3
    3   84  108  109    3
    3   84  109   85    3
    3   85  109  110    3
    3   85  110   86    3
    3   86  110  111    3
    3   86  111   87    3
    3   87  111  112    3
    3   87  112   88    3
    3   88  112  113    3
    3   88  113   89    3
    3   89  113  114    3
    3   89  114   90    3
    3   90  114  115    3
    3   90  115   91    3
    3   91  115  116    3
    3   91  116   92    3
    3   92  116  117    3
    3   92  117   93    3
    3   93  117  118    3
    3   93  118   94    3
    3   94  118  119    3
    3   94  119   95    3
    3   95  119  120    3
    3   95  120   96    3
    3   96  120   97    3
    3   96   97   73    3
    3   97  121  122    3
    3   97  122   98    3
    3   98  122  123    3
    3   98  123   99    3
    3   99  123  124    3
    3   99  124  100    3
    3  100  124  125    3
    3  100  125  101    3
    3  101  125  126    3
    3  101  126  102    3
    3  102  126  127    3
    3  102  127  103    3
    3  103  127  128    3
    3  103  128  104    3
    3  104  128  129    3
    3  104  129  105    3
    3  105  129  130    3
    3  105  130  106    3
    3  106  130  131    3
    3  106  131  107    3
    3  107  131  132    3
    3  107  132  108    3
    3  108  132  133    3
    3  108  133  109    3
    3  109  133  134    3
    3  109  134  110    3
    3  110  134  135    3
    3  110  135  111    3
    3  111  135  136    3
    3  111  136  112    3
    3  112  136  137    3
    3  112  137  113    3
    3  113  137  138    3
    3  113  138  114    3
    3  114  138  139    3
    3  114  139  115    3
    3  115  139  140    3
    3  115  140  116    3
    3  116  140  141    3
    3  116  141  117    3
    3  117  141  142    3
    3  117  142  118    3
    3  118  142  143    3
    3  118  143  119    3
    3  119  143  144    3
    3  119  144  120    3
    3  120  144  121    3
    3  120  121   97    3
    3  121  145  146    3
    3  121  146  122    3
    3  122  146  147    3
    3  122  147  123    3
    3  123  147  148    3
    3  123  148  124    3
    3  124  148  149    3
    3  124  149  125    3
    3  125  149  150    3
    3  125  150  126    3
    3  126  150  151    3
    3  126  151  127    3
    3  127  151  152    3
    3  127  152  128    3
    3  128  152  153    3
    3  128  153  129    3
    3  129  153  154    3
    3  129  154  130    3
    3  130  154  155    3
    3  130  155  131    3
    3  131  155  156    3
    3  131  156  132    3
    3  132  156  157    3
    3  132  157  133    3
    3  133  157  158    3
    3  133  158  134    3
    3  134  158  159    3
    3  134  159  135    3
    3  135  159  160    3
    3  135  160  136    3
    3  136  160  161    3
    3  136  161  137    3
    3  137  161  162    3
    3  137  162  138    3
    3  138  162  163    3
    3  138  163  139    3
    3  139  163  164    3
    3  139  164  140    3
    3  140  164  165    3
    3  140  165  141    3
    3  141  165  166    3
    3  141  166  142    3
    3  142  166  167    3
    3  142  167  143    3
    3  143  167  168    3
    3  143  168  144    3
    3  144  168  145    3
    3  144  145  121    3
    3  145  169  170    3
    3  145  170  146    3
    3  146  170  171    3
    3  146  171  147    3
    3  147  171  172    3
    3  147  172  148    3
    3  148  172  173    3
    3  148  173  149    3
    3  149  173  174    3
    3  149  174  150    3
    3  150  174  175    3
    3  150  175  151    3
    3  151  175  176    3
    3  151  176  152    3
    3  152  176  177    3
    3  152  177  153    3
    3  153  177  178    3
    3  153  178  154    3
    3  154  178  179    3
    3  154  179  155    3
    3  155  179  180    3
    3  155  180  156    3
    3  156  180  181    3
    3  156  181  157    3
    3  157  181  182    3
    3  157  182  158    3
    3  158  182  183    3
    3  158  183  159    3
    3  159  183  184    3
    3  159  184  160    3
    3  160  184  185    3
    3  160  185  161    3
    3  161  185  186    3
    3  161  186  162    3
    3  162  186  187    3
    3  162  187  163    3
    3  163  187  188    3
    3  163  188  164    3
    3  164  188  189    3
    3  164  189  165    3
    3  165  189  190    3
    3  165  190  166    3
    3  166  190  191    3
    3  166  191  167    3
    3  167  191  192    3
    3  167  192  168    3
    3  168  192  169    3
    3  168  169  145    3
    3  169  193  194    3
    3  169  194  170    3
    3  170  194  195    3
    3  170  195  171    3
    3  171  195  196    3
    3  171  196  172    3
    3  172  196  197    3
    3  172  197  173    3
    3  173  197  198    3
    3  173  198  174    3
    3  174  198  199    3
    3  174  199  175    3
    3  175  199  200    3
    3  175  200  176    3
    3  176  200  201    3
    3  176  201  177    3
    3  177  201  202    3
    3  177  202  178    3
    3  178  202  203    3
    3  178  203  179    3
    3  179  203  204    3
    3  179  204  180    3
    3  180  204  205    3
    3  180  205  181    3
    3  181  205  206    3
    3  181  206  182    3
    3  182  206  207    3
    3  182  207  183    3
    3  183  207  208    3
    3  183  208  184    3
    3  184  208  209    3
    3  184  209  185    3
    3  185  209  210    3
    3  185  210  186    3
    3  186  210  211    3
    3  186  211  187    3
    3  187  211  212    3
    3  187  212  188    3
    3  188  212  213    3
    3  188  213  189    3
    3  189  213  214    3
    3  189  214  190    3
    3  190  214  215    3
    3  190  215  191    3
    3  191  215  216    3
    3  191  216  192    3
    3  192  216  193    3
    3  192  193  169    3
    3  193  217  218    3
    3  193  218  194    3
    3  194  218  219    3
    3  194  219  195    3
    3  195  219  220    3
    3  195  220  196    3
    3  196  220  221    3
    3  196  221  197    3
    3  197  221  222    3
    3  197  222  198    3
    3  198  222  223    3
    3  198  223  199    3
    3  199  223  224    3
    3  199  224  200    3
    3  200  224  225    3
    3  200  225  201    3
    3  201  225  226    3
    3  201  226  202    3
    3  202  226  227    3
    3  202  227  203    3
    3  203  227  228    3
    3  203  228  204    3
    3  204  228  229    3
    3  204  229  205    3
    3  205  229  230    3
    3  205  230  206    3
    3  206  230  231    3
    3  206  231  207    3
    3  207  231  232    3
    3  207  232  208    3
    3  208  232  233    3
    3  208  233  209    3
    3  209  233  234    3
    3  209  234  210    3
    3  210  234  235    3
    3  210  235  211    3
    3  211  235  236    3
    3  211  236  212    3
    3  212  236  237    3
    3  212  237  213    3
    3  213  237  238    3
    3  213  238  214    3
    3  214  238  239    3
    3  214  239  215    3
    3  215  239  240    3
    3  215  240  216    3
    3  216  240  217    3
    3  216  217  193    3
    3  217  241  242    3
    3  217  242  218    3
    3  218  242  243    3
    3  218  243  219    3
    3  219  243  244    3
    3  219  244  220    3
    3  220  244  245    3
    3  220  245  221    3
    3  221  245  246    3
    3  221  246  222    3
    3  222  246  247    3
    3  222  247  223    3
    3  223  247  248    3
    3  223  248  224    3
    3  224  248  249    3
    3  224  249  225    3
    3  225  249  250    3
    3  225  250  226    3
    3  226  250  251    3
    3  226  251  227    3
    3  227  251  252    3
    3  227  252  228    3
    3  228  252  253    3
    3  228  253  229    3
    3  229  253  254    3
    3  229  254  230    3
    3  230  254  255    3
    3  230  255  231    3
    3  231  255  256    3
    3  231  256  232    3
    3  232  256  257    3
    3  232  257  233    3
    3  233  257  258    3
    3  233  258  234    3
    3  234  258  259    3
    3  234  259  235    3
    3  235  259  260    3
    3  235  260  236    3
    3  236  260  261    3
    3  236  261  237    3
    3  237  261  262    3
    3  237  262  238    3
    3  238  262  263    3
    3  238  263  239    3
    3  239  263  264    3
    3  239  264  240    3
    3  240  264  241    3
    3  240  241  217    3
    3  264  265  241    3
    3  264  266  265    3
    3  263  266  264    3
    3  263  267  266    3
    3  262  267  263    3
    3  262  268  267    3
    3  261  268  262    3
    3  261  269  268    3
    3  260  269  261    3
    3  260  270  269    3
    3  259  270  260    3
    3  259  271  270    3
    3  258  271  259    3
    3  258  272  271    3
    3  257  272  258    3
    3  257  273  272    3
    3  256  273  257    3
    3  256  274  273    3
    3  255  274  256    3
    3  255  275  274    3
    3  254  275  255    3
    3  254  276  275    3
    3  253  276  254    3
    3  253  277  276    3
    3  252  277  253    3
    3  252  278  277    3
    3  251  278  252    3
    3  251  279  278    3
    3  250  279  251    3
    3  250  280  279    3
    3  249  280  250    3
    3  249  281  280    3
    3  248  281  249    3
    3  248  282  281    3
    3  247  282  248    3
    3  247  283  282    3
    3  246  283  247    3
    3  246  284  283    3
    3  245  284  246    3
    3  245  285  284    3
    3  244  285  245    3
    3  244  286  285    3
    3  243  286  244    3
    3  243  287  286    3
    3  242  287  243    3
    3  242  288  287    3
    3  241  288  242    3
    3  241  265  288    3
    3  289  279  290    1
    3  291  288  292    1
    3  293  294  295    3
    3  296  275  276    1
    3  297  298  299    1
    3  300  301  302    1
    3  303  304  305    3
    3  292  306  307    1
    3  308  309  310    4
    3  300  293  301    1
    3  311  312  313    3
    3  290  314  315    1
    3  316  317  318    1
    3  319  320  321    3
    3  317  322  308    1
    3  286  323  285    1
    3  286  287  320    1
    3  298  297  293    1
    3  324  325  273    1
    3  326  271  272    1
    3  327  328  301    1
    3  329  326  330    1
    3  300  331  304    1
    3  332  282  302    1
    3  272  325  326    1
    3  296  276  316    1
    3  296  333  275    1
    3  324  334  325    1
    3  335  329  336    1
    3  315  328  337    1
    3  338  339  303    3
    3  334  340  341    4
    3  279  289  278    1
    3  274  275  333    1
    3  322  278  289    1
    3  342  343  344    3
    3  332  301  328    1
    3  314  290  280    1
    3  345  338  346    3
    3  324  333  334    1
    3  277  316  276    1
    3  266  267  335    1
    3  288  291  287    1
    3  347  348  349    3
    3  316  322  317    1
    3  297  350  351    4
    3  327  301  293    1
    3  283  331  302    1
    3  352  353  354    4
    3  326  269  270    1
    3  332  302  301    1
    3  355  299  298    1
    3  312  356  357    3
    3  330  355  329    1
    3  336  306  335    1
    3  271  326  270    1
    3  358  359  360    4
    3  298  361  362    3
    3  283  302  282    1
    3  336  329  355    1
    3  326  363  330    1
    3  265  292  288    1
    3  300  364  365    3
    3  366  367  368    4
    3  333  318  334    1
    3  369  361  370    3
    3  327  293  297    1
    3  278  322  277    1
    3  320  291  356    3
    3  371  285  323    1
    3  363  325  334    1
    3  371  331  284    1
    3  364  339  349    3
    3  268  335  267    1
    3  372  363  373    4
    3  280  290  279    1
    3  266  306  265    1
    3  316  277  322    1
    3  328  315  314    1
    3  308  315  367    1
    3  355  330  372    1
    3  327  297  337    1
    3  280  281  314    1
    3  374  340  375    4
    3  296  316  318    1
    3  352  376  377    4
    3  355  307  336    1
    3  292  343  378    3
    3  326  325  363    1
    3  320  287  291    1
    3  345  319  379    3
    3  380  372  381    4
    3  358  366  382    4
    3  268  329  335    1
    3  273  274  324    1
    3  336  307  306    1
    3  265  306  292    1
    3  296  318  333    1
    3  383  374  384    4
    3  329  268  269    1
    3  385  373  386    4
    3  333  324  274    1
    3  283  284  331    1
    3  298  307  355    1
    3  299  353  387    4
    3  308  289  315    1
    3  273  325  272    1
    3  327  337  328    1
    3  388  376  389    4
    3  314  332  328    1
    3  281  282  332    1
    3  315  289  290    1
    3  363  372  330    1
    3  355  372  299    1
    3  285  371  284    1
    3  314  281  332    1
    3  269  326  329    1
    3  369  347  311    3
    3  266  335  306    1
    3  286  320  323    1
    3  308  322  289    1
    3  300  302  331    1
    3  343  390  313    3
    3  292  307  344    3
    3  298  348  370    3
    3  361  390  342    3
    3  343  342  390    3
    3  342  307  362    3
    3  347  369  348    3
    3  361  369  390    3
    3  369  311  390    3
    3  312  311  347    3
    3  311  313  390    3
    3  313  312  378    3
    3  298  362  307    3
    3  342  362  361    3
    3  342  344  307    3
    3  292  344  343    3
    3  369  370  348    3
    3  298  370  361    3
    3  292  378  312    3
    3  313  378  343    3
    3  334  318  375    4
    3  340  391  388    4
    3  318  317  384    4
    3  340  374  391    4
    3  352  385  389    4
    3  376  391  359    4
    3  376  388  391    4
    3  388  385  341    4
    3  359  391  383    4
    3  359  358  377    4
    3  374  383  391    4
    3  383  317  360    4
    3  374  375  318    4
    3  334  375  340    4
    3  334  341  385    4
    3  388  341  340    4
    3  388  389  385    4
    3  352  389  376    4
    3  352  377  358    4
    3  359  377  376    4
    3  358  360  317    4
    3  383  360  359    4
    3  383  384  317    4
    3  318  384  374    4
    3  367  358  309    4
    3  315  337  368    1
    3  353  352  350    4
    3  353  299  380    4
    3  372  380  299    4
    3  380  385  354    4
    3  350  352  392    4
    3  350  297  387    4
    3  366  337  392    4
    3  367  366  358    4
    3  363  334  386    4
    3  373  385  381    4
    3  392  337  351    4
    3  392  352  382    4
    3  380  381  385    4
    3  373  381  372    4
    3  358  317  310    4
    3  367  309  308    4
    3  385  386  334    4
    3  363  386  373    4
    3  366  368  337    4
    3  315  368  367    1
    3  299  387  297    4
    3  350  387  353    4
    3  352  354  385    4
    3  380  354  353    4
    3  358  382  352    4
    3  392  382  366    4
    3  297  351  337    4
    3  392  351  350    4
    3  308  310  317    4
    3  358  310  309    4
    3  312  347  379    3
    3  320  319  323    3
    3  371  323  346    3
    3  338  347  393    3
    3  364  300  394    3
    3  364  348  294    3
    3  319  345  323    3
    3  338  345  347    3
    3  348  298  295    3
    3  294  293  365    3
    3  304  339  394    3
    3  331  371  305    1
    3  364  349  348    3
    3  349  339  393    3
    3  338  393  339    3
    3  349  393  347    3
    3  338  303  371    3
    3  304  303  339    3
    3  356  312  321    3
    3  291  292  357    3
    3  364  394  339    3
    3  304  394  300    3
    3  319  321  312    3
    3  356  321  320    3
    3  293  295  298    3
    3  348  295  294    3
    3  312  357  292    3
    3  291  357  356    3
    3  345  346  323    3
    3  371  346  338    3
    3  303  305  371    3
    3  331  305  304    1
    3  345  379  347    3
    3  312  379  319    3
    3  300  365  293    3
    3  294  365  364    3
C Prescribed Values(Inlet, Outlet), InteractionSurface(Inlet, Outlet)
       3        1        0        2        2        2
C Inlet Velocity
C     Vx,           Vy,            Vz,    indVx,indVy,indVz, FunID (3E18.9, 4I5)
   0.000000000e+00   1.000000000e+00   0.000000000e+00    1    0    1    4
C Inlet Pressure, FunID (E18.9,I5)
   1.000000000e+00    3
C Outlet Pressure (E18.9,I5)
   1.000000000e+00    2
C Inlet Velocity
C nNodeID,    Vx,           Vy,            Vz (I5, 3E18.9)
  265
    1   9.000000000e-01   7.500000000e+00  -5.000000000e-01
    2  -1.300000000e+00   7.000000000e+00  -9.000000000e-01
    3  -1.100000000e+00   7.000000000e+00  -1.600000000e+00
    4  -7.000000000e-01   7.000000000e+00  -2.200000000e+00
    5   0.000000000e+00   7.000000000e+00  -3.000000000e+00
    6   1.200000000e+00   7.000000000e+00  -3.600000000e+00
    7   2.200000000e+00   7.000000000e+00  -3.400000000e+00
    8   2.400000000e+00   7.000000000e+00  -2.600000000e+00
    9   2.100000000e+00   7.000000000e+00  -2.000000000e+00
   10   1.900000000e+00   7.000000000e+00  -1.800000000e+00
   11   1.900000000e+00   7.000000000e+00  -1.600000000e+00
   12   2.100000000e+00   7.000000000e+00  -1.500000000e+00
   13   2.400000000e+00   7.000000000e+00  -1.300000000e+00
   14   2.600000000e+00   7.000000000e+00  -6.000000000e-01
   15   2.700000000e+00   7.000000000e+00   5.000000000e-01
   16   2.300000000e+00   7.000000000e+00   1.200000000e+00
   17   1.900000000e+00   7.000000000e+00   1.600000000e+00
   18   1.300000000e+00   7.000000000e+00   1.800000000e+00
   19   5.000000000e-01   7.000000000e+00   2.000000000e+00
   20  -5.000000000e-01   7.000000000e+00   1.700000000e+00
   21  -2.000000000e-01   7.000000000e+00   1.100000000e+00
   22   1.000000000e-01   7.000000000e+00   9.000000000e-01
   23   2.000000000e-01   7.000000000e+00   9.000000000e-01
   24  -2.000000000e-01   7.000000000e+00   9.000000000e-01
   25  -8.000000000e-01   7.000000000e+00   4.000000000e-01
   26  -1.600000000e+00   6.600000000e+00  -2.000000000e-01
   27  -1.600000000e+00   6.600000000e+00  -1.200000000e+00
   28  -1.300000000e+00   6.600000000e+00  -2.100000000e+00
   29  -4.000000000e-01   6.600000000e+00  -3.100000000e+00
   30   9.000000000e-01   6.600000000e+00  -3.800000000e+00
   31   2.000000000e+00   6.600000000e+00  -3.700000000e+00
   32   2.300000000e+00   6.600000000e+00  -3.000000000e+00
   33   2.100000000e+00   6.600000000e+00  -2.600000000e+00
   34   2.000000000e+00   6.600000000e+00  -2.300000000e+00
   35   2.300000000e+00   6.600000000e+00  -2.100000000e+00
   36   2.800000000e+00   6.600000000e+00  -1.700000000e+00
   37   3.200000000e+00   6.600000000e+00  -1.100000000e+00
   38   3.500000000e+00   6.600000000e+00  -3.000000000e-01
   39   3.400000000e+00   6.600000000e+00   8.000000000e-01
   40   2.900000000e+00   6.600000000e+00   1.700000000e+00
   41   2.400000000e+00   6.600000000e+00   2.100000000e+00
   42   1.800000000e+00   6.600000000e+00   2.500000000e+00
   43   9.000000000e-01   6.600000000e+00   2.500000000e+00
   44   1.000000000e-01   6.600000000e+00   2.400000000e+00
   45   5.000000000e-01   6.600000000e+00   1.900000000e+00
   46   9.000000000e-01   6.600000000e+00   2.000000000e+00
   47   7.000000000e-01   6.600000000e+00   2.100000000e+00
   48   0.000000000e+00   6.600000000e+00   2.100000000e+00
   49  -1.000000000e+00   6.600000000e+00   1.400000000e+00
   50  -2.000000000e+00   6.200000000e+00   1.400000000e+00
   51  -2.200000000e+00   6.200000000e+00   4.000000000e-01
   52  -1.900000000e+00   6.200000000e+00  -9.000000000e-01
   53  -1.100000000e+00   6.200000000e+00  -2.400000000e+00
   54   2.000000000e-01   6.200000000e+00  -3.500000000e+00
   55   1.500000000e+00   6.200000000e+00  -3.600000000e+00
   56   2.100000000e+00   6.200000000e+00  -3.100000000e+00
   57   2.200000000e+00   6.200000000e+00  -2.700000000e+00
   58   2.400000000e+00   6.200000000e+00  -2.400000000e+00
   59   3.000000000e+00   6.200000000e+00  -2.100000000e+00
   60   3.600000000e+00   6.200000000e+00  -1.300000000e+00
   61   4.000000000e+00   6.200000000e+00  -4.000000000e-01
   62   4.100000000e+00   6.200000000e+00   6.000000000e-01
   63   4.000000000e+00   6.200000000e+00   1.700000000e+00
   64   3.500000000e+00   6.200000000e+00   2.500000000e+00
   65   3.100000000e+00   6.200000000e+00   2.600000000e+00
   66   2.900000000e+00   6.200000000e+00   2.600000000e+00
   67   2.200000000e+00   6.200000000e+00   2.900000000e+00
   68   9.000000000e-01   6.200000000e+00   3.100000000e+00
   69   4.000000000e-01   6.200000000e+00   2.800000000e+00
   70   2.000000000e-01   6.200000000e+00   2.600000000e+00
   71   1.000000000e-01   6.200000000e+00   2.700000000e+00
   72  -3.000000000e-01   6.200000000e+00   2.900000000e+00
   73  -1.100000000e+00   6.200000000e+00   2.600000000e+00
   74  -2.200000000e+00   5.800000000e+00   2.600000000e+00
   75  -2.600000000e+00   5.800000000e+00   1.600000000e+00
   76  -2.600000000e+00   5.800000000e+00   1.000000000e-01
   77  -1.900000000e+00   5.800000000e+00  -1.700000000e+00
   78  -4.000000000e-01   5.800000000e+00  -3.100000000e+00
   79   1.100000000e+00   5.800000000e+00  -3.600000000e+00
   80   1.900000000e+00   5.800000000e+00  -3.200000000e+00
   81   2.400000000e+00   5.800000000e+00  -2.800000000e+00
   82   2.900000000e+00   5.800000000e+00  -2.500000000e+00
   83   3.500000000e+00   5.800000000e+00  -1.900000000e+00
   84   4.100000000e+00   5.800000000e+00  -1.100000000e+00
   85   4.400000000e+00   5.800000000e+00  -3.000000000e-01
   86   4.600000000e+00   5.800000000e+00   6.000000000e-01
   87   4.400000000e+00   5.800000000e+00   1.900000000e+00
   88   3.900000000e+00   5.800000000e+00   3.000000000e+00
   89   3.300000000e+00   5.800000000e+00   3.100000000e+00
   90   3.200000000e+00   5.800000000e+00   3.000000000e+00
   91   2.600000000e+00   5.800000000e+00   3.300000000e+00
   92   1.500000000e+00   5.800000000e+00   3.600000000e+00
   93   8.000000000e-01   5.800000000e+00   3.500000000e+00
   94   3.000000000e-01   5.800000000e+00   3.400000000e+00
   95  -1.000000000e-01   5.800000000e+00   3.400000000e+00
   96  -5.000000000e-01   5.800000000e+00   3.600000000e+00
   97  -1.300000000e+00   5.800000000e+00   3.500000000e+00
   98  -2.500000000e+00   5.400000000e+00   3.100000000e+00
   99  -3.000000000e+00   5.400000000e+00   2.100000000e+00
  100  -3.100000000e+00   5.400000000e+00   4.000000000e-01
  101  -2.500000000e+00   5.400000000e+00  -1.600000000e+00
  102  -7.000000000e-01   5.400000000e+00  -3.600000000e+00
  103   1.100000000e+00   5.400000000e+00  -4.100000000e+00
  104   2.200000000e+00   5.400000000e+00  -3.700000000e+00
  105   2.900000000e+00   5.400000000e+00  -3.100000000e+00
  106   3.400000000e+00   5.400000000e+00  -2.500000000e+00
  107   4.000000000e+00   5.400000000e+00  -1.900000000e+00
  108   4.400000000e+00   5.400000000e+00  -1.100000000e+00
  109   4.700000000e+00   5.400000000e+00  -4.000000000e-01
  110   4.800000000e+00   5.400000000e+00   5.000000000e-01
  111   4.600000000e+00   5.400000000e+00   1.700000000e+00
  112   3.900000000e+00   5.400000000e+00   3.200000000e+00
  113   3.200000000e+00   5.400000000e+00   3.600000000e+00
  114   2.700000000e+00   5.400000000e+00   3.500000000e+00
  115   2.200000000e+00   5.400000000e+00   3.600000000e+00
  116   1.300000000e+00   5.400000000e+00   3.800000000e+00
  117   4.000000000e-01   5.400000000e+00   3.800000000e+00
  118  -3.000000000e-01   5.400000000e+00   3.600000000e+00
  119  -7.000000000e-01   5.400000000e+00   3.500000000e+00
  120  -1.000000000e+00   5.400000000e+00   3.800000000e+00
  121  -1.600000000e+00   5.400000000e+00   3.900000000e+00
  122  -2.800000000e+00   5.000000000e+00   3.300000000e+00
  123  -3.500000000e+00   5.000000000e+00   2.300000000e+00
  124  -3.600000000e+00   5.000000000e+00   5.000000000e-01
  125  -2.800000000e+00   5.000000000e+00  -1.900000000e+00
  126  -7.000000000e-01   5.000000000e+00  -4.100000000e+00
  127   1.400000000e+00   5.000000000e+00  -4.600000000e+00
  128   2.700000000e+00   5.000000000e+00  -4.200000000e+00
  129   3.500000000e+00   5.000000000e+00  -3.400000000e+00
  130   4.000000000e+00   5.000000000e+00  -2.600000000e+00
  131   4.600000000e+00   5.000000000e+00  -1.700000000e+00
  132   5.000000000e+00   5.000000000e+00  -7.000000000e-01
  133   4.900000000e+00   5.000000000e+00   1.000000000e-01
  134   4.900000000e+00   5.000000000e+00   6.000000000e-01
  135   4.700000000e+00   5.000000000e+00   1.700000000e+00
  136   3.900000000e+00   5.000000000e+00   3.400000000e+00
  137   2.800000000e+00   5.000000000e+00   4.100000000e+00
  138   2.100000000e+00   5.000000000e+00   4.100000000e+00
  139   1.500000000e+00   5.000000000e+00   4.100000000e+00
  140   4.000000000e-01   5.000000000e+00   4.200000000e+00
  141  -5.000000000e-01   5.000000000e+00   3.900000000e+00
  142  -1.200000000e+00   5.000000000e+00   3.600000000e+00
  143  -1.400000000e+00   5.000000000e+00   3.500000000e+00
  144  -1.500000000e+00   5.000000000e+00   3.800000000e+00
  145  -2.000000000e+00   5.000000000e+00   4.100000000e+00
  146  -3.400000000e+00   3.800000000e+00   2.100000000e+00
  147  -3.800000000e+00   3.800000000e+00   8.000000000e-01
  148  -3.700000000e+00   3.800000000e+00  -1.200000000e+00
  149  -2.700000000e+00   3.800000000e+00  -3.600000000e+00
  150  -2.000000000e-01   3.800000000e+00  -5.700000000e+00
  151   2.400000000e+00   3.800000000e+00  -6.300000000e+00
  152   3.800000000e+00   3.800000000e+00  -5.400000000e+00
  153   4.400000000e+00   3.800000000e+00  -4.400000000e+00
  154   4.600000000e+00   3.800000000e+00  -3.500000000e+00
  155   5.200000000e+00   3.800000000e+00  -2.600000000e+00
  156   5.700000000e+00   3.800000000e+00  -1.200000000e+00
  157   5.600000000e+00   3.800000000e+00  -2.000000000e-01
  158   5.300000000e+00   3.800000000e+00   4.000000000e-01
  159   5.100000000e+00   3.800000000e+00   1.200000000e+00
  160   4.200000000e+00   3.800000000e+00   3.100000000e+00
  161   2.900000000e+00   3.800000000e+00   3.900000000e+00
  162   2.200000000e+00   3.800000000e+00   3.800000000e+00
  163   1.500000000e+00   3.800000000e+00   3.800000000e+00
  164   4.000000000e-01   3.800000000e+00   3.800000000e+00
  165  -9.000000000e-01   3.800000000e+00   3.600000000e+00
  166  -1.800000000e+00   3.800000000e+00   3.000000000e+00
  167  -1.900000000e+00   3.800000000e+00   2.900000000e+00
  168  -1.900000000e+00   3.800000000e+00   3.200000000e+00
  169  -2.600000000e+00   3.800000000e+00   3.300000000e+00
  170  -4.000000000e+00   2.700000000e+00  -3.000000000e-01
  171  -4.200000000e+00   2.700000000e+00  -1.400000000e+00
  172  -3.900000000e+00   2.700000000e+00  -2.900000000e+00
  173  -2.900000000e+00   2.700000000e+00  -4.900000000e+00
  174  -5.000000000e-01   2.700000000e+00  -6.900000000e+00
  175   2.500000000e+00   2.700000000e+00  -7.600000000e+00
  176   4.200000000e+00   2.700000000e+00  -6.600000000e+00
  177   4.500000000e+00   2.700000000e+00  -5.400000000e+00
  178   4.500000000e+00   2.700000000e+00  -4.400000000e+00
  179   4.700000000e+00   2.700000000e+00  -3.700000000e+00
  180   5.300000000e+00   2.700000000e+00  -2.600000000e+00
  181   5.500000000e+00   2.700000000e+00  -1.700000000e+00
  182   5.600000000e+00   2.700000000e+00  -1.000000000e+00
  183   5.500000000e+00   2.700000000e+00   1.000000000e-01
  184   4.400000000e+00   2.700000000e+00   2.600000000e+00
  185   2.900000000e+00   2.700000000e+00   3.500000000e+00
  186   2.100000000e+00   2.700000000e+00   3.300000000e+00
  187   1.500000000e+00   2.700000000e+00   3.200000000e+00
  188   5.000000000e-01   2.700000000e+00   3.200000000e+00
  189  -6.000000000e-01   2.700000000e+00   3.000000000e+00
  190  -1.500000000e+00   2.700000000e+00   2.500000000e+00
  191  -1.700000000e+00   2.700000000e+00   2.400000000e+00
  192  -2.300000000e+00   2.700000000e+00   2.500000000e+00
  193  -3.300000000e+00   2.700000000e+00   1.700000000e+00
  194  -4.800000000e+00   1.700000000e+00  -2.800000000e+00
  195  -4.400000000e+00   1.700000000e+00  -3.600000000e+00
  196  -4.100000000e+00   1.700000000e+00  -4.300000000e+00
  197  -3.600000000e+00   1.700000000e+00  -5.400000000e+00
  198  -1.800000000e+00   1.700000000e+00  -7.100000000e+00
  199   1.300000000e+00   1.700000000e+00  -8.100000000e+00
  200   3.400000000e+00   1.700000000e+00  -7.300000000e+00
  201   4.200000000e+00   1.700000000e+00  -6.100000000e+00
  202   4.500000000e+00   1.700000000e+00  -5.200000000e+00
  203   4.900000000e+00   1.700000000e+00  -4.400000000e+00
  204   5.500000000e+00   1.700000000e+00  -3.300000000e+00
  205   5.600000000e+00   1.700000000e+00  -2.500000000e+00
  206   5.700000000e+00   1.700000000e+00  -1.900000000e+00
  207   5.700000000e+00   1.700000000e+00  -7.000000000e-01
  208   4.600000000e+00   1.700000000e+00   2.000000000e+00
  209   2.900000000e+00   1.700000000e+00   3.100000000e+00
  210   2.200000000e+00   1.700000000e+00   2.800000000e+00
  211   1.600000000e+00   1.700000000e+00   2.600000000e+00
  212   6.000000000e-01   1.700000000e+00   2.700000000e+00
  213  -6.000000000e-01   1.700000000e+00   2.500000000e+00
  214  -1.400000000e+00   1.700000000e+00   2.100000000e+00
  215  -1.900000000e+00   1.700000000e+00   1.900000000e+00
  216  -2.800000000e+00   1.700000000e+00   1.700000000e+00
  217  -4.200000000e+00   1.700000000e+00  -1.000000000e-01
  218  -4.900000000e+00   6.000000000e-01  -4.000000000e+00
  219  -4.400000000e+00   6.000000000e-01  -4.900000000e+00
  220  -3.900000000e+00   6.000000000e-01  -5.600000000e+00
  221  -3.200000000e+00   6.000000000e-01  -6.800000000e+00
  222  -8.000000000e-01   6.000000000e-01  -8.600000000e+00
  223   2.200000000e+00   6.000000000e-01  -9.000000000e+00
  224   3.700000000e+00   6.000000000e-01  -8.100000000e+00
  225   4.300000000e+00   6.000000000e-01  -7.100000000e+00
  226   4.600000000e+00   6.000000000e-01  -6.200000000e+00
  227   5.200000000e+00   6.000000000e-01  -5.200000000e+00
  228   6.100000000e+00   6.000000000e-01  -3.600000000e+00
  229   6.300000000e+00   6.000000000e-01  -2.500000000e+00
  230   6.100000000e+00   6.000000000e-01  -1.700000000e+00
  231   5.900000000e+00   6.000000000e-01  -8.000000000e-01
  232   4.900000000e+00   6.000000000e-01   1.700000000e+00
  233   3.100000000e+00   6.000000000e-01   2.900000000e+00
  234   2.200000000e+00   6.000000000e-01   2.700000000e+00
  235   1.700000000e+00   6.000000000e-01   2.400000000e+00
  236   2.000000000e-01   6.000000000e-01   2.400000000e+00
  237  -1.200000000e+00   6.000000000e-01   2.000000000e+00
  238  -1.800000000e+00   6.000000000e-01   1.400000000e+00
  239  -2.200000000e+00   6.000000000e-01   1.100000000e+00
  240  -3.000000000e+00   6.000000000e-01   9.000000000e-01
  241  -4.500000000e+00   6.000000000e-01  -1.100000000e+00
  242  -4.400000000e+00  -6.000000000e-01  -4.000000000e+00
  243  -4.000000000e+00  -6.000000000e-01  -4.800000000e+00
  244  -3.500000000e+00  -6.000000000e-01  -5.800000000e+00
  245  -2.600000000e+00  -6.000000000e-01  -7.200000000e+00
  246  -2.000000000e-01  -6.000000000e-01  -9.100000000e+00
  247   2.300000000e+00  -6.000000000e-01  -9.500000000e+00
  248   3.400000000e+00  -6.000000000e-01  -8.700000000e+00
  249   4.000000000e+00  -6.000000000e-01  -7.900000000e+00
  250   4.500000000e+00  -6.000000000e-01  -7.300000000e+00
  251   5.800000000e+00  -6.000000000e-01  -6.200000000e+00
  252   7.000000000e+00  -6.000000000e-01  -4.100000000e+00
  253   7.000000000e+00  -6.000000000e-01  -2.700000000e+00
  254   6.600000000e+00  -6.000000000e-01  -2.100000000e+00
  255   6.300000000e+00  -6.000000000e-01  -1.700000000e+00
  256   5.600000000e+00  -6.000000000e-01   3.000000000e-01
  257   4.000000000e+00  -6.000000000e-01   1.900000000e+00
  258   3.400000000e+00  -6.000000000e-01   1.500000000e+00
  259   3.300000000e+00  -6.000000000e-01   1.300000000e+00
  260   1.800000000e+00  -6.000000000e-01   1.700000000e+00
  261  -2.000000000e-01  -6.000000000e-01   1.500000000e+00
  262  -1.200000000e+00  -6.000000000e-01   1.000000000e+00
  263  -1.600000000e+00  -6.000000000e-01   9.000000000e-01
  264  -2.500000000e+00  -6.000000000e-01   5.000000000e-01
  265  -4.100000000e+00  -6.000000000e-01  -1.700000000e+00
C Region List
