C PointsNum,MaxElemVol,TetGenParams,nAtrib,IndMov,MDMaxVolume,MDomDiv,MDOnly,MDDivF,MDPrescP
  395    1.000000e+00 YYpznno2q1.414a     0     0    1.000000e+00     1     0     0     0     0     0 YYpznno2q1.414a
  -1.682148000e-01  -8.503570000e+00  -3.718100000e-02
   1.168771000e-01  -8.027820000e+00   8.769840000e-01
  -1.234590000e-01  -8.027820000e+00   9.230480000e-01
  -3.588280000e-01  -8.027820000e+00   8.552330000e-01
  -5.582570000e-01  -8.027820000e+00   7.292300000e-01
  -7.204580000e-01  -8.027820000e+00   5.718930000e-01
  -8.458340000e-01  -8.027820000e+00   3.914290000e-01
  -9.447890000e-01  -8.027820000e+00   1.930960000e-01
  -1.015068000e+00  -8.027820000e+00  -2.878800000e-02
  -1.041557000e+00  -8.027820000e+00  -2.767610000e-01
  -9.810870000e-01  -8.027820000e+00  -5.278680000e-01
  -8.145420000e-01  -8.027820000e+00  -7.277370000e-01
  -5.897010000e-01  -8.027820000e+00  -8.505250000e-01
  -3.511229000e-01  -8.027820000e+00  -9.113890000e-01
  -1.134480000e-01  -8.027820000e+00  -9.238340000e-01
   1.163440000e-01  -8.027820000e+00  -8.803610000e-01
   3.054660000e-01  -8.027820000e+00  -7.494930000e-01
   4.455370000e-01  -8.027820000e+00  -5.818660000e-01
   5.467250000e-01  -8.027820000e+00  -4.034650000e-01
   6.071810000e-01  -8.027820000e+00  -2.139040000e-01
   5.924040000e-01  -8.027820000e+00  -1.990200000e-02
   5.379050000e-01  -8.027820000e+00   1.562130000e-01
   4.661650000e-01  -8.027820000e+00   3.183840000e-01
   3.907470000e-01  -8.027820000e+00   4.910700000e-01
   2.886420000e-01  -8.027820000e+00   6.909680000e-01
   1.599166000e-01  -7.555070000e+00   1.195310000e+00
  -1.704520000e-01  -7.555070000e+00   1.262125000e+00
  -4.916990000e-01  -7.555070000e+00   1.159763000e+00
  -7.584050000e-01  -7.555070000e+00   9.789350000e-01
  -9.709280000e-01  -7.555070000e+00   7.596800000e-01
  -1.137520000e+00  -7.555070000e+00   5.163960000e-01
  -1.270600000e+00  -7.555070000e+00   2.506132000e-01
  -1.370030000e+00  -7.555070000e+00  -4.601500000e-02
  -1.409650000e+00  -7.555070000e+00  -3.808790000e-01
  -1.330598000e+00  -7.555070000e+00  -7.219010000e-01
  -1.107129000e+00  -7.555070000e+00  -9.933400000e-01
  -8.047920000e-01  -7.555070000e+00  -1.164840000e+00
  -4.820834000e-01  -7.555070000e+00  -1.253650000e+00
  -1.568710000e-01  -7.555070000e+00  -1.275470000e+00
   1.585210000e-01  -7.555070000e+00  -1.215909000e+00
   4.189010000e-01  -7.555070000e+00  -1.034371000e+00
   6.067500000e-01  -7.555070000e+00  -8.019380000e-01
   7.421340000e-01  -7.555070000e+00  -5.552580000e-01
   8.169860000e-01  -7.555070000e+00  -2.963868000e-01
   7.822410000e-01  -7.555070000e+00  -3.379700000e-02
   6.971710000e-01  -7.555070000e+00   1.963610000e-01
   6.016970000e-01  -7.555070000e+00   4.083930000e-01
   5.085450000e-01  -7.555070000e+00   6.407270000e-01
   3.839450000e-01  -7.555070000e+00   9.220340000e-01
   1.757290000e-01  -7.083310000e+00   1.524160000e+00
  -2.369520000e-01  -7.083310000e+00   1.594930000e+00
  -6.307170000e-01  -7.083310000e+00   1.456374000e+00
  -9.524310000e-01  -7.083310000e+00   1.221688000e+00
  -1.206160000e+00  -7.083310000e+00   9.508940000e-01
  -1.405030000e+00  -7.083310000e+00   6.540600000e-01
  -1.563430000e+00  -7.083310000e+00   3.335288000e-01
  -1.683910000e+00  -7.083310000e+00  -2.531900000e-02
  -1.736080000e+00  -7.083310000e+00  -4.305190000e-01
  -1.648860000e+00  -7.083310000e+00  -8.490640000e-01
  -1.380643000e+00  -7.083310000e+00  -1.183050000e+00
  -1.007412000e+00  -7.083310000e+00  -1.386200000e+00
  -6.112710000e-01  -7.083310000e+00  -1.482670000e+00
  -2.190850000e-01  -7.083310000e+00  -1.499310000e+00
   1.573810000e-01  -7.083310000e+00  -1.423105000e+00
   4.559140000e-01  -7.083310000e+00  -1.186656000e+00
   6.582660000e-01  -7.083310000e+00  -8.932660000e-01
   7.988670000e-01  -7.083310000e+00  -6.021500000e-01
   8.881260000e-01  -7.083310000e+00  -3.094712000e-01
   8.740710000e-01  -7.083310000e+00  -1.138300000e-02
   7.981910000e-01  -7.083310000e+00   2.641430000e-01
   6.980120000e-01  -7.083310000e+00   5.248120000e-01
   5.964670000e-01  -7.083310000e+00   8.163000000e-01
   4.533980000e-01  -7.083310000e+00   1.177800000e+00
   1.630940000e-01  -6.610560000e+00   1.777210000e+00
  -3.147960000e-01  -6.610560000e+00   1.842460000e+00
  -7.670470000e-01  -6.610560000e+00   1.680660000e+00
  -1.135810000e+00  -6.610560000e+00   1.414637000e+00
  -1.429090000e+00  -6.610560000e+00   1.105342000e+00
  -1.661580000e+00  -6.610560000e+00   7.665060000e-01
  -1.851380000e+00  -6.610560000e+00   3.977276000e-01
  -2.001640000e+00  -6.610560000e+00  -1.684700000e-02
  -2.075630000e+00  -6.610560000e+00  -4.922860000e-01
  -1.985090000e+00  -6.610560000e+00  -9.904600000e-01
  -1.664030000e+00  -6.610560000e+00  -1.382750000e+00
  -1.209791000e+00  -6.610560000e+00  -1.594720000e+00
  -7.409060000e-01  -6.610560000e+00  -1.674640000e+00
  -2.954300000e-01  -6.610560000e+00  -1.668400000e+00
   1.271550000e-01  -6.610560000e+00  -1.582250000e+00
   4.618320000e-01  -6.610560000e+00  -1.317010000e+00
   6.794680000e-01  -6.610560000e+00  -9.805840000e-01
   8.290970000e-01  -6.610560000e+00  -6.536180000e-01
   9.299920000e-01  -6.610560000e+00  -3.302724000e-01
   9.205360000e-01  -6.610560000e+00  -3.430000000e-04
   8.418740000e-01  -6.610560000e+00   3.068790000e-01
   7.376160000e-01  -6.610560000e+00   6.022490000e-01
   6.346960000e-01  -6.610560000e+00   9.437100000e-01
   4.819540000e-01  -6.610560000e+00   1.373800000e+00
   1.517950000e-01  -6.138800000e+00   2.004060000e+00
  -3.825600000e-01  -6.138800000e+00   2.066910000e+00
  -8.844370000e-01  -6.138800000e+00   1.879890000e+00
  -1.291770000e+00  -6.138800000e+00   1.581361000e+00
  -1.615770000e+00  -6.138800000e+00   1.238382000e+00
  -1.871940000e+00  -6.138800000e+00   8.628580000e-01
  -2.086730000e+00  -6.138800000e+00   4.568001000e-01
  -2.259890000e+00  -6.138800000e+00  -3.547000000e-03
  -2.352990000e+00  -6.138800000e+00  -5.352160000e-01
  -2.261810000e+00  -6.138800000e+00  -1.098810000e+00
  -1.900990000e+00  -6.138800000e+00  -1.540390000e+00
  -1.375682000e+00  -6.138800000e+00  -1.754810000e+00
  -8.482050000e-01  -6.138800000e+00  -1.813370000e+00
  -3.619680000e-01  -6.138800000e+00  -1.786200000e+00
   9.351700000e-02  -6.138800000e+00  -1.690170000e+00
   4.595360000e-01  -6.138800000e+00  -1.414940000e+00
   6.960970000e-01  -6.138800000e+00  -1.048854000e+00
   8.555120000e-01  -6.138800000e+00  -6.918530000e-01
   9.610680000e-01  -6.138800000e+00  -3.411999000e-01
   9.429090000e-01  -6.138800000e+00   1.500600000e-02
   8.536970000e-01  -6.138800000e+00   3.433950000e-01
   7.494360000e-01  -6.138800000e+00   6.634410000e-01
   6.543280000e-01  -6.138800000e+00   1.045280000e+00
   5.048210000e-01  -6.138800000e+00   1.545470000e+00
   1.561610000e-01  -5.666050000e+00   2.194360000e+00
  -4.212700000e-01  -5.666050000e+00   2.261020000e+00
  -9.641100000e-01  -5.666050000e+00   2.063090000e+00
  -1.408750000e+00  -5.666050000e+00   1.744486000e+00
  -1.763280000e+00  -5.666050000e+00   1.375312000e+00
  -2.042130000e+00  -5.666050000e+00   9.671110000e-01
  -2.269210000e+00  -5.666050000e+00   5.225741000e-01
  -2.445890000e+00  -5.666050000e+00   2.378000000e-02
  -2.535590000e+00  -5.666050000e+00  -5.473500000e-01
  -2.433430000e+00  -5.666050000e+00  -1.148020000e+00
  -2.049250000e+00  -5.666050000e+00  -1.623450000e+00
  -1.481796000e+00  -5.666050000e+00  -1.847080000e+00
  -9.158390000e-01  -5.666050000e+00  -1.896270000e+00
  -3.985400000e-01  -5.666050000e+00  -1.857720000e+00
   8.066000000e-02  -5.666050000e+00  -1.752900000e+00
   4.687640000e-01  -5.666050000e+00  -1.465030000e+00
   7.165960000e-01  -5.666050000e+00  -1.077870000e+00
   8.846100000e-01  -5.666050000e+00  -7.011370000e-01
   9.987430000e-01  -5.666050000e+00  -3.334259000e-01
   9.963710000e-01  -5.666050000e+00   4.332700000e-02
   9.157440000e-01  -5.666050000e+00   3.986150000e-01
   8.094040000e-01  -5.666050000e+00   7.488170000e-01
   7.084280000e-01  -5.666050000e+00   1.166310000e+00
   5.437446000e-01  -5.666050000e+00   1.708250000e+00
   1.493960000e-01  -4.731630000e+00   2.400170000e+00
  -4.684260000e-01  -4.731630000e+00   2.478810000e+00
  -1.066000000e+00  -4.731630000e+00   2.322470000e+00
  -1.587710000e+00  -4.731630000e+00   2.030270000e+00
  -2.023240000e+00  -4.731630000e+00   1.644446000e+00
  -2.357890000e+00  -4.731630000e+00   1.177322000e+00
  -2.588560000e+00  -4.731630000e+00   6.521583000e-01
  -2.726340000e+00  -4.731630000e+00   8.014500000e-02
  -2.748450000e+00  -4.731630000e+00  -5.357300000e-01
  -2.592690000e+00  -4.731630000e+00  -1.157930000e+00
  -2.189530000e+00  -4.731630000e+00  -1.662320000e+00
  -1.591278000e+00  -4.731630000e+00  -1.901530000e+00
  -9.906040000e-01  -4.731630000e+00  -1.950040000e+00
  -4.445888000e-01  -4.731630000e+00  -1.905430000e+00
   6.254000000e-02  -4.731630000e+00  -1.797680000e+00
   4.768500000e-01  -4.731630000e+00  -1.501296000e+00
   7.446460000e-01  -4.731630000e+00  -1.094510000e+00
   9.307600000e-01  -4.731630000e+00  -6.976590000e-01
   1.067281000e+00  -4.731630000e+00  -3.068417000e-01
   1.100008000e+00  -4.731630000e+00   1.010440000e-01
   1.037447000e+00  -4.731630000e+00   5.016880000e-01
   9.222810000e-01  -4.731630000e+00   8.980430000e-01
   7.979780000e-01  -4.731630000e+00   1.359170000e+00
   5.886162900e-01  -4.731630000e+00   1.924440000e+00
   1.588470000e-01  -3.797210000e+00   2.593100000e+00
  -4.929590000e-01  -3.797210000e+00   2.684100000e+00
  -1.130980000e+00  -3.797210000e+00   2.538090000e+00
  -1.699220000e+00  -3.797210000e+00   2.242630000e+00
  -2.179990000e+00  -3.797210000e+00   1.838959000e+00
  -2.547310000e+00  -3.797210000e+00   1.335271000e+00
  -2.770540000e+00  -3.797210000e+00   7.565661000e-01
  -2.868270000e+00  -3.797210000e+00   1.427740000e-01
  -2.835900000e+00  -3.797210000e+00  -4.894400000e-01
  -2.643050000e+00  -3.797210000e+00  -1.110330000e+00
  -2.239520000e+00  -3.797210000e+00  -1.624850000e+00
  -1.636200000e+00  -3.797210000e+00  -1.875790000e+00
  -1.024153000e+00  -3.797210000e+00  -1.923030000e+00
  -4.686358000e-01  -3.797210000e+00  -1.873100000e+00
   4.636200000e-02  -3.797210000e+00  -1.766070000e+00
   4.753120000e-01  -3.797210000e+00  -1.475900000e+00
   7.577290000e-01  -3.797210000e+00  -1.066666000e+00
   9.573270000e-01  -3.797210000e+00  -6.629530000e-01
   1.101983000e+00  -3.797210000e+00  -2.584339000e-01
   1.147012000e+00  -3.797210000e+00   1.656240000e-01
   1.086208000e+00  -3.797210000e+00   5.856060000e-01
   9.719370000e-01  -3.797210000e+00   1.004660000e+00
   8.451460000e-01  -3.797210000e+00   1.495350000e+00
   6.257498000e-01  -3.797210000e+00   2.093890000e+00
   1.664030000e-01  -2.862800000e+00   2.855380000e+00
  -5.420400000e-01  -2.862800000e+00   2.964140000e+00
  -1.239120000e+00  -2.862800000e+00   2.813500000e+00
  -1.866750000e+00  -2.862800000e+00   2.505610000e+00
  -2.403220000e+00  -2.862800000e+00   2.072050000e+00
  -2.812390000e+00  -2.862800000e+00   1.517489000e+00
  -3.041530000e+00  -2.862800000e+00   8.724598000e-01
  -3.110860000e+00  -2.862800000e+00   1.988740000e-01
  -3.036750000e+00  -2.862800000e+00  -4.746500000e-01
  -2.806310000e+00  -2.862800000e+00  -1.120250000e+00
  -2.383030000e+00  -2.862800000e+00  -1.665020000e+00
  -1.746910000e+00  -2.862800000e+00  -1.929590000e+00
  -1.097597000e+00  -2.862800000e+00  -1.968180000e+00
  -5.149577000e-01  -2.862800000e+00  -1.907940000e+00
   2.297200000e-02  -2.862800000e+00  -1.795580000e+00
   4.824200000e-01  -2.862800000e+00  -1.511560000e+00
   7.970360000e-01  -2.862800000e+00  -1.095692000e+00
   1.019928000e+00  -2.862800000e+00  -6.680050000e-01
   1.171816000e+00  -2.862800000e+00  -2.315402000e-01
   1.208447000e+00  -2.862800000e+00   2.231120000e-01
   1.133271000e+00  -2.862800000e+00   6.680300000e-01
   1.019332000e+00  -2.862800000e+00   1.117390000e+00
   8.937340000e-01  -2.862800000e+00   1.649720000e+00
   6.665627000e-01  -2.862800000e+00   2.306660000e+00
   1.236740000e-01  -1.929380000e+00   3.051200000e+00
  -6.312400000e-01  -1.929380000e+00   3.169590000e+00
  -1.381650000e+00  -1.929380000e+00   3.025840000e+00
  -2.071030000e+00  -1.929380000e+00   2.718580000e+00
  -2.669820000e+00  -1.929380000e+00   2.259100000e+00
  -3.120740000e+00  -1.929380000e+00   1.654914000e+00
  -3.358190000e+00  -1.929380000e+00   9.438790000e-01
  -3.410510000e+00  -1.929380000e+00   2.135710000e-01
  -3.305080000e+00  -1.929380000e+00  -5.078800000e-01
  -3.042990000e+00  -1.929380000e+00  -1.191780000e+00
  -2.590350000e+00  -1.929380000e+00  -1.769770000e+00
  -1.912730000e+00  -1.929380000e+00  -2.048960000e+00
  -1.219326000e+00  -1.929380000e+00  -2.078930000e+00
  -6.024214000e-01  -1.929380000e+00  -2.006160000e+00
  -3.618200000e-02  -1.929380000e+00  -1.884220000e+00
   4.609560000e-01  -1.929380000e+00  -1.610400000e+00
   8.078180000e-01  -1.929380000e+00  -1.176149000e+00
   1.047702000e+00  -1.929380000e+00  -7.175870000e-01
   1.177085000e+00  -1.929380000e+00  -2.401210000e-01
   1.151493000e+00  -1.929380000e+00   2.394430000e-01
   1.045508000e+00  -1.929380000e+00   6.840710000e-01
   9.457980000e-01  -1.929380000e+00   1.142003000e+00
   8.461820000e-01  -1.929380000e+00   1.706410000e+00
   6.455200000e-01  -1.929380000e+00   2.441870000e+00
   3.821000000e-02  -9.949600000e-01   3.081430000e+00
  -7.335300000e-01  -9.949600000e-01   3.197250000e+00
  -1.494820000e+00  -9.949600000e-01   3.050690000e+00
  -2.190170000e+00  -9.949600000e-01   2.722630000e+00
  -2.791020000e+00  -9.949600000e-01   2.256420000e+00
  -3.242340000e+00  -9.949600000e-01   1.642011000e+00
  -3.506630000e+00  -9.949600000e-01   9.332550000e-01
  -3.610860000e+00  -9.949600000e-01   1.875820000e-01
  -3.557810000e+00  -9.949600000e-01  -5.745900000e-01
  -3.314140000e+00  -9.949600000e-01  -1.317100000e+00
  -2.824750000e+00  -9.949600000e-01  -1.933330000e+00
  -2.074720000e+00  -9.949600000e-01  -2.180720000e+00
  -1.331790000e+00  -9.949600000e-01  -2.147320000e+00
  -7.041575000e-01  -9.949600000e-01  -2.023430000e+00
  -1.464030000e-01  -9.949600000e-01  -1.876230000e+00
   3.617660000e-01  -9.949600000e-01  -1.640300000e+00
   7.289660000e-01  -9.949600000e-01  -1.224344000e+00
   9.722030000e-01  -9.949600000e-01  -7.579380000e-01
   1.067835000e+00  -9.949600000e-01  -2.627450000e-01
   9.425370000e-01  -9.949600000e-01   2.140410000e-01
   8.183420000e-01  -9.949600000e-01   6.247110000e-01
   7.514740000e-01  -9.949600000e-01   1.062519000e+00
   6.994980000e-01  -9.949600000e-01   1.636540000e+00
   5.632020000e-01  -9.949600000e-01   2.450830000e+00
  -5.760400000e-02  -3.545410000e-01   3.132920000e+00
   4.831790000e-01  -3.545410000e-01   2.497500000e+00
   5.441060000e-01  -3.545410000e-01   1.583330000e+00
   5.397300000e-01  -3.545410000e-01   9.960400000e-01
   5.693140000e-01  -3.545410000e-01   5.798270000e-01
   6.746230000e-01  -3.545410000e-01   2.055790000e-01
   9.349060000e-01  -3.545410000e-01  -2.642940000e-01
   8.902870000e-01  -3.545410000e-01  -7.812310000e-01
   6.251980000e-01  -3.545410000e-01  -1.239210000e+00
   2.262500000e-01  -3.545410000e-01  -1.605150000e+00
  -2.788090000e-01  -3.545410000e-01  -1.804640000e+00
  -8.148674000e-01  -3.545410000e-01  -1.981830000e+00
  -1.444604000e+00  -3.545410000e-01  -2.161930000e+00
  -2.238150000e+00  -3.545410000e-01  -2.280170000e+00
  -3.075530000e+00  -3.545410000e-01  -2.075460000e+00
  -3.592070000e+00  -3.545410000e-01  -1.421760000e+00
  -3.818710000e+00  -3.545410000e-01  -6.233500000e-01
  -3.826550000e+00  -3.545410000e-01   1.838050000e-01
  -3.678280000e+00  -3.545410000e-01   9.407060000e-01
  -3.387580000e+00  -3.545410000e-01   1.651634000e+00
  -2.930310000e+00  -3.545410000e-01   2.278010000e+00
  -2.321820000e+00  -3.545410000e-01   2.757920000e+00
  -1.618320000e+00  -3.545410000e-01   3.086490000e+00
  -8.444100000e-01  -3.545410000e-01   3.243470000e+00
  -2.504010000e+00  -4.021410000e-01  -1.685560000e+00
  -3.028700000e+00  -3.967410000e-01  -1.424080000e+00
  -1.372620000e+00  -3.933410000e-01   2.786280000e+00
  -8.898800000e-01  -4.141410000e-01   2.510420000e+00
  -2.169380000e+00  -4.655410000e-01   6.656180000e-01
  -2.108130000e+00  -4.615410000e-01   9.831075000e-01
  -1.767400000e+00  -4.665410000e-01   9.863108000e-01
  -7.364957000e-01  -3.949410000e-01  -1.630020000e+00
  -1.792390000e+00  -4.735410000e-01   2.154400000e-01
  -1.423660000e+00  -4.705410000e-01   9.775140000e-01
  -1.134120000e+00  -4.725410000e-01   2.315310000e-01
  -2.623880000e+00  -4.423410000e-01   9.603400000e-01
  -2.737460000e+00  -4.451410000e-01   3.435950000e-01
  -3.209710000e+00  -4.102410000e-01   6.290870000e-01
  -2.603280000e+00  -4.201410000e-01   1.638005000e+00
  -2.766140000e+00  -4.216410000e-01   1.360366000e+00
  -2.732800000e+00  -4.139410000e-01   1.590249000e+00
  -1.454840000e-01  -4.056410000e-01   2.209377000e+00
  -7.678630000e-01  -4.468410000e-01   1.645407000e+00
  -2.061850000e+00  -4.302410000e-01  -1.351060000e+00
  -1.955510000e+00  -4.426410000e-01  -1.116610000e+00
  -1.739948000e+00  -4.387410000e-01  -1.224360000e+00
  -1.795910000e+00  -4.436410000e-01   1.827501000e+00
  -1.659220000e+00  -4.221410000e-01   2.324297000e+00
  -1.563530000e+00  -4.359410000e-01   2.075365000e+00
  -3.211570000e+00  -4.073410000e-01  -8.071400000e-01
  -2.536030000e+00  -4.353410000e-01  -9.933800000e-01
  -1.220793000e+00  -4.022410000e-01  -1.689390000e+00
  -1.524384000e+00  -4.343410000e-01  -1.328120000e+00
  -9.298300000e-01  -4.273410000e-01  -1.315060000e+00
  -1.961260000e+00  -4.139410000e-01   2.301328000e+00
  -1.841430000e+00  -3.920410000e-01   2.647950000e+00
  -1.748330000e+00  -4.072410000e-01   2.501120000e+00
  -1.839533000e+00  -4.030410000e-01  -1.767810000e+00
  -2.253500000e+00  -4.025410000e-01   2.288359000e+00
   5.840900000e-02  -3.945410000e-01  -1.239670000e+00
   2.387000000e-01  -4.027410000e-01  -8.021960000e-01
   3.651690000e-01  -3.985410000e-01  -4.048800000e-02
  -2.325640000e+00  -4.625410000e-01   1.165240000e-01
  -2.729940000e+00  -4.437410000e-01  -2.943200000e-01
   1.067341000e-01  -4.113410000e-01   7.799250000e-01
  -1.939170000e-01  -4.386410000e-01   2.588570000e-01
  -3.022190000e+00  -4.074410000e-01   1.264854900e+00
  -3.283480000e+00  -4.109410000e-01  -7.601100000e-02
  -3.619150000e-01  -4.003410000e-01  -1.445360000e+00
  -4.693240000e-01  -4.338410000e-01  -9.392900000e-01
   2.369210000e-01  -3.929410000e-01   1.537704000e+00
  -2.122530000e-01  -4.289410000e-01   1.410561000e+00
  -2.137730000e+00  -4.625410000e-01  -3.684780000e-01
  -2.407810000e+00  -4.220410000e-01   1.829350000e+00
  -2.505090000e+00  -4.334410000e-01   1.455877000e+00
  -8.328150000e-01  -4.457410000e-01  -8.914400000e-01
  -8.482650000e-01  -4.538410000e-01  -6.340790000e-01
  -1.125450000e+00  -4.491410000e-01   1.745920000e+00
  -1.178460000e+00  -4.344410000e-01   2.138426000e+00
  -9.736600000e-01  -4.412410000e-01   1.911916000e+00
  -2.180230000e+00  -4.190410000e-01   2.083463000e+00
  -2.328660000e+00  -4.126410000e-01   2.063855000e+00
  -2.106650000e+00  -4.347410000e-01   1.848567000e+00
  -2.052890000e+00  -4.555410000e-01   1.305597000e+00
  -2.281490000e+00  -4.460410000e-01   1.375737000e+00
  -1.650850000e+00  -4.725410000e-01  -7.034700000e-02
  -1.894290000e+00  -4.685410000e-01  -2.174130000e-01
  -1.505300000e+00  -4.695410000e-01  -3.461340000e-01
  -1.319210000e+00  -4.715410000e-01  -6.330200000e-02
  -1.092463000e+00  -4.675410000e-01  -2.140090000e-01
  -5.870880000e-01  -4.555410000e-01   7.947197000e-01
  -1.506420000e+00  -4.088410000e-01   2.555290000e+00
  -1.200650000e+00  -4.118410000e-01   2.537850000e+00
  -1.842180000e+00  -4.534410000e-01  -8.921600000e-01
  -1.517241000e+00  -4.545410000e-01  -8.733800000e-01
  -1.524813000e+00  -4.451410000e-01  -1.103750000e+00
  -1.442850000e+00  -4.615410000e-01   1.392974000e+00
  -1.107010000e+00  -4.545410000e-01   1.529191000e+00
  -2.434590000e-01  -4.389410000e-01  -3.146780000e-01
  -2.340380000e+00  -4.507410000e-01   1.127968780e+00
  -2.253380000e+00  -4.585410000e-01   9.042930000e-01
  -1.994450000e+00  -4.585410000e-01  -6.368200000e-01
  -2.189600000e+00  -4.460410000e-01  -9.382700000e-01
  -2.167160000e+00  -4.545410000e-01  -6.573700000e-01
  -1.764470000e+00  -4.545410000e-01   1.546015000e+00
  -1.749620000e+00  -4.595410000e-01   1.349286000e+00
  -2.700470000e+00  -4.058410000e-01   1.810132000e+00
  -6.085610000e-01  -4.585410000e-01   1.177900000e-01
  -5.512870000e-01  -4.517410000e-01  -3.341970000e-01
  -1.061567000e+00  -4.407410000e-01  -1.112330000e+00
  -8.813220000e-01  -4.368410000e-01  -1.114750000e+00
  -1.352302000e+00  -4.625410000e-01  -6.208600000e-01
  -1.596740000e+00  -4.585410000e-01  -7.505100000e-01
  -1.417340000e+00  -4.285410000e-01   2.241361000e+00
  -2.031800000e+00  -4.247410000e-01   2.079948000e+00
  -1.001418000e+00  -4.675410000e-01  -7.309300000e-02
  -7.336880000e-01  -4.605410000e-01  -1.264630000e-01
  -1.748880000e+00  -4.645410000e-01  -4.884800000e-01
  -1.366845000e+00  -4.449410000e-01  -1.097860000e+00
  -1.295976000e+00  -4.385410000e-01  -1.214720000e+00
  -8.637160000e-01  -4.615410000e-01  -3.627170000e-01
  -5.108060000e-01  -4.430410000e-01  -6.407420000e-01
  -1.556800000e+00  -4.735410000e-01   7.656900000e-02
  -1.030510000e+00  -4.585410000e-01  -6.236560000e-01
  -1.108009000e+00  -4.625410000e-01  -4.907910000e-01
  -1.477840000e+00  -4.486410000e-01   1.796434000e+00
  -1.196305000e+00  -4.528410000e-01  -8.725900000e-01
  -1.821510000e+00  -4.665410000e-01  -3.543060000e-01
  -2.306620000e+00  -4.350410000e-01   1.647222000e+00
  -2.562980000e+00  -4.383410000e-01   1.208108900e+00
C Number of facets
  786
C  Size  Node 1  ......Node N Marker
    3    0    1    2    3
    3    0    2    3    3
    3    0    3    4    3
    3    0    4    5    3
    3    0    5    6    3
    3    0    6    7    3
    3    0    7    8    3
    3    0    8    9    3
    3    0    9   10    3
    3    0   10   11    3
    3    0   11   12    3
    3    0   12   13    3
    3    0   13   14    3
    3    0   14   15    3
    3    0   15   16    3
    3    0   16   17    3
    3    0   17   18    3
    3    0   18   19    3
    3    0   19   20    3
    3    0   20   21    3
    3    0   21   22    3
    3    0   22   23    3
    3    0   23   24    3
    3    0   24    1    3
    3    1   25   26    3
    3    1   26    2    3
    3    2   26   27    3
    3    2   27    3    3
    3    3   27   28    3
    3    3   28    4    3
    3    4   28   29    3
    3    4   29    5    3
    3    5   29   30    3
    3    5   30    6    3
    3    6   30   31    3
    3    6   31    7    3
    3    7   31   32    3
    3    7   32    8    3
    3    8   32   33    3
    3    8   33    9    3
    3    9   33   34    3
    3    9   34   10    3
    3   10   34   35    3
    3   10   35   11    3
    3   11   35   36    3
    3   11   36   12    3
    3   12   36   37    3
    3   12   37   13    3
    3   13   37   38    3
    3   13   38   14    3
    3   14   38   39    3
    3   14   39   15    3
    3   15   39   40    3
    3   15   40   16    3
    3   16   40   41    3
    3   16   41   17    3
    3   17   41   42    3
    3   17   42   18    3
    3   18   42   43    3
    3   18   43   19    3
    3   19   43   44    3
    3   19   44   20    3
    3   20   44   45    3
    3   20   45   21    3
    3   21   45   46    3
    3   21   46   22    3
    3   22   46   47    3
    3   22   47   23    3
    3   23   47   48    3
    3   23   48   24    3
    3   24   48   25    3
    3   24   25    1    3
    3   25   49   50    3
    3   25   50   26    3
    3   26   50   51    3
    3   26   51   27    3
    3   27   51   52    3
    3   27   52   28    3
    3   28   52   53    3
    3   28   53   29    3
    3   29   53   54    3
    3   29   54   30    3
    3   30   54   55    3
    3   30   55   31    3
    3   31   55   56    3
    3   31   56   32    3
    3   32   56   57    3
    3   32   57   33    3
    3   33   57   58    3
    3   33   58   34    3
    3   34   58   59    3
    3   34   59   35    3
    3   35   59   60    3
    3   35   60   36    3
    3   36   60   61    3
    3   36   61   37    3
    3   37   61   62    3
    3   37   62   38    3
    3   38   62   63    3
    3   38   63   39    3
    3   39   63   64    3
    3   39   64   40    3
    3   40   64   65    3
    3   40   65   41    3
    3   41   65   66    3
    3   41   66   42    3
    3   42   66   67    3
    3   42   67   43    3
    3   43   67   68    3
    3   43   68   44    3
    3   44   68   69    3
    3   44   69   45    3
    3   45   69   70    3
    3   45   70   46    3
    3   46   70   71    3
    3   46   71   47    3
    3   47   71   72    3
    3   47   72   48    3
    3   48   72   49    3
    3   48   49   25    3
    3   49   73   74    3
    3   49   74   50    3
    3   50   74   75    3
    3   50   75   51    3
    3   51   75   76    3
    3   51   76   52    3
    3   52   76   77    3
    3   52   77   53    3
    3   53   77   78    3
    3   53   78   54    3
    3   54   78   79    3
    3   54   79   55    3
    3   55   79   80    3
    3   55   80   56    3
    3   56   80   81    3
    3   56   81   57    3
    3   57   81   82    3
    3   57   82   58    3
    3   58   82   83    3
    3   58   83   59    3
    3   59   83   84    3
    3   59   84   60    3
    3   60   84   85    3
    3   60   85   61    3
    3   61   85   86    3
    3   61   86   62    3
    3   62   86   87    3
    3   62   87   63    3
    3   63   87   88    3
    3   63   88   64    3
    3   64   88   89    3
    3   64   89   65    3
    3   65   89   90    3
    3   65   90   66    3
    3   66   90   91    3
    3   66   91   67    3
    3   67   91   92    3
    3   67   92   68    3
    3   68   92   93    3
    3   68   93   69    3
    3   69   93   94    3
    3   69   94   70    3
    3   70   94   95    3
    3   70   95   71    3
    3   71   95   96    3
    3   71   96   72    3
    3   72   96   73    3
    3   72   73   49    3
    3   73   97   98    3
    3   73   98   74    3
    3   74   98   99    3
    3   74   99   75    3
    3   75   99  100    3
    3   75  100   76    3
    3   76  100  101    3
    3   76  101   77    3
    3   77  101  102    3
    3   77  102   78    3
    3   78  102  103    3
    3   78  103   79    3
    3   79  103  104    3
    3   79  104   80    3
    3   80  104  105    3
    3   80  105   81    3
    3   81  105  106    3
    3   81  106   82    3
    3   82  106  107    3
    3   82  107   83    3
    3   83  107  108    3
    3   83  108   84    3
    3   84  108  109    3
    3   84  109   85    3
    3   85  109  110    3
    3   85  110   86    3
    3   86  110  111    3
    3   86  111   87    3
    3   87  111  112    3
    3   87  112   88    3
    3   88  112  113    3
    3   88  113   89    3
    3   89  113  114    3
    3   89  114   90    3
    3   90  114  115    3
    3   90  115   91    3
    3   91  115  116    3
    3   91  116   92    3
    3   92  116  117    3
    3   92  117   93    3
    3   93  117  118    3
    3   93  118   94    3
    3   94  118  119    3
    3   94  119   95    3
    3   95  119  120    3
    3   95  120   96    3
    3   96  120   97    3
    3   96   97   73    3
    3   97  121  122    3
    3   97  122   98    3
    3   98  122  123    3
    3   98  123   99    3
    3   99  123  124    3
    3   99  124  100    3
    3  100  124  125    3
    3  100  125  101    3
    3  101  125  126    3
    3  101  126  102    3
    3  102  126  127    3
    3  102  127  103    3
    3  103  127  128    3
    3  103  128  104    3
    3  104  128  129    3
    3  104  129  105    3
    3  105  129  130    3
    3  105  130  106    3
    3  106  130  131    3
    3  106  131  107    3
    3  107  131  132    3
    3  107  132  108    3
    3  108  132  133    3
    3  108  133  109    3
    3  109  133  134    3
    3  109  134  110    3
    3  110  134  135    3
    3  110  135  111    3
    3  111  135  136    3
    3  111  136  112    3
    3  112  136  137    3
    3  112  137  113    3
    3  113  137  138    3
    3  113  138  114    3
    3  114  138  139    3
    3  114  139  115    3
    3  115  139  140    3
    3  115  140  116    3
    3  116  140  141    3
    3  116  141  117    3
    3  117  141  142    3
    3  117  142  118    3
    3  118  142  143    3
    3  118  143  119    3
    3  119  143  144    3
    3  119  144  120    3
    3  120  144  121    3
    3  120  121   97    3
    3  121  145  146    3
    3  121  146  122    3
    3  122  146  147    3
    3  122  147  123    3
    3  123  147  148    3
    3  123  148  124    3
    3  124  148  149    3
    3  124  149  125    3
    3  125  149  150    3
    3  125  150  126    3
    3  126  150  151    3
    3  126  151  127    3
    3  127  151  152    3
    3  127  152  128    3
    3  128  152  153    3
    3  128  153  129    3
    3  129  153  154    3
    3  129  154  130    3
    3  130  154  155    3
    3  130  155  131    3
    3  131  155  156    3
    3  131  156  132    3
    3  132  156  157    3
    3  132  157  133    3
    3  133  157  158    3
    3  133  158  134    3
    3  134  158  159    3
    3  134  159  135    3
    3  135  159  160    3
    3  135  160  136    3
    3  136  160  161    3
    3  136  161  137    3
    3  137  161  162    3
    3  137  162  138    3
    3  138  162  163    3
    3  138  163  139    3
    3  139  163  164    3
    3  139  164  140    3
    3  140  164  165    3
    3  140  165  141    3
    3  141  165  166    3
    3  141  166  142    3
    3  142  166  167    3
    3  142  167  143    3
    3  143  167  168    3
    3  143  168  144    3
    3  144  168  145    3
    3  144  145  121    3
    3  145  169  170    3
    3  145  170  146    3
    3  146  170  171    3
    3  146  171  147    3
    3  147  171  172    3
    3  147  172  148    3
    3  148  172  173    3
    3  148  173  149    3
    3  149  173  174    3
    3  149  174  150    3
    3  150  174  175    3
    3  150  175  151    3
    3  151  175  176    3
    3  151  176  152    3
    3  152  176  177    3
    3  152  177  153    3
    3  153  177  178    3
    3  153  178  154    3
    3  154  178  179    3
    3  154  179  155    3
    3  155  179  180    3
    3  155  180  156    3
    3  156  180  181    3
    3  156  181  157    3
    3  157  181  182    3
    3  157  182  158    3
    3  158  182  183    3
    3  158  183  159    3
    3  159  183  184    3
    3  159  184  160    3
    3  160  184  185    3
    3  160  185  161    3
    3  161  185  186    3
    3  161  186  162    3
    3  162  186  187    3
    3  162  187  163    3
    3  163  187  188    3
    3  163  188  164    3
    3  164  188  189    3
    3  164  189  165    3
    3  165  189  190    3
    3  165  190  166    3
    3  166  190  191    3
    3  166  191  167    3
    3  167  191  192    3
    3  167  192  168    3
    3  168  192  169    3
    3  168  169  145    3
    3  169  193  194    3
    3  169  194  170    3
    3  170  194  195    3
    3  170  195  171    3
    3  171  195  196    3
    3  171  196  172    3
    3  172  196  197    3
    3  172  197  173    3
    3  173  197  198    3
    3  173  198  174    3
    3  174  198  199    3
    3  174  199  175    3
    3  175  199  200    3
    3  175  200  176    3
    3  176  200  201    3
    3  176  201  177    3
    3  177  201  202    3
    3  177  202  178    3
    3  178  202  203    3
    3  178  203  179    3
    3  179  203  204    3
    3  179  204  180    3
    3  180  204  205    3
    3  180  205  181    3
    3  181  205  206    3
    3  181  206  182    3
    3  182  206  207    3
    3  182  207  183    3
    3  183  207  208    3
    3  183  208  184    3
    3  184  208  209    3
    3  184  209  185    3
    3  185  209  210    3
    3  185  210  186    3
    3  186  210  211    3
    3  186  211  187    3
    3  187  211  212    3
    3  187  212  188    3
    3  188  212  213    3
    3  188  213  189    3
    3  189  213  214    3
    3  189  214  190    3
    3  190  214  215    3
    3  190  215  191    3
    3  191  215  216    3
    3  191  216  192    3
    3  192  216  193    3
    3  192  193  169    3
    3  193  217  218    3
    3  193  218  194    3
    3  194  218  219    3
    3  194  219  195    3
    3  195  219  220    3
    3  195  220  196    3
    3  196  220  221    3
    3  196  221  197    3
    3  197  221  222    3
    3  197  222  198    3
    3  198  222  223    3
    3  198  223  199    3
    3  199  223  224    3
    3  199  224  200    3
    3  200  224  225    3
    3  200  225  201    3
    3  201  225  226    3
    3  201  226  202    3
    3  202  226  227    3
    3  202  227  203    3
    3  203  227  228    3
    3  203  228  204    3
    3  204  228  229    3
    3  204  229  205    3
    3  205  229  230    3
    3  205  230  206    3
    3  206  230  231    3
    3  206  231  207    3
    3  207  231  232    3
    3  207  232  208    3
    3  208  232  233    3
    3  208  233  209    3
    3  209  233  234    3
    3  209  234  210    3
    3  210  234  235    3
    3  210  235  211    3
    3  211  235  236    3
    3  211  236  212    3
    3  212  236  237    3
    3  212  237  213    3
    3  213  237  238    3
    3  213  238  214    3
    3  214  238  239    3
    3  214  239  215    3
    3  215  239  240    3
    3  215  240  216    3
    3  216  240  217    3
    3  216  217  193    3
    3  217  241  242    3
    3  217  242  218    3
    3  218  242  243    3
    3  218  243  219    3
    3  219  243  244    3
    3  219  244  220    3
    3  220  244  245    3
    3  220  245  221    3
    3  221  245  246    3
    3  221  246  222    3
    3  222  246  247    3
    3  222  247  223    3
    3  223  247  248    3
    3  223  248  224    3
    3  224  248  249    3
    3  224  249  225    3
    3  225  249  250    3
    3  225  250  226    3
    3  226  250  251    3
    3  226  251  227    3
    3  227  251  252    3
    3  227  252  228    3
    3  228  252  253    3
    3  228  253  229    3
    3  229  253  254    3
    3  229  254  230    3
    3  230  254  255    3
    3  230  255  231    3
    3  231  255  256    3
    3  231  256  232    3
    3  232  256  257    3
    3  232  257  233    3
    3  233  257  258    3
    3  233  258  234    3
    3  234  258  259    3
    3  234  259  235    3
    3  235  259  260    3
    3  235  260  236    3
    3  236  260  261    3
    3  236  261  237    3
    3  237  261  262    3
    3  237  262  238    3
    3  238  262  263    3
    3  238  263  239    3
    3  239  263  264    3
    3  239  264  240    3
    3  240  264  241    3
    3  240  241  217    3
    3  264  265  241    3
    3  264  266  265    3
    3  263  266  264    3
    3  263  267  266    3
    3  262  267  263    3
    3  262  268  267    3
    3  261  268  262    3
    3  261  269  268    3
    3  260  269  261    3
    3  260  270  269    3
    3  259  270  260    3
    3  259  271  270    3
    3  258  271  259    3
    3  258  272  271    3
    3  257  272  258    3
    3  257  273  272    3
    3  256  273  257    3
    3  256  274  273    3
    3  255  274  256    3
    3  255  275  274    3
    3  254  275  255    3
    3  254  276  275    3
    3  253  276  254    3
    3  253  277  276    3
    3  252  277  253    3
    3  252  278  277    3
    3  251  278  252    3
    3  251  279  278    3
    3  250  279  251    3
    3  250  280  279    3
    3  249  280  250    3
    3  249  281  280    3
    3  248  281  249    3
    3  248  282  281    3
    3  247  282  248    3
    3  247  283  282    3
    3  246  283  247    3
    3  246  284  283    3
    3  245  284  246    3
    3  245  285  284    3
    3  244  285  245    3
    3  244  286  285    3
    3  243  286  244    3
    3  243  287  286    3
    3  242  287  243    3
    3  242  288  287    3
    3  241  288  242    3
    3  241  265  288    3
    3  289  279  290    1
    3  291  288  292    1
    3  293  294  295    3
    3  296  275  276    1
    3  297  298  299    1
    3  300  301  302    1
    3  303  304  305    3
    3  292  306  307    1
    3  308  309  310    4
    3  300  293  301    1
    3  311  312  313    3
    3  290  314  315    1
    3  316  317  318    1
    3  319  320  321    3
    3  317  322  308    1
    3  286  323  285    1
    3  286  287  320    1
    3  298  297  293    1
    3  324  325  273    1
    3  326  271  272    1
    3  327  328  301    1
    3  329  326  330    1
    3  300  331  304    1
    3  332  282  302    1
    3  272  325  326    1
    3  296  276  316    1
    3  296  333  275    1
    3  324  334  325    1
    3  335  329  336    1
    3  315  328  337    1
    3  338  339  303    3
    3  334  340  341    4
    3  279  289  278    1
    3  274  275  333    1
    3  322  278  289    1
    3  342  343  344    3
    3  332  301  328    1
    3  314  290  280    1
    3  345  338  346    3
    3  324  333  334    1
    3  277  316  276    1
    3  266  267  335    1
    3  288  291  287    1
    3  347  348  349    3
    3  316  322  317    1
    3  297  350  351    4
    3  327  301  293    1
    3  283  331  302    1
    3  352  353  354    4
    3  326  269  270    1
    3  332  302  301    1
    3  355  299  298    1
    3  312  356  357    3
    3  330  355  329    1
    3  336  306  335    1
    3  271  326  270    1
    3  358  359  360    4
    3  298  361  362    3
    3  283  302  282    1
    3  336  329  355    1
    3  326  363  330    1
    3  265  292  288    1
    3  300  364  365    3
    3  366  367  368    4
    3  333  318  334    1
    3  369  361  370    3
    3  327  293  297    1
    3  278  322  277    1
    3  320  291  356    3
    3  371  285  323    1
    3  363  325  334    1
    3  371  331  284    1
    3  364  339  349    3
    3  268  335  267    1
    3  372  363  373    4
    3  280  290  279    1
    3  266  306  265    1
    3  316  277  322    1
    3  328  315  314    1
    3  308  315  367    1
    3  355  330  372    1
    3  327  297  337    1
    3  280  281  314    1
    3  374  340  375    4
    3  296  316  318    1
    3  352  376  377    4
    3  355  307  336    1
    3  292  343  378    3
    3  326  325  363    1
    3  320  287  291    1
    3  345  319  379    3
    3  380  372  381    4
    3  358  366  382    4
    3  268  329  335    1
    3  273  274  324    1
    3  336  307  306    1
    3  265  306  292    1
    3  296  318  333    1
    3  383  374  384    4
    3  329  268  269    1
    3  385  373  386    4
    3  333  324  274    1
    3  283  284  331    1
    3  298  307  355    1
    3  299  353  387    4
    3  308  289  315    1
    3  273  325  272    1
    3  327  337  328    1
    3  388  376  389    4
    3  314  332  328    1
    3  281  282  332    1
    3  315  289  290    1
    3  363  372  330    1
    3  355  372  299    1
    3  285  371  284    1
    3  314  281  332    1
    3  269  326  329    1
    3  369  347  311    3
    3  266  335  306    1
    3  286  320  323    1
    3  308  322  289    1
    3  300  302  331    1
    3  343  390  313    3
    3  292  307  344    3
    3  298  348  370    3
    3  361  390  342    3
    3  343  342  390    3
    3  342  307  362    3
    3  347  369  348    3
    3  361  369  390    3
    3  369  311  390    3
    3  312  311  347    3
    3  311  313  390    3
    3  313  312  378    3
    3  298  362  307    3
    3  342  362  361    3
    3  342  344  307    3
    3  292  344  343    3
    3  369  370  348    3
    3  298  370  361    3
    3  292  378  312    3
    3  313  378  343    3
    3  334  318  375    4
    3  340  391  388    4
    3  318  317  384    4
    3  340  374  391    4
    3  352  385  389    4
    3  376  391  359    4
    3  376  388  391    4
    3  388  385  341    4
    3  359  391  383    4
    3  359  358  377    4
    3  374  383  391    4
    3  383  317  360    4
    3  374  375  318    4
    3  334  375  340    4
    3  334  341  385    4
    3  388  341  340    4
    3  388  389  385    4
    3  352  389  376    4
    3  352  377  358    4
    3  359  377  376    4
    3  358  360  317    4
    3  383  360  359    4
    3  383  384  317    4
    3  318  384  374    4
    3  367  358  309    4
    3  315  337  368    1
    3  353  352  350    4
    3  353  299  380    4
    3  372  380  299    4
    3  380  385  354    4
    3  350  352  392    4
    3  350  297  387    4
    3  366  337  392    4
    3  367  366  358    4
    3  363  334  386    4
    3  373  385  381    4
    3  392  337  351    4
    3  392  352  382    4
    3  380  381  385    4
    3  373  381  372    4
    3  358  317  310    4
    3  367  309  308    4
    3  385  386  334    4
    3  363  386  373    4
    3  366  368  337    4
    3  315  368  367    1
    3  299  387  297    4
    3  350  387  353    4
    3  352  354  385    4
    3  380  354  353    4
    3  358  382  352    4
    3  392  382  366    4
    3  297  351  337    4
    3  392  351  350    4
    3  308  310  317    4
    3  358  310  309    4
    3  312  347  379    3
    3  320  319  323    3
    3  371  323  346    3
    3  338  347  393    3
    3  364  300  394    3
    3  364  348  294    3
    3  319  345  323    3
    3  338  345  347    3
    3  348  298  295    3
    3  294  293  365    3
    3  304  339  394    3
    3  331  371  305    1
    3  364  349  348    3
    3  349  339  393    3
    3  338  393  339    3
    3  349  393  347    3
    3  338  303  371    3
    3  304  303  339    3
    3  356  312  321    3
    3  291  292  357    3
    3  364  394  339    3
    3  304  394  300    3
    3  319  321  312    3
    3  356  321  320    3
    3  293  295  298    3
    3  348  295  294    3
    3  312  357  292    3
    3  291  357  356    3
    3  345  346  323    3
    3  371  346  338    3
    3  303  305  371    3
    3  331  305  304    1
    3  345  379  347    3
    3  312  379  319    3
    3  300  365  293    3
    3  294  365  364    3
C Prescribed Values(Inlet, Outlet), InteractionSurface(Inlet, Outlet)
       1        0        0        2        2        2
C Inlet Pressure, FunID (E18.9,I5)
   1.000000000e+00    3
C Outlet Velocity
C     Vx,           Vy,            Vz,    indVx,indVy,indVz, FunID(3E18.9, 4I5)
   0.000000000e+00   1.000000000e+00   0.000000000e+00    1    0    0    4
C Inlet Velocity
C nNodeID,    Vx,           Vy,            Vz (I5, 3E18.9)
  265
    1   4.000000000e-01  -5.000000000e-01  -1.400000000e+00
    2   5.500000000e-01  -8.500000000e-01  -8.000000000e-01
    3   4.500000000e-01  -8.500000000e-01  -2.500000000e-01
    4   1.500000000e-01  -8.500000000e-01   1.000000000e-01
    5  -3.000000000e-01  -8.500000000e-01   3.000000000e-01
    6  -7.000000000e-01  -8.500000000e-01   2.500000000e-01
    7  -1.000000000e+00  -8.500000000e-01  -5.000000000e-02
    8  -1.050000000e+00  -8.500000000e-01  -4.500000000e-01
    9  -1.000000000e+00  -8.500000000e-01  -8.000000000e-01
   10  -7.500000000e-01  -8.500000000e-01  -1.050000000e+00
   11  -4.500000000e-01  -8.500000000e-01  -1.200000000e+00
   12  -4.500000000e-01  -8.500000000e-01  -1.450000000e+00
   13  -5.500000000e-01  -8.500000000e-01  -2.050000000e+00
   14  -3.500000000e-01  -8.500000000e-01  -2.800000000e+00
   15   1.000000000e-01  -8.500000000e-01  -3.350000000e+00
   16   7.500000000e-01  -8.500000000e-01  -3.450000000e+00
   17   1.550000000e+00  -8.500000000e-01  -3.500000000e+00
   18   2.350000000e+00  -8.500000000e-01  -3.250000000e+00
   19   3.000000000e+00  -8.500000000e-01  -2.700000000e+00
   20   3.100000000e+00  -8.500000000e-01  -1.900000000e+00
   21   2.000000000e+00  -8.500000000e-01  -1.100000000e+00
   22   9.500000000e-01  -8.500000000e-01  -9.000000000e-01
   23   4.500000000e-01  -8.500000000e-01  -1.000000000e+00
   24   2.500000000e-01  -8.500000000e-01  -1.150000000e+00
   25   3.500000000e-01  -8.500000000e-01  -1.150000000e+00
   26   4.000000000e-01  -8.000000000e-01  -6.000000000e-01
   27   3.000000000e-01  -8.000000000e-01  -2.500000000e-01
   28   5.000000000e-02  -8.000000000e-01   1.000000000e-01
   29  -3.000000000e-01  -8.000000000e-01   2.500000000e-01
   30  -7.000000000e-01  -8.000000000e-01   2.000000000e-01
   31  -9.000000000e-01  -8.000000000e-01  -5.000000000e-02
   32  -1.050000000e+00  -8.000000000e-01  -3.500000000e-01
   33  -1.100000000e+00  -8.000000000e-01  -6.500000000e-01
   34  -1.000000000e+00  -8.000000000e-01  -9.000000000e-01
   35  -8.000000000e-01  -8.000000000e-01  -1.100000000e+00
   36  -7.500000000e-01  -8.000000000e-01  -1.450000000e+00
   37  -8.500000000e-01  -8.000000000e-01  -2.100000000e+00
   38  -6.500000000e-01  -8.000000000e-01  -2.850000000e+00
   39  -1.000000000e-01  -8.000000000e-01  -3.450000000e+00
   40   5.500000000e-01  -8.000000000e-01  -3.450000000e+00
   41   1.150000000e+00  -8.000000000e-01  -3.100000000e+00
   42   1.600000000e+00  -8.000000000e-01  -2.600000000e+00
   43   1.850000000e+00  -8.000000000e-01  -2.100000000e+00
   44   2.000000000e+00  -8.000000000e-01  -1.550000000e+00
   45   1.550000000e+00  -8.000000000e-01  -1.050000000e+00
   46   9.500000000e-01  -8.000000000e-01  -8.000000000e-01
   47   5.500000000e-01  -8.000000000e-01  -8.000000000e-01
   48   3.500000000e-01  -8.000000000e-01  -8.500000000e-01
   49   3.000000000e-01  -8.000000000e-01  -9.000000000e-01
   50   2.500000000e-01  -7.500000000e-01  -1.000000000e+00
   51   2.000000000e-01  -7.500000000e-01  -5.000000000e-01
   52  -1.000000000e-01  -7.500000000e-01  -1.500000000e-01
   53  -5.000000000e-01  -7.500000000e-01   1.000000000e-01
   54  -9.000000000e-01  -7.500000000e-01   5.000000000e-02
   55  -1.150000000e+00  -7.500000000e-01  -2.500000000e-01
   56  -1.350000000e+00  -7.500000000e-01  -5.500000000e-01
   57  -1.300000000e+00  -7.500000000e-01  -8.500000000e-01
   58  -1.100000000e+00  -7.500000000e-01  -1.100000000e+00
   59  -9.500000000e-01  -7.500000000e-01  -1.250000000e+00
   60  -9.000000000e-01  -7.500000000e-01  -1.600000000e+00
   61  -1.100000000e+00  -7.500000000e-01  -2.350000000e+00
   62  -9.500000000e-01  -7.500000000e-01  -3.250000000e+00
   63  -3.500000000e-01  -7.500000000e-01  -3.950000000e+00
   64   4.500000000e-01  -7.500000000e-01  -4.050000000e+00
   65   1.150000000e+00  -7.500000000e-01  -3.700000000e+00
   66   1.550000000e+00  -7.500000000e-01  -3.100000000e+00
   67   1.800000000e+00  -7.500000000e-01  -2.450000000e+00
   68   1.900000000e+00  -7.500000000e-01  -1.850000000e+00
   69   9.500000000e-01  -7.500000000e-01  -1.300000000e+00
   70   0.000000000e+00  -7.500000000e-01  -1.300000000e+00
   71  -4.000000000e-01  -7.500000000e-01  -1.550000000e+00
   72  -4.000000000e-01  -7.500000000e-01  -1.700000000e+00
   73  -1.500000000e-01  -7.500000000e-01  -1.700000000e+00
   74   3.500000000e-01  -7.000000000e-01  -6.500000000e-01
   75   2.000000000e-01  -7.000000000e-01  -5.000000000e-02
   76  -1.500000000e-01  -7.000000000e-01   1.500000000e-01
   77  -6.000000000e-01  -7.000000000e-01   2.000000000e-01
   78  -1.000000000e+00  -7.000000000e-01   5.000000000e-02
   79  -1.150000000e+00  -7.000000000e-01  -3.000000000e-01
   80  -1.350000000e+00  -7.000000000e-01  -6.000000000e-01
   81  -1.350000000e+00  -7.000000000e-01  -9.500000000e-01
   82  -1.250000000e+00  -7.000000000e-01  -1.250000000e+00
   83  -1.050000000e+00  -7.000000000e-01  -1.400000000e+00
   84  -1.150000000e+00  -7.000000000e-01  -1.800000000e+00
   85  -1.350000000e+00  -7.000000000e-01  -2.800000000e+00
   86  -1.150000000e+00  -7.000000000e-01  -3.900000000e+00
   87  -4.000000000e-01  -7.000000000e-01  -4.750000000e+00
   88   5.500000000e-01  -7.000000000e-01  -4.800000000e+00
   89   1.300000000e+00  -7.000000000e-01  -4.250000000e+00
   90   1.800000000e+00  -7.000000000e-01  -3.450000000e+00
   91   1.950000000e+00  -7.000000000e-01  -2.650000000e+00
   92   1.950000000e+00  -7.000000000e-01  -2.050000000e+00
   93   9.500000000e-01  -7.000000000e-01  -1.450000000e+00
   94  -5.000000000e-02  -7.000000000e-01  -1.400000000e+00
   95  -4.500000000e-01  -7.000000000e-01  -1.650000000e+00
   96  -4.000000000e-01  -7.000000000e-01  -1.850000000e+00
   97   0.000000000e+00  -7.000000000e-01  -1.650000000e+00
   98   4.500000000e-01  -6.500000000e-01  -1.200000000e+00
   99   4.000000000e-01  -6.500000000e-01  -7.000000000e-01
  100   1.000000000e-01  -6.500000000e-01  -2.000000000e-01
  101  -4.500000000e-01  -6.500000000e-01   1.000000000e-01
  102  -9.500000000e-01  -6.500000000e-01   5.000000000e-02
  103  -1.300000000e+00  -6.500000000e-01  -2.500000000e-01
  104  -1.450000000e+00  -6.500000000e-01  -6.500000000e-01
  105  -1.550000000e+00  -6.500000000e-01  -1.050000000e+00
  106  -1.400000000e+00  -6.500000000e-01  -1.450000000e+00
  107  -1.100000000e+00  -6.500000000e-01  -1.650000000e+00
  108  -1.100000000e+00  -6.500000000e-01  -2.000000000e+00
  109  -1.400000000e+00  -6.500000000e-01  -3.200000000e+00
  110  -1.150000000e+00  -6.500000000e-01  -4.550000000e+00
  111  -2.500000000e-01  -6.500000000e-01  -5.450000000e+00
  112   8.000000000e-01  -6.500000000e-01  -5.500000000e+00
  113   1.600000000e+00  -6.500000000e-01  -4.600000000e+00
  114   1.950000000e+00  -6.500000000e-01  -3.650000000e+00
  115   2.100000000e+00  -6.500000000e-01  -2.850000000e+00
  116   2.200000000e+00  -6.500000000e-01  -2.250000000e+00
  117   1.700000000e+00  -6.500000000e-01  -1.650000000e+00
  118   1.000000000e+00  -6.500000000e-01  -1.400000000e+00
  119   5.500000000e-01  -6.500000000e-01  -1.400000000e+00
  120   3.000000000e-01  -6.500000000e-01  -1.550000000e+00
  121   2.500000000e-01  -6.500000000e-01  -1.650000000e+00
  122   6.500000000e-01  -6.000000000e-01  -6.000000000e-01
  123   4.500000000e-01  -6.000000000e-01  -5.000000000e-02
  124  -5.000000000e-02  -6.000000000e-01   3.500000000e-01
  125  -5.500000000e-01  -6.000000000e-01   4.500000000e-01
  126  -1.100000000e+00  -6.000000000e-01   2.500000000e-01
  127  -1.450000000e+00  -6.000000000e-01  -1.500000000e-01
  128  -1.600000000e+00  -6.000000000e-01  -5.500000000e-01
  129  -1.650000000e+00  -6.000000000e-01  -1.000000000e+00
  130  -1.450000000e+00  -6.000000000e-01  -1.350000000e+00
  131  -1.200000000e+00  -6.000000000e-01  -1.650000000e+00
  132  -1.200000000e+00  -6.000000000e-01  -2.050000000e+00
  133  -1.500000000e+00  -6.000000000e-01  -3.300000000e+00
  134  -1.200000000e+00  -6.000000000e-01  -4.800000000e+00
  135  -3.000000000e-01  -6.000000000e-01  -5.800000000e+00
  136   9.000000000e-01  -6.000000000e-01  -5.900000000e+00
  137   1.700000000e+00  -6.000000000e-01  -4.950000000e+00
  138   2.150000000e+00  -6.000000000e-01  -3.850000000e+00
  139   2.250000000e+00  -6.000000000e-01  -3.000000000e+00
  140   2.350000000e+00  -6.000000000e-01  -2.250000000e+00
  141   1.700000000e+00  -6.000000000e-01  -1.600000000e+00
  142   9.500000000e-01  -6.000000000e-01  -1.350000000e+00
  143   5.500000000e-01  -6.000000000e-01  -1.350000000e+00
  144   3.500000000e-01  -6.000000000e-01  -1.450000000e+00
  145   4.500000000e-01  -6.000000000e-01  -1.400000000e+00
  146   8.000000000e-01  -6.000000000e-01   3.500000000e-01
  147   4.000000000e-01  -6.000000000e-01   9.500000000e-01
  148  -2.500000000e-01  -6.000000000e-01   1.300000000e+00
  149  -1.000000000e+00  -6.000000000e-01   1.350000000e+00
  150  -1.750000000e+00  -6.000000000e-01   1.100000000e+00
  151  -2.150000000e+00  -6.000000000e-01   5.500000000e-01
  152  -2.250000000e+00  -6.000000000e-01  -1.500000000e-01
  153  -2.000000000e+00  -6.000000000e-01  -7.500000000e-01
  154  -1.550000000e+00  -6.000000000e-01  -1.150000000e+00
  155  -1.250000000e+00  -6.000000000e-01  -1.350000000e+00
  156  -1.250000000e+00  -6.000000000e-01  -1.750000000e+00
  157  -1.600000000e+00  -6.000000000e-01  -3.100000000e+00
  158  -1.300000000e+00  -6.000000000e-01  -4.650000000e+00
  159  -3.500000000e-01  -6.000000000e-01  -5.650000000e+00
  160   9.000000000e-01  -6.000000000e-01  -5.900000000e+00
  161   1.850000000e+00  -6.000000000e-01  -5.000000000e+00
  162   2.450000000e+00  -6.000000000e-01  -4.000000000e+00
  163   2.650000000e+00  -6.000000000e-01  -3.000000000e+00
  164   2.650000000e+00  -6.000000000e-01  -2.100000000e+00
  165   1.700000000e+00  -6.000000000e-01  -1.400000000e+00
  166   8.000000000e-01  -6.000000000e-01  -1.200000000e+00
  167   4.500000000e-01  -6.000000000e-01  -1.150000000e+00
  168   4.000000000e-01  -6.000000000e-01  -1.100000000e+00
  169   6.500000000e-01  -6.000000000e-01  -7.500000000e-01
  170   5.500000000e-01  -5.500000000e-01   1.500000000e-01
  171   1.500000000e-01  -5.500000000e-01   7.500000000e-01
  172  -4.500000000e-01  -5.500000000e-01   1.200000000e+00
  173  -1.300000000e+00  -5.500000000e-01   1.550000000e+00
  174  -2.200000000e+00  -5.500000000e-01   1.450000000e+00
  175  -2.750000000e+00  -5.500000000e-01   8.500000000e-01
  176  -2.750000000e+00  -5.500000000e-01   5.000000000e-02
  177  -2.350000000e+00  -5.500000000e-01  -6.500000000e-01
  178  -1.800000000e+00  -5.500000000e-01  -1.050000000e+00
  179  -1.400000000e+00  -5.500000000e-01  -1.200000000e+00
  180  -1.400000000e+00  -5.500000000e-01  -1.600000000e+00
  181  -1.850000000e+00  -5.500000000e-01  -2.900000000e+00
  182  -1.600000000e+00  -5.500000000e-01  -4.600000000e+00
  183  -6.000000000e-01  -5.500000000e-01  -5.800000000e+00
  184   7.000000000e-01  -5.500000000e-01  -5.950000000e+00
  185   1.550000000e+00  -5.500000000e-01  -4.850000000e+00
  186   1.800000000e+00  -5.500000000e-01  -3.550000000e+00
  187   1.800000000e+00  -5.500000000e-01  -2.550000000e+00
  188   1.700000000e+00  -5.500000000e-01  -1.850000000e+00
  189   1.150000000e+00  -5.500000000e-01  -1.350000000e+00
  190   7.500000000e-01  -5.500000000e-01  -1.100000000e+00
  191   5.000000000e-01  -5.500000000e-01  -9.500000000e-01
  192   4.000000000e-01  -5.500000000e-01  -8.500000000e-01
  193   4.500000000e-01  -5.500000000e-01  -5.500000000e-01
  194   3.500000000e-01  -5.000000000e-01  -5.000000000e-01
  195   2.000000000e-01  -5.000000000e-01   0.000000000e+00
  196  -3.000000000e-01  -5.000000000e-01   1.000000000e+00
  197  -1.300000000e+00  -5.000000000e-01   1.500000000e+00
  198  -2.500000000e+00  -5.000000000e-01   1.500000000e+00
  199  -3.250000000e+00  -5.000000000e-01   1.000000000e+00
  200  -3.200000000e+00  -5.000000000e-01  -5.000000000e-02
  201  -2.600000000e+00  -5.000000000e-01  -8.500000000e-01
  202  -1.850000000e+00  -5.000000000e-01  -1.300000000e+00
  203  -1.350000000e+00  -5.000000000e-01  -1.450000000e+00
  204  -1.300000000e+00  -5.000000000e-01  -1.700000000e+00
  205  -1.800000000e+00  -5.000000000e-01  -3.050000000e+00
  206  -1.650000000e+00  -5.000000000e-01  -4.950000000e+00
  207  -6.500000000e-01  -5.000000000e-01  -6.250000000e+00
  208   7.500000000e-01  -5.000000000e-01  -6.500000000e+00
  209   1.700000000e+00  -5.000000000e-01  -5.450000000e+00
  210   2.000000000e+00  -5.000000000e-01  -4.050000000e+00
  211   2.100000000e+00  -5.000000000e-01  -3.050000000e+00
  212   2.000000000e+00  -5.000000000e-01  -2.250000000e+00
  213   1.250000000e+00  -5.000000000e-01  -1.600000000e+00
  214   7.500000000e-01  -5.000000000e-01  -1.350000000e+00
  215   4.500000000e-01  -5.000000000e-01  -1.250000000e+00
  216   2.500000000e-01  -5.000000000e-01  -1.250000000e+00
  217   2.500000000e-01  -5.000000000e-01  -1.200000000e+00
  218   2.000000000e-01  -4.000000000e-01  -1.500000000e+00
  219   1.000000000e-01  -4.000000000e-01  -1.000000000e+00
  220  -3.500000000e-01  -4.000000000e-01   0.000000000e+00
  221  -1.300000000e+00  -4.000000000e-01   1.000000000e+00
  222  -2.550000000e+00  -4.000000000e-01   1.500000000e+00
  223  -3.250000000e+00  -4.000000000e-01   5.000000000e-01
  224  -3.100000000e+00  -4.000000000e-01  -5.000000000e-01
  225  -2.450000000e+00  -4.000000000e-01  -1.200000000e+00
  226  -1.750000000e+00  -4.000000000e-01  -1.600000000e+00
  227  -1.300000000e+00  -4.000000000e-01  -1.650000000e+00
  228  -1.350000000e+00  -4.000000000e-01  -2.000000000e+00
  229  -2.000000000e+00  -4.000000000e-01  -3.600000000e+00
  230  -1.950000000e+00  -4.000000000e-01  -5.950000000e+00
  231  -8.000000000e-01  -4.000000000e-01  -7.650000000e+00
  232   9.000000000e-01  -4.000000000e-01  -8.000000000e+00
  233   1.850000000e+00  -4.000000000e-01  -6.350000000e+00
  234   1.750000000e+00  -4.000000000e-01  -4.400000000e+00
  235   1.400000000e+00  -4.000000000e-01  -3.150000000e+00
  236   1.550000000e+00  -4.000000000e-01  -2.550000000e+00
  237   1.150000000e+00  -4.000000000e-01  -2.000000000e+00
  238   7.000000000e-01  -4.000000000e-01  -1.700000000e+00
  239   3.500000000e-01  -4.000000000e-01  -1.600000000e+00
  240   1.000000000e-01  -4.000000000e-01  -1.650000000e+00
  241   1.000000000e-01  -4.000000000e-01  -1.800000000e+00
  242  -1.500000000e-01  -3.500000000e-01  -2.000000000e+00
  243   0.000000000e+00  -3.500000000e-01  -2.000000000e+00
  244  -4.000000000e-01  -3.500000000e-01  -5.000000000e-01
  245  -1.400000000e+00  -3.500000000e-01   1.000000000e+00
  246  -2.750000000e+00  -3.500000000e-01   1.500000000e+00
  247  -3.600000000e+00  -3.500000000e-01   1.000000000e+00
  248  -3.600000000e+00  -3.500000000e-01   0.000000000e+00
  249  -3.000000000e+00  -3.500000000e-01  -1.150000000e+00
  250  -2.300000000e+00  -3.500000000e-01  -1.650000000e+00
  251  -2.000000000e+00  -3.500000000e-01  -1.750000000e+00
  252  -2.000000000e+00  -3.500000000e-01  -2.050000000e+00
  253  -2.150000000e+00  -3.500000000e-01  -3.450000000e+00
  254  -2.000000000e+00  -3.500000000e-01  -5.350000000e+00
  255  -9.500000000e-01  -3.500000000e-01  -6.650000000e+00
  256   5.000000000e-01  -3.500000000e-01  -7.050000000e+00
  257   1.500000000e+00  -3.500000000e-01  -5.950000000e+00
  258   1.600000000e+00  -3.500000000e-01  -4.350000000e+00
  259   1.400000000e+00  -3.500000000e-01  -3.200000000e+00
  260   1.750000000e+00  -3.500000000e-01  -2.650000000e+00
  261   1.250000000e+00  -3.500000000e-01  -2.000000000e+00
  262   4.000000000e-01  -3.500000000e-01  -1.700000000e+00
  263   0.000000000e+00  -3.500000000e-01  -1.700000000e+00
  264  -2.000000000e-01  -3.500000000e-01  -1.850000000e+00
  265  -2.500000000e-01  -3.500000000e-01  -2.000000000e+00
C Region List
