C PointsNum,MaxElemVol,TetGenParams,nAtrib,IndMov,MDMaxVolume,MDomDiv,MDOnly,MDDivF,MDPrescP
  395    1.000000e+00 YYpznno2q1.414a     0     0    1.000000e+00     1     0     0     0     0     0 YYpznno2q1.414a
  -1.972148000e-01  -7.968570000e+00   1.881900000e-02
   2.287710000e-02  -7.525820000e+00   9.259840000e-01
  -2.164590000e-01  -7.525820000e+00   9.210480000e-01
  -4.378280000e-01  -7.525820000e+00   8.422330000e-01
  -6.292570000e-01  -7.525820000e+00   7.192300000e-01
  -7.884580000e-01  -7.525820000e+00   5.628930000e-01
  -9.078340000e-01  -7.525820000e+00   3.764290000e-01
  -9.907890000e-01  -7.525820000e+00   1.670960000e-01
  -1.034068000e+00  -7.525820000e+00  -6.278800000e-02
  -1.023557000e+00  -7.525820000e+00  -3.077610000e-01
  -9.300870000e-01  -7.525820000e+00  -5.398680000e-01
  -7.455420000e-01  -7.525820000e+00  -7.077370000e-01
  -5.177010000e-01  -7.525820000e+00  -7.955250000e-01
  -2.901229000e-01  -7.525820000e+00  -8.293890000e-01
  -6.844800000e-02  -7.525820000e+00  -8.208340000e-01
   1.373440000e-01  -7.525820000e+00  -7.493610000e-01
   2.864660000e-01  -7.525820000e+00  -5.944930000e-01
   3.855370000e-01  -7.525820000e+00  -4.268660000e-01
   4.597250000e-01  -7.525820000e+00  -2.654650000e-01
   5.021810000e-01  -7.525820000e+00  -1.009040000e-01
   5.114040000e-01  -7.525820000e+00   6.709800000e-02
   4.989050000e-01  -7.525820000e+00   2.392130000e-01
   4.461650000e-01  -7.525820000e+00   4.153840000e-01
   3.637470000e-01  -7.525820000e+00   6.050700000e-01
   2.346420000e-01  -7.525820000e+00   8.089680000e-01
   6.916600000e-03  -7.083070000e+00   1.234310000e+00
  -3.134520000e-01  -7.083070000e+00   1.220125000e+00
  -6.086990000e-01  -7.083070000e+00   1.114763000e+00
  -8.644050000e-01  -7.083070000e+00   9.539350000e-01
  -1.078928000e+00  -7.083070000e+00   7.476800000e-01
  -1.244520000e+00  -7.083070000e+00   5.003960000e-01
  -1.371600000e+00  -7.083070000e+00   2.216132000e-01
  -1.457030000e+00  -7.083070000e+00  -9.401500000e-02
  -1.466650000e+00  -7.083070000e+00  -4.428790000e-01
  -1.343598000e+00  -7.083070000e+00  -7.799010000e-01
  -1.070129000e+00  -7.083070000e+00  -1.009340000e+00
  -7.387920000e-01  -7.083070000e+00  -1.111840000e+00
  -4.170834000e-01  -7.083070000e+00  -1.135650000e+00
  -1.168710000e-01  -7.083070000e+00  -1.110470000e+00
   1.585210000e-01  -7.083070000e+00  -1.010909000e+00
   3.509010000e-01  -7.083070000e+00  -7.913710000e-01
   4.727500000e-01  -7.083070000e+00  -5.599380000e-01
   5.651340000e-01  -7.083070000e+00  -3.482580000e-01
   6.319860000e-01  -7.083070000e+00  -1.363868000e-01
   6.662410000e-01  -7.083070000e+00   8.520300000e-02
   6.701710000e-01  -7.083070000e+00   3.243610000e-01
   6.026970000e-01  -7.083070000e+00   5.713930000e-01
   4.845450000e-01  -7.083070000e+00   8.307270000e-01
   2.969450000e-01  -7.083070000e+00   1.096034000e+00
  -3.727100000e-02  -6.640310000e+00   1.434160000e+00
  -4.119520000e-01  -6.640310000e+00   1.418930000e+00
  -7.587170000e-01  -6.640310000e+00   1.302374000e+00
  -1.064431000e+00  -6.640310000e+00   1.117688000e+00
  -1.320160000e+00  -6.640310000e+00   8.758940000e-01
  -1.519030000e+00  -6.640310000e+00   5.840600000e-01
  -1.681430000e+00  -6.640310000e+00   2.545288000e-01
  -1.800910000e+00  -6.640310000e+00  -1.243190000e-01
  -1.832080000e+00  -6.640310000e+00  -5.545190000e-01
  -1.687860000e+00  -6.640310000e+00  -9.710640000e-01
  -1.339643000e+00  -6.640310000e+00  -1.240050000e+00
  -9.234120000e-01  -6.640310000e+00  -1.337200000e+00
  -5.362710000e-01  -6.640310000e+00  -1.343670000e+00
  -1.840850000e-01  -6.640310000e+00  -1.301310000e+00
   1.383810000e-01  -6.640310000e+00  -1.190105000e+00
   3.639140000e-01  -6.640310000e+00  -9.326560000e-01
   5.002660000e-01  -6.640310000e+00  -6.572660000e-01
   6.018670000e-01  -6.640310000e+00  -4.091500000e-01
   6.721260000e-01  -6.640310000e+00  -1.634712000e-01
   7.040710000e-01  -6.640310000e+00   8.861700000e-02
   7.091910000e-01  -6.640310000e+00   3.611430000e-01
   6.390120000e-01  -6.640310000e+00   6.468120000e-01
   5.164670000e-01  -6.640310000e+00   9.583000000e-01
   3.053980000e-01  -6.640310000e+00   1.278800000e+00
  -8.190600000e-02  -6.197560000e+00   1.588210000e+00
  -5.007960000e-01  -6.197560000e+00   1.574460000e+00
  -8.920470000e-01  -6.197560000e+00   1.453660000e+00
  -1.241810000e+00  -6.197560000e+00   1.254637000e+00
  -1.535090000e+00  -6.197560000e+00   9.823420000e-01
  -1.763580000e+00  -6.197560000e+00   6.515060000e-01
  -1.951380000e+00  -6.197560000e+00   2.777276000e-01
  -2.090640000e+00  -6.197560000e+00  -1.548470000e-01
  -2.128630000e+00  -6.197560000e+00  -6.472860000e-01
  -1.964090000e+00  -6.197560000e+00  -1.125460000e+00
  -1.564030000e+00  -6.197560000e+00  -1.430750000e+00
  -1.083791000e+00  -6.197560000e+00  -1.533720000e+00
  -6.429060000e-01  -6.197560000e+00  -1.534640000e+00
  -2.454300000e-01  -6.197560000e+00  -1.481400000e+00
   1.201550000e-01  -6.197560000e+00  -1.360250000e+00
   3.728320000e-01  -6.197560000e+00  -1.064010000e+00
   5.174680000e-01  -6.197560000e+00  -7.445840000e-01
   6.190970000e-01  -6.197560000e+00  -4.616180000e-01
   6.879920000e-01  -6.197560000e+00  -1.902724000e-01
   7.075360000e-01  -6.197560000e+00   8.465700000e-02
   7.128740000e-01  -6.197560000e+00   3.778790000e-01
   6.436160000e-01  -6.197560000e+00   6.902490000e-01
   5.236960000e-01  -6.197560000e+00   1.044710000e+00
   2.999540000e-01  -6.197560000e+00   1.416800000e+00
  -1.102050000e-01  -5.754800000e+00   1.731060000e+00
  -5.655600000e-01  -5.754800000e+00   1.717910000e+00
  -9.944370000e-01  -5.754800000e+00   1.590890000e+00
  -1.378770000e+00  -5.754800000e+00   1.376361000e+00
  -1.701770000e+00  -5.754800000e+00   1.080382000e+00
  -1.950940000e+00  -5.754800000e+00   7.168580000e-01
  -2.153730000e+00  -5.754800000e+00   3.068001000e-01
  -2.301890000e+00  -5.754800000e+00  -1.655470000e-01
  -2.339990000e+00  -5.754800000e+00  -7.012160000e-01
  -2.161810000e+00  -5.754800000e+00  -1.222810000e+00
  -1.727990000e+00  -5.754800000e+00  -1.558390000e+00
  -1.202682000e+00  -5.754800000e+00  -1.668810000e+00
  -7.202050000e-01  -5.754800000e+00  -1.664370000e+00
  -2.879680000e-01  -5.754800000e+00  -1.600200000e+00
   1.075170000e-01  -5.754800000e+00  -1.472170000e+00
   3.815360000e-01  -5.754800000e+00  -1.149940000e+00
   5.320970000e-01  -5.754800000e+00  -7.988540000e-01
   6.375120000e-01  -5.754800000e+00  -4.918530000e-01
   6.990680000e-01  -5.754800000e+00  -1.991999000e-01
   7.079090000e-01  -5.754800000e+00   9.000600000e-02
   7.256970000e-01  -5.754800000e+00   4.013950000e-01
   6.564360000e-01  -5.754800000e+00   7.364410000e-01
   5.383280000e-01  -5.754800000e+00   1.126280000e+00
   3.068210000e-01  -5.754800000e+00   1.544470000e+00
  -1.388390000e-01  -5.312050000e+00   1.849360000e+00
  -6.232700000e-01  -5.312050000e+00   1.836020000e+00
  -1.080110000e+00  -5.312050000e+00   1.701090000e+00
  -1.488750000e+00  -5.312050000e+00   1.472486000e+00
  -1.832280000e+00  -5.312050000e+00   1.157312000e+00
  -2.097130000e+00  -5.312050000e+00   7.701110000e-01
  -2.316210000e+00  -5.312050000e+00   3.355741000e-01
  -2.481890000e+00  -5.312050000e+00  -1.672200000e-01
  -2.533590000e+00  -5.312050000e+00  -7.433500000e-01
  -2.350430000e+00  -5.312050000e+00  -1.308020000e+00
  -1.879250000e+00  -5.312050000e+00  -1.667450000e+00
  -1.300796000e+00  -5.312050000e+00  -1.763080000e+00
  -7.818390000e-01  -5.312050000e+00  -1.729270000e+00
  -3.315400000e-01  -5.312050000e+00  -1.643720000e+00
   7.766000000e-02  -5.312050000e+00  -1.513900000e+00
   3.767640000e-01  -5.312050000e+00  -1.204030000e+00
   5.405960000e-01  -5.312050000e+00  -8.388700000e-01
   6.516100000e-01  -5.312050000e+00  -5.131370000e-01
   7.097430000e-01  -5.312050000e+00  -2.014259000e-01
   7.123710000e-01  -5.312050000e+00   1.023270000e-01
   7.257440000e-01  -5.312050000e+00   4.266150000e-01
   6.544040000e-01  -5.312050000e+00   7.768170000e-01
   5.424280000e-01  -5.312050000e+00   1.195310000e+00
   3.037446000e-01  -5.312050000e+00   1.652250000e+00
  -1.916040000e-01  -4.466630000e+00   2.107170000e+00
  -7.334260000e-01  -4.466630000e+00   2.098810000e+00
  -1.247000000e+00  -4.466630000e+00   1.953470000e+00
  -1.709710000e+00  -4.466630000e+00   1.701270000e+00
  -2.099240000e+00  -4.466630000e+00   1.347446000e+00
  -2.391890000e+00  -4.466630000e+00   9.083220000e-01
  -2.618560000e+00  -4.466630000e+00   4.161583000e-01
  -2.774340000e+00  -4.466630000e+00  -1.418550000e-01
  -2.805450000e+00  -4.466630000e+00  -7.657300000e-01
  -2.603690000e+00  -4.466630000e+00  -1.378930000e+00
  -2.098530000e+00  -4.466630000e+00  -1.777320000e+00
  -1.459278000e+00  -4.466630000e+00  -1.865530000e+00
  -8.936040000e-01  -4.466630000e+00  -1.806040000e+00
  -4.135888000e-01  -4.466630000e+00  -1.696430000e+00
   1.854000000e-02  -4.466630000e+00  -1.557680000e+00
   3.468500000e-01  -4.466630000e+00  -1.247296000e+00
   5.206460000e-01  -4.466630000e+00  -8.535100000e-01
   6.347600000e-01  -4.466630000e+00  -5.026590000e-01
   6.762810000e-01  -4.466630000e+00  -1.678417000e-01
   6.700080000e-01  -4.466630000e+00   1.490440000e-01
   6.934470000e-01  -4.466630000e+00   4.906880000e-01
   6.312810000e-01  -4.466630000e+00   8.680430000e-01
   5.419780000e-01  -4.466630000e+00   1.348170000e+00
   3.006162900e-01  -4.466630000e+00   1.881440000e+00
  -2.171530000e-01  -3.620210000e+00   2.322100000e+00
  -8.029590000e-01  -3.620210000e+00   2.317100000e+00
  -1.359980000e+00  -3.620210000e+00   2.162090000e+00
  -1.863220000e+00  -3.620210000e+00   1.891630000e+00
  -2.289990000e+00  -3.620210000e+00   1.510959000e+00
  -2.605310000e+00  -3.620210000e+00   1.031271000e+00
  -2.834540000e+00  -3.620210000e+00   4.925661000e-01
  -2.974270000e+00  -3.620210000e+00  -1.072260000e-01
  -2.979900000e+00  -3.620210000e+00  -7.634400000e-01
  -2.755050000e+00  -3.620210000e+00  -1.402330000e+00
  -2.225520000e+00  -3.620210000e+00  -1.820850000e+00
  -1.544200000e+00  -3.620210000e+00  -1.887790000e+00
  -9.531530000e-01  -3.620210000e+00  -1.796030000e+00
  -4.646358000e-01  -3.620210000e+00  -1.666100000e+00
  -2.763800000e-02  -3.620210000e+00  -1.525070000e+00
   3.293120000e-01  -3.620210000e+00  -1.250900000e+00
   5.407290000e-01  -3.620210000e+00  -8.656660000e-01
   6.773270000e-01  -3.620210000e+00  -4.989530000e-01
   6.859830000e-01  -3.620210000e+00  -1.324339000e-01
   6.630120000e-01  -3.620210000e+00   1.996240000e-01
   6.662080000e-01  -3.620210000e+00   5.486060000e-01
   6.109370000e-01  -3.620210000e+00   9.396600000e-01
   5.431460000e-01  -3.620210000e+00   1.461350000e+00
   3.097498000e-01  -3.620210000e+00   2.067890000e+00
  -2.175970000e-01  -2.773800000e+00   2.408380000e+00
  -8.200400000e-01  -2.773800000e+00   2.424140000e+00
  -1.405120000e+00  -2.773800000e+00   2.290500000e+00
  -1.948750000e+00  -2.773800000e+00   2.030610000e+00
  -2.415220000e+00  -2.773800000e+00   1.639050000e+00
  -2.750390000e+00  -2.773800000e+00   1.126489000e+00
  -2.963530000e+00  -2.773800000e+00   5.454598000e-01
  -3.063860000e+00  -2.773800000e+00  -8.212600000e-02
  -3.020750000e+00  -2.773800000e+00  -7.426500000e-01
  -2.768310000e+00  -2.773800000e+00  -1.372250000e+00
  -2.239030000e+00  -2.773800000e+00  -1.793020000e+00
  -1.554910000e+00  -2.773800000e+00  -1.858590000e+00
  -9.615970000e-01  -2.773800000e+00  -1.760180000e+00
  -4.739577000e-01  -2.773800000e+00  -1.627940000e+00
  -3.802800000e-02  -2.773800000e+00  -1.489580000e+00
   3.364200000e-01  -2.773800000e+00  -1.239560000e+00
   5.820360000e-01  -2.773800000e+00  -8.746920000e-01
   7.469280000e-01  -2.773800000e+00  -5.020050000e-01
   7.278160000e-01  -2.773800000e+00  -1.095402000e-01
   6.904470000e-01  -2.773800000e+00   2.341120000e-01
   6.812710000e-01  -2.773800000e+00   5.900300000e-01
   6.243320000e-01  -2.773800000e+00   9.873900000e-01
   5.537340000e-01  -2.773800000e+00   1.517720000e+00
   3.185627000e-01  -2.773800000e+00   2.140660000e+00
  -2.263260000e-01  -1.928380000e+00   2.462200000e+00
  -8.422400000e-01  -1.928380000e+00   2.486590000e+00
  -1.443650000e+00  -1.928380000e+00   2.353840000e+00
  -2.005030000e+00  -1.928380000e+00   2.091580000e+00
  -2.487820000e+00  -1.928380000e+00   1.691100000e+00
  -2.833740000e+00  -1.928380000e+00   1.161914000e+00
  -3.046190000e+00  -1.928380000e+00   5.608790000e-01
  -3.135510000e+00  -1.928380000e+00  -8.442900000e-02
  -3.075080000e+00  -1.928380000e+00  -7.558800000e-01
  -2.804990000e+00  -1.928380000e+00  -1.386780000e+00
  -2.264350000e+00  -1.928380000e+00  -1.802770000e+00
  -1.573730000e+00  -1.928380000e+00  -1.859960000e+00
  -9.793260000e-01  -1.928380000e+00  -1.760930000e+00
  -4.914214000e-01  -1.928380000e+00  -1.631160000e+00
  -5.218200000e-02  -1.928380000e+00  -1.495220000e+00
   3.359560000e-01  -1.928380000e+00  -1.262400000e+00
   6.118180000e-01  -1.928380000e+00  -9.111490000e-01
   7.987020000e-01  -1.928380000e+00  -5.295870000e-01
   7.520850000e-01  -1.928380000e+00  -1.131210000e-01
   6.704930000e-01  -1.928380000e+00   2.384430000e-01
   6.325080000e-01  -1.928380000e+00   5.850710000e-01
   5.837980000e-01  -1.928380000e+00   9.780030000e-01
   5.321820000e-01  -1.928380000e+00   1.520410000e+00
   3.145200000e-01  -1.928380000e+00   2.175870000e+00
  -2.857900000e-01  -1.081960000e+00   2.406430000e+00
  -8.955300000e-01  -1.081960000e+00   2.454250000e+00
  -1.506820000e+00  -1.081960000e+00   2.356690000e+00
  -2.094170000e+00  -1.081960000e+00   2.118630000e+00
  -2.603020000e+00  -1.081960000e+00   1.720420000e+00
  -2.963340000e+00  -1.081960000e+00   1.175011000e+00
  -3.175630000e+00  -1.081960000e+00   5.512550000e-01
  -3.253860000e+00  -1.081960000e+00  -1.134180000e-01
  -3.177810000e+00  -1.081960000e+00  -7.975900000e-01
  -2.889140000e+00  -1.081960000e+00  -1.433100000e+00
  -2.330750000e+00  -1.081960000e+00  -1.844330000e+00
  -1.628720000e+00  -1.081960000e+00  -1.887720000e+00
  -1.031790000e+00  -1.081960000e+00  -1.778320000e+00
  -5.451575000e-01  -1.081960000e+00  -1.640430000e+00
  -1.124030000e-01  -1.081960000e+00  -1.500230000e+00
   2.887660000e-01  -1.081960000e+00  -1.294300000e+00
   5.809660000e-01  -1.081960000e+00  -9.543440000e-01
   7.742030000e-01  -1.081960000e+00  -5.679380000e-01
   7.038350000e-01  -1.081960000e+00  -1.367450000e-01
   5.465370000e-01  -1.081960000e+00   2.120410000e-01
   4.883420000e-01  -1.081960000e+00   5.337110000e-01
   4.614740000e-01  -1.081960000e+00   9.125190000e-01
   4.494980000e-01  -1.081960000e+00   1.468540000e+00
   2.482020000e-01  -1.081960000e+00   2.129830000e+00
  -3.326040000e-01  -3.545410000e-01   2.502920000e+00
   2.191790000e-01  -3.545410000e-01   2.199500000e+00
   3.481060000e-01  -3.545410000e-01   1.413330000e+00
   2.847300000e-01  -3.545410000e-01   8.210400000e-01
   2.773140000e-01  -3.545410000e-01   4.668270000e-01
   3.166230000e-01  -3.545410000e-01   1.825790000e-01
   4.999060000e-01  -3.545410000e-01  -1.302940000e-01
   7.412870000e-01  -3.545410000e-01  -5.982310000e-01
   5.481980000e-01  -3.545410000e-01  -9.992100000e-01
   2.432500000e-01  -3.545410000e-01  -1.343150000e+00
  -1.698090000e-01  -3.545410000e-01  -1.541640000e+00
  -6.098674000e-01  -3.545410000e-01  -1.689830000e+00
  -1.106604000e+00  -3.545410000e-01  -1.835930000e+00
  -1.720150000e+00  -3.545410000e-01  -1.954170000e+00
  -2.441530000e+00  -3.545410000e-01  -1.912460000e+00
  -3.016070000e+00  -3.545410000e-01  -1.492760000e+00
  -3.303710000e+00  -3.545410000e-01  -8.363500000e-01
  -3.357550000e+00  -3.545410000e-01  -1.331950000e-01
  -3.257280000e+00  -3.545410000e-01   5.387060000e-01
  -3.032580000e+00  -3.545410000e-01   1.161634000e+00
  -2.675310000e+00  -3.545410000e-01   1.711010000e+00
  -2.180820000e+00  -3.545410000e-01   2.132920000e+00
  -1.597320000e+00  -3.545410000e-01   2.408490000e+00
  -9.704100000e-01  -3.545410000e-01   2.540470000e+00
  -1.955010000e+00  -3.707410000e-01  -1.497560000e+00
  -2.442700000e+00  -3.689410000e-01  -1.369080000e+00
  -1.377620000e+00  -3.677410000e-01   2.137280000e+00
  -9.678800000e-01  -3.748410000e-01   1.939420000e+00
  -1.864980000e+00  -3.922410000e-01   3.786180000e-01
  -1.841030000e+00  -3.908410000e-01   6.391075000e-01
  -1.565250000e+00  -3.927410000e-01   6.583108000e-01
  -5.544957000e-01  -3.683410000e-01  -1.380020000e+00
  -1.524390000e+00  -3.951410000e-01   5.144000000e-02
  -1.289560000e+00  -3.941410000e-01   6.775140000e-01
  -1.010720000e+00  -3.946410000e-01   1.095310000e-01
  -2.273380000e+00  -3.844410000e-01   5.853400000e-01
  -2.323460000e+00  -3.854410000e-01   8.059500000e-02
  -2.773710000e+00  -3.735410000e-01   2.810870000e-01
  -2.312880000e+00  -3.769410000e-01   1.147005000e+00
  -2.431640000e+00  -3.774410000e-01   9.073660000e-01
  -2.422600000e+00  -3.748410000e-01   1.102249000e+00
  -3.354840000e-01  -3.719410000e-01   1.797377000e+00
  -8.148630000e-01  -3.860410000e-01   1.264407000e+00
  -1.614850000e+00  -3.803410000e-01  -1.188060000e+00
  -1.546510000e+00  -3.845410000e-01  -9.986100000e-01
  -1.366948000e+00  -3.832410000e-01  -1.069360000e+00
  -1.651600000e+00  -3.849410000e-01   1.330501000e+00
  -1.579220000e+00  -3.776410000e-01   1.740297000e+00
  -1.482130000e+00  -3.823410000e-01   1.544365000e+00
  -2.663570000e+00  -3.725410000e-01  -9.031400000e-01
  -2.038030000e+00  -3.821410000e-01  -9.583800000e-01
  -9.357930000e-01  -3.708410000e-01  -1.426390000e+00
  -1.188384000e+00  -3.817410000e-01  -1.138120000e+00
  -7.218300000e-01  -3.793410000e-01  -1.115060000e+00
  -1.827260000e+00  -3.748410000e-01   1.719328000e+00
  -1.755430000e+00  -3.673410000e-01   2.015950000e+00
  -1.666330000e+00  -3.725410000e-01   1.885120000e+00
  -1.414533000e+00  -3.710410000e-01  -1.502810000e+00
  -2.072300000e+00  -3.709410000e-01   1.701359000e+00
   7.440900000e-02  -3.681410000e-01  -1.029070000e+00
   1.813000000e-01  -3.709410000e-01  -6.535960000e-01
   8.956900000e-02  -3.695410000e-01  -1.748800000e-02
  -1.951640000e+00  -3.913410000e-01  -6.747600000e-02
  -2.263940000e+00  -3.849410000e-01  -4.303200000e-01
  -9.206590000e-02  -3.738410000e-01   6.279250000e-01
  -3.118170000e-01  -3.832410000e-01   1.878570000e-01
  -2.652890000e+00  -3.725410000e-01   8.228549000e-01
  -2.789480000e+00  -3.737410000e-01  -3.110110000e-01
  -2.569150000e-01  -3.701410000e-01  -1.217360000e+00
  -3.813240000e-01  -3.815410000e-01  -7.962900000e-01
   3.592100000e-02  -3.676410000e-01   1.310704000e+00
  -3.542530000e-01  -3.799410000e-01   1.133561000e+00
  -1.755730000e+00  -3.913410000e-01  -4.304780000e-01
  -2.161810000e+00  -3.775410000e-01   1.310350000e+00
  -2.212090000e+00  -3.814410000e-01   9.938770000e-01
  -6.748150000e-01  -3.856410000e-01  -7.684400000e-01
  -7.122650000e-01  -3.884410000e-01  -5.630790000e-01
  -1.105450000e+00  -3.868410000e-01   1.307920000e+00
  -1.175460000e+00  -3.817410000e-01   1.618426000e+00
  -9.956600000e-01  -3.840410000e-01   1.452916000e+00
  -1.991730000e+00  -3.765410000e-01   1.524463000e+00
  -2.116060000e+00  -3.743410000e-01   1.509855000e+00
  -1.909150000e+00  -3.818410000e-01   1.332567000e+00
  -1.820490000e+00  -3.890410000e-01   8.975970000e-01
  -2.016190000e+00  -3.857410000e-01   9.447370000e-01
  -1.389850000e+00  -3.946410000e-01  -1.613470000e-01
  -1.571290000e+00  -3.932410000e-01  -2.934130000e-01
  -1.250300000e+00  -3.936410000e-01  -3.681340000e-01
  -1.131210000e+00  -3.945410000e-01  -1.343020000e-01
  -9.424630000e-01  -3.929410000e-01  -2.410090000e-01
  -6.294880000e-01  -3.891410000e-01   5.967197000e-01
  -1.471420000e+00  -3.730410000e-01   1.940290000e+00
  -1.221650000e+00  -3.740410000e-01   1.940850000e+00
  -1.473180000e+00  -3.882410000e-01  -8.151600000e-01
  -1.216241000e+00  -3.887410000e-01  -7.813800000e-01
  -1.203813000e+00  -3.854410000e-01  -9.627500000e-01
  -1.334550000e+00  -3.908410000e-01   1.008974000e+00
  -1.075610000e+00  -3.887410000e-01   1.140191000e+00
  -2.828590000e-01  -3.833410000e-01  -2.786780000e-01
  -2.045480000e+00  -3.873410000e-01   7.369687800e-01
  -1.954780000e+00  -3.899410000e-01   5.602930000e-01
  -1.616450000e+00  -3.900410000e-01  -6.288200000e-01
  -1.751600000e+00  -3.857410000e-01  -8.792700000e-01
  -1.756160000e+00  -3.887410000e-01  -6.593700000e-01
  -1.603970000e+00  -3.886410000e-01   1.105015000e+00
  -1.577720000e+00  -3.904410000e-01   9.502860000e-01
  -2.414470000e+00  -3.720410000e-01   1.295132000e+00
  -6.038610000e-01  -3.899410000e-01   5.079000000e-02
  -5.142870000e-01  -3.876410000e-01  -3.091970000e-01
  -8.375670000e-01  -3.839410000e-01  -9.523300000e-01
  -6.963220000e-01  -3.826410000e-01  -9.497500000e-01
  -1.107302000e+00  -3.912410000e-01  -5.748600000e-01
  -1.289740000e+00  -3.900410000e-01  -6.895100000e-01
  -1.376340000e+00  -3.797410000e-01   1.688361000e+00
  -1.867210000e+00  -3.784410000e-01   1.528948000e+00
  -8.844180000e-01  -3.930410000e-01  -1.240930000e-01
  -6.756880000e-01  -3.906410000e-01  -1.524630000e-01
  -1.431880000e+00  -3.921410000e-01  -4.954800000e-01
  -1.079845000e+00  -3.853410000e-01  -9.508600000e-01
  -1.015976000e+00  -3.831410000e-01  -1.040720000e+00
  -7.527160000e-01  -3.909410000e-01  -3.457170000e-01
  -4.488060000e-01  -3.847410000e-01  -5.547420000e-01
  -1.327800000e+00  -3.950410000e-01  -4.043100000e-02
  -8.555100000e-01  -3.898410000e-01  -5.616560000e-01
  -9.290090000e-01  -3.913410000e-01  -4.597910000e-01
  -1.392040000e+00  -3.866410000e-01   1.324434000e+00
  -9.633050000e-01  -3.880410000e-01  -7.665900000e-01
  -1.501510000e+00  -3.928410000e-01  -3.963060000e-01
  -2.059420000e+00  -3.819410000e-01   1.161222000e+00
  -2.241388000e+00  -3.831410000e-01   7.911089000e-01
C Number of facets
  786
C  Size  Node 1  ......Node N Marker
    3    0    1    2    3
    3    0    2    3    3
    3    0    3    4    3
    3    0    4    5    3
    3    0    5    6    3
    3    0    6    7    3
    3    0    7    8    3
    3    0    8    9    3
    3    0    9   10    3
    3    0   10   11    3
    3    0   11   12    3
    3    0   12   13    3
    3    0   13   14    3
    3    0   14   15    3
    3    0   15   16    3
    3    0   16   17    3
    3    0   17   18    3
    3    0   18   19    3
    3    0   19   20    3
    3    0   20   21    3
    3    0   21   22    3
    3    0   22   23    3
    3    0   23   24    3
    3    0   24    1    3
    3    1   25   26    3
    3    1   26    2    3
    3    2   26   27    3
    3    2   27    3    3
    3    3   27   28    3
    3    3   28    4    3
    3    4   28   29    3
    3    4   29    5    3
    3    5   29   30    3
    3    5   30    6    3
    3    6   30   31    3
    3    6   31    7    3
    3    7   31   32    3
    3    7   32    8    3
    3    8   32   33    3
    3    8   33    9    3
    3    9   33   34    3
    3    9   34   10    3
    3   10   34   35    3
    3   10   35   11    3
    3   11   35   36    3
    3   11   36   12    3
    3   12   36   37    3
    3   12   37   13    3
    3   13   37   38    3
    3   13   38   14    3
    3   14   38   39    3
    3   14   39   15    3
    3   15   39   40    3
    3   15   40   16    3
    3   16   40   41    3
    3   16   41   17    3
    3   17   41   42    3
    3   17   42   18    3
    3   18   42   43    3
    3   18   43   19    3
    3   19   43   44    3
    3   19   44   20    3
    3   20   44   45    3
    3   20   45   21    3
    3   21   45   46    3
    3   21   46   22    3
    3   22   46   47    3
    3   22   47   23    3
    3   23   47   48    3
    3   23   48   24    3
    3   24   48   25    3
    3   24   25    1    3
    3   25   49   50    3
    3   25   50   26    3
    3   26   50   51    3
    3   26   51   27    3
    3   27   51   52    3
    3   27   52   28    3
    3   28   52   53    3
    3   28   53   29    3
    3   29   53   54    3
    3   29   54   30    3
    3   30   54   55    3
    3   30   55   31    3
    3   31   55   56    3
    3   31   56   32    3
    3   32   56   57    3
    3   32   57   33    3
    3   33   57   58    3
    3   33   58   34    3
    3   34   58   59    3
    3   34   59   35    3
    3   35   59   60    3
    3   35   60   36    3
    3   36   60   61    3
    3   36   61   37    3
    3   37   61   62    3
    3   37   62   38    3
    3   38   62   63    3
    3   38   63   39    3
    3   39   63   64    3
    3   39   64   40    3
    3   40   64   65    3
    3   40   65   41    3
    3   41   65   66    3
    3   41   66   42    3
    3   42   66   67    3
    3   42   67   43    3
    3   43   67   68    3
    3   43   68   44    3
    3   44   68   69    3
    3   44   69   45    3
    3   45   69   70    3
    3   45   70   46    3
    3   46   70   71    3
    3   46   71   47    3
    3   47   71   72    3
    3   47   72   48    3
    3   48   72   49    3
    3   48   49   25    3
    3   49   73   74    3
    3   49   74   50    3
    3   50   74   75    3
    3   50   75   51    3
    3   51   75   76    3
    3   51   76   52    3
    3   52   76   77    3
    3   52   77   53    3
    3   53   77   78    3
    3   53   78   54    3
    3   54   78   79    3
    3   54   79   55    3
    3   55   79   80    3
    3   55   80   56    3
    3   56   80   81    3
    3   56   81   57    3
    3   57   81   82    3
    3   57   82   58    3
    3   58   82   83    3
    3   58   83   59    3
    3   59   83   84    3
    3   59   84   60    3
    3   60   84   85    3
    3   60   85   61    3
    3   61   85   86    3
    3   61   86   62    3
    3   62   86   87    3
    3   62   87   63    3
    3   63   87   88    3
    3   63   88   64    3
    3   64   88   89    3
    3   64   89   65    3
    3   65   89   90    3
    3   65   90   66    3
    3   66   90   91    3
    3   66   91   67    3
    3   67   91   92    3
    3   67   92   68    3
    3   68   92   93    3
    3   68   93   69    3
    3   69   93   94    3
    3   69   94   70    3
    3   70   94   95    3
    3   70   95   71    3
    3   71   95   96    3
    3   71   96   72    3
    3   72   96   73    3
    3   72   73   49    3
    3   73   97   98    3
    3   73   98   74    3
    3   74   98   99    3
    3   74   99   75    3
    3   75   99  100    3
    3   75  100   76    3
    3   76  100  101    3
    3   76  101   77    3
    3   77  101  102    3
    3   77  102   78    3
    3   78  102  103    3
    3   78  103   79    3
    3   79  103  104    3
    3   79  104   80    3
    3   80  104  105    3
    3   80  105   81    3
    3   81  105  106    3
    3   81  106   82    3
    3   82  106  107    3
    3   82  107   83    3
    3   83  107  108    3
    3   83  108   84    3
    3   84  108  109    3
    3   84  109   85    3
    3   85  109  110    3
    3   85  110   86    3
    3   86  110  111    3
    3   86  111   87    3
    3   87  111  112    3
    3   87  112   88    3
    3   88  112  113    3
    3   88  113   89    3
    3   89  113  114    3
    3   89  114   90    3
    3   90  114  115    3
    3   90  115   91    3
    3   91  115  116    3
    3   91  116   92    3
    3   92  116  117    3
    3   92  117   93    3
    3   93  117  118    3
    3   93  118   94    3
    3   94  118  119    3
    3   94  119   95    3
    3   95  119  120    3
    3   95  120   96    3
    3   96  120   97    3
    3   96   97   73    3
    3   97  121  122    3
    3   97  122   98    3
    3   98  122  123    3
    3   98  123   99    3
    3   99  123  124    3
    3   99  124  100    3
    3  100  124  125    3
    3  100  125  101    3
    3  101  125  126    3
    3  101  126  102    3
    3  102  126  127    3
    3  102  127  103    3
    3  103  127  128    3
    3  103  128  104    3
    3  104  128  129    3
    3  104  129  105    3
    3  105  129  130    3
    3  105  130  106    3
    3  106  130  131    3
    3  106  131  107    3
    3  107  131  132    3
    3  107  132  108    3
    3  108  132  133    3
    3  108  133  109    3
    3  109  133  134    3
    3  109  134  110    3
    3  110  134  135    3
    3  110  135  111    3
    3  111  135  136    3
    3  111  136  112    3
    3  112  136  137    3
    3  112  137  113    3
    3  113  137  138    3
    3  113  138  114    3
    3  114  138  139    3
    3  114  139  115    3
    3  115  139  140    3
    3  115  140  116    3
    3  116  140  141    3
    3  116  141  117    3
    3  117  141  142    3
    3  117  142  118    3
    3  118  142  143    3
    3  118  143  119    3
    3  119  143  144    3
    3  119  144  120    3
    3  120  144  121    3
    3  120  121   97    3
    3  121  145  146    3
    3  121  146  122    3
    3  122  146  147    3
    3  122  147  123    3
    3  123  147  148    3
    3  123  148  124    3
    3  124  148  149    3
    3  124  149  125    3
    3  125  149  150    3
    3  125  150  126    3
    3  126  150  151    3
    3  126  151  127    3
    3  127  151  152    3
    3  127  152  128    3
    3  128  152  153    3
    3  128  153  129    3
    3  129  153  154    3
    3  129  154  130    3
    3  130  154  155    3
    3  130  155  131    3
    3  131  155  156    3
    3  131  156  132    3
    3  132  156  157    3
    3  132  157  133    3
    3  133  157  158    3
    3  133  158  134    3
    3  134  158  159    3
    3  134  159  135    3
    3  135  159  160    3
    3  135  160  136    3
    3  136  160  161    3
    3  136  161  137    3
    3  137  161  162    3
    3  137  162  138    3
    3  138  162  163    3
    3  138  163  139    3
    3  139  163  164    3
    3  139  164  140    3
    3  140  164  165    3
    3  140  165  141    3
    3  141  165  166    3
    3  141  166  142    3
    3  142  166  167    3
    3  142  167  143    3
    3  143  167  168    3
    3  143  168  144    3
    3  144  168  145    3
    3  144  145  121    3
    3  145  169  170    3
    3  145  170  146    3
    3  146  170  171    3
    3  146  171  147    3
    3  147  171  172    3
    3  147  172  148    3
    3  148  172  173    3
    3  148  173  149    3
    3  149  173  174    3
    3  149  174  150    3
    3  150  174  175    3
    3  150  175  151    3
    3  151  175  176    3
    3  151  176  152    3
    3  152  176  177    3
    3  152  177  153    3
    3  153  177  178    3
    3  153  178  154    3
    3  154  178  179    3
    3  154  179  155    3
    3  155  179  180    3
    3  155  180  156    3
    3  156  180  181    3
    3  156  181  157    3
    3  157  181  182    3
    3  157  182  158    3
    3  158  182  183    3
    3  158  183  159    3
    3  159  183  184    3
    3  159  184  160    3
    3  160  184  185    3
    3  160  185  161    3
    3  161  185  186    3
    3  161  186  162    3
    3  162  186  187    3
    3  162  187  163    3
    3  163  187  188    3
    3  163  188  164    3
    3  164  188  189    3
    3  164  189  165    3
    3  165  189  190    3
    3  165  190  166    3
    3  166  190  191    3
    3  166  191  167    3
    3  167  191  192    3
    3  167  192  168    3
    3  168  192  169    3
    3  168  169  145    3
    3  169  193  194    3
    3  169  194  170    3
    3  170  194  195    3
    3  170  195  171    3
    3  171  195  196    3
    3  171  196  172    3
    3  172  196  197    3
    3  172  197  173    3
    3  173  197  198    3
    3  173  198  174    3
    3  174  198  199    3
    3  174  199  175    3
    3  175  199  200    3
    3  175  200  176    3
    3  176  200  201    3
    3  176  201  177    3
    3  177  201  202    3
    3  177  202  178    3
    3  178  202  203    3
    3  178  203  179    3
    3  179  203  204    3
    3  179  204  180    3
    3  180  204  205    3
    3  180  205  181    3
    3  181  205  206    3
    3  181  206  182    3
    3  182  206  207    3
    3  182  207  183    3
    3  183  207  208    3
    3  183  208  184    3
    3  184  208  209    3
    3  184  209  185    3
    3  185  209  210    3
    3  185  210  186    3
    3  186  210  211    3
    3  186  211  187    3
    3  187  211  212    3
    3  187  212  188    3
    3  188  212  213    3
    3  188  213  189    3
    3  189  213  214    3
    3  189  214  190    3
    3  190  214  215    3
    3  190  215  191    3
    3  191  215  216    3
    3  191  216  192    3
    3  192  216  193    3
    3  192  193  169    3
    3  193  217  218    3
    3  193  218  194    3
    3  194  218  219    3
    3  194  219  195    3
    3  195  219  220    3
    3  195  220  196    3
    3  196  220  221    3
    3  196  221  197    3
    3  197  221  222    3
    3  197  222  198    3
    3  198  222  223    3
    3  198  223  199    3
    3  199  223  224    3
    3  199  224  200    3
    3  200  224  225    3
    3  200  225  201    3
    3  201  225  226    3
    3  201  226  202    3
    3  202  226  227    3
    3  202  227  203    3
    3  203  227  228    3
    3  203  228  204    3
    3  204  228  229    3
    3  204  229  205    3
    3  205  229  230    3
    3  205  230  206    3
    3  206  230  231    3
    3  206  231  207    3
    3  207  231  232    3
    3  207  232  208    3
    3  208  232  233    3
    3  208  233  209    3
    3  209  233  234    3
    3  209  234  210    3
    3  210  234  235    3
    3  210  235  211    3
    3  211  235  236    3
    3  211  236  212    3
    3  212  236  237    3
    3  212  237  213    3
    3  213  237  238    3
    3  213  238  214    3
    3  214  238  239    3
    3  214  239  215    3
    3  215  239  240    3
    3  215  240  216    3
    3  216  240  217    3
    3  216  217  193    3
    3  217  241  242    3
    3  217  242  218    3
    3  218  242  243    3
    3  218  243  219    3
    3  219  243  244    3
    3  219  244  220    3
    3  220  244  245    3
    3  220  245  221    3
    3  221  245  246    3
    3  221  246  222    3
    3  222  246  247    3
    3  222  247  223    3
    3  223  247  248    3
    3  223  248  224    3
    3  224  248  249    3
    3  224  249  225    3
    3  225  249  250    3
    3  225  250  226    3
    3  226  250  251    3
    3  226  251  227    3
    3  227  251  252    3
    3  227  252  228    3
    3  228  252  253    3
    3  228  253  229    3
    3  229  253  254    3
    3  229  254  230    3
    3  230  254  255    3
    3  230  255  231    3
    3  231  255  256    3
    3  231  256  232    3
    3  232  256  257    3
    3  232  257  233    3
    3  233  257  258    3
    3  233  258  234    3
    3  234  258  259    3
    3  234  259  235    3
    3  235  259  260    3
    3  235  260  236    3
    3  236  260  261    3
    3  236  261  237    3
    3  237  261  262    3
    3  237  262  238    3
    3  238  262  263    3
    3  238  263  239    3
    3  239  263  264    3
    3  239  264  240    3
    3  240  264  241    3
    3  240  241  217    3
    3  264  265  241    3
    3  264  266  265    3
    3  263  266  264    3
    3  263  267  266    3
    3  262  267  263    3
    3  262  268  267    3
    3  261  268  262    3
    3  261  269  268    3
    3  260  269  261    3
    3  260  270  269    3
    3  259  270  260    3
    3  259  271  270    3
    3  258  271  259    3
    3  258  272  271    3
    3  257  272  258    3
    3  257  273  272    3
    3  256  273  257    3
    3  256  274  273    3
    3  255  274  256    3
    3  255  275  274    3
    3  254  275  255    3
    3  254  276  275    3
    3  253  276  254    3
    3  253  277  276    3
    3  252  277  253    3
    3  252  278  277    3
    3  251  278  252    3
    3  251  279  278    3
    3  250  279  251    3
    3  250  280  279    3
    3  249  280  250    3
    3  249  281  280    3
    3  248  281  249    3
    3  248  282  281    3
    3  247  282  248    3
    3  247  283  282    3
    3  246  283  247    3
    3  246  284  283    3
    3  245  284  246    3
    3  245  285  284    3
    3  244  285  245    3
    3  244  286  285    3
    3  243  286  244    3
    3  243  287  286    3
    3  242  287  243    3
    3  242  288  287    3
    3  241  288  242    3
    3  241  265  288    3
    3  289  279  290    1
    3  291  288  292    1
    3  293  294  295    3
    3  296  275  276    1
    3  297  298  299    1
    3  300  301  302    1
    3  303  304  305    3
    3  292  306  307    1
    3  308  309  310    4
    3  300  293  301    1
    3  311  312  313    3
    3  290  314  315    1
    3  316  317  318    1
    3  319  320  321    3
    3  317  322  308    1
    3  286  323  285    1
    3  286  287  320    1
    3  298  297  293    1
    3  324  325  273    1
    3  326  271  272    1
    3  327  328  301    1
    3  329  326  330    1
    3  300  331  304    1
    3  332  282  302    1
    3  272  325  326    1
    3  296  276  316    1
    3  296  333  275    1
    3  324  334  325    1
    3  335  329  336    1
    3  315  328  337    1
    3  338  339  303    3
    3  334  340  341    4
    3  279  289  278    1
    3  274  275  333    1
    3  322  278  289    1
    3  342  343  344    3
    3  332  301  328    1
    3  314  290  280    1
    3  345  338  346    3
    3  324  333  334    1
    3  277  316  276    1
    3  266  267  335    1
    3  288  291  287    1
    3  347  348  349    3
    3  316  322  317    1
    3  297  350  351    4
    3  327  301  293    1
    3  283  331  302    1
    3  352  353  354    4
    3  326  269  270    1
    3  332  302  301    1
    3  355  299  298    1
    3  312  356  357    3
    3  330  355  329    1
    3  336  306  335    1
    3  271  326  270    1
    3  358  359  360    4
    3  298  361  362    3
    3  283  302  282    1
    3  336  329  355    1
    3  326  363  330    1
    3  265  292  288    1
    3  300  364  365    3
    3  366  367  368    4
    3  333  318  334    1
    3  369  361  370    3
    3  327  293  297    1
    3  278  322  277    1
    3  320  291  356    3
    3  371  285  323    1
    3  363  325  334    1
    3  371  331  284    1
    3  364  339  349    3
    3  268  335  267    1
    3  372  363  373    4
    3  280  290  279    1
    3  266  306  265    1
    3  316  277  322    1
    3  328  315  314    1
    3  308  315  367    1
    3  355  330  372    1
    3  327  297  337    1
    3  280  281  314    1
    3  374  340  375    4
    3  296  316  318    1
    3  352  376  377    4
    3  355  307  336    1
    3  292  343  378    3
    3  326  325  363    1
    3  320  287  291    1
    3  345  319  379    3
    3  380  372  381    4
    3  358  366  382    4
    3  268  329  335    1
    3  273  274  324    1
    3  336  307  306    1
    3  265  306  292    1
    3  296  318  333    1
    3  383  374  384    4
    3  329  268  269    1
    3  385  373  386    4
    3  333  324  274    1
    3  283  284  331    1
    3  298  307  355    1
    3  299  353  387    4
    3  308  289  315    1
    3  273  325  272    1
    3  327  337  328    1
    3  388  376  389    4
    3  314  332  328    1
    3  281  282  332    1
    3  315  289  290    1
    3  363  372  330    1
    3  355  372  299    1
    3  285  371  284    1
    3  314  281  332    1
    3  269  326  329    1
    3  369  347  311    3
    3  266  335  306    1
    3  286  320  323    1
    3  308  322  289    1
    3  300  302  331    1
    3  343  390  313    3
    3  292  307  344    3
    3  298  348  370    3
    3  361  390  342    3
    3  343  342  390    3
    3  342  307  362    3
    3  347  369  348    3
    3  361  369  390    3
    3  369  311  390    3
    3  312  311  347    3
    3  311  313  390    3
    3  313  312  378    3
    3  298  362  307    3
    3  342  362  361    3
    3  342  344  307    3
    3  292  344  343    3
    3  369  370  348    3
    3  298  370  361    3
    3  292  378  312    3
    3  313  378  343    3
    3  334  318  375    4
    3  340  391  388    4
    3  318  317  384    4
    3  340  374  391    4
    3  352  385  389    4
    3  376  391  359    4
    3  376  388  391    4
    3  388  385  341    4
    3  359  391  383    4
    3  359  358  377    4
    3  374  383  391    4
    3  383  317  360    4
    3  374  375  318    4
    3  334  375  340    4
    3  334  341  385    4
    3  388  341  340    4
    3  388  389  385    4
    3  352  389  376    4
    3  352  377  358    4
    3  359  377  376    4
    3  358  360  317    4
    3  383  360  359    4
    3  383  384  317    4
    3  318  384  374    4
    3  367  358  309    4
    3  315  337  368    1
    3  353  352  350    4
    3  353  299  380    4
    3  372  380  299    4
    3  380  385  354    4
    3  350  352  392    4
    3  350  297  387    4
    3  366  337  392    4
    3  367  366  358    4
    3  363  334  386    4
    3  373  385  381    4
    3  392  337  351    4
    3  392  352  382    4
    3  380  381  385    4
    3  373  381  372    4
    3  358  317  310    4
    3  367  309  308    4
    3  385  386  334    4
    3  363  386  373    4
    3  366  368  337    4
    3  315  368  367    1
    3  299  387  297    4
    3  350  387  353    4
    3  352  354  385    4
    3  380  354  353    4
    3  358  382  352    4
    3  392  382  366    4
    3  297  351  337    4
    3  392  351  350    4
    3  308  310  317    4
    3  358  310  309    4
    3  312  347  379    3
    3  320  319  323    3
    3  371  323  346    3
    3  338  347  393    3
    3  364  300  394    3
    3  364  348  294    3
    3  319  345  323    3
    3  338  345  347    3
    3  348  298  295    3
    3  294  293  365    3
    3  304  339  394    3
    3  331  371  305    1
    3  364  349  348    3
    3  349  339  393    3
    3  338  393  339    3
    3  349  393  347    3
    3  338  303  371    3
    3  304  303  339    3
    3  356  312  321    3
    3  291  292  357    3
    3  364  394  339    3
    3  304  394  300    3
    3  319  321  312    3
    3  356  321  320    3
    3  293  295  298    3
    3  348  295  294    3
    3  312  357  292    3
    3  291  357  356    3
    3  345  346  323    3
    3  371  346  338    3
    3  303  305  371    3
    3  331  305  304    1
    3  345  379  347    3
    3  312  379  319    3
    3  300  365  293    3
    3  294  365  364    3
C Prescribed Values(Inlet, Outlet), InteractionSurface(Inlet, Outlet)
       1        0        0        2        2        2
C Inlet Pressure, FunID (E18.9,I5)
   1.000000000e+00    3
C Outlet Velocity
C     Vx,           Vy,            Vz,    indVx,indVy,indVz, FunID(3E18.9, 4I5)
   0.000000000e+00   1.000000000e+00   0.000000000e+00    1    0    0    4
C Inlet Velocity
C nNodeID,    Vx,           Vy,            Vz (I5, 3E18.9)
  265
    1   1.000000000e+00  -6.350000000e+00   2.000000000e-01
    2   1.650000000e+00  -6.000000000e+00   5.500000000e-01
    3   1.450000000e+00  -6.000000000e+00   9.000000000e-01
    4   1.150000000e+00  -6.000000000e+00   1.300000000e+00
    5   6.500000000e-01  -6.000000000e+00   1.550000000e+00
    6   2.000000000e-01  -6.000000000e+00   1.600000000e+00
    7  -2.500000000e-01  -6.000000000e+00   1.400000000e+00
    8  -3.000000000e-01  -6.000000000e+00   1.100000000e+00
    9  -2.500000000e-01  -6.000000000e+00   8.500000000e-01
   10  -1.500000000e-01  -6.000000000e+00   7.500000000e-01
   11  -2.500000000e-01  -6.000000000e+00   5.000000000e-01
   12  -5.000000000e-01  -6.000000000e+00   0.000000000e+00
   13  -6.500000000e-01  -6.000000000e+00  -8.500000000e-01
   14  -3.500000000e-01  -6.000000000e+00  -1.500000000e+00
   15   1.500000000e-01  -6.000000000e+00  -1.900000000e+00
   16   6.000000000e-01  -6.000000000e+00  -1.650000000e+00
   17   8.500000000e-01  -6.000000000e+00  -1.200000000e+00
   18   1.000000000e+00  -6.000000000e+00  -8.500000000e-01
   19   1.250000000e+00  -6.000000000e+00  -7.500000000e-01
   20   2.000000000e+00  -6.000000000e+00  -7.000000000e-01
   21   3.300000000e+00  -6.000000000e+00  -2.500000000e-01
   22   4.150000000e+00  -6.000000000e+00   7.000000000e-01
   23   3.850000000e+00  -6.000000000e+00   1.500000000e+00
   24   2.850000000e+00  -6.000000000e+00   1.550000000e+00
   25   1.850000000e+00  -6.000000000e+00   8.000000000e-01
   26   2.100000000e+00  -5.650000000e+00   8.000000000e-01
   27   1.850000000e+00  -5.650000000e+00   1.250000000e+00
   28   1.450000000e+00  -5.650000000e+00   1.800000000e+00
   29   7.500000000e-01  -5.650000000e+00   2.100000000e+00
   30   5.000000000e-02  -5.650000000e+00   2.150000000e+00
   31  -4.500000000e-01  -5.650000000e+00   1.900000000e+00
   32  -6.000000000e-01  -5.650000000e+00   1.450000000e+00
   33  -4.500000000e-01  -5.650000000e+00   1.150000000e+00
   34  -3.500000000e-01  -5.650000000e+00   9.500000000e-01
   35  -6.000000000e-01  -5.650000000e+00   6.500000000e-01
   36  -1.050000000e+00  -5.650000000e+00  -2.500000000e-01
   37  -1.100000000e+00  -5.650000000e+00  -1.500000000e+00
   38  -7.000000000e-01  -5.650000000e+00  -2.550000000e+00
   39   1.500000000e-01  -5.650000000e+00  -3.050000000e+00
   40   8.500000000e-01  -5.650000000e+00  -2.650000000e+00
   41   1.100000000e+00  -5.650000000e+00  -1.600000000e+00
   42   1.100000000e+00  -5.650000000e+00  -1.050000000e+00
   43   1.300000000e+00  -5.650000000e+00  -8.500000000e-01
   44   2.200000000e+00  -5.650000000e+00  -9.000000000e-01
   45   4.050000000e+00  -5.650000000e+00  -4.000000000e-01
   46   5.700000000e+00  -5.650000000e+00   9.500000000e-01
   47   5.350000000e+00  -5.650000000e+00   2.100000000e+00
   48   3.850000000e+00  -5.650000000e+00   2.150000000e+00
   49   2.550000000e+00  -5.650000000e+00   1.050000000e+00
   50   2.450000000e+00  -5.300000000e+00   1.000000000e+00
   51   2.100000000e+00  -5.300000000e+00   1.500000000e+00
   52   1.500000000e+00  -5.300000000e+00   1.900000000e+00
   53   8.500000000e-01  -5.300000000e+00   2.150000000e+00
   54   2.000000000e-01  -5.300000000e+00   2.100000000e+00
   55  -2.500000000e-01  -5.300000000e+00   1.800000000e+00
   56  -3.500000000e-01  -5.300000000e+00   1.400000000e+00
   57  -2.000000000e-01  -5.300000000e+00   1.150000000e+00
   58  -1.000000000e-01  -5.300000000e+00   1.050000000e+00
   59  -4.500000000e-01  -5.300000000e+00   7.000000000e-01
   60  -1.300000000e+00  -5.300000000e+00  -5.500000000e-01
   61  -1.650000000e+00  -5.300000000e+00  -2.450000000e+00
   62  -1.050000000e+00  -5.300000000e+00  -4.100000000e+00
   63   1.500000000e-01  -5.300000000e+00  -4.850000000e+00
   64   1.200000000e+00  -5.300000000e+00  -4.300000000e+00
   65   1.350000000e+00  -5.300000000e+00  -2.450000000e+00
   66   1.100000000e+00  -5.300000000e+00  -1.400000000e+00
   67   1.000000000e+00  -5.300000000e+00  -1.050000000e+00
   68   1.900000000e+00  -5.300000000e+00  -1.200000000e+00
   69   4.000000000e+00  -5.300000000e+00  -7.500000000e-01
   70   5.950000000e+00  -5.300000000e+00   6.500000000e-01
   71   5.550000000e+00  -5.300000000e+00   1.800000000e+00
   72   4.050000000e+00  -5.300000000e+00   1.850000000e+00
   73   2.750000000e+00  -5.300000000e+00   8.500000000e-01
   74   2.550000000e+00  -4.950000000e+00   8.500000000e-01
   75   2.200000000e+00  -4.950000000e+00   1.400000000e+00
   76   1.650000000e+00  -4.950000000e+00   1.900000000e+00
   77   9.500000000e-01  -4.950000000e+00   2.150000000e+00
   78   1.500000000e-01  -4.950000000e+00   2.250000000e+00
   79  -2.500000000e-01  -4.950000000e+00   1.900000000e+00
   80  -3.000000000e-01  -4.950000000e+00   1.500000000e+00
   81  -1.000000000e-01  -4.950000000e+00   1.250000000e+00
   82   5.000000000e-02  -4.950000000e+00   1.250000000e+00
   83  -4.500000000e-01  -4.950000000e+00   9.500000000e-01
   84  -1.500000000e+00  -4.950000000e+00  -4.500000000e-01
   85  -2.000000000e+00  -4.950000000e+00  -2.800000000e+00
   86  -1.350000000e+00  -4.950000000e+00  -4.700000000e+00
   87   5.000000000e-02  -4.950000000e+00  -5.600000000e+00
   88   1.300000000e+00  -4.950000000e+00  -5.100000000e+00
   89   1.350000000e+00  -4.950000000e+00  -2.800000000e+00
   90   8.500000000e-01  -4.950000000e+00  -1.450000000e+00
   91   6.500000000e-01  -4.950000000e+00  -1.100000000e+00
   92   1.500000000e+00  -4.950000000e+00  -1.250000000e+00
   93   3.950000000e+00  -4.950000000e+00  -9.000000000e-01
   94   6.100000000e+00  -4.950000000e+00   5.500000000e-01
   95   5.650000000e+00  -4.950000000e+00   1.700000000e+00
   96   4.100000000e+00  -4.950000000e+00   1.650000000e+00
   97   2.800000000e+00  -4.950000000e+00   5.500000000e-01
   98   2.650000000e+00  -4.600000000e+00   1.250000000e+00
   99   2.200000000e+00  -4.600000000e+00   1.750000000e+00
  100   1.600000000e+00  -4.600000000e+00   2.200000000e+00
  101   8.500000000e-01  -4.600000000e+00   2.500000000e+00
  102   5.000000000e-02  -4.600000000e+00   2.550000000e+00
  103  -5.000000000e-01  -4.600000000e+00   2.200000000e+00
  104  -6.500000000e-01  -4.600000000e+00   1.800000000e+00
  105  -6.500000000e-01  -4.600000000e+00   1.500000000e+00
  106  -7.500000000e-01  -4.600000000e+00   1.300000000e+00
  107  -1.350000000e+00  -4.600000000e+00   7.500000000e-01
  108  -2.250000000e+00  -4.600000000e+00  -9.000000000e-01
  109  -2.500000000e+00  -4.600000000e+00  -3.250000000e+00
  110  -1.650000000e+00  -4.600000000e+00  -5.000000000e+00
  111  -2.000000000e-01  -4.600000000e+00  -5.850000000e+00
  112   1.250000000e+00  -4.600000000e+00  -5.350000000e+00
  113   1.200000000e+00  -4.600000000e+00  -2.800000000e+00
  114   5.500000000e-01  -4.600000000e+00  -1.200000000e+00
  115   2.000000000e-01  -4.600000000e+00  -9.000000000e-01
  116   1.250000000e+00  -4.600000000e+00  -1.150000000e+00
  117   4.400000000e+00  -4.600000000e+00  -8.000000000e-01
  118   6.950000000e+00  -4.600000000e+00   9.500000000e-01
  119   6.400000000e+00  -4.600000000e+00   2.300000000e+00
  120   4.600000000e+00  -4.600000000e+00   2.250000000e+00
  121   2.950000000e+00  -4.600000000e+00   9.500000000e-01
  122   2.550000000e+00  -4.250000000e+00   1.250000000e+00
  123   2.050000000e+00  -4.250000000e+00   1.700000000e+00
  124   1.500000000e+00  -4.250000000e+00   2.050000000e+00
  125   8.000000000e-01  -4.250000000e+00   2.350000000e+00
  126   0.000000000e+00  -4.250000000e+00   2.400000000e+00
  127  -6.000000000e-01  -4.250000000e+00   2.150000000e+00
  128  -1.050000000e+00  -4.250000000e+00   1.800000000e+00
  129  -1.550000000e+00  -4.250000000e+00   1.400000000e+00
  130  -2.150000000e+00  -4.250000000e+00   9.000000000e-01
  131  -2.900000000e+00  -4.250000000e+00  -1.500000000e-01
  132  -3.400000000e+00  -4.250000000e+00  -1.950000000e+00
  133  -3.100000000e+00  -4.250000000e+00  -3.950000000e+00
  134  -1.950000000e+00  -4.250000000e+00  -5.300000000e+00
  135  -4.500000000e-01  -4.250000000e+00  -5.800000000e+00
  136   9.500000000e-01  -4.250000000e+00  -5.400000000e+00
  137   1.100000000e+00  -4.250000000e+00  -3.200000000e+00
  138   5.000000000e-01  -4.250000000e+00  -1.600000000e+00
  139   2.500000000e-01  -4.250000000e+00  -1.200000000e+00
  140   1.400000000e+00  -4.250000000e+00  -1.400000000e+00
  141   4.700000000e+00  -4.250000000e+00  -9.500000000e-01
  142   7.100000000e+00  -4.250000000e+00   9.000000000e-01
  143   6.400000000e+00  -4.250000000e+00   2.300000000e+00
  144   4.450000000e+00  -4.250000000e+00   2.200000000e+00
  145   2.900000000e+00  -4.250000000e+00   8.500000000e-01
  146   2.800000000e+00  -3.600000000e+00   1.650000000e+00
  147   2.250000000e+00  -3.600000000e+00   2.050000000e+00
  148   1.650000000e+00  -3.600000000e+00   2.350000000e+00
  149   1.000000000e+00  -3.600000000e+00   2.500000000e+00
  150   3.000000000e-01  -3.600000000e+00   2.600000000e+00
  151  -4.000000000e-01  -3.600000000e+00   2.450000000e+00
  152  -9.000000000e-01  -3.600000000e+00   2.150000000e+00
  153  -1.500000000e+00  -3.600000000e+00   1.800000000e+00
  154  -2.200000000e+00  -3.600000000e+00   1.250000000e+00
  155  -3.000000000e+00  -3.600000000e+00   2.000000000e-01
  156  -3.600000000e+00  -3.600000000e+00  -1.700000000e+00
  157  -3.350000000e+00  -3.600000000e+00  -3.850000000e+00
  158  -2.100000000e+00  -3.600000000e+00  -5.200000000e+00
  159  -5.500000000e-01  -3.600000000e+00  -5.700000000e+00
  160   9.000000000e-01  -3.600000000e+00  -5.400000000e+00
  161   1.000000000e+00  -3.600000000e+00  -3.050000000e+00
  162   2.000000000e-01  -3.600000000e+00  -1.250000000e+00
  163  -2.000000000e-01  -3.600000000e+00  -9.000000000e-01
  164   1.400000000e+00  -3.600000000e+00  -1.300000000e+00
  165   5.300000000e+00  -3.600000000e+00  -7.500000000e-01
  166   7.550000000e+00  -3.600000000e+00   1.200000000e+00
  167   6.500000000e+00  -3.600000000e+00   2.450000000e+00
  168   4.550000000e+00  -3.600000000e+00   2.250000000e+00
  169   3.000000000e+00  -3.600000000e+00   9.500000000e-01
  170   2.750000000e+00  -3.000000000e+00   1.200000000e+00
  171   2.400000000e+00  -3.000000000e+00   1.750000000e+00
  172   1.850000000e+00  -3.000000000e+00   2.350000000e+00
  173   1.100000000e+00  -3.000000000e+00   2.850000000e+00
  174   2.000000000e-01  -3.000000000e+00   3.050000000e+00
  175  -5.500000000e-01  -3.000000000e+00   2.900000000e+00
  176  -1.000000000e+00  -3.000000000e+00   2.500000000e+00
  177  -1.300000000e+00  -3.000000000e+00   2.150000000e+00
  178  -1.700000000e+00  -3.000000000e+00   1.750000000e+00
  179  -2.450000000e+00  -3.000000000e+00   1.000000000e+00
  180  -3.250000000e+00  -3.000000000e+00  -8.500000000e-01
  181  -3.150000000e+00  -3.000000000e+00  -3.050000000e+00
  182  -2.000000000e+00  -3.000000000e+00  -4.400000000e+00
  183  -6.000000000e-01  -3.000000000e+00  -4.800000000e+00
  184   6.500000000e-01  -3.000000000e+00  -4.600000000e+00
  185   8.000000000e-01  -3.000000000e+00  -2.650000000e+00
  186  -2.500000000e-01  -3.000000000e+00  -8.500000000e-01
  187  -7.000000000e-01  -3.000000000e+00  -5.500000000e-01
  188   1.750000000e+00  -3.000000000e+00  -1.200000000e+00
  189   5.800000000e+00  -3.000000000e+00  -5.500000000e-01
  190   7.250000000e+00  -3.000000000e+00   1.300000000e+00
  191   6.150000000e+00  -3.000000000e+00   2.400000000e+00
  192   4.200000000e+00  -3.000000000e+00   2.100000000e+00
  193   2.750000000e+00  -3.000000000e+00   4.500000000e-01
  194   2.750000000e+00  -2.400000000e+00   1.900000000e+00
  195   2.350000000e+00  -2.400000000e+00   2.350000000e+00
  196   1.850000000e+00  -2.400000000e+00   2.850000000e+00
  197   1.150000000e+00  -2.400000000e+00   3.350000000e+00
  198   2.500000000e-01  -2.400000000e+00   3.700000000e+00
  199  -6.500000000e-01  -2.400000000e+00   3.600000000e+00
  200  -1.100000000e+00  -2.400000000e+00   3.200000000e+00
  201  -1.350000000e+00  -2.400000000e+00   2.800000000e+00
  202  -1.600000000e+00  -2.400000000e+00   2.450000000e+00
  203  -2.150000000e+00  -2.400000000e+00   1.750000000e+00
  204  -3.150000000e+00  -2.400000000e+00   0.000000000e+00
  205  -3.150000000e+00  -2.400000000e+00  -2.200000000e+00
  206  -2.050000000e+00  -2.400000000e+00  -3.400000000e+00
  207  -7.500000000e-01  -2.400000000e+00  -3.650000000e+00
  208   3.500000000e-01  -2.400000000e+00  -3.450000000e+00
  209   3.500000000e-01  -2.400000000e+00  -1.650000000e+00
  210  -1.000000000e+00  -2.400000000e+00   2.500000000e-01
  211  -1.700000000e+00  -2.400000000e+00   4.000000000e-01
  212   1.700000000e+00  -2.400000000e+00  -6.500000000e-01
  213   6.350000000e+00  -2.400000000e+00   5.000000000e-02
  214   7.500000000e+00  -2.400000000e+00   1.950000000e+00
  215   6.350000000e+00  -2.400000000e+00   3.200000000e+00
  216   4.400000000e+00  -2.400000000e+00   2.950000000e+00
  217   2.800000000e+00  -2.400000000e+00   1.250000000e+00
  218   2.800000000e+00  -1.700000000e+00   1.850000000e+00
  219   2.450000000e+00  -1.700000000e+00   2.400000000e+00
  220   1.850000000e+00  -1.700000000e+00   3.150000000e+00
  221   1.000000000e+00  -1.700000000e+00   3.700000000e+00
  222  -5.000000000e-02  -1.700000000e+00   4.100000000e+00
  223  -9.500000000e-01  -1.700000000e+00   3.850000000e+00
  224  -1.000000000e+00  -1.700000000e+00   3.250000000e+00
  225  -5.000000000e-01  -1.700000000e+00   2.900000000e+00
  226  -1.500000000e-01  -1.700000000e+00   3.000000000e+00
  227  -5.500000000e-01  -1.700000000e+00   2.850000000e+00
  228  -2.100000000e+00  -1.700000000e+00   1.150000000e+00
  229  -2.800000000e+00  -1.700000000e+00  -1.550000000e+00
  230  -2.000000000e+00  -1.700000000e+00  -3.250000000e+00
  231  -7.000000000e-01  -1.700000000e+00  -3.850000000e+00
  232   4.500000000e-01  -1.700000000e+00  -3.800000000e+00
  233   6.000000000e-01  -1.700000000e+00  -1.950000000e+00
  234  -8.000000000e-01  -1.700000000e+00   1.000000000e-01
  235  -1.700000000e+00  -1.700000000e+00   3.000000000e-01
  236   1.800000000e+00  -1.700000000e+00  -7.000000000e-01
  237   5.800000000e+00  -1.700000000e+00   5.000000000e-02
  238   6.250000000e+00  -1.700000000e+00   1.550000000e+00
  239   5.350000000e+00  -1.700000000e+00   2.550000000e+00
  240   3.800000000e+00  -1.700000000e+00   2.200000000e+00
  241   2.650000000e+00  -1.700000000e+00   7.500000000e-01
  242   3.150000000e+00  -1.100000000e+00   3.050000000e+00
  243   2.700000000e+00  -1.100000000e+00   3.650000000e+00
  244   2.000000000e+00  -1.100000000e+00   4.200000000e+00
  245   1.150000000e+00  -1.100000000e+00   4.650000000e+00
  246  -5.000000000e-02  -1.100000000e+00   5.000000000e+00
  247  -9.500000000e-01  -1.100000000e+00   4.650000000e+00
  248  -6.000000000e-01  -1.100000000e+00   3.900000000e+00
  249   5.000000000e-01  -1.100000000e+00   3.550000000e+00
  250   1.400000000e+00  -1.100000000e+00   4.000000000e+00
  251   1.100000000e+00  -1.100000000e+00   4.400000000e+00
  252  -9.000000000e-01  -1.100000000e+00   2.900000000e+00
  253  -2.050000000e+00  -1.100000000e+00   0.000000000e+00
  254  -1.550000000e+00  -1.100000000e+00  -1.700000000e+00
  255  -5.000000000e-01  -1.100000000e+00  -2.450000000e+00
  256   5.500000000e-01  -1.100000000e+00  -2.550000000e+00
  257   8.000000000e-01  -1.100000000e+00  -1.400000000e+00
  258  -1.000000000e-01  -1.100000000e+00   2.000000000e-01
  259  -7.500000000e-01  -1.100000000e+00   5.500000000e-01
  260   2.450000000e+00  -1.100000000e+00  -2.000000000e-01
  261   5.550000000e+00  -1.100000000e+00   6.000000000e-01
  262   5.400000000e+00  -1.100000000e+00   1.800000000e+00
  263   4.600000000e+00  -1.100000000e+00   2.450000000e+00
  264   3.300000000e+00  -1.100000000e+00   1.950000000e+00
  265   2.950000000e+00  -1.100000000e+00   1.400000000e+00
C Region List
