C PointsNum,MaxElemVol,TetGenParams,nAtrib,IndMov,MDMaxVolume,MDomDiv,MDOnly,MDDivF,MDPrescP
  395    1.000000e+00 YYpznno2q1.414a     0     0    1.000000e+00     1     0     0     0     0     0 YYpznno2q1.414a
  -1.762148000e-01  -8.481570000e+00  -9.181000000e-03
   1.068771000e-01  -8.010820000e+00   8.919840000e-01
  -1.324590000e-01  -8.010820000e+00   9.280480000e-01
  -3.628280000e-01  -8.010820000e+00   8.532330000e-01
  -5.532570000e-01  -8.010820000e+00   7.232300000e-01
  -7.064580000e-01  -8.010820000e+00   5.668930000e-01
  -8.268340000e-01  -8.010820000e+00   3.924290000e-01
  -9.227890000e-01  -8.010820000e+00   2.020960000e-01
  -9.960680000e-01  -8.010820000e+00  -1.178800000e-02
  -1.026557000e+00  -8.010820000e+00  -2.547610000e-01
  -9.720870000e-01  -8.010820000e+00  -5.048680000e-01
  -8.065420000e-01  -8.010820000e+00  -6.987370000e-01
  -5.787010000e-01  -8.010820000e+00  -8.095250000e-01
  -3.441229000e-01  -8.010820000e+00  -8.553890000e-01
  -1.164480000e-01  -8.010820000e+00  -8.568340000e-01
   1.003440000e-01  -8.010820000e+00  -8.113610000e-01
   2.744660000e-01  -8.010820000e+00  -6.804930000e-01
   3.985370000e-01  -8.010820000e+00  -5.168660000e-01
   4.877250000e-01  -8.010820000e+00  -3.494650000e-01
   5.461810000e-01  -8.010820000e+00  -1.769040000e-01
   5.514040000e-01  -8.010820000e+00   2.098000000e-03
   5.179050000e-01  -8.010820000e+00   1.742130000e-01
   4.561650000e-01  -8.010820000e+00   3.383840000e-01
   3.847470000e-01  -8.010820000e+00   5.140700000e-01
   2.816420000e-01  -8.010820000e+00   7.139680000e-01
   1.519166000e-01  -7.539070000e+00   1.207310000e+00
  -1.774520000e-01  -7.539070000e+00   1.267125000e+00
  -4.936990000e-01  -7.539070000e+00   1.158763000e+00
  -7.524050000e-01  -7.539070000e+00   9.739350000e-01
  -9.579280000e-01  -7.539070000e+00   7.556800000e-01
  -1.118520000e+00  -7.539070000e+00   5.173960000e-01
  -1.249600000e+00  -7.539070000e+00   2.586132000e-01
  -1.349030000e+00  -7.539070000e+00  -3.301500000e-02
  -1.390650000e+00  -7.539070000e+00  -3.618790000e-01
  -1.315598000e+00  -7.539070000e+00  -6.999010000e-01
  -1.091129000e+00  -7.539070000e+00  -9.653400000e-01
  -7.877920000e-01  -7.539070000e+00  -1.122840000e+00
  -4.680834000e-01  -7.539070000e+00  -1.195650000e+00
  -1.548710000e-01  -7.539070000e+00  -1.207470000e+00
   1.475210000e-01  -7.539070000e+00  -1.146909000e+00
   3.959010000e-01  -7.539070000e+00  -9.723710000e-01
   5.757500000e-01  -7.539070000e+00  -7.489380000e-01
   7.051340000e-01  -7.539070000e+00  -5.132580000e-01
   7.769860000e-01  -7.539070000e+00  -2.643868000e-01
   7.522410000e-01  -7.539070000e+00  -1.279700000e-02
   6.791710000e-01  -7.539070000e+00   2.133610000e-01
   5.916970000e-01  -7.539070000e+00   4.243930000e-01
   5.015450000e-01  -7.539070000e+00   6.577270000e-01
   3.779450000e-01  -7.539070000e+00   9.400340000e-01
   1.717290000e-01  -7.068310000e+00   1.543160000e+00
  -2.399520000e-01  -7.068310000e+00   1.604930000e+00
  -6.287170000e-01  -7.068310000e+00   1.458374000e+00
  -9.414310000e-01  -7.068310000e+00   1.219688000e+00
  -1.187160000e+00  -7.068310000e+00   9.498940000e-01
  -1.381030000e+00  -7.068310000e+00   6.580600000e-01
  -1.537430000e+00  -7.068310000e+00   3.445288000e-01
  -1.657910000e+00  -7.068310000e+00  -8.319000000e-03
  -1.713080000e+00  -7.068310000e+00  -4.075190000e-01
  -1.630860000e+00  -7.068310000e+00  -8.230640000e-01
  -1.361643000e+00  -7.068310000e+00  -1.152050000e+00
  -9.854120000e-01  -7.068310000e+00  -1.340200000e+00
  -5.922710000e-01  -7.068310000e+00  -1.417670000e+00
  -2.120850000e-01  -7.068310000e+00  -1.420310000e+00
   1.493810000e-01  -7.068310000e+00  -1.342105000e+00
   4.339140000e-01  -7.068310000e+00  -1.112656000e+00
   6.262660000e-01  -7.068310000e+00  -8.302660000e-01
   7.618670000e-01  -7.068310000e+00  -5.521500000e-01
   8.511260000e-01  -7.068310000e+00  -2.724712000e-01
   8.550710000e-01  -7.068310000e+00   1.561700000e-02
   7.981910000e-01  -7.068310000e+00   2.901430000e-01
   7.060120000e-01  -7.068310000e+00   5.548120000e-01
   6.044670000e-01  -7.068310000e+00   8.513000000e-01
   4.553980000e-01  -7.068310000e+00   1.210800000e+00
   1.550940000e-01  -6.596560000e+00   1.790210000e+00
  -3.187960000e-01  -6.596560000e+00   1.844460000e+00
  -7.630470000e-01  -6.596560000e+00   1.677660000e+00
  -1.123810000e+00  -6.596560000e+00   1.411637000e+00
  -1.410090000e+00  -6.596560000e+00   1.105342000e+00
  -1.637580000e+00  -6.596560000e+00   7.725060000e-01
  -1.824380000e+00  -6.596560000e+00   4.107276000e-01
  -1.973640000e+00  -6.596560000e+00   2.153000000e-03
  -2.050630000e+00  -6.596560000e+00  -4.682860000e-01
  -1.963090000e+00  -6.596560000e+00  -9.614600000e-01
  -1.642030000e+00  -6.596560000e+00  -1.346750000e+00
  -1.181791000e+00  -6.596560000e+00  -1.539720000e+00
  -7.179060000e-01  -6.596560000e+00  -1.595640000e+00
  -2.874300000e-01  -6.596560000e+00  -1.573400000e+00
   1.151550000e-01  -6.596560000e+00  -1.485250000e+00
   4.348320000e-01  -6.596560000e+00  -1.233010000e+00
   6.444680000e-01  -6.596560000e+00  -9.115840000e-01
   7.900970000e-01  -6.596560000e+00  -5.996180000e-01
   8.909920000e-01  -6.596560000e+00  -2.902724000e-01
   9.005360000e-01  -6.596560000e+00   2.865700000e-02
   8.428740000e-01  -6.596560000e+00   3.358790000e-01
   7.456160000e-01  -6.596560000e+00   6.352490000e-01
   6.436960000e-01  -6.596560000e+00   9.807100000e-01
   4.829540000e-01  -6.596560000e+00   1.406800000e+00
   1.417950000e-01  -6.125800000e+00   2.029060000e+00
  -3.915600000e-01  -6.125800000e+00   2.081910000e+00
  -8.854370000e-01  -6.125800000e+00   1.883890000e+00
  -1.282770000e+00  -6.125800000e+00   1.579361000e+00
  -1.595770000e+00  -6.125800000e+00   1.237382000e+00
  -1.845940000e+00  -6.125800000e+00   8.688580000e-01
  -2.056730000e+00  -6.125800000e+00   4.698001000e-01
  -2.228890000e+00  -6.125800000e+00   1.845300000e-02
  -2.325990000e+00  -6.125800000e+00  -5.072160000e-01
  -2.239810000e+00  -6.125800000e+00  -1.065810000e+00
  -1.878990000e+00  -6.125800000e+00  -1.499390000e+00
  -1.348682000e+00  -6.125800000e+00  -1.691810000e+00
  -8.262050000e-01  -6.125800000e+00  -1.722370000e+00
  -3.559680000e-01  -6.125800000e+00  -1.676200000e+00
   7.651700000e-02  -6.125800000e+00  -1.579170000e+00
   4.285360000e-01  -6.125800000e+00  -1.321940000e+00
   6.570970000e-01  -6.125800000e+00  -9.748540000e-01
   8.135120000e-01  -6.125800000e+00  -6.348530000e-01
   9.170680000e-01  -6.125800000e+00  -2.971999000e-01
   9.089090000e-01  -6.125800000e+00   4.700600000e-02
   8.326970000e-01  -6.125800000e+00   3.703950000e-01
   7.384360000e-01  -6.125800000e+00   6.904410000e-01
   6.483280000e-01  -6.125800000e+00   1.075280000e+00
   4.988210000e-01  -6.125800000e+00   1.577470000e+00
   1.441610000e-01  -5.654050000e+00   2.207360000e+00
  -4.302700000e-01  -5.654050000e+00   2.263020000e+00
  -9.641100000e-01  -5.654050000e+00   2.057090000e+00
  -1.396750000e+00  -5.654050000e+00   1.736486000e+00
  -1.741280000e+00  -5.654050000e+00   1.370312000e+00
  -2.014130000e+00  -5.654050000e+00   9.691110000e-01
  -2.237210000e+00  -5.654050000e+00   5.345741000e-01
  -2.413890000e+00  -5.654050000e+00   4.478000000e-02
  -2.506590000e+00  -5.654050000e+00  -5.193500000e-01
  -2.408430000e+00  -5.654050000e+00  -1.116020000e+00
  -2.026250000e+00  -5.654050000e+00  -1.583450000e+00
  -1.451796000e+00  -5.654050000e+00  -1.781080000e+00
  -8.908390000e-01  -5.654050000e+00  -1.800270000e+00
  -3.935400000e-01  -5.654050000e+00  -1.740720000e+00
   6.266000000e-02  -5.654050000e+00  -1.635900000e+00
   4.337640000e-01  -5.654050000e+00  -1.367030000e+00
   6.735960000e-01  -5.654050000e+00  -1.000870000e+00
   8.386100000e-01  -5.654050000e+00  -6.421370000e-01
   9.517430000e-01  -5.654050000e+00  -2.884259000e-01
   9.623710000e-01  -5.654050000e+00   7.532700000e-02
   8.957440000e-01  -5.654050000e+00   4.256150000e-01
   7.994040000e-01  -5.654050000e+00   7.758170000e-01
   7.024280000e-01  -5.654050000e+00   1.195310000e+00
   5.357446000e-01  -5.654050000e+00   1.736250000e+00
   1.333960000e-01  -4.720630000e+00   2.393170000e+00
  -4.754260000e-01  -4.720630000e+00   2.459810000e+00
  -1.060000000e+00  -4.720630000e+00   2.297470000e+00
  -1.566710000e+00  -4.720630000e+00   2.002270000e+00
  -1.989240000e+00  -4.720630000e+00   1.622446000e+00
  -2.313890000e+00  -4.720630000e+00   1.166322000e+00
  -2.543560000e+00  -4.720630000e+00   6.541583000e-01
  -2.686340000e+00  -4.720630000e+00   9.514500000e-02
  -2.716450000e+00  -4.720630000e+00  -5.127300000e-01
  -2.567690000e+00  -4.720630000e+00  -1.130930000e+00
  -2.164530000e+00  -4.720630000e+00  -1.627320000e+00
  -1.559278000e+00  -4.720630000e+00  -1.840530000e+00
  -9.636040000e-01  -4.720630000e+00  -1.858040000e+00
  -4.365888000e-01  -4.720630000e+00  -1.791430000e+00
   4.454000000e-02  -4.720630000e+00  -1.679680000e+00
   4.398500000e-01  -4.720630000e+00  -1.401296000e+00
   6.966460000e-01  -4.720630000e+00  -1.014510000e+00
   8.767600000e-01  -4.720630000e+00  -6.366590000e-01
   1.014281000e+00  -4.720630000e+00  -2.638417000e-01
   1.067008000e+00  -4.720630000e+00   1.290440000e-01
   1.021447000e+00  -4.720630000e+00   5.256880000e-01
   9.122810000e-01  -4.720630000e+00   9.210430000e-01
   7.899780000e-01  -4.720630000e+00   1.382170000e+00
   5.766162900e-01  -4.720630000e+00   1.940440000e+00
   1.488470000e-01  -3.787210000e+00   2.590100000e+00
  -4.969590000e-01  -3.787210000e+00   2.671100000e+00
  -1.122980000e+00  -3.787210000e+00   2.513090000e+00
  -1.673220000e+00  -3.787210000e+00   2.211630000e+00
  -2.135990000e+00  -3.787210000e+00   1.808959000e+00
  -2.491310000e+00  -3.787210000e+00   1.317271000e+00
  -2.715540000e+00  -3.787210000e+00   7.555661000e-01
  -2.821270000e+00  -3.787210000e+00   1.557740000e-01
  -2.799900000e+00  -3.787210000e+00  -4.694400000e-01
  -2.616050000e+00  -3.787210000e+00  -1.086330000e+00
  -2.211520000e+00  -3.787210000e+00  -1.592850000e+00
  -1.600200000e+00  -3.787210000e+00  -1.816790000e+00
  -9.921530000e-01  -3.787210000e+00  -1.830030000e+00
  -4.556358000e-01  -3.787210000e+00  -1.758100000e+00
   3.336200000e-02  -3.787210000e+00  -1.646070000e+00
   4.443120000e-01  -3.787210000e+00  -1.378900000e+00
   7.217290000e-01  -3.787210000e+00  -9.956660000e-01
   9.213270000e-01  -3.787210000e+00  -6.109530000e-01
   1.067983000e+00  -3.787210000e+00  -2.204339000e-01
   1.124012000e+00  -3.787210000e+00   1.926240000e-01
   1.072208000e+00  -3.787210000e+00   6.066060000e-01
   9.629370000e-01  -3.787210000e+00   1.024660000e+00
   8.371460000e-01  -3.787210000e+00   1.513350000e+00
   6.157498000e-01  -3.787210000e+00   2.105890000e+00
   1.594030000e-01  -2.853800000e+00   2.875380000e+00
  -5.460400000e-01  -2.853800000e+00   2.964140000e+00
  -1.232120000e+00  -2.853800000e+00   2.803500000e+00
  -1.840750000e+00  -2.853800000e+00   2.475610000e+00
  -2.353220000e+00  -2.853800000e+00   2.042050000e+00
  -2.746390000e+00  -2.853800000e+00   1.497489000e+00
  -2.977530000e+00  -2.853800000e+00   8.744598000e-01
  -3.058860000e+00  -2.853800000e+00   2.168740000e-01
  -2.999750000e+00  -2.853800000e+00  -4.486500000e-01
  -2.779310000e+00  -2.853800000e+00  -1.092250000e+00
  -2.356030000e+00  -2.853800000e+00  -1.630020000e+00
  -1.711910000e+00  -2.853800000e+00  -1.867590000e+00
  -1.064597000e+00  -2.853800000e+00  -1.869180000e+00
  -5.019577000e-01  -2.853800000e+00  -1.782940000e+00
   8.972000000e-03  -2.853800000e+00  -1.664580000e+00
   4.484200000e-01  -2.853800000e+00  -1.402560000e+00
   7.570360000e-01  -2.853800000e+00  -1.013692000e+00
   9.789280000e-01  -2.853800000e+00  -6.070050000e-01
   1.132816000e+00  -2.853800000e+00  -1.865402000e-01
   1.182447000e+00  -2.853800000e+00   2.561120000e-01
   1.117271000e+00  -2.853800000e+00   6.950300000e-01
   1.010332000e+00  -2.853800000e+00   1.142390000e+00
   8.887340000e-01  -2.853800000e+00   1.674720000e+00
   6.605627000e-01  -2.853800000e+00   2.330660000e+00
   1.196740000e-01  -1.920380000e+00   3.081200000e+00
  -6.332400000e-01  -1.920380000e+00   3.189590000e+00
  -1.375650000e+00  -1.920380000e+00   3.025840000e+00
  -2.045030000e+00  -1.920380000e+00   2.708580000e+00
  -2.618820000e+00  -1.920380000e+00   2.239100000e+00
  -3.055740000e+00  -1.920380000e+00   1.644914000e+00
  -3.295190000e+00  -1.920380000e+00   9.538790000e-01
  -3.361510000e+00  -1.920380000e+00   2.385710000e-01
  -3.271080000e+00  -1.920380000e+00  -4.768800000e-01
  -3.016990000e+00  -1.920380000e+00  -1.157780000e+00
  -2.564350000e+00  -1.920380000e+00  -1.730770000e+00
  -1.872730000e+00  -1.920380000e+00  -1.976960000e+00
  -1.180326000e+00  -1.920380000e+00  -1.959930000e+00
  -5.864214000e-01  -1.920380000e+00  -1.854160000e+00
  -5.418200000e-02  -1.920380000e+00  -1.724220000e+00
   4.239560000e-01  -1.920380000e+00  -1.483400000e+00
   7.718180000e-01  -1.920380000e+00  -1.089149000e+00
   1.018702000e+00  -1.920380000e+00  -6.545870000e-01
   1.147085000e+00  -1.920380000e+00  -1.891210000e-01
   1.128493000e+00  -1.920380000e+00   2.794430000e-01
   1.030508000e+00  -1.920380000e+00   7.180710000e-01
   9.397980000e-01  -1.920380000e+00   1.175003000e+00
   8.441820000e-01  -1.920380000e+00   1.740410000e+00
   6.445200000e-01  -1.920380000e+00   2.476870000e+00
   4.121000000e-02  -9.869600000e-01   3.131430000e+00
  -7.325300000e-01  -9.869600000e-01   3.227250000e+00
  -1.486820000e+00  -9.869600000e-01   3.050690000e+00
  -2.162170000e+00  -9.869600000e-01   2.712630000e+00
  -2.735020000e+00  -9.869600000e-01   2.226420000e+00
  -3.170340000e+00  -9.869600000e-01   1.632011000e+00
  -3.435630000e+00  -9.869600000e-01   9.432550000e-01
  -3.549860000e+00  -9.869600000e-01   2.125820000e-01
  -3.512810000e+00  -9.869600000e-01  -5.425900000e-01
  -3.284140000e+00  -9.869600000e-01  -1.281100000e+00
  -2.794750000e+00  -9.869600000e-01  -1.891330000e+00
  -2.032720000e+00  -9.869600000e-01  -2.110720000e+00
  -1.292790000e+00  -9.869600000e-01  -2.039320000e+00
  -6.851575000e-01  -9.869600000e-01  -1.891430000e+00
  -1.564030000e-01  -9.869600000e-01  -1.736230000e+00
   3.317660000e-01  -9.869600000e-01  -1.520300000e+00
   6.959660000e-01  -9.869600000e-01  -1.137344000e+00
   9.442030000e-01  -9.869600000e-01  -6.939380000e-01
   1.032835000e+00  -9.869600000e-01  -2.107450000e-01
   9.185370000e-01  -9.869600000e-01   2.530410000e-01
   8.103420000e-01  -9.869600000e-01   6.587110000e-01
   7.504740000e-01  -9.869600000e-01   1.096519000e+00
   7.044980000e-01  -9.869600000e-01   1.673540000e+00
   5.682020000e-01  -9.869600000e-01   2.490830000e+00
  -4.860400000e-02  -3.545410000e-01   3.182920000e+00
   4.911790000e-01  -3.545410000e-01   2.537500000e+00
   5.511060000e-01  -3.545410000e-01   1.618330000e+00
   5.427300000e-01  -3.545410000e-01   1.029040000e+00
   5.663140000e-01  -3.545410000e-01   6.138270000e-01
   6.496230000e-01  -3.545410000e-01   2.445790000e-01
   9.019060000e-01  -3.545410000e-01  -2.102940000e-01
   8.732870000e-01  -3.545410000e-01  -7.212310000e-01
   5.981980000e-01  -3.545410000e-01  -1.152210000e+00
   1.992500000e-01  -3.545410000e-01  -1.481150000e+00
  -2.838090000e-01  -3.545410000e-01  -1.664640000e+00
  -7.918674000e-01  -3.545410000e-01  -1.847830000e+00
  -1.399604000e+00  -3.545410000e-01  -2.048930000e+00
  -2.187150000e+00  -3.545410000e-01  -2.204170000e+00
  -3.025530000e+00  -3.545410000e-01  -2.028460000e+00
  -3.542070000e+00  -3.545410000e-01  -1.381760000e+00
  -3.759710000e+00  -3.545410000e-01  -5.883500000e-01
  -3.754550000e+00  -3.545410000e-01   2.038050000e-01
  -3.598280000e+00  -3.545410000e-01   9.507060000e-01
  -3.310580000e+00  -3.545410000e-01   1.641634000e+00
  -2.869310000e+00  -3.545410000e-01   2.248010000e+00
  -2.287820000e+00  -3.545410000e-01   2.737920000e+00
  -1.606320000e+00  -3.545410000e-01   3.096490000e+00
  -8.394100000e-01  -3.545410000e-01   3.273470000e+00
  -2.453010000e+00  -4.050410000e-01  -1.622560000e+00
  -2.978700000e+00  -3.993410000e-01  -1.376080000e+00
  -1.356620000e+00  -3.957410000e-01   2.806280000e+00
  -8.738800000e-01  -4.178410000e-01   2.540420000e+00
  -2.120380000e+00  -4.715410000e-01   6.936180000e-01
  -2.059130000e+00  -4.675410000e-01   1.013107500e+00
  -1.726400000e+00  -4.735410000e-01   1.016310800e+00
  -7.254957000e-01  -3.973410000e-01  -1.504020000e+00
  -1.753390000e+00  -4.805410000e-01   2.584400000e-01
  -1.391160000e+00  -4.775410000e-01   1.011514000e+00
  -1.110120000e+00  -4.795410000e-01   2.805310000e-01
  -2.562880000e+00  -4.476410000e-01   9.703400000e-01
  -2.678460000e+00  -4.505410000e-01   3.715950000e-01
  -3.138710000e+00  -4.136410000e-01   6.390870000e-01
  -2.542280000e+00  -4.241410000e-01   1.638005000e+00
  -2.701140000e+00  -4.257410000e-01   1.360366000e+00
  -2.668800000e+00  -4.175410000e-01   1.590249000e+00
  -1.334840000e-01  -4.087410000e-01   2.249377000e+00
  -7.478630000e-01  -4.524410000e-01   1.685407000e+00
  -2.019850000e+00  -4.348410000e-01  -1.278060000e+00
  -1.915510000e+00  -4.479410000e-01  -1.045610000e+00
  -1.703948000e+00  -4.438410000e-01  -1.145360000e+00
  -1.757200000e+00  -4.490410000e-01   1.837501000e+00
  -1.630220000e+00  -4.262410000e-01   2.334297000e+00
  -1.533130000e+00  -4.409410000e-01   2.095365000e+00
  -3.159570000e+00  -4.105410000e-01  -7.671400000e-01
  -2.489030000e+00  -4.402410000e-01  -9.393800000e-01
  -1.190793000e+00  -4.051410000e-01  -1.576390000e+00
  -1.492384000e+00  -4.391410000e-01  -1.239120000e+00
  -9.158300000e-01  -4.318410000e-01  -1.210060000e+00
  -1.925260000e+00  -4.175410000e-01   2.311328000e+00
  -1.815430000e+00  -3.943410000e-01   2.647950000e+00
  -1.721330000e+00  -4.104410000e-01   2.501120000e+00
  -1.795533000e+00  -4.059410000e-01  -1.677810000e+00
  -2.210200000e+00  -4.054410000e-01   2.278359000e+00
   4.140900000e-02  -3.969410000e-01  -1.140870000e+00
   2.255000000e-01  -4.056410000e-01  -7.302960000e-01
   3.460690000e-01  -4.011410000e-01   7.512000000e-03
  -2.275640000e+00  -4.685410000e-01   1.545240000e-01
  -2.675940000e+00  -4.491410000e-01  -2.543200000e-01
   1.117341000e-01  -4.147410000e-01   8.189250000e-01
  -1.924170000e-01  -4.437410000e-01   3.068570000e-01
  -2.951190000e+00  -4.106410000e-01   1.264854900e+00
  -3.219480000e+00  -4.143410000e-01  -4.601100000e-02
  -3.689150000e-01  -4.030410000e-01  -1.328360000e+00
  -4.693240000e-01  -4.386410000e-01  -8.532900000e-01
   2.459210000e-01  -3.953410000e-01   1.574704000e+00
  -2.002530000e-01  -4.334410000e-01   1.448561000e+00
  -2.093730000e+00  -4.695410000e-01  -3.184780000e-01
  -2.353710000e+00  -4.261410000e-01   1.829350000e+00
  -2.447090000e+00  -4.382410000e-01   1.455877000e+00
  -8.218150000e-01  -4.512410000e-01  -8.074400000e-01
  -8.362650000e-01  -4.595410000e-01  -5.600790000e-01
  -1.099450000e+00  -4.545410000e-01   1.775920000e+00
  -1.154460000e+00  -4.392410000e-01   2.168426000e+00
  -9.516600000e-01  -4.464410000e-01   1.941916000e+00
  -2.135430000e+00  -4.229410000e-01   2.073463000e+00
  -2.279970000e+00  -4.161410000e-01   2.053855000e+00
  -2.060650000e+00  -4.395410000e-01   1.848567000e+00
  -2.005890000e+00  -4.615410000e-01   1.325597000e+00
  -2.228490000e+00  -4.515410000e-01   1.395737000e+00
  -1.616850000e+00  -4.795410000e-01  -1.934700000e-02
  -1.855290000e+00  -4.755410000e-01  -1.664130000e-01
  -1.474300000e+00  -4.765410000e-01  -2.871340000e-01
  -1.293210000e+00  -4.785410000e-01  -9.302000000e-03
  -1.071463000e+00  -4.735410000e-01  -1.550090000e-01
  -5.723880000e-01  -4.625410000e-01   8.377197000e-01
  -1.484420000e+00  -4.121410000e-01   2.565290000e+00
  -1.181650000e+00  -4.152410000e-01   2.557850000e+00
  -1.806180000e+00  -4.595410000e-01  -8.241600000e-01
  -1.487241000e+00  -4.605410000e-01  -7.993800000e-01
  -1.493813000e+00  -4.506410000e-01  -1.021750000e+00
  -1.409590000e+00  -4.675410000e-01   1.422974000e+00
  -1.080610000e+00  -4.615410000e-01   1.559191000e+00
  -2.449590000e-01  -4.440410000e-01  -2.536780000e-01
  -2.286380000e+00  -4.565410000e-01   1.147968780e+00
  -2.201380000e+00  -4.645410000e-01   9.242930000e-01
  -1.954450000e+00  -4.655410000e-01  -5.788200000e-01
  -2.146600000e+00  -4.515410000e-01  -8.772700000e-01
  -2.124160000e+00  -4.605410000e-01  -6.023700000e-01
  -1.724670000e+00  -4.605410000e-01   1.566015000e+00
  -1.709220000e+00  -4.665410000e-01   1.369286000e+00
  -2.639470000e+00  -4.089410000e-01   1.810132000e+00
  -5.981610000e-01  -4.645410000e-01   1.707900000e-01
  -5.452870000e-01  -4.575410000e-01  -2.701970000e-01
  -1.043567000e+00  -4.460410000e-01  -1.020330000e+00
  -8.693220000e-01  -4.418410000e-01  -1.019750000e+00
  -1.327302000e+00  -4.685410000e-01  -5.528600000e-01
  -1.565740000e+00  -4.645410000e-01  -6.815100000e-01
  -1.391340000e+00  -4.330410000e-01   2.261361000e+00
  -1.990810000e+00  -4.290410000e-01   2.079948000e+00
  -9.824180000e-01  -4.745410000e-01  -1.609300000e-02
  -7.216880000e-01  -4.665410000e-01  -6.846300000e-02
  -1.713880000e+00  -4.715410000e-01  -4.294800000e-01
  -1.340845000e+00  -4.503410000e-01  -1.012860000e+00
  -1.271976000e+00  -4.435410000e-01  -1.123720000e+00
  -8.497160000e-01  -4.675410000e-01  -2.977170000e-01
  -5.078060000e-01  -4.484410000e-01  -5.657420000e-01
  -1.523800000e+00  -4.805410000e-01   1.245690000e-01
  -1.013510000e+00  -4.645410000e-01  -5.506560000e-01
  -1.088009000e+00  -4.685410000e-01  -4.237910000e-01
  -1.445840000e+00  -4.543410000e-01   1.816434000e+00
  -1.174305000e+00  -4.585410000e-01  -7.935900000e-01
  -1.784510000e+00  -4.735410000e-01  -3.003060000e-01
  -2.253620000e+00  -4.399410000e-01   1.647222000e+00
  -2.502980000e+00  -4.434410000e-01   1.218108900e+00
C Number of facets
  786
C  Size  Node 1  ......Node N Marker
    3    0    1    2    3
    3    0    2    3    3
    3    0    3    4    3
    3    0    4    5    3
    3    0    5    6    3
    3    0    6    7    3
    3    0    7    8    3
    3    0    8    9    3
    3    0    9   10    3
    3    0   10   11    3
    3    0   11   12    3
    3    0   12   13    3
    3    0   13   14    3
    3    0   14   15    3
    3    0   15   16    3
    3    0   16   17    3
    3    0   17   18    3
    3    0   18   19    3
    3    0   19   20    3
    3    0   20   21    3
    3    0   21   22    3
    3    0   22   23    3
    3    0   23   24    3
    3    0   24    1    3
    3    1   25   26    3
    3    1   26    2    3
    3    2   26   27    3
    3    2   27    3    3
    3    3   27   28    3
    3    3   28    4    3
    3    4   28   29    3
    3    4   29    5    3
    3    5   29   30    3
    3    5   30    6    3
    3    6   30   31    3
    3    6   31    7    3
    3    7   31   32    3
    3    7   32    8    3
    3    8   32   33    3
    3    8   33    9    3
    3    9   33   34    3
    3    9   34   10    3
    3   10   34   35    3
    3   10   35   11    3
    3   11   35   36    3
    3   11   36   12    3
    3   12   36   37    3
    3   12   37   13    3
    3   13   37   38    3
    3   13   38   14    3
    3   14   38   39    3
    3   14   39   15    3
    3   15   39   40    3
    3   15   40   16    3
    3   16   40   41    3
    3   16   41   17    3
    3   17   41   42    3
    3   17   42   18    3
    3   18   42   43    3
    3   18   43   19    3
    3   19   43   44    3
    3   19   44   20    3
    3   20   44   45    3
    3   20   45   21    3
    3   21   45   46    3
    3   21   46   22    3
    3   22   46   47    3
    3   22   47   23    3
    3   23   47   48    3
    3   23   48   24    3
    3   24   48   25    3
    3   24   25    1    3
    3   25   49   50    3
    3   25   50   26    3
    3   26   50   51    3
    3   26   51   27    3
    3   27   51   52    3
    3   27   52   28    3
    3   28   52   53    3
    3   28   53   29    3
    3   29   53   54    3
    3   29   54   30    3
    3   30   54   55    3
    3   30   55   31    3
    3   31   55   56    3
    3   31   56   32    3
    3   32   56   57    3
    3   32   57   33    3
    3   33   57   58    3
    3   33   58   34    3
    3   34   58   59    3
    3   34   59   35    3
    3   35   59   60    3
    3   35   60   36    3
    3   36   60   61    3
    3   36   61   37    3
    3   37   61   62    3
    3   37   62   38    3
    3   38   62   63    3
    3   38   63   39    3
    3   39   63   64    3
    3   39   64   40    3
    3   40   64   65    3
    3   40   65   41    3
    3   41   65   66    3
    3   41   66   42    3
    3   42   66   67    3
    3   42   67   43    3
    3   43   67   68    3
    3   43   68   44    3
    3   44   68   69    3
    3   44   69   45    3
    3   45   69   70    3
    3   45   70   46    3
    3   46   70   71    3
    3   46   71   47    3
    3   47   71   72    3
    3   47   72   48    3
    3   48   72   49    3
    3   48   49   25    3
    3   49   73   74    3
    3   49   74   50    3
    3   50   74   75    3
    3   50   75   51    3
    3   51   75   76    3
    3   51   76   52    3
    3   52   76   77    3
    3   52   77   53    3
    3   53   77   78    3
    3   53   78   54    3
    3   54   78   79    3
    3   54   79   55    3
    3   55   79   80    3
    3   55   80   56    3
    3   56   80   81    3
    3   56   81   57    3
    3   57   81   82    3
    3   57   82   58    3
    3   58   82   83    3
    3   58   83   59    3
    3   59   83   84    3
    3   59   84   60    3
    3   60   84   85    3
    3   60   85   61    3
    3   61   85   86    3
    3   61   86   62    3
    3   62   86   87    3
    3   62   87   63    3
    3   63   87   88    3
    3   63   88   64    3
    3   64   88   89    3
    3   64   89   65    3
    3   65   89   90    3
    3   65   90   66    3
    3   66   90   91    3
    3   66   91   67    3
    3   67   91   92    3
    3   67   92   68    3
    3   68   92   93    3
    3   68   93   69    3
    3   69   93   94    3
    3   69   94   70    3
    3   70   94   95    3
    3   70   95   71    3
    3   71   95   96    3
    3   71   96   72    3
    3   72   96   73    3
    3   72   73   49    3
    3   73   97   98    3
    3   73   98   74    3
    3   74   98   99    3
    3   74   99   75    3
    3   75   99  100    3
    3   75  100   76    3
    3   76  100  101    3
    3   76  101   77    3
    3   77  101  102    3
    3   77  102   78    3
    3   78  102  103    3
    3   78  103   79    3
    3   79  103  104    3
    3   79  104   80    3
    3   80  104  105    3
    3   80  105   81    3
    3   81  105  106    3
    3   81  106   82    3
    3   82  106  107    3
    3   82  107   83    3
    3   83  107  108    3
    3   83  108   84    3
    3   84  108  109    3
    3   84  109   85    3
    3   85  109  110    3
    3   85  110   86    3
    3   86  110  111    3
    3   86  111   87    3
    3   87  111  112    3
    3   87  112   88    3
    3   88  112  113    3
    3   88  113   89    3
    3   89  113  114    3
    3   89  114   90    3
    3   90  114  115    3
    3   90  115   91    3
    3   91  115  116    3
    3   91  116   92    3
    3   92  116  117    3
    3   92  117   93    3
    3   93  117  118    3
    3   93  118   94    3
    3   94  118  119    3
    3   94  119   95    3
    3   95  119  120    3
    3   95  120   96    3
    3   96  120   97    3
    3   96   97   73    3
    3   97  121  122    3
    3   97  122   98    3
    3   98  122  123    3
    3   98  123   99    3
    3   99  123  124    3
    3   99  124  100    3
    3  100  124  125    3
    3  100  125  101    3
    3  101  125  126    3
    3  101  126  102    3
    3  102  126  127    3
    3  102  127  103    3
    3  103  127  128    3
    3  103  128  104    3
    3  104  128  129    3
    3  104  129  105    3
    3  105  129  130    3
    3  105  130  106    3
    3  106  130  131    3
    3  106  131  107    3
    3  107  131  132    3
    3  107  132  108    3
    3  108  132  133    3
    3  108  133  109    3
    3  109  133  134    3
    3  109  134  110    3
    3  110  134  135    3
    3  110  135  111    3
    3  111  135  136    3
    3  111  136  112    3
    3  112  136  137    3
    3  112  137  113    3
    3  113  137  138    3
    3  113  138  114    3
    3  114  138  139    3
    3  114  139  115    3
    3  115  139  140    3
    3  115  140  116    3
    3  116  140  141    3
    3  116  141  117    3
    3  117  141  142    3
    3  117  142  118    3
    3  118  142  143    3
    3  118  143  119    3
    3  119  143  144    3
    3  119  144  120    3
    3  120  144  121    3
    3  120  121   97    3
    3  121  145  146    3
    3  121  146  122    3
    3  122  146  147    3
    3  122  147  123    3
    3  123  147  148    3
    3  123  148  124    3
    3  124  148  149    3
    3  124  149  125    3
    3  125  149  150    3
    3  125  150  126    3
    3  126  150  151    3
    3  126  151  127    3
    3  127  151  152    3
    3  127  152  128    3
    3  128  152  153    3
    3  128  153  129    3
    3  129  153  154    3
    3  129  154  130    3
    3  130  154  155    3
    3  130  155  131    3
    3  131  155  156    3
    3  131  156  132    3
    3  132  156  157    3
    3  132  157  133    3
    3  133  157  158    3
    3  133  158  134    3
    3  134  158  159    3
    3  134  159  135    3
    3  135  159  160    3
    3  135  160  136    3
    3  136  160  161    3
    3  136  161  137    3
    3  137  161  162    3
    3  137  162  138    3
    3  138  162  163    3
    3  138  163  139    3
    3  139  163  164    3
    3  139  164  140    3
    3  140  164  165    3
    3  140  165  141    3
    3  141  165  166    3
    3  141  166  142    3
    3  142  166  167    3
    3  142  167  143    3
    3  143  167  168    3
    3  143  168  144    3
    3  144  168  145    3
    3  144  145  121    3
    3  145  169  170    3
    3  145  170  146    3
    3  146  170  171    3
    3  146  171  147    3
    3  147  171  172    3
    3  147  172  148    3
    3  148  172  173    3
    3  148  173  149    3
    3  149  173  174    3
    3  149  174  150    3
    3  150  174  175    3
    3  150  175  151    3
    3  151  175  176    3
    3  151  176  152    3
    3  152  176  177    3
    3  152  177  153    3
    3  153  177  178    3
    3  153  178  154    3
    3  154  178  179    3
    3  154  179  155    3
    3  155  179  180    3
    3  155  180  156    3
    3  156  180  181    3
    3  156  181  157    3
    3  157  181  182    3
    3  157  182  158    3
    3  158  182  183    3
    3  158  183  159    3
    3  159  183  184    3
    3  159  184  160    3
    3  160  184  185    3
    3  160  185  161    3
    3  161  185  186    3
    3  161  186  162    3
    3  162  186  187    3
    3  162  187  163    3
    3  163  187  188    3
    3  163  188  164    3
    3  164  188  189    3
    3  164  189  165    3
    3  165  189  190    3
    3  165  190  166    3
    3  166  190  191    3
    3  166  191  167    3
    3  167  191  192    3
    3  167  192  168    3
    3  168  192  169    3
    3  168  169  145    3
    3  169  193  194    3
    3  169  194  170    3
    3  170  194  195    3
    3  170  195  171    3
    3  171  195  196    3
    3  171  196  172    3
    3  172  196  197    3
    3  172  197  173    3
    3  173  197  198    3
    3  173  198  174    3
    3  174  198  199    3
    3  174  199  175    3
    3  175  199  200    3
    3  175  200  176    3
    3  176  200  201    3
    3  176  201  177    3
    3  177  201  202    3
    3  177  202  178    3
    3  178  202  203    3
    3  178  203  179    3
    3  179  203  204    3
    3  179  204  180    3
    3  180  204  205    3
    3  180  205  181    3
    3  181  205  206    3
    3  181  206  182    3
    3  182  206  207    3
    3  182  207  183    3
    3  183  207  208    3
    3  183  208  184    3
    3  184  208  209    3
    3  184  209  185    3
    3  185  209  210    3
    3  185  210  186    3
    3  186  210  211    3
    3  186  211  187    3
    3  187  211  212    3
    3  187  212  188    3
    3  188  212  213    3
    3  188  213  189    3
    3  189  213  214    3
    3  189  214  190    3
    3  190  214  215    3
    3  190  215  191    3
    3  191  215  216    3
    3  191  216  192    3
    3  192  216  193    3
    3  192  193  169    3
    3  193  217  218    3
    3  193  218  194    3
    3  194  218  219    3
    3  194  219  195    3
    3  195  219  220    3
    3  195  220  196    3
    3  196  220  221    3
    3  196  221  197    3
    3  197  221  222    3
    3  197  222  198    3
    3  198  222  223    3
    3  198  223  199    3
    3  199  223  224    3
    3  199  224  200    3
    3  200  224  225    3
    3  200  225  201    3
    3  201  225  226    3
    3  201  226  202    3
    3  202  226  227    3
    3  202  227  203    3
    3  203  227  228    3
    3  203  228  204    3
    3  204  228  229    3
    3  204  229  205    3
    3  205  229  230    3
    3  205  230  206    3
    3  206  230  231    3
    3  206  231  207    3
    3  207  231  232    3
    3  207  232  208    3
    3  208  232  233    3
    3  208  233  209    3
    3  209  233  234    3
    3  209  234  210    3
    3  210  234  235    3
    3  210  235  211    3
    3  211  235  236    3
    3  211  236  212    3
    3  212  236  237    3
    3  212  237  213    3
    3  213  237  238    3
    3  213  238  214    3
    3  214  238  239    3
    3  214  239  215    3
    3  215  239  240    3
    3  215  240  216    3
    3  216  240  217    3
    3  216  217  193    3
    3  217  241  242    3
    3  217  242  218    3
    3  218  242  243    3
    3  218  243  219    3
    3  219  243  244    3
    3  219  244  220    3
    3  220  244  245    3
    3  220  245  221    3
    3  221  245  246    3
    3  221  246  222    3
    3  222  246  247    3
    3  222  247  223    3
    3  223  247  248    3
    3  223  248  224    3
    3  224  248  249    3
    3  224  249  225    3
    3  225  249  250    3
    3  225  250  226    3
    3  226  250  251    3
    3  226  251  227    3
    3  227  251  252    3
    3  227  252  228    3
    3  228  252  253    3
    3  228  253  229    3
    3  229  253  254    3
    3  229  254  230    3
    3  230  254  255    3
    3  230  255  231    3
    3  231  255  256    3
    3  231  256  232    3
    3  232  256  257    3
    3  232  257  233    3
    3  233  257  258    3
    3  233  258  234    3
    3  234  258  259    3
    3  234  259  235    3
    3  235  259  260    3
    3  235  260  236    3
    3  236  260  261    3
    3  236  261  237    3
    3  237  261  262    3
    3  237  262  238    3
    3  238  262  263    3
    3  238  263  239    3
    3  239  263  264    3
    3  239  264  240    3
    3  240  264  241    3
    3  240  241  217    3
    3  264  265  241    3
    3  264  266  265    3
    3  263  266  264    3
    3  263  267  266    3
    3  262  267  263    3
    3  262  268  267    3
    3  261  268  262    3
    3  261  269  268    3
    3  260  269  261    3
    3  260  270  269    3
    3  259  270  260    3
    3  259  271  270    3
    3  258  271  259    3
    3  258  272  271    3
    3  257  272  258    3
    3  257  273  272    3
    3  256  273  257    3
    3  256  274  273    3
    3  255  274  256    3
    3  255  275  274    3
    3  254  275  255    3
    3  254  276  275    3
    3  253  276  254    3
    3  253  277  276    3
    3  252  277  253    3
    3  252  278  277    3
    3  251  278  252    3
    3  251  279  278    3
    3  250  279  251    3
    3  250  280  279    3
    3  249  280  250    3
    3  249  281  280    3
    3  248  281  249    3
    3  248  282  281    3
    3  247  282  248    3
    3  247  283  282    3
    3  246  283  247    3
    3  246  284  283    3
    3  245  284  246    3
    3  245  285  284    3
    3  244  285  245    3
    3  244  286  285    3
    3  243  286  244    3
    3  243  287  286    3
    3  242  287  243    3
    3  242  288  287    3
    3  241  288  242    3
    3  241  265  288    3
    3  289  279  290    1
    3  291  288  292    1
    3  293  294  295    3
    3  296  275  276    1
    3  297  298  299    1
    3  300  301  302    1
    3  303  304  305    3
    3  292  306  307    1
    3  308  309  310    4
    3  300  293  301    1
    3  311  312  313    3
    3  290  314  315    1
    3  316  317  318    1
    3  319  320  321    3
    3  317  322  308    1
    3  286  323  285    1
    3  286  287  320    1
    3  298  297  293    1
    3  324  325  273    1
    3  326  271  272    1
    3  327  328  301    1
    3  329  326  330    1
    3  300  331  304    1
    3  332  282  302    1
    3  272  325  326    1
    3  296  276  316    1
    3  296  333  275    1
    3  324  334  325    1
    3  335  329  336    1
    3  315  328  337    1
    3  338  339  303    3
    3  334  340  341    4
    3  279  289  278    1
    3  274  275  333    1
    3  322  278  289    1
    3  342  343  344    3
    3  332  301  328    1
    3  314  290  280    1
    3  345  338  346    3
    3  324  333  334    1
    3  277  316  276    1
    3  266  267  335    1
    3  288  291  287    1
    3  347  348  349    3
    3  316  322  317    1
    3  297  350  351    4
    3  327  301  293    1
    3  283  331  302    1
    3  352  353  354    4
    3  326  269  270    1
    3  332  302  301    1
    3  355  299  298    1
    3  312  356  357    3
    3  330  355  329    1
    3  336  306  335    1
    3  271  326  270    1
    3  358  359  360    4
    3  298  361  362    3
    3  283  302  282    1
    3  336  329  355    1
    3  326  363  330    1
    3  265  292  288    1
    3  300  364  365    3
    3  366  367  368    4
    3  333  318  334    1
    3  369  361  370    3
    3  327  293  297    1
    3  278  322  277    1
    3  320  291  356    3
    3  371  285  323    1
    3  363  325  334    1
    3  371  331  284    1
    3  364  339  349    3
    3  268  335  267    1
    3  372  363  373    4
    3  280  290  279    1
    3  266  306  265    1
    3  316  277  322    1
    3  328  315  314    1
    3  308  315  367    1
    3  355  330  372    1
    3  327  297  337    1
    3  280  281  314    1
    3  374  340  375    4
    3  296  316  318    1
    3  352  376  377    4
    3  355  307  336    1
    3  292  343  378    3
    3  326  325  363    1
    3  320  287  291    1
    3  345  319  379    3
    3  380  372  381    4
    3  358  366  382    4
    3  268  329  335    1
    3  273  274  324    1
    3  336  307  306    1
    3  265  306  292    1
    3  296  318  333    1
    3  383  374  384    4
    3  329  268  269    1
    3  385  373  386    4
    3  333  324  274    1
    3  283  284  331    1
    3  298  307  355    1
    3  299  353  387    4
    3  308  289  315    1
    3  273  325  272    1
    3  327  337  328    1
    3  388  376  389    4
    3  314  332  328    1
    3  281  282  332    1
    3  315  289  290    1
    3  363  372  330    1
    3  355  372  299    1
    3  285  371  284    1
    3  314  281  332    1
    3  269  326  329    1
    3  369  347  311    3
    3  266  335  306    1
    3  286  320  323    1
    3  308  322  289    1
    3  300  302  331    1
    3  343  390  313    3
    3  292  307  344    3
    3  298  348  370    3
    3  361  390  342    3
    3  343  342  390    3
    3  342  307  362    3
    3  347  369  348    3
    3  361  369  390    3
    3  369  311  390    3
    3  312  311  347    3
    3  311  313  390    3
    3  313  312  378    3
    3  298  362  307    3
    3  342  362  361    3
    3  342  344  307    3
    3  292  344  343    3
    3  369  370  348    3
    3  298  370  361    3
    3  292  378  312    3
    3  313  378  343    3
    3  334  318  375    4
    3  340  391  388    4
    3  318  317  384    4
    3  340  374  391    4
    3  352  385  389    4
    3  376  391  359    4
    3  376  388  391    4
    3  388  385  341    4
    3  359  391  383    4
    3  359  358  377    4
    3  374  383  391    4
    3  383  317  360    4
    3  374  375  318    4
    3  334  375  340    4
    3  334  341  385    4
    3  388  341  340    4
    3  388  389  385    4
    3  352  389  376    4
    3  352  377  358    4
    3  359  377  376    4
    3  358  360  317    4
    3  383  360  359    4
    3  383  384  317    4
    3  318  384  374    4
    3  367  358  309    4
    3  315  337  368    1
    3  353  352  350    4
    3  353  299  380    4
    3  372  380  299    4
    3  380  385  354    4
    3  350  352  392    4
    3  350  297  387    4
    3  366  337  392    4
    3  367  366  358    4
    3  363  334  386    4
    3  373  385  381    4
    3  392  337  351    4
    3  392  352  382    4
    3  380  381  385    4
    3  373  381  372    4
    3  358  317  310    4
    3  367  309  308    4
    3  385  386  334    4
    3  363  386  373    4
    3  366  368  337    4
    3  315  368  367    1
    3  299  387  297    4
    3  350  387  353    4
    3  352  354  385    4
    3  380  354  353    4
    3  358  382  352    4
    3  392  382  366    4
    3  297  351  337    4
    3  392  351  350    4
    3  308  310  317    4
    3  358  310  309    4
    3  312  347  379    3
    3  320  319  323    3
    3  371  323  346    3
    3  338  347  393    3
    3  364  300  394    3
    3  364  348  294    3
    3  319  345  323    3
    3  338  345  347    3
    3  348  298  295    3
    3  294  293  365    3
    3  304  339  394    3
    3  331  371  305    1
    3  364  349  348    3
    3  349  339  393    3
    3  338  393  339    3
    3  349  393  347    3
    3  338  303  371    3
    3  304  303  339    3
    3  356  312  321    3
    3  291  292  357    3
    3  364  394  339    3
    3  304  394  300    3
    3  319  321  312    3
    3  356  321  320    3
    3  293  295  298    3
    3  348  295  294    3
    3  312  357  292    3
    3  291  357  356    3
    3  345  346  323    3
    3  371  346  338    3
    3  303  305  371    3
    3  331  305  304    1
    3  345  379  347    3
    3  312  379  319    3
    3  300  365  293    3
    3  294  365  364    3
C Prescribed Values(Inlet, Outlet), InteractionSurface(Inlet, Outlet)
       1        0        0        2        2        2
C Inlet Pressure, FunID (E18.9,I5)
   1.000000000e+00    3
C Outlet Velocity
C     Vx,           Vy,            Vz,    indVx,indVy,indVz, FunID(3E18.9, 4I5)
   0.000000000e+00   1.000000000e+00   0.000000000e+00    1    0    0    4
C Inlet Velocity
C nNodeID,    Vx,           Vy,            Vz (I5, 3E18.9)
  265
    1   4.000000000e-01  -1.100000000e+00  -1.400000000e+00
    2   5.000000000e-01  -8.500000000e-01  -7.500000000e-01
    3   4.500000000e-01  -8.500000000e-01  -2.500000000e-01
    4   2.000000000e-01  -8.500000000e-01   1.000000000e-01
    5  -2.500000000e-01  -8.500000000e-01   3.000000000e-01
    6  -7.000000000e-01  -8.500000000e-01   2.500000000e-01
    7  -9.500000000e-01  -8.500000000e-01  -5.000000000e-02
    8  -1.100000000e+00  -8.500000000e-01  -4.500000000e-01
    9  -9.500000000e-01  -8.500000000e-01  -8.500000000e-01
   10  -7.500000000e-01  -8.500000000e-01  -1.100000000e+00
   11  -4.500000000e-01  -8.500000000e-01  -1.150000000e+00
   12  -4.000000000e-01  -8.500000000e-01  -1.450000000e+00
   13  -5.500000000e-01  -8.500000000e-01  -2.050000000e+00
   14  -3.500000000e-01  -8.500000000e-01  -2.800000000e+00
   15   1.500000000e-01  -8.500000000e-01  -3.350000000e+00
   16   8.000000000e-01  -8.500000000e-01  -3.450000000e+00
   17   1.550000000e+00  -8.500000000e-01  -3.450000000e+00
   18   2.350000000e+00  -8.500000000e-01  -3.250000000e+00
   19   2.950000000e+00  -8.500000000e-01  -2.700000000e+00
   20   3.050000000e+00  -8.500000000e-01  -1.850000000e+00
   21   2.050000000e+00  -8.500000000e-01  -1.100000000e+00
   22   1.000000000e+00  -8.500000000e-01  -9.000000000e-01
   23   5.000000000e-01  -8.500000000e-01  -1.000000000e+00
   24   3.000000000e-01  -8.500000000e-01  -1.150000000e+00
   25   3.500000000e-01  -8.500000000e-01  -1.150000000e+00
   26   4.000000000e-01  -8.000000000e-01  -6.000000000e-01
   27   3.500000000e-01  -8.000000000e-01  -2.500000000e-01
   28   1.000000000e-01  -8.000000000e-01   5.000000000e-02
   29  -3.000000000e-01  -8.000000000e-01   2.500000000e-01
   30  -6.500000000e-01  -8.000000000e-01   2.000000000e-01
   31  -9.500000000e-01  -8.000000000e-01  -5.000000000e-02
   32  -1.050000000e+00  -8.000000000e-01  -4.000000000e-01
   33  -1.050000000e+00  -8.000000000e-01  -6.500000000e-01
   34  -9.500000000e-01  -8.000000000e-01  -9.500000000e-01
   35  -7.500000000e-01  -8.000000000e-01  -1.100000000e+00
   36  -8.000000000e-01  -8.000000000e-01  -1.400000000e+00
   37  -8.500000000e-01  -8.000000000e-01  -2.100000000e+00
   38  -7.000000000e-01  -8.000000000e-01  -2.900000000e+00
   39  -1.000000000e-01  -8.000000000e-01  -3.400000000e+00
   40   5.500000000e-01  -8.000000000e-01  -3.450000000e+00
   41   1.150000000e+00  -8.000000000e-01  -3.100000000e+00
   42   1.550000000e+00  -8.000000000e-01  -2.650000000e+00
   43   1.850000000e+00  -8.000000000e-01  -2.100000000e+00
   44   2.000000000e+00  -8.000000000e-01  -1.600000000e+00
   45   1.500000000e+00  -8.000000000e-01  -1.050000000e+00
   46   9.000000000e-01  -8.000000000e-01  -8.500000000e-01
   47   5.000000000e-01  -8.000000000e-01  -8.000000000e-01
   48   3.500000000e-01  -8.000000000e-01  -8.500000000e-01
   49   3.000000000e-01  -8.000000000e-01  -9.000000000e-01
   50   2.000000000e-01  -7.500000000e-01  -9.500000000e-01
   51   1.500000000e-01  -7.500000000e-01  -5.000000000e-01
   52  -1.000000000e-01  -7.500000000e-01  -1.000000000e-01
   53  -5.500000000e-01  -7.500000000e-01   1.000000000e-01
   54  -9.500000000e-01  -7.500000000e-01   5.000000000e-02
   55  -1.200000000e+00  -7.500000000e-01  -2.000000000e-01
   56  -1.300000000e+00  -7.500000000e-01  -5.500000000e-01
   57  -1.300000000e+00  -7.500000000e-01  -8.500000000e-01
   58  -1.150000000e+00  -7.500000000e-01  -1.150000000e+00
   59  -9.000000000e-01  -7.500000000e-01  -1.300000000e+00
   60  -9.500000000e-01  -7.500000000e-01  -1.550000000e+00
   61  -1.100000000e+00  -7.500000000e-01  -2.300000000e+00
   62  -9.500000000e-01  -7.500000000e-01  -3.250000000e+00
   63  -3.500000000e-01  -7.500000000e-01  -3.950000000e+00
   64   4.000000000e-01  -7.500000000e-01  -4.050000000e+00
   65   1.100000000e+00  -7.500000000e-01  -3.700000000e+00
   66   1.600000000e+00  -7.500000000e-01  -3.150000000e+00
   67   1.850000000e+00  -7.500000000e-01  -2.500000000e+00
   68   1.850000000e+00  -7.500000000e-01  -1.850000000e+00
   69   9.500000000e-01  -7.500000000e-01  -1.350000000e+00
   70   0.000000000e+00  -7.500000000e-01  -1.300000000e+00
   71  -4.000000000e-01  -7.500000000e-01  -1.500000000e+00
   72  -4.000000000e-01  -7.500000000e-01  -1.750000000e+00
   73  -1.000000000e-01  -7.500000000e-01  -1.650000000e+00
   74   4.000000000e-01  -7.000000000e-01  -6.500000000e-01
   75   2.000000000e-01  -7.000000000e-01  -1.000000000e-01
   76  -2.000000000e-01  -7.000000000e-01   1.500000000e-01
   77  -6.000000000e-01  -7.000000000e-01   1.500000000e-01
   78  -9.500000000e-01  -7.000000000e-01   0.000000000e+00
   79  -1.200000000e+00  -7.000000000e-01  -3.000000000e-01
   80  -1.350000000e+00  -7.000000000e-01  -6.500000000e-01
   81  -1.400000000e+00  -7.000000000e-01  -9.500000000e-01
   82  -1.250000000e+00  -7.000000000e-01  -1.200000000e+00
   83  -1.100000000e+00  -7.000000000e-01  -1.450000000e+00
   84  -1.100000000e+00  -7.000000000e-01  -1.800000000e+00
   85  -1.400000000e+00  -7.000000000e-01  -2.750000000e+00
   86  -1.150000000e+00  -7.000000000e-01  -3.950000000e+00
   87  -4.000000000e-01  -7.000000000e-01  -4.750000000e+00
   88   6.000000000e-01  -7.000000000e-01  -4.850000000e+00
   89   1.350000000e+00  -7.000000000e-01  -4.200000000e+00
   90   1.750000000e+00  -7.000000000e-01  -3.450000000e+00
   91   1.950000000e+00  -7.000000000e-01  -2.700000000e+00
   92   1.950000000e+00  -7.000000000e-01  -2.000000000e+00
   93   1.000000000e+00  -7.000000000e-01  -1.450000000e+00
   94  -5.000000000e-02  -7.000000000e-01  -1.450000000e+00
   95  -4.000000000e-01  -7.000000000e-01  -1.650000000e+00
   96  -4.500000000e-01  -7.000000000e-01  -1.850000000e+00
   97  -5.000000000e-02  -7.000000000e-01  -1.650000000e+00
   98   5.000000000e-01  -6.500000000e-01  -1.250000000e+00
   99   4.500000000e-01  -6.500000000e-01  -7.500000000e-01
  100   5.000000000e-02  -6.500000000e-01  -2.000000000e-01
  101  -4.500000000e-01  -6.500000000e-01   1.000000000e-01
  102  -1.000000000e+00  -6.500000000e-01   5.000000000e-02
  103  -1.300000000e+00  -6.500000000e-01  -3.000000000e-01
  104  -1.500000000e+00  -6.500000000e-01  -6.500000000e-01
  105  -1.550000000e+00  -6.500000000e-01  -1.100000000e+00
  106  -1.350000000e+00  -6.500000000e-01  -1.400000000e+00
  107  -1.100000000e+00  -6.500000000e-01  -1.650000000e+00
  108  -1.100000000e+00  -6.500000000e-01  -2.050000000e+00
  109  -1.350000000e+00  -6.500000000e-01  -3.150000000e+00
  110  -1.100000000e+00  -6.500000000e-01  -4.550000000e+00
  111  -3.000000000e-01  -6.500000000e-01  -5.500000000e+00
  112   8.500000000e-01  -6.500000000e-01  -5.550000000e+00
  113   1.550000000e+00  -6.500000000e-01  -4.650000000e+00
  114   1.950000000e+00  -6.500000000e-01  -3.700000000e+00
  115   2.100000000e+00  -6.500000000e-01  -2.850000000e+00
  116   2.200000000e+00  -6.500000000e-01  -2.200000000e+00
  117   1.700000000e+00  -6.500000000e-01  -1.600000000e+00
  118   1.050000000e+00  -6.500000000e-01  -1.350000000e+00
  119   5.500000000e-01  -6.500000000e-01  -1.350000000e+00
  120   3.000000000e-01  -6.500000000e-01  -1.500000000e+00
  121   3.000000000e-01  -6.500000000e-01  -1.600000000e+00
  122   6.000000000e-01  -6.000000000e-01  -6.500000000e-01
  123   4.500000000e-01  -6.000000000e-01  -1.000000000e-01
  124   0.000000000e+00  -6.000000000e-01   3.000000000e-01
  125  -6.000000000e-01  -6.000000000e-01   4.000000000e-01
  126  -1.100000000e+00  -6.000000000e-01   2.500000000e-01
  127  -1.400000000e+00  -6.000000000e-01  -1.000000000e-01
  128  -1.600000000e+00  -6.000000000e-01  -6.000000000e-01
  129  -1.600000000e+00  -6.000000000e-01  -1.050000000e+00
  130  -1.450000000e+00  -6.000000000e-01  -1.400000000e+00
  131  -1.250000000e+00  -6.000000000e-01  -1.600000000e+00
  132  -1.150000000e+00  -6.000000000e-01  -2.000000000e+00
  133  -1.500000000e+00  -6.000000000e-01  -3.300000000e+00
  134  -1.250000000e+00  -6.000000000e-01  -4.800000000e+00
  135  -2.500000000e-01  -6.000000000e-01  -5.850000000e+00
  136   9.000000000e-01  -6.000000000e-01  -5.850000000e+00
  137   1.750000000e+00  -6.000000000e-01  -4.900000000e+00
  138   2.150000000e+00  -6.000000000e-01  -3.850000000e+00
  139   2.300000000e+00  -6.000000000e-01  -2.950000000e+00
  140   2.350000000e+00  -6.000000000e-01  -2.250000000e+00
  141   1.700000000e+00  -6.000000000e-01  -1.600000000e+00
  142   1.000000000e+00  -6.000000000e-01  -1.350000000e+00
  143   5.000000000e-01  -6.000000000e-01  -1.350000000e+00
  144   3.000000000e-01  -6.000000000e-01  -1.450000000e+00
  145   4.000000000e-01  -6.000000000e-01  -1.400000000e+00
  146   8.000000000e-01  -5.500000000e-01   3.500000000e-01
  147   3.500000000e-01  -5.500000000e-01   9.500000000e-01
  148  -3.000000000e-01  -5.500000000e-01   1.250000000e+00
  149  -1.050000000e+00  -5.500000000e-01   1.400000000e+00
  150  -1.700000000e+00  -5.500000000e-01   1.100000000e+00
  151  -2.200000000e+00  -5.500000000e-01   5.500000000e-01
  152  -2.250000000e+00  -5.500000000e-01  -1.000000000e-01
  153  -2.000000000e+00  -5.500000000e-01  -7.500000000e-01
  154  -1.600000000e+00  -5.500000000e-01  -1.150000000e+00
  155  -1.250000000e+00  -5.500000000e-01  -1.350000000e+00
  156  -1.250000000e+00  -5.500000000e-01  -1.750000000e+00
  157  -1.600000000e+00  -5.500000000e-01  -3.050000000e+00
  158  -1.350000000e+00  -5.500000000e-01  -4.600000000e+00
  159  -4.000000000e-01  -5.500000000e-01  -5.700000000e+00
  160   9.000000000e-01  -5.500000000e-01  -5.900000000e+00
  161   1.850000000e+00  -5.500000000e-01  -5.000000000e+00
  162   2.400000000e+00  -5.500000000e-01  -4.000000000e+00
  163   2.700000000e+00  -5.500000000e-01  -3.050000000e+00
  164   2.650000000e+00  -5.500000000e-01  -2.150000000e+00
  165   1.650000000e+00  -5.500000000e-01  -1.400000000e+00
  166   8.000000000e-01  -5.500000000e-01  -1.200000000e+00
  167   5.000000000e-01  -5.500000000e-01  -1.150000000e+00
  168   4.000000000e-01  -5.500000000e-01  -1.150000000e+00
  169   6.000000000e-01  -5.500000000e-01  -8.000000000e-01
  170   5.000000000e-01  -5.000000000e-01   1.500000000e-01
  171   2.000000000e-01  -5.000000000e-01   6.500000000e-01
  172  -4.000000000e-01  -5.000000000e-01   1.250000000e+00
  173  -1.300000000e+00  -5.000000000e-01   1.550000000e+00
  174  -2.200000000e+00  -5.000000000e-01   1.500000000e+00
  175  -2.800000000e+00  -5.000000000e-01   9.000000000e-01
  176  -2.750000000e+00  -5.000000000e-01   5.000000000e-02
  177  -2.350000000e+00  -5.000000000e-01  -6.500000000e-01
  178  -1.800000000e+00  -5.000000000e-01  -1.000000000e+00
  179  -1.350000000e+00  -5.000000000e-01  -1.200000000e+00
  180  -1.400000000e+00  -5.000000000e-01  -1.600000000e+00
  181  -1.800000000e+00  -5.000000000e-01  -2.950000000e+00
  182  -1.600000000e+00  -5.000000000e-01  -4.650000000e+00
  183  -6.500000000e-01  -5.000000000e-01  -5.750000000e+00
  184   6.500000000e-01  -5.000000000e-01  -6.000000000e+00
  185   1.550000000e+00  -5.000000000e-01  -4.850000000e+00
  186   1.800000000e+00  -5.000000000e-01  -3.550000000e+00
  187   1.800000000e+00  -5.000000000e-01  -2.600000000e+00
  188   1.700000000e+00  -5.000000000e-01  -1.900000000e+00
  189   1.150000000e+00  -5.000000000e-01  -1.350000000e+00
  190   7.000000000e-01  -5.000000000e-01  -1.050000000e+00
  191   4.500000000e-01  -5.000000000e-01  -1.000000000e+00
  192   4.000000000e-01  -5.000000000e-01  -9.000000000e-01
  193   5.000000000e-01  -5.000000000e-01  -6.000000000e-01
  194   3.500000000e-01  -4.500000000e-01  -1.000000000e+00
  195   2.000000000e-01  -4.500000000e-01   0.000000000e+00
  196  -3.500000000e-01  -4.500000000e-01   5.000000000e-01
  197  -1.300000000e+00  -4.500000000e-01   1.500000000e+00
  198  -2.500000000e+00  -4.500000000e-01   1.500000000e+00
  199  -3.300000000e+00  -4.500000000e-01   1.000000000e+00
  200  -3.200000000e+00  -4.500000000e-01  -1.000000000e-01
  201  -2.600000000e+00  -4.500000000e-01  -9.000000000e-01
  202  -1.850000000e+00  -4.500000000e-01  -1.300000000e+00
  203  -1.350000000e+00  -4.500000000e-01  -1.400000000e+00
  204  -1.350000000e+00  -4.500000000e-01  -1.750000000e+00
  205  -1.750000000e+00  -4.500000000e-01  -3.100000000e+00
  206  -1.650000000e+00  -4.500000000e-01  -4.950000000e+00
  207  -6.500000000e-01  -4.500000000e-01  -6.250000000e+00
  208   7.000000000e-01  -4.500000000e-01  -6.550000000e+00
  209   1.700000000e+00  -4.500000000e-01  -5.450000000e+00
  210   2.000000000e+00  -4.500000000e-01  -4.100000000e+00
  211   2.050000000e+00  -4.500000000e-01  -3.050000000e+00
  212   1.950000000e+00  -4.500000000e-01  -2.250000000e+00
  213   1.300000000e+00  -4.500000000e-01  -1.650000000e+00
  214   8.000000000e-01  -4.500000000e-01  -1.350000000e+00
  215   4.500000000e-01  -4.500000000e-01  -1.250000000e+00
  216   2.500000000e-01  -4.500000000e-01  -1.250000000e+00
  217   3.000000000e-01  -4.500000000e-01  -1.200000000e+00
  218   2.000000000e-01  -4.500000000e-01  -1.500000000e+00
  219   1.000000000e-01  -4.500000000e-01  -1.000000000e+00
  220  -3.000000000e-01  -4.500000000e-01   0.000000000e+00
  221  -1.300000000e+00  -4.500000000e-01   5.000000000e-01
  222  -2.550000000e+00  -4.500000000e-01   1.000000000e+00
  223  -3.250000000e+00  -4.500000000e-01   5.000000000e-01
  224  -3.150000000e+00  -4.500000000e-01  -5.000000000e-01
  225  -2.450000000e+00  -4.500000000e-01  -1.250000000e+00
  226  -1.700000000e+00  -4.500000000e-01  -1.550000000e+00
  227  -1.300000000e+00  -4.500000000e-01  -1.700000000e+00
  228  -1.300000000e+00  -4.500000000e-01  -1.950000000e+00
  229  -2.000000000e+00  -4.500000000e-01  -3.600000000e+00
  230  -1.950000000e+00  -4.500000000e-01  -5.950000000e+00
  231  -8.000000000e-01  -4.500000000e-01  -7.600000000e+00
  232   9.000000000e-01  -4.500000000e-01  -8.000000000e+00
  233   1.850000000e+00  -4.500000000e-01  -6.350000000e+00
  234   1.800000000e+00  -4.500000000e-01  -4.350000000e+00
  235   1.450000000e+00  -4.500000000e-01  -3.150000000e+00
  236   1.500000000e+00  -4.500000000e-01  -2.550000000e+00
  237   1.150000000e+00  -4.500000000e-01  -2.000000000e+00
  238   7.500000000e-01  -4.500000000e-01  -1.700000000e+00
  239   3.000000000e-01  -4.500000000e-01  -1.650000000e+00
  240   1.000000000e-01  -4.500000000e-01  -1.700000000e+00
  241   5.000000000e-02  -4.500000000e-01  -1.750000000e+00
  242  -1.500000000e-01  -4.000000000e-01  -2.500000000e+00
  243  -5.000000000e-02  -4.000000000e-01  -1.500000000e+00
  244  -4.000000000e-01  -4.000000000e-01   0.000000000e+00
  245  -1.400000000e+00  -4.000000000e-01   5.000000000e-01
  246  -2.800000000e+00  -4.000000000e-01   1.500000000e+00
  247  -3.600000000e+00  -4.000000000e-01   5.000000000e-01
  248  -3.550000000e+00  -4.000000000e-01  -5.000000000e-01
  249  -3.050000000e+00  -4.000000000e-01  -1.250000000e+00
  250  -2.250000000e+00  -4.000000000e-01  -1.600000000e+00
  251  -1.500000000e+00  -4.000000000e-01  -1.800000000e+00
  252  -1.500000000e+00  -4.000000000e-01  -2.100000000e+00
  253  -2.100000000e+00  -4.000000000e-01  -3.500000000e+00
  254  -1.950000000e+00  -4.000000000e-01  -5.400000000e+00
  255  -9.500000000e-01  -4.000000000e-01  -6.600000000e+00
  256   5.000000000e-01  -4.000000000e-01  -7.000000000e+00
  257   1.500000000e+00  -4.000000000e-01  -6.000000000e+00
  258   1.650000000e+00  -4.000000000e-01  -4.350000000e+00
  259   1.400000000e+00  -4.000000000e-01  -3.200000000e+00
  260   1.750000000e+00  -4.000000000e-01  -2.600000000e+00
  261   1.200000000e+00  -4.000000000e-01  -1.950000000e+00
  262   4.000000000e-01  -4.000000000e-01  -1.700000000e+00
  263   5.000000000e-02  -4.000000000e-01  -1.700000000e+00
  264  -2.500000000e-01  -4.000000000e-01  -1.850000000e+00
  265  -2.500000000e-01  -4.000000000e-01  -2.000000000e+00
C Region List
