C PointsNum,MaxElemVol,TetGenParams,nAtrib,IndMov,MDMaxVolume,MDomDiv,MDOnly,MDDivF,MDPrescP
  395    1.000000e+00 YYpznno2q1.414a     0     0    1.000000e+00     1     0     0     0     0     0 YYpznno2q1.414a
  -1.382148000e-01  -8.369570000e+00   2.881900000e-02
   1.238771000e-01  -7.904820000e+00   9.769840000e-01
  -1.314590000e-01  -7.904820000e+00   9.990480000e-01
  -3.768280000e-01  -7.904820000e+00   9.352330000e-01
  -5.942570000e-01  -7.904820000e+00   8.162300000e-01
  -7.784580000e-01  -7.904820000e+00   6.558930000e-01
  -9.188340000e-01  -7.904820000e+00   4.574290000e-01
  -1.007789000e+00  -7.904820000e+00   2.300960000e-01
  -1.050068000e+00  -7.904820000e+00  -1.378800000e-02
  -1.037557000e+00  -7.904820000e+00  -2.677610000e-01
  -9.520870000e-01  -7.904820000e+00  -5.158680000e-01
  -7.815420000e-01  -7.904820000e+00  -7.157370000e-01
  -5.577010000e-01  -7.904820000e+00  -8.495250000e-01
  -3.131229000e-01  -7.904820000e+00  -9.233890000e-01
  -6.144800000e-02  -7.904820000e+00  -9.378340000e-01
   1.733440000e-01  -7.904820000e+00  -8.583610000e-01
   3.444660000e-01  -7.904820000e+00  -6.824930000e-01
   4.605370000e-01  -7.904820000e+00  -4.968660000e-01
   5.527250000e-01  -7.904820000e+00  -3.234650000e-01
   6.351810000e-01  -7.904820000e+00  -1.479040000e-01
   7.024040000e-01  -7.904820000e+00   4.909800000e-02
   7.249050000e-01  -7.904820000e+00   2.722130000e-01
   6.531650000e-01  -7.904820000e+00   4.893840000e-01
   5.217470000e-01  -7.904820000e+00   6.840700000e-01
   3.466420000e-01  -7.904820000e+00   8.549680000e-01
   1.369166000e-01  -7.440070000e+00   1.311310000e+00
  -2.074520000e-01  -7.440070000e+00   1.328125000e+00
  -5.326990000e-01  -7.440070000e+00   1.232763000e+00
  -8.194050000e-01  -7.440070000e+00   1.069935000e+00
  -1.062928000e+00  -7.440070000e+00   8.576800000e-01
  -1.251520000e+00  -7.440070000e+00   5.973960000e-01
  -1.391600000e+00  -7.440070000e+00   3.006132000e-01
  -1.484030000e+00  -7.440070000e+00  -2.901500000e-02
  -1.506650000e+00  -7.440070000e+00  -3.948790000e-01
  -1.404598000e+00  -7.440070000e+00  -7.619010000e-01
  -1.149129000e+00  -7.440070000e+00  -1.044340000e+00
  -8.117920000e-01  -7.440070000e+00  -1.209840000e+00
  -4.590834000e-01  -7.440070000e+00  -1.283650000e+00
  -1.138710000e-01  -7.440070000e+00  -1.281470000e+00
   2.035210000e-01  -7.440070000e+00  -1.166909000e+00
   4.189010000e-01  -7.440070000e+00  -9.073710000e-01
   5.567500000e-01  -7.440070000e+00  -6.499380000e-01
   6.691340000e-01  -7.440070000e+00  -4.212580000e-01
   7.829860000e-01  -7.440070000e+00  -1.983868000e-01
   8.962410000e-01  -7.440070000e+00   5.620300000e-02
   9.661710000e-01  -7.440070000e+00   3.633610000e-01
   8.756970000e-01  -7.440070000e+00   6.673930000e-01
   6.905450000e-01  -7.440070000e+00   9.317270000e-01
   4.439450000e-01  -7.440070000e+00   1.157034000e+00
   1.167290000e-01  -6.975310000e+00   1.526160000e+00
  -2.899520000e-01  -6.975310000e+00   1.542930000e+00
  -6.727170000e-01  -6.975310000e+00   1.431374000e+00
  -1.010431000e+00  -6.975310000e+00   1.240688000e+00
  -1.296160000e+00  -6.975310000e+00   9.888940000e-01
  -1.516030000e+00  -6.975310000e+00   6.800600000e-01
  -1.686430000e+00  -6.975310000e+00   3.345288000e-01
  -1.808910000e+00  -6.975310000e+00  -5.631900000e-02
  -1.851080000e+00  -6.975310000e+00  -4.955190000e-01
  -1.736860000e+00  -6.975310000e+00  -9.400640000e-01
  -1.428643000e+00  -6.975310000e+00  -1.283050000e+00
  -1.020412000e+00  -6.975310000e+00  -1.482200000e+00
  -5.942710000e-01  -6.975310000e+00  -1.568670000e+00
  -1.780850000e-01  -6.975310000e+00  -1.564310000e+00
   2.053810000e-01  -6.975310000e+00  -1.431105000e+00
   4.509140000e-01  -6.975310000e+00  -1.093656000e+00
   5.922660000e-01  -6.975310000e+00  -7.682660000e-01
   7.028670000e-01  -6.975310000e+00  -4.961500000e-01
   8.211260000e-01  -6.975310000e+00  -2.414712000e-01
   9.460710000e-01  -6.975310000e+00   4.261700000e-02
   1.026191000e+00  -6.975310000e+00   3.871430000e-01
   9.310120000e-01  -6.975310000e+00   7.298120000e-01
   7.384670000e-01  -6.975310000e+00   1.046300000e+00
   4.713980000e-01  -6.975310000e+00   1.330800000e+00
   7.809400000e-02  -6.509560000e+00   1.675210000e+00
  -3.707960000e-01  -6.509560000e+00   1.695460000e+00
  -8.010470000e-01  -6.509560000e+00   1.590660000e+00
  -1.189810000e+00  -6.509560000e+00   1.395637000e+00
  -1.524090000e+00  -6.509560000e+00   1.119342000e+00
  -1.775580000e+00  -6.509560000e+00   7.675060000e-01
  -1.967380000e+00  -6.509560000e+00   3.707276000e-01
  -2.099640000e+00  -6.509560000e+00  -7.484700000e-02
  -2.136630000e+00  -6.509560000e+00  -5.712860000e-01
  -2.004090000e+00  -6.509560000e+00  -1.071460000e+00
  -1.659030000e+00  -6.509560000e+00  -1.460750000e+00
  -1.198791000e+00  -6.509560000e+00  -1.687720000e+00
  -7.179060000e-01  -6.509560000e+00  -1.786640000e+00
  -2.454300000e-01  -6.509560000e+00  -1.781400000e+00
   1.901550000e-01  -6.509560000e+00  -1.638250000e+00
   4.598320000e-01  -6.509560000e+00  -1.239010000e+00
   5.964680000e-01  -6.509560000e+00  -8.535840000e-01
   7.010970000e-01  -6.509560000e+00  -5.466180000e-01
   8.179920000e-01  -6.509560000e+00  -2.692724000e-01
   9.525360000e-01  -6.509560000e+00   3.465700000e-02
   1.046874000e+00  -6.509560000e+00   4.048790000e-01
   9.476160000e-01  -6.509560000e+00   7.762490000e-01
   7.516960000e-01  -6.509560000e+00   1.129710000e+00
   4.699540000e-01  -6.509560000e+00   1.457800000e+00
   4.979500000e-02  -6.044800000e+00   1.839060000e+00
  -4.395600000e-01  -6.044800000e+00   1.857910000e+00
  -9.114370000e-01  -6.044800000e+00   1.754890000e+00
  -1.345770000e+00  -6.044800000e+00   1.553361000e+00
  -1.720770000e+00  -6.044800000e+00   1.254382000e+00
  -2.002940000e+00  -6.044800000e+00   8.658580000e-01
  -2.214730000e+00  -6.044800000e+00   4.238001000e-01
  -2.357890000e+00  -6.044800000e+00  -7.054700000e-02
  -2.395990000e+00  -6.044800000e+00  -6.202160000e-01
  -2.248810000e+00  -6.044800000e+00  -1.173810000e+00
  -1.864990000e+00  -6.044800000e+00  -1.602390000e+00
  -1.350682000e+00  -6.044800000e+00  -1.841810000e+00
  -8.172050000e-01  -6.044800000e+00  -1.933370000e+00
  -3.039680000e-01  -6.044800000e+00  -1.914200000e+00
   1.685170000e-01  -6.044800000e+00  -1.766170000e+00
   4.575360000e-01  -6.044800000e+00  -1.324940000e+00
   5.900970000e-01  -6.044800000e+00  -8.958540000e-01
   6.915120000e-01  -6.044800000e+00  -5.638530000e-01
   8.130680000e-01  -6.044800000e+00  -2.721999000e-01
   9.749090000e-01  -6.044800000e+00   4.900600000e-02
   1.100697000e+00  -6.044800000e+00   4.533950000e-01
   9.944360000e-01  -6.044800000e+00   8.574410000e-01
   7.863280000e-01  -6.044800000e+00   1.246280000e+00
   4.798210000e-01  -6.044800000e+00   1.608470000e+00
   1.916100000e-02  -5.580050000e+00   1.964360000e+00
  -5.022700000e-01  -5.580050000e+00   1.981020000e+00
  -1.003110000e+00  -5.580050000e+00   1.868090000e+00
  -1.462750000e+00  -5.580050000e+00   1.651486000e+00
  -1.859280000e+00  -5.580050000e+00   1.333312000e+00
  -2.162130000e+00  -5.580050000e+00   9.231110000e-01
  -2.403210000e+00  -5.580050000e+00   4.575741000e-01
  -2.583890000e+00  -5.580050000e+00  -7.322000000e-02
  -2.655590000e+00  -5.580050000e+00  -6.773500000e-01
  -2.508430000e+00  -5.580050000e+00  -1.296020000e+00
  -2.072250000e+00  -5.580050000e+00  -1.758450000e+00
  -1.479796000e+00  -5.580050000e+00  -1.972080000e+00
  -8.968390000e-01  -5.580050000e+00  -2.018270000e+00
  -3.605400000e-01  -5.580050000e+00  -1.964720000e+00
   1.276600000e-01  -5.580050000e+00  -1.819900000e+00
   4.487640000e-01  -5.580050000e+00  -1.402030000e+00
   5.985960000e-01  -5.580050000e+00  -9.538700000e-01
   7.066100000e-01  -5.580050000e+00  -5.991370000e-01
   8.347430000e-01  -5.580050000e+00  -2.864259000e-01
   9.993710000e-01  -5.580050000e+00   5.632700000e-02
   1.114744000e+00  -5.580050000e+00   4.786150000e-01
   9.974040000e-01  -5.580050000e+00   8.998170000e-01
   7.904280000e-01  -5.580050000e+00   1.317310000e+00
   4.767446000e-01  -5.580050000e+00   1.716250000e+00
  -1.660400000e-02  -4.689630000e+00   2.253170000e+00
  -5.984260000e-01  -4.689630000e+00   2.276810000e+00
  -1.161000000e+00  -4.689630000e+00   2.157470000e+00
  -1.681710000e+00  -4.689630000e+00   1.921270000e+00
  -2.134240000e+00  -4.689630000e+00   1.568446000e+00
  -2.475890000e+00  -4.689630000e+00   1.103322000e+00
  -2.721560000e+00  -4.689630000e+00   5.721583000e-01
  -2.881340000e+00  -4.689630000e+00  -1.885500000e-02
  -2.922450000e+00  -4.689630000e+00  -6.717300000e-01
  -2.751690000e+00  -4.689630000e+00  -1.331930000e+00
  -2.290530000e+00  -4.689630000e+00  -1.836320000e+00
  -1.646278000e+00  -4.689630000e+00  -2.058530000e+00
  -1.013604000e+00  -4.689630000e+00  -2.086040000e+00
  -4.445888000e-01  -4.689630000e+00  -2.012430000e+00
   7.254000000e-02  -4.689630000e+00  -1.863680000e+00
   4.218500000e-01  -4.689630000e+00  -1.436296000e+00
   5.696460000e-01  -4.689630000e+00  -9.475100000e-01
   6.767600000e-01  -4.689630000e+00  -5.686590000e-01
   8.152810000e-01  -4.689630000e+00  -2.408417000e-01
   1.009008000e+00  -4.689630000e+00   1.210440000e-01
   1.124447000e+00  -4.689630000e+00   5.696880000e-01
   1.000281000e+00  -4.689630000e+00   1.018043000e+00
   8.069780000e-01  -4.689630000e+00   1.491170000e+00
   4.876162900e-01  -4.689630000e+00   1.963440000e+00
  -4.015300000e-02  -3.799210000e+00   2.457100000e+00
  -6.599590000e-01  -3.799210000e+00   2.495100000e+00
  -1.265980000e+00  -3.799210000e+00   2.383090000e+00
  -1.833220000e+00  -3.799210000e+00   2.141630000e+00
  -2.333990000e+00  -3.799210000e+00   1.767959000e+00
  -2.705310000e+00  -3.799210000e+00   1.261271000e+00
  -2.944540000e+00  -3.799210000e+00   6.755661000e-01
  -3.067270000e+00  -3.799210000e+00   4.177400000e-02
  -3.058900000e+00  -3.799210000e+00  -6.304400000e-01
  -2.857050000e+00  -3.799210000e+00  -1.298330000e+00
  -2.390520000e+00  -3.799210000e+00  -1.818850000e+00
  -1.723200000e+00  -3.799210000e+00  -2.032790000e+00
  -1.073153000e+00  -3.799210000e+00  -2.036030000e+00
  -5.006358000e-01  -3.799210000e+00  -1.944100000e+00
   1.736200000e-02  -3.799210000e+00  -1.797070000e+00
   3.923120000e-01  -3.799210000e+00  -1.411900000e+00
   5.587290000e-01  -3.799210000e+00  -9.236660000e-01
   6.773270000e-01  -3.799210000e+00  -5.329530000e-01
   8.329830000e-01  -3.799210000e+00  -1.924339000e-01
   1.028012000e+00  -3.799210000e+00   1.886240000e-01
   1.088208000e+00  -3.799210000e+00   6.416060000e-01
   9.699370000e-01  -3.799210000e+00   1.098660000e+00
   7.971460000e-01  -3.799210000e+00   1.605350000e+00
   4.877498000e-01  -3.799210000e+00   2.134890000e+00
  -4.559700000e-02  -2.908800000e+00   2.594380000e+00
  -6.860400000e-01  -2.908800000e+00   2.647140000e+00
  -1.321120000e+00  -2.908800000e+00   2.550500000e+00
  -1.929750000e+00  -2.908800000e+00   2.318610000e+00
  -2.474220000e+00  -2.908800000e+00   1.938050000e+00
  -2.876390000e+00  -2.908800000e+00   1.400489000e+00
  -3.101530000e+00  -2.908800000e+00   7.674598000e-01
  -3.179860000e+00  -2.908800000e+00   9.987400000e-02
  -3.116750000e+00  -2.908800000e+00  -5.806500000e-01
  -2.880310000e+00  -2.908800000e+00  -1.237250000e+00
  -2.417030000e+00  -2.908800000e+00  -1.763020000e+00
  -1.747910000e+00  -2.908800000e+00  -1.975590000e+00
  -1.093597000e+00  -2.908800000e+00  -1.965180000e+00
  -5.239577000e-01  -2.908800000e+00  -1.862940000e+00
  -1.202800000e-02  -2.908800000e+00  -1.718580000e+00
   3.764200000e-01  -2.908800000e+00  -1.362560000e+00
   5.590360000e-01  -2.908800000e+00  -8.846920000e-01
   6.939280000e-01  -2.908800000e+00  -4.930050000e-01
   8.708160000e-01  -2.908800000e+00  -1.455402000e-01
   1.074447000e+00  -2.908800000e+00   2.521120000e-01
   1.107271000e+00  -2.908800000e+00   7.150300000e-01
   9.893320000e-01  -2.908800000e+00   1.185390000e+00
   8.137340000e-01  -2.908800000e+00   1.708720000e+00
   4.985627000e-01  -2.908800000e+00   2.259660000e+00
  -6.032600000e-02  -2.018380000e+00   2.651200000e+00
  -7.152400000e-01  -2.018380000e+00   2.718590000e+00
  -1.371650000e+00  -2.018380000e+00   2.629840000e+00
  -2.006030000e+00  -2.018380000e+00   2.399580000e+00
  -2.574820000e+00  -2.018380000e+00   2.009100000e+00
  -2.985740000e+00  -2.018380000e+00   1.446914000e+00
  -3.192190000e+00  -2.018380000e+00   7.838790000e-01
  -3.231510000e+00  -2.018380000e+00   1.005710000e-01
  -3.125080000e+00  -2.018380000e+00  -5.728800000e-01
  -2.865990000e+00  -2.018380000e+00  -1.209780000e+00
  -2.416350000e+00  -2.018380000e+00  -1.730770000e+00
  -1.769730000e+00  -2.018380000e+00  -1.963960000e+00
  -1.123326000e+00  -2.018380000e+00  -1.976930000e+00
  -5.494214000e-01  -2.018380000e+00  -1.891160000e+00
  -2.718200000e-02  -2.018380000e+00  -1.753220000e+00
   3.809560000e-01  -2.018380000e+00  -1.411400000e+00
   5.848180000e-01  -2.018380000e+00  -9.311490000e-01
   7.247020000e-01  -2.018380000e+00  -5.215870000e-01
   8.810850000e-01  -2.018380000e+00  -1.521210000e-01
   1.008493000e+00  -2.018380000e+00   2.524430000e-01
   9.845080000e-01  -2.018380000e+00   6.880710000e-01
   8.877980000e-01  -2.018380000e+00   1.141003000e+00
   7.541820000e-01  -2.018380000e+00   1.675410000e+00
   4.805200000e-01  -2.018380000e+00   2.277870000e+00
  -1.017900000e-01  -1.127960000e+00   2.681430000e+00
  -7.625300000e-01  -1.127960000e+00   2.767250000e+00
  -1.432820000e+00  -1.127960000e+00   2.692690000e+00
  -2.087170000e+00  -1.127960000e+00   2.469630000e+00
  -2.678020000e+00  -1.127960000e+00   2.076420000e+00
  -3.099340000e+00  -1.127960000e+00   1.492011000e+00
  -3.293630000e+00  -1.127960000e+00   8.132550000e-01
  -3.305860000e+00  -1.127960000e+00   1.125820000e-01
  -3.171810000e+00  -1.127960000e+00  -5.605900000e-01
  -2.893140000e+00  -1.127960000e+00  -1.185100000e+00
  -2.445750000e+00  -1.127960000e+00  -1.700330000e+00
  -1.798720000e+00  -1.127960000e+00  -1.919720000e+00
  -1.156790000e+00  -1.127960000e+00  -1.908320000e+00
  -5.981575000e-01  -1.127960000e+00  -1.806430000e+00
  -9.540300000e-02  -1.127960000e+00  -1.668230000e+00
   3.337660000e-01  -1.127960000e+00  -1.396300000e+00
   5.789660000e-01  -1.127960000e+00  -9.553440000e-01
   7.352030000e-01  -1.127960000e+00  -5.389380000e-01
   8.498350000e-01  -1.127960000e+00  -1.427450000e-01
   8.645370000e-01  -1.127960000e+00   2.620410000e-01
   7.943420000e-01  -1.127960000e+00   6.567110000e-01
   7.284740000e-01  -1.127960000e+00   1.083519000e+00
   6.484980000e-01  -1.127960000e+00   1.623540000e+00
   4.322020000e-01  -1.127960000e+00   2.285830000e+00
  -1.556040000e-01  -3.545410000e-01   2.812920000e+00
   3.921790000e-01  -3.545410000e-01   2.377500000e+00
   5.331060000e-01  -3.545410000e-01   1.600330000e+00
   5.447300000e-01  -3.545410000e-01   1.031040000e+00
   5.643140000e-01  -3.545410000e-01   6.228270000e-01
   6.226230000e-01  -3.545410000e-01   2.685790000e-01
   7.049060000e-01  -3.545410000e-01  -1.162940000e-01
   6.472870000e-01  -3.545410000e-01  -5.232310000e-01
   5.101980000e-01  -3.545410000e-01  -9.562100000e-01
   2.622500000e-01  -3.545410000e-01  -1.401150000e+00
  -1.788090000e-01  -3.545410000e-01  -1.648640000e+00
  -6.798674000e-01  -3.545410000e-01  -1.799830000e+00
  -1.243604000e+00  -3.545410000e-01  -1.920930000e+00
  -1.904150000e+00  -3.545410000e-01  -1.952170000e+00
  -2.567530000e+00  -3.545410000e-01  -1.731460000e+00
  -3.017070000e+00  -3.545410000e-01  -1.199760000e+00
  -3.289710000e+00  -3.545410000e-01  -5.593500000e-01
  -3.413550000e+00  -3.545410000e-01   1.238050000e-01
  -3.391280000e+00  -3.545410000e-01   8.207060000e-01
  -3.194580000e+00  -3.545410000e-01   1.511634000e+00
  -2.782310000e+00  -3.545410000e-01   2.108010000e+00
  -2.200820000e+00  -3.545410000e-01   2.527920000e+00
  -1.541320000e+00  -3.545410000e-01   2.796490000e+00
  -8.484100000e-01  -3.545410000e-01   2.893470000e+00
  -2.082010000e+00  -3.541800000e-01  -1.377560000e+00
  -2.515700000e+00  -3.542210000e-01  -1.148080000e+00
  -1.312620000e+00  -3.542470000e-01   2.516280000e+00
  -8.668800000e-01  -3.540890000e-01   2.270420000e+00
  -1.901380000e+00  -3.537040000e-01   6.626180000e-01
  -1.875030000e+00  -3.537340000e-01   9.431075000e-01
  -1.571220000e+00  -3.536920000e-01   9.473108000e-01
  -6.054957000e-01  -3.542350000e-01  -1.443020000e+00
  -1.544390000e+00  -3.536380000e-01   2.864400000e-01
  -1.267360000e+00  -3.536600000e-01   9.505140000e-01
  -9.868200000e-01  -3.536500000e-01   3.115310000e-01
  -2.344880000e+00  -3.538760000e-01   9.003400000e-01
  -2.378460000e+00  -3.538550000e-01   3.615950000e-01
  -2.859710000e+00  -3.541190000e-01   5.690870000e-01
  -2.401700000e+00  -3.540440000e-01   1.508005000e+00
  -2.530340000e+00  -3.540330000e-01   1.250366000e+00
  -2.522800000e+00  -3.540910000e-01   1.460249000e+00
  -1.814840000e-01  -3.541540000e-01   2.049377000e+00
  -7.178630000e-01  -3.538420000e-01   1.543407000e+00
  -1.720850000e+00  -3.539680000e-01  -1.088060000e+00
  -1.633510000e+00  -3.538740000e-01  -8.806100000e-01
  -1.456948000e+00  -3.539030000e-01  -9.863600000e-01
  -1.655600000e+00  -3.538660000e-01   1.677501000e+00
  -1.557220000e+00  -3.540290000e-01   2.114297000e+00
  -1.457130000e+00  -3.539240000e-01   1.895365000e+00
  -2.692570000e+00  -3.541410000e-01  -6.361400000e-01
  -2.110030000e+00  -3.539290000e-01  -7.653800000e-01
  -1.031793000e+00  -3.541790000e-01  -1.468390000e+00
  -1.279384000e+00  -3.539360000e-01  -1.091120000e+00
  -7.798300000e-01  -3.539890000e-01  -1.108060000e+00
  -1.838260000e+00  -3.540910000e-01   2.101328000e+00
  -1.739430000e+00  -3.542570000e-01   2.407950000e+00
  -1.647330000e+00  -3.541420000e-01   2.271120000e+00
  -1.550533000e+00  -3.541740000e-01  -1.489810000e+00
  -2.115300000e+00  -3.541770000e-01   2.098359000e+00
   4.940900000e-02  -3.542380000e-01  -1.007070000e+00
   1.489000000e-01  -3.541760000e-01  -5.735960000e-01
   2.837690000e-01  -3.542080000e-01   7.151200000e-02
  -1.993640000e+00  -3.537240000e-01   1.865240000e-01
  -2.308940000e+00  -3.538660000e-01  -1.773200000e-01
   1.087341000e-01  -3.541110000e-01   8.119250000e-01
  -1.837170000e-01  -3.539040000e-01   3.438570000e-01
  -2.770190000e+00  -3.541400000e-01   1.154854900e+00
  -2.827480000e+00  -3.541140000e-01  -3.601100000e-02
  -2.819150000e-01  -3.541940000e-01  -1.246360000e+00
  -4.103240000e-01  -3.539400000e-01  -7.322900000e-01
   2.219210000e-01  -3.542500000e-01   1.515704000e+00
  -2.032530000e-01  -3.539770000e-01   1.363561000e+00
  -1.804730000e+00  -3.537230000e-01  -2.224780000e-01
  -2.231010000e+00  -3.540300000e-01   1.679350000e+00
  -2.288490000e+00  -3.539430000e-01   1.335877000e+00
  -7.108150000e-01  -3.538500000e-01  -6.934400000e-01
  -7.302650000e-01  -3.537890000e-01  -4.570790000e-01
  -1.042450000e+00  -3.538240000e-01   1.615920000e+00
  -1.110460000e+00  -3.539360000e-01   1.948426000e+00
  -9.136600000e-01  -3.538840000e-01   1.761916000e+00
  -2.032730000e+00  -3.540520000e-01   1.903463000e+00
  -2.173060000e+00  -3.541010000e-01   1.893855000e+00
  -1.946150000e+00  -3.539340000e-01   1.698567000e+00
  -1.851090000e+00  -3.537730000e-01   1.225597000e+00
  -2.069950000e+00  -3.538480000e-01   1.275737000e+00
  -1.410850000e+00  -3.536490000e-01   4.165300000e-02
  -1.608290000e+00  -3.536800000e-01  -8.841300000e-02
  -1.279300000e+00  -3.536710000e-01  -1.991340000e-01
  -1.134210000e+00  -3.536520000e-01   5.169800000e-02
  -9.414630000e-01  -3.536870000e-01  -8.000900000e-02
  -5.292880000e-01  -3.537720000e-01   8.107197000e-01
  -1.427420000e+00  -3.541300000e-01   2.315290000e+00
  -1.149650000e+00  -3.541070000e-01   2.297850000e+00
  -1.543180000e+00  -3.537920000e-01  -6.791600000e-01
  -1.276241000e+00  -3.537820000e-01  -6.703800000e-01
  -1.279813000e+00  -3.538550000e-01  -8.817500000e-01
  -1.307350000e+00  -3.537340000e-01   1.312974000e+00
  -1.013610000e+00  -3.537800000e-01   1.429191000e+00
  -2.388590000e-01  -3.539010000e-01  -1.586780000e-01
  -2.100280000e+00  -3.538120000e-01   1.057968780e+00
  -1.999680000e+00  -3.537550000e-01   8.642930000e-01
  -1.674450000e+00  -3.537520000e-01  -4.538200000e-01
  -1.826600000e+00  -3.538480000e-01  -7.172700000e-01
  -1.816160000e+00  -3.537820000e-01  -4.723700000e-01
  -1.606670000e+00  -3.537830000e-01   1.436015000e+00
  -1.580820000e+00  -3.537440000e-01   1.259286000e+00
  -2.516570000e+00  -3.541530000e-01   1.670132000e+00
  -5.404610000e-01  -3.537550000e-01   2.167900000e-01
  -4.912870000e-01  -3.538050000e-01  -1.821970000e-01
  -8.955670000e-01  -3.538880000e-01  -9.023300000e-01
  -7.453220000e-01  -3.539170000e-01  -9.077500000e-01
  -1.146302000e+00  -3.537260000e-01  -4.428600000e-01
  -1.344740000e+00  -3.537520000e-01  -5.575100000e-01
  -1.333340000e+00  -3.539800000e-01   2.041361000e+00
  -1.891210000e+00  -3.540090000e-01   1.899948000e+00
  -8.684180000e-01  -3.536840000e-01   4.590700000e-02
  -6.443880000e-01  -3.537390000e-01   5.370000000e-04
  -1.476880000e+00  -3.537060000e-01  -3.244800000e-01
  -1.149845000e+00  -3.538560000e-01  -8.808600000e-01
  -1.088976000e+00  -3.539050000e-01  -9.927200000e-01
  -7.487160000e-01  -3.537330000e-01  -2.097170000e-01
  -4.518060000e-01  -3.538700000e-01  -4.597420000e-01
  -1.338800000e+00  -3.536410000e-01   1.695690000e-01
  -8.805100000e-01  -3.537570000e-01  -4.466560000e-01
  -9.470090000e-01  -3.537240000e-01  -3.257910000e-01
  -1.363040000e+00  -3.538280000e-01   1.656434000e+00
  -1.011305000e+00  -3.537960000e-01  -6.745900000e-01
  -1.541510000e+00  -3.536890000e-01  -2.073060000e-01
  -2.117420000e+00  -3.539310000e-01   1.517222000e+00
  -2.316980000e+00  -3.539060000e-01   1.118108900e+00
C Number of facets
  786
C  Size  Node 1  ......Node N Marker
    3    0    1    2    3
    3    0    2    3    3
    3    0    3    4    3
    3    0    4    5    3
    3    0    5    6    3
    3    0    6    7    3
    3    0    7    8    3
    3    0    8    9    3
    3    0    9   10    3
    3    0   10   11    3
    3    0   11   12    3
    3    0   12   13    3
    3    0   13   14    3
    3    0   14   15    3
    3    0   15   16    3
    3    0   16   17    3
    3    0   17   18    3
    3    0   18   19    3
    3    0   19   20    3
    3    0   20   21    3
    3    0   21   22    3
    3    0   22   23    3
    3    0   23   24    3
    3    0   24    1    3
    3    1   25   26    3
    3    1   26    2    3
    3    2   26   27    3
    3    2   27    3    3
    3    3   27   28    3
    3    3   28    4    3
    3    4   28   29    3
    3    4   29    5    3
    3    5   29   30    3
    3    5   30    6    3
    3    6   30   31    3
    3    6   31    7    3
    3    7   31   32    3
    3    7   32    8    3
    3    8   32   33    3
    3    8   33    9    3
    3    9   33   34    3
    3    9   34   10    3
    3   10   34   35    3
    3   10   35   11    3
    3   11   35   36    3
    3   11   36   12    3
    3   12   36   37    3
    3   12   37   13    3
    3   13   37   38    3
    3   13   38   14    3
    3   14   38   39    3
    3   14   39   15    3
    3   15   39   40    3
    3   15   40   16    3
    3   16   40   41    3
    3   16   41   17    3
    3   17   41   42    3
    3   17   42   18    3
    3   18   42   43    3
    3   18   43   19    3
    3   19   43   44    3
    3   19   44   20    3
    3   20   44   45    3
    3   20   45   21    3
    3   21   45   46    3
    3   21   46   22    3
    3   22   46   47    3
    3   22   47   23    3
    3   23   47   48    3
    3   23   48   24    3
    3   24   48   25    3
    3   24   25    1    3
    3   25   49   50    3
    3   25   50   26    3
    3   26   50   51    3
    3   26   51   27    3
    3   27   51   52    3
    3   27   52   28    3
    3   28   52   53    3
    3   28   53   29    3
    3   29   53   54    3
    3   29   54   30    3
    3   30   54   55    3
    3   30   55   31    3
    3   31   55   56    3
    3   31   56   32    3
    3   32   56   57    3
    3   32   57   33    3
    3   33   57   58    3
    3   33   58   34    3
    3   34   58   59    3
    3   34   59   35    3
    3   35   59   60    3
    3   35   60   36    3
    3   36   60   61    3
    3   36   61   37    3
    3   37   61   62    3
    3   37   62   38    3
    3   38   62   63    3
    3   38   63   39    3
    3   39   63   64    3
    3   39   64   40    3
    3   40   64   65    3
    3   40   65   41    3
    3   41   65   66    3
    3   41   66   42    3
    3   42   66   67    3
    3   42   67   43    3
    3   43   67   68    3
    3   43   68   44    3
    3   44   68   69    3
    3   44   69   45    3
    3   45   69   70    3
    3   45   70   46    3
    3   46   70   71    3
    3   46   71   47    3
    3   47   71   72    3
    3   47   72   48    3
    3   48   72   49    3
    3   48   49   25    3
    3   49   73   74    3
    3   49   74   50    3
    3   50   74   75    3
    3   50   75   51    3
    3   51   75   76    3
    3   51   76   52    3
    3   52   76   77    3
    3   52   77   53    3
    3   53   77   78    3
    3   53   78   54    3
    3   54   78   79    3
    3   54   79   55    3
    3   55   79   80    3
    3   55   80   56    3
    3   56   80   81    3
    3   56   81   57    3
    3   57   81   82    3
    3   57   82   58    3
    3   58   82   83    3
    3   58   83   59    3
    3   59   83   84    3
    3   59   84   60    3
    3   60   84   85    3
    3   60   85   61    3
    3   61   85   86    3
    3   61   86   62    3
    3   62   86   87    3
    3   62   87   63    3
    3   63   87   88    3
    3   63   88   64    3
    3   64   88   89    3
    3   64   89   65    3
    3   65   89   90    3
    3   65   90   66    3
    3   66   90   91    3
    3   66   91   67    3
    3   67   91   92    3
    3   67   92   68    3
    3   68   92   93    3
    3   68   93   69    3
    3   69   93   94    3
    3   69   94   70    3
    3   70   94   95    3
    3   70   95   71    3
    3   71   95   96    3
    3   71   96   72    3
    3   72   96   73    3
    3   72   73   49    3
    3   73   97   98    3
    3   73   98   74    3
    3   74   98   99    3
    3   74   99   75    3
    3   75   99  100    3
    3   75  100   76    3
    3   76  100  101    3
    3   76  101   77    3
    3   77  101  102    3
    3   77  102   78    3
    3   78  102  103    3
    3   78  103   79    3
    3   79  103  104    3
    3   79  104   80    3
    3   80  104  105    3
    3   80  105   81    3
    3   81  105  106    3
    3   81  106   82    3
    3   82  106  107    3
    3   82  107   83    3
    3   83  107  108    3
    3   83  108   84    3
    3   84  108  109    3
    3   84  109   85    3
    3   85  109  110    3
    3   85  110   86    3
    3   86  110  111    3
    3   86  111   87    3
    3   87  111  112    3
    3   87  112   88    3
    3   88  112  113    3
    3   88  113   89    3
    3   89  113  114    3
    3   89  114   90    3
    3   90  114  115    3
    3   90  115   91    3
    3   91  115  116    3
    3   91  116   92    3
    3   92  116  117    3
    3   92  117   93    3
    3   93  117  118    3
    3   93  118   94    3
    3   94  118  119    3
    3   94  119   95    3
    3   95  119  120    3
    3   95  120   96    3
    3   96  120   97    3
    3   96   97   73    3
    3   97  121  122    3
    3   97  122   98    3
    3   98  122  123    3
    3   98  123   99    3
    3   99  123  124    3
    3   99  124  100    3
    3  100  124  125    3
    3  100  125  101    3
    3  101  125  126    3
    3  101  126  102    3
    3  102  126  127    3
    3  102  127  103    3
    3  103  127  128    3
    3  103  128  104    3
    3  104  128  129    3
    3  104  129  105    3
    3  105  129  130    3
    3  105  130  106    3
    3  106  130  131    3
    3  106  131  107    3
    3  107  131  132    3
    3  107  132  108    3
    3  108  132  133    3
    3  108  133  109    3
    3  109  133  134    3
    3  109  134  110    3
    3  110  134  135    3
    3  110  135  111    3
    3  111  135  136    3
    3  111  136  112    3
    3  112  136  137    3
    3  112  137  113    3
    3  113  137  138    3
    3  113  138  114    3
    3  114  138  139    3
    3  114  139  115    3
    3  115  139  140    3
    3  115  140  116    3
    3  116  140  141    3
    3  116  141  117    3
    3  117  141  142    3
    3  117  142  118    3
    3  118  142  143    3
    3  118  143  119    3
    3  119  143  144    3
    3  119  144  120    3
    3  120  144  121    3
    3  120  121   97    3
    3  121  145  146    3
    3  121  146  122    3
    3  122  146  147    3
    3  122  147  123    3
    3  123  147  148    3
    3  123  148  124    3
    3  124  148  149    3
    3  124  149  125    3
    3  125  149  150    3
    3  125  150  126    3
    3  126  150  151    3
    3  126  151  127    3
    3  127  151  152    3
    3  127  152  128    3
    3  128  152  153    3
    3  128  153  129    3
    3  129  153  154    3
    3  129  154  130    3
    3  130  154  155    3
    3  130  155  131    3
    3  131  155  156    3
    3  131  156  132    3
    3  132  156  157    3
    3  132  157  133    3
    3  133  157  158    3
    3  133  158  134    3
    3  134  158  159    3
    3  134  159  135    3
    3  135  159  160    3
    3  135  160  136    3
    3  136  160  161    3
    3  136  161  137    3
    3  137  161  162    3
    3  137  162  138    3
    3  138  162  163    3
    3  138  163  139    3
    3  139  163  164    3
    3  139  164  140    3
    3  140  164  165    3
    3  140  165  141    3
    3  141  165  166    3
    3  141  166  142    3
    3  142  166  167    3
    3  142  167  143    3
    3  143  167  168    3
    3  143  168  144    3
    3  144  168  145    3
    3  144  145  121    3
    3  145  169  170    3
    3  145  170  146    3
    3  146  170  171    3
    3  146  171  147    3
    3  147  171  172    3
    3  147  172  148    3
    3  148  172  173    3
    3  148  173  149    3
    3  149  173  174    3
    3  149  174  150    3
    3  150  174  175    3
    3  150  175  151    3
    3  151  175  176    3
    3  151  176  152    3
    3  152  176  177    3
    3  152  177  153    3
    3  153  177  178    3
    3  153  178  154    3
    3  154  178  179    3
    3  154  179  155    3
    3  155  179  180    3
    3  155  180  156    3
    3  156  180  181    3
    3  156  181  157    3
    3  157  181  182    3
    3  157  182  158    3
    3  158  182  183    3
    3  158  183  159    3
    3  159  183  184    3
    3  159  184  160    3
    3  160  184  185    3
    3  160  185  161    3
    3  161  185  186    3
    3  161  186  162    3
    3  162  186  187    3
    3  162  187  163    3
    3  163  187  188    3
    3  163  188  164    3
    3  164  188  189    3
    3  164  189  165    3
    3  165  189  190    3
    3  165  190  166    3
    3  166  190  191    3
    3  166  191  167    3
    3  167  191  192    3
    3  167  192  168    3
    3  168  192  169    3
    3  168  169  145    3
    3  169  193  194    3
    3  169  194  170    3
    3  170  194  195    3
    3  170  195  171    3
    3  171  195  196    3
    3  171  196  172    3
    3  172  196  197    3
    3  172  197  173    3
    3  173  197  198    3
    3  173  198  174    3
    3  174  198  199    3
    3  174  199  175    3
    3  175  199  200    3
    3  175  200  176    3
    3  176  200  201    3
    3  176  201  177    3
    3  177  201  202    3
    3  177  202  178    3
    3  178  202  203    3
    3  178  203  179    3
    3  179  203  204    3
    3  179  204  180    3
    3  180  204  205    3
    3  180  205  181    3
    3  181  205  206    3
    3  181  206  182    3
    3  182  206  207    3
    3  182  207  183    3
    3  183  207  208    3
    3  183  208  184    3
    3  184  208  209    3
    3  184  209  185    3
    3  185  209  210    3
    3  185  210  186    3
    3  186  210  211    3
    3  186  211  187    3
    3  187  211  212    3
    3  187  212  188    3
    3  188  212  213    3
    3  188  213  189    3
    3  189  213  214    3
    3  189  214  190    3
    3  190  214  215    3
    3  190  215  191    3
    3  191  215  216    3
    3  191  216  192    3
    3  192  216  193    3
    3  192  193  169    3
    3  193  217  218    3
    3  193  218  194    3
    3  194  218  219    3
    3  194  219  195    3
    3  195  219  220    3
    3  195  220  196    3
    3  196  220  221    3
    3  196  221  197    3
    3  197  221  222    3
    3  197  222  198    3
    3  198  222  223    3
    3  198  223  199    3
    3  199  223  224    3
    3  199  224  200    3
    3  200  224  225    3
    3  200  225  201    3
    3  201  225  226    3
    3  201  226  202    3
    3  202  226  227    3
    3  202  227  203    3
    3  203  227  228    3
    3  203  228  204    3
    3  204  228  229    3
    3  204  229  205    3
    3  205  229  230    3
    3  205  230  206    3
    3  206  230  231    3
    3  206  231  207    3
    3  207  231  232    3
    3  207  232  208    3
    3  208  232  233    3
    3  208  233  209    3
    3  209  233  234    3
    3  209  234  210    3
    3  210  234  235    3
    3  210  235  211    3
    3  211  235  236    3
    3  211  236  212    3
    3  212  236  237    3
    3  212  237  213    3
    3  213  237  238    3
    3  213  238  214    3
    3  214  238  239    3
    3  214  239  215    3
    3  215  239  240    3
    3  215  240  216    3
    3  216  240  217    3
    3  216  217  193    3
    3  217  241  242    3
    3  217  242  218    3
    3  218  242  243    3
    3  218  243  219    3
    3  219  243  244    3
    3  219  244  220    3
    3  220  244  245    3
    3  220  245  221    3
    3  221  245  246    3
    3  221  246  222    3
    3  222  246  247    3
    3  222  247  223    3
    3  223  247  248    3
    3  223  248  224    3
    3  224  248  249    3
    3  224  249  225    3
    3  225  249  250    3
    3  225  250  226    3
    3  226  250  251    3
    3  226  251  227    3
    3  227  251  252    3
    3  227  252  228    3
    3  228  252  253    3
    3  228  253  229    3
    3  229  253  254    3
    3  229  254  230    3
    3  230  254  255    3
    3  230  255  231    3
    3  231  255  256    3
    3  231  256  232    3
    3  232  256  257    3
    3  232  257  233    3
    3  233  257  258    3
    3  233  258  234    3
    3  234  258  259    3
    3  234  259  235    3
    3  235  259  260    3
    3  235  260  236    3
    3  236  260  261    3
    3  236  261  237    3
    3  237  261  262    3
    3  237  262  238    3
    3  238  262  263    3
    3  238  263  239    3
    3  239  263  264    3
    3  239  264  240    3
    3  240  264  241    3
    3  240  241  217    3
    3  264  265  241    3
    3  264  266  265    3
    3  263  266  264    3
    3  263  267  266    3
    3  262  267  263    3
    3  262  268  267    3
    3  261  268  262    3
    3  261  269  268    3
    3  260  269  261    3
    3  260  270  269    3
    3  259  270  260    3
    3  259  271  270    3
    3  258  271  259    3
    3  258  272  271    3
    3  257  272  258    3
    3  257  273  272    3
    3  256  273  257    3
    3  256  274  273    3
    3  255  274  256    3
    3  255  275  274    3
    3  254  275  255    3
    3  254  276  275    3
    3  253  276  254    3
    3  253  277  276    3
    3  252  277  253    3
    3  252  278  277    3
    3  251  278  252    3
    3  251  279  278    3
    3  250  279  251    3
    3  250  280  279    3
    3  249  280  250    3
    3  249  281  280    3
    3  248  281  249    3
    3  248  282  281    3
    3  247  282  248    3
    3  247  283  282    3
    3  246  283  247    3
    3  246  284  283    3
    3  245  284  246    3
    3  245  285  284    3
    3  244  285  245    3
    3  244  286  285    3
    3  243  286  244    3
    3  243  287  286    3
    3  242  287  243    3
    3  242  288  287    3
    3  241  288  242    3
    3  241  265  288    3
    3  289  279  290    1
    3  291  288  292    1
    3  293  294  295    3
    3  296  275  276    1
    3  297  298  299    1
    3  300  301  302    1
    3  303  304  305    3
    3  292  306  307    1
    3  308  309  310    4
    3  300  293  301    1
    3  311  312  313    3
    3  290  314  315    1
    3  316  317  318    1
    3  319  320  321    3
    3  317  322  308    1
    3  286  323  285    1
    3  286  287  320    1
    3  298  297  293    1
    3  324  325  273    1
    3  326  271  272    1
    3  327  328  301    1
    3  329  326  330    1
    3  300  331  304    1
    3  332  282  302    1
    3  272  325  326    1
    3  296  276  316    1
    3  296  333  275    1
    3  324  334  325    1
    3  335  329  336    1
    3  315  328  337    1
    3  338  339  303    3
    3  334  340  341    4
    3  279  289  278    1
    3  274  275  333    1
    3  322  278  289    1
    3  342  343  344    3
    3  332  301  328    1
    3  314  290  280    1
    3  345  338  346    3
    3  324  333  334    1
    3  277  316  276    1
    3  266  267  335    1
    3  288  291  287    1
    3  347  348  349    3
    3  316  322  317    1
    3  297  350  351    4
    3  327  301  293    1
    3  283  331  302    1
    3  352  353  354    4
    3  326  269  270    1
    3  332  302  301    1
    3  355  299  298    1
    3  312  356  357    3
    3  330  355  329    1
    3  336  306  335    1
    3  271  326  270    1
    3  358  359  360    4
    3  298  361  362    3
    3  283  302  282    1
    3  336  329  355    1
    3  326  363  330    1
    3  265  292  288    1
    3  300  364  365    3
    3  366  367  368    4
    3  333  318  334    1
    3  369  361  370    3
    3  327  293  297    1
    3  278  322  277    1
    3  320  291  356    3
    3  371  285  323    1
    3  363  325  334    1
    3  371  331  284    1
    3  364  339  349    3
    3  268  335  267    1
    3  372  363  373    4
    3  280  290  279    1
    3  266  306  265    1
    3  316  277  322    1
    3  328  315  314    1
    3  308  315  367    1
    3  355  330  372    1
    3  327  297  337    1
    3  280  281  314    1
    3  374  340  375    4
    3  296  316  318    1
    3  352  376  377    4
    3  355  307  336    1
    3  292  343  378    3
    3  326  325  363    1
    3  320  287  291    1
    3  345  319  379    3
    3  380  372  381    4
    3  358  366  382    4
    3  268  329  335    1
    3  273  274  324    1
    3  336  307  306    1
    3  265  306  292    1
    3  296  318  333    1
    3  383  374  384    4
    3  329  268  269    1
    3  385  373  386    4
    3  333  324  274    1
    3  283  284  331    1
    3  298  307  355    1
    3  299  353  387    4
    3  308  289  315    1
    3  273  325  272    1
    3  327  337  328    1
    3  388  376  389    4
    3  314  332  328    1
    3  281  282  332    1
    3  315  289  290    1
    3  363  372  330    1
    3  355  372  299    1
    3  285  371  284    1
    3  314  281  332    1
    3  269  326  329    1
    3  369  347  311    3
    3  266  335  306    1
    3  286  320  323    1
    3  308  322  289    1
    3  300  302  331    1
    3  343  390  313    3
    3  292  307  344    3
    3  298  348  370    3
    3  361  390  342    3
    3  343  342  390    3
    3  342  307  362    3
    3  347  369  348    3
    3  361  369  390    3
    3  369  311  390    3
    3  312  311  347    3
    3  311  313  390    3
    3  313  312  378    3
    3  298  362  307    3
    3  342  362  361    3
    3  342  344  307    3
    3  292  344  343    3
    3  369  370  348    3
    3  298  370  361    3
    3  292  378  312    3
    3  313  378  343    3
    3  334  318  375    4
    3  340  391  388    4
    3  318  317  384    4
    3  340  374  391    4
    3  352  385  389    4
    3  376  391  359    4
    3  376  388  391    4
    3  388  385  341    4
    3  359  391  383    4
    3  359  358  377    4
    3  374  383  391    4
    3  383  317  360    4
    3  374  375  318    4
    3  334  375  340    4
    3  334  341  385    4
    3  388  341  340    4
    3  388  389  385    4
    3  352  389  376    4
    3  352  377  358    4
    3  359  377  376    4
    3  358  360  317    4
    3  383  360  359    4
    3  383  384  317    4
    3  318  384  374    4
    3  367  358  309    4
    3  315  337  368    1
    3  353  352  350    4
    3  353  299  380    4
    3  372  380  299    4
    3  380  385  354    4
    3  350  352  392    4
    3  350  297  387    4
    3  366  337  392    4
    3  367  366  358    4
    3  363  334  386    4
    3  373  385  381    4
    3  392  337  351    4
    3  392  352  382    4
    3  380  381  385    4
    3  373  381  372    4
    3  358  317  310    4
    3  367  309  308    4
    3  385  386  334    4
    3  363  386  373    4
    3  366  368  337    4
    3  315  368  367    1
    3  299  387  297    4
    3  350  387  353    4
    3  352  354  385    4
    3  380  354  353    4
    3  358  382  352    4
    3  392  382  366    4
    3  297  351  337    4
    3  392  351  350    4
    3  308  310  317    4
    3  358  310  309    4
    3  312  347  379    3
    3  320  319  323    3
    3  371  323  346    3
    3  338  347  393    3
    3  364  300  394    3
    3  364  348  294    3
    3  319  345  323    3
    3  338  345  347    3
    3  348  298  295    3
    3  294  293  365    3
    3  304  339  394    3
    3  331  371  305    1
    3  364  349  348    3
    3  349  339  393    3
    3  338  393  339    3
    3  349  393  347    3
    3  338  303  371    3
    3  304  303  339    3
    3  356  312  321    3
    3  291  292  357    3
    3  364  394  339    3
    3  304  394  300    3
    3  319  321  312    3
    3  356  321  320    3
    3  293  295  298    3
    3  348  295  294    3
    3  312  357  292    3
    3  291  357  356    3
    3  345  346  323    3
    3  371  346  338    3
    3  303  305  371    3
    3  331  305  304    1
    3  345  379  347    3
    3  312  379  319    3
    3  300  365  293    3
    3  294  365  364    3
C Prescribed Values(Inlet, Outlet), InteractionSurface(Inlet, Outlet)
       1        0        0        2        2        2
C Inlet Pressure, FunID (E18.9,I5)
   1.000000000e+00    3
C Outlet Velocity
C     Vx,           Vy,            Vz,    indVx,indVy,indVz, FunID(3E18.9, 4I5)
   0.000000000e+00   1.000000000e+00   0.000000000e+00    1    0    0    4
C Inlet Velocity
C nNodeID,    Vx,           Vy,            Vz (I5, 3E18.9)
  265
    1  -1.000000000e-01  -1.050000000e+00  -1.500000000e-01
    2   1.500000000e-01  -9.500000000e-01   9.500000000e-01
    3  -1.000000000e-01  -9.500000000e-01   1.200000000e+00
    4  -3.000000000e-01  -9.500000000e-01   7.500000000e-01
    5  -2.500000000e-01  -9.500000000e-01   2.000000000e-01
    6   0.000000000e+00  -9.500000000e-01  -1.500000000e-01
    7   1.500000000e-01  -9.500000000e-01  -2.500000000e-01
    8   1.000000000e-01  -9.500000000e-01  -1.500000000e-01
    9  -5.000000000e-02  -9.500000000e-01  -1.000000000e-01
   10  -3.000000000e-01  -9.500000000e-01  -2.000000000e-01
   11  -4.000000000e-01  -9.500000000e-01  -3.000000000e-01
   12  -3.000000000e-01  -9.500000000e-01  -3.500000000e-01
   13  -1.500000000e-01  -9.500000000e-01  -3.000000000e-01
   14  -1.000000000e-01  -9.500000000e-01  -1.500000000e-01
   15  -1.000000000e-01  -9.500000000e-01  -1.500000000e-01
   16   5.000000000e-02  -9.500000000e-01  -4.000000000e-01
   17   3.500000000e-01  -9.500000000e-01  -8.000000000e-01
   18   7.500000000e-01  -9.500000000e-01  -9.000000000e-01
   19   1.000000000e+00  -9.500000000e-01  -6.500000000e-01
   20   6.500000000e-01  -9.500000000e-01  -2.500000000e-01
   21  -2.500000000e-01  -9.500000000e-01  -1.000000000e-01
   22  -1.150000000e+00  -9.500000000e-01  -4.000000000e-01
   23  -1.200000000e+00  -9.500000000e-01  -8.000000000e-01
   24  -6.500000000e-01  -9.500000000e-01  -7.000000000e-01
   25  -5.000000000e-02  -9.500000000e-01   0.000000000e+00
   26   2.000000000e-01  -9.000000000e-01   1.500000000e+00
   27  -3.000000000e-01  -9.000000000e-01   1.600000000e+00
   28  -4.500000000e-01  -9.000000000e-01   5.000000000e-01
   29   0.000000000e+00  -9.000000000e-01  -5.500000000e-01
   30   6.500000000e-01  -9.000000000e-01  -1.000000000e+00
   31   9.500000000e-01  -9.000000000e-01  -9.000000000e-01
   32   8.000000000e-01  -9.000000000e-01  -4.500000000e-01
   33   5.000000000e-02  -9.000000000e-01  -2.500000000e-01
   34  -9.500000000e-01  -9.000000000e-01  -4.500000000e-01
   35  -1.350000000e+00  -9.000000000e-01  -9.000000000e-01
   36  -8.500000000e-01  -9.000000000e-01  -9.500000000e-01
   37  -3.000000000e-01  -9.000000000e-01  -3.500000000e-01
   38  -1.000000000e-01  -9.000000000e-01   3.000000000e-01
   39  -2.500000000e-01  -9.000000000e-01   5.500000000e-01
   40  -3.500000000e-01  -9.000000000e-01   1.000000000e-01
   41   2.500000000e-01  -9.000000000e-01  -9.000000000e-01
   42   9.500000000e-01  -9.000000000e-01  -1.300000000e+00
   43   1.350000000e+00  -9.000000000e-01  -1.100000000e+00
   44   9.000000000e-01  -9.000000000e-01  -5.000000000e-01
   45  -6.000000000e-01  -9.000000000e-01  -2.500000000e-01
   46  -2.300000000e+00  -9.000000000e-01  -8.500000000e-01
   47  -2.350000000e+00  -9.000000000e-01  -1.600000000e+00
   48  -1.350000000e+00  -9.000000000e-01  -1.400000000e+00
   49  -2.000000000e-01  -9.000000000e-01  -1.500000000e-01
   50   3.500000000e-01  -8.500000000e-01   1.700000000e+00
   51  -1.000000000e-01  -8.500000000e-01   1.750000000e+00
   52  -3.000000000e-01  -8.500000000e-01   7.500000000e-01
   53   5.000000000e-02  -8.500000000e-01  -2.500000000e-01
   54   6.500000000e-01  -8.500000000e-01  -7.000000000e-01
   55   9.000000000e-01  -8.500000000e-01  -5.500000000e-01
   56   7.500000000e-01  -8.500000000e-01  -2.500000000e-01
   57   1.000000000e-01  -8.500000000e-01   0.000000000e+00
   58  -7.000000000e-01  -8.500000000e-01  -2.500000000e-01
   59  -1.050000000e+00  -8.500000000e-01  -7.000000000e-01
   60  -5.500000000e-01  -8.500000000e-01  -5.500000000e-01
   61   5.000000000e-02  -8.500000000e-01   2.000000000e-01
   62   1.500000000e-01  -8.500000000e-01   1.000000000e+00
   63  -1.000000000e-01  -8.500000000e-01   1.350000000e+00
   64  -3.500000000e-01  -8.500000000e-01   8.500000000e-01
   65   4.000000000e-01  -8.500000000e-01  -7.000000000e-01
   66   1.350000000e+00  -8.500000000e-01  -1.350000000e+00
   67   2.000000000e+00  -8.500000000e-01  -1.150000000e+00
   68   1.650000000e+00  -8.500000000e-01  -4.500000000e-01
   69   0.000000000e+00  -8.500000000e-01   0.000000000e+00
   70  -1.850000000e+00  -8.500000000e-01  -6.000000000e-01
   71  -2.000000000e+00  -8.500000000e-01  -1.250000000e+00
   72  -1.100000000e+00  -8.500000000e-01  -1.200000000e+00
   73   0.000000000e+00  -8.500000000e-01   1.000000000e-01
   74   3.000000000e-01  -8.000000000e-01   1.750000000e+00
   75  -1.000000000e-01  -8.000000000e-01   1.800000000e+00
   76  -3.500000000e-01  -8.000000000e-01   1.200000000e+00
   77  -2.500000000e-01  -8.000000000e-01   5.000000000e-01
   78   5.000000000e-02  -8.000000000e-01   1.000000000e-01
   79   1.500000000e-01  -8.000000000e-01   1.000000000e-01
   80   5.000000000e-02  -8.000000000e-01   1.500000000e-01
   81  -2.500000000e-01  -8.000000000e-01   2.000000000e-01
   82  -6.000000000e-01  -8.000000000e-01   0.000000000e+00
   83  -7.000000000e-01  -8.000000000e-01  -2.500000000e-01
   84  -3.000000000e-01  -8.000000000e-01  -1.000000000e-01
   85   2.000000000e-01  -8.000000000e-01   6.500000000e-01
   86   3.000000000e-01  -8.000000000e-01   1.550000000e+00
   87  -1.000000000e-01  -8.000000000e-01   1.950000000e+00
   88  -4.000000000e-01  -8.000000000e-01   1.400000000e+00
   89   3.500000000e-01  -8.000000000e-01  -4.000000000e-01
   90   1.450000000e+00  -8.000000000e-01  -1.150000000e+00
   91   2.150000000e+00  -8.000000000e-01  -9.500000000e-01
   92   2.050000000e+00  -8.000000000e-01  -3.000000000e-01
   93   4.500000000e-01  -8.000000000e-01   2.000000000e-01
   94  -1.550000000e+00  -8.000000000e-01  -2.500000000e-01
   95  -1.750000000e+00  -8.000000000e-01  -8.500000000e-01
   96  -9.000000000e-01  -8.000000000e-01  -7.500000000e-01
   97   5.000000000e-02  -8.000000000e-01   4.000000000e-01
   98   0.000000000e+00  -7.500000000e-01   1.600000000e+00
   99  -3.500000000e-01  -7.500000000e-01   1.850000000e+00
  100  -7.000000000e-01  -7.500000000e-01   1.700000000e+00
  101  -9.000000000e-01  -7.500000000e-01   1.350000000e+00
  102  -1.050000000e+00  -7.500000000e-01   1.050000000e+00
  103  -1.150000000e+00  -7.500000000e-01   7.500000000e-01
  104  -1.050000000e+00  -7.500000000e-01   5.000000000e-01
  105  -8.000000000e-01  -7.500000000e-01   3.000000000e-01
  106  -5.000000000e-01  -7.500000000e-01   2.500000000e-01
  107  -3.000000000e-01  -7.500000000e-01   3.000000000e-01
  108  -1.500000000e-01  -7.500000000e-01   4.000000000e-01
  109   1.500000000e-01  -7.500000000e-01   1.050000000e+00
  110   5.000000000e-02  -7.500000000e-01   1.650000000e+00
  111  -3.500000000e-01  -7.500000000e-01   1.900000000e+00
  112  -5.500000000e-01  -7.500000000e-01   1.400000000e+00
  113   2.000000000e-01  -7.500000000e-01  -4.500000000e-01
  114   1.350000000e+00  -7.500000000e-01  -1.200000000e+00
  115   2.000000000e+00  -7.500000000e-01  -9.000000000e-01
  116   1.950000000e+00  -7.500000000e-01  -2.000000000e-01
  117   2.000000000e-01  -7.500000000e-01   3.500000000e-01
  118  -2.150000000e+00  -7.500000000e-01  -3.000000000e-01
  119  -2.250000000e+00  -7.500000000e-01  -9.500000000e-01
  120  -1.350000000e+00  -7.500000000e-01  -8.500000000e-01
  121  -2.500000000e-01  -7.500000000e-01   3.500000000e-01
  122   2.000000000e-01  -7.000000000e-01   1.950000000e+00
  123  -2.000000000e-01  -7.000000000e-01   2.250000000e+00
  124  -7.000000000e-01  -7.000000000e-01   2.200000000e+00
  125  -1.100000000e+00  -7.000000000e-01   1.950000000e+00
  126  -1.450000000e+00  -7.000000000e-01   1.650000000e+00
  127  -1.550000000e+00  -7.000000000e-01   1.150000000e+00
  128  -1.200000000e+00  -7.000000000e-01   7.000000000e-01
  129  -5.000000000e-01  -7.000000000e-01   4.500000000e-01
  130   3.500000000e-01  -7.000000000e-01   5.500000000e-01
  131   7.500000000e-01  -7.000000000e-01   1.000000000e+00
  132   6.000000000e-01  -7.000000000e-01   1.200000000e+00
  133   3.500000000e-01  -7.000000000e-01   1.300000000e+00
  134   1.000000000e-01  -7.000000000e-01   1.400000000e+00
  135  -1.500000000e-01  -7.000000000e-01   1.350000000e+00
  136  -2.500000000e-01  -7.000000000e-01   9.500000000e-01
  137   4.000000000e-01  -7.000000000e-01  -3.500000000e-01
  138   1.400000000e+00  -7.000000000e-01  -1.000000000e+00
  139   2.100000000e+00  -7.000000000e-01  -7.500000000e-01
  140   2.000000000e+00  -7.000000000e-01  -5.000000000e-02
  141   3.000000000e-01  -7.000000000e-01   4.500000000e-01
  142  -1.950000000e+00  -7.000000000e-01  -1.000000000e-01
  143  -1.900000000e+00  -7.000000000e-01  -7.000000000e-01
  144  -1.050000000e+00  -7.000000000e-01  -5.000000000e-01
  145   0.000000000e+00  -7.000000000e-01   7.000000000e-01
  146   3.500000000e-01  -3.500000000e-01   2.250000000e+00
  147  -5.000000000e-02  -3.500000000e-01   2.850000000e+00
  148  -7.500000000e-01  -3.500000000e-01   3.250000000e+00
  149  -1.600000000e+00  -3.500000000e-01   3.400000000e+00
  150  -2.550000000e+00  -3.500000000e-01   3.200000000e+00
  151  -3.050000000e+00  -3.500000000e-01   2.450000000e+00
  152  -2.400000000e+00  -3.500000000e-01   1.350000000e+00
  153  -1.000000000e+00  -3.500000000e-01   7.500000000e-01
  154   7.500000000e-01  -3.500000000e-01   1.000000000e+00
  155   1.650000000e+00  -3.500000000e-01   1.750000000e+00
  156   1.250000000e+00  -3.500000000e-01   2.050000000e+00
  157   6.500000000e-01  -3.500000000e-01   1.900000000e+00
  158   2.000000000e-01  -3.500000000e-01   1.600000000e+00
  159   0.000000000e+00  -3.500000000e-01   1.300000000e+00
  160   0.000000000e+00  -3.500000000e-01   9.000000000e-01
  161   7.000000000e-01  -3.500000000e-01  -3.000000000e-01
  162   1.900000000e+00  -3.500000000e-01  -9.500000000e-01
  163   2.700000000e+00  -3.500000000e-01  -6.500000000e-01
  164   2.750000000e+00  -3.500000000e-01   1.500000000e-01
  165   1.100000000e+00  -3.500000000e-01   8.000000000e-01
  166  -1.050000000e+00  -3.500000000e-01   5.000000000e-01
  167  -9.500000000e-01  -3.500000000e-01   1.500000000e-01
  168  -4.000000000e-01  -3.500000000e-01   3.000000000e-01
  169   2.500000000e-01  -3.500000000e-01   1.250000000e+00
  170   5.500000000e-01   0.000000000e+00   3.200000000e+00
  171  -5.000000000e-02   0.000000000e+00   3.700000000e+00
  172  -8.500000000e-01   0.000000000e+00   3.950000000e+00
  173  -1.850000000e+00   0.000000000e+00   4.000000000e+00
  174  -2.750000000e+00   0.000000000e+00   3.650000000e+00
  175  -3.350000000e+00   0.000000000e+00   2.800000000e+00
  176  -2.500000000e+00   0.000000000e+00   1.600000000e+00
  177  -7.500000000e-01   0.000000000e+00   1.000000000e+00
  178   1.150000000e+00   0.000000000e+00   1.350000000e+00
  179   2.150000000e+00   0.000000000e+00   2.350000000e+00
  180   1.600000000e+00   0.000000000e+00   2.600000000e+00
  181   6.000000000e-01   0.000000000e+00   1.950000000e+00
  182   1.000000000e-01   0.000000000e+00   1.150000000e+00
  183   1.000000000e-01   0.000000000e+00   5.500000000e-01
  184   3.000000000e-01   0.000000000e+00   2.000000000e-01
  185   7.500000000e-01   0.000000000e+00  -1.500000000e-01
  186   1.550000000e+00   0.000000000e+00  -3.500000000e-01
  187   2.100000000e+00   0.000000000e+00  -5.000000000e-02
  188   2.100000000e+00   0.000000000e+00   5.500000000e-01
  189   7.500000000e-01   0.000000000e+00   1.050000000e+00
  190  -6.500000000e-01   0.000000000e+00   8.000000000e-01
  191  -4.500000000e-01   0.000000000e+00   7.000000000e-01
  192   5.000000000e-02   0.000000000e+00   1.000000000e+00
  193   6.000000000e-01   0.000000000e+00   2.050000000e+00
  194   3.500000000e-01   3.500000000e-01   3.600000000e+00
  195  -4.000000000e-01   3.500000000e-01   4.100000000e+00
  196  -1.450000000e+00   3.500000000e-01   4.350000000e+00
  197  -2.550000000e+00   3.500000000e-01   4.300000000e+00
  198  -3.650000000e+00   3.500000000e-01   3.700000000e+00
  199  -4.250000000e+00   3.500000000e-01   2.850000000e+00
  200  -3.550000000e+00   3.500000000e-01   1.450000000e+00
  201  -1.850000000e+00   3.500000000e-01   6.000000000e-01
  202  -1.000000000e-01   3.500000000e-01   7.500000000e-01
  203   8.500000000e-01   3.500000000e-01   1.400000000e+00
  204   5.000000000e-01   3.500000000e-01   1.600000000e+00
  205  -2.500000000e-01   3.500000000e-01   8.000000000e-01
  206  -5.000000000e-01   3.500000000e-01  -1.500000000e-01
  207  -2.500000000e-01   3.500000000e-01  -8.000000000e-01
  208   3.000000000e-01   3.500000000e-01  -1.100000000e+00
  209   9.500000000e-01   3.500000000e-01  -1.300000000e+00
  210   1.850000000e+00   3.500000000e-01  -1.300000000e+00
  211   2.400000000e+00   3.500000000e-01  -7.500000000e-01
  212   2.050000000e+00   3.500000000e-01   2.000000000e-01
  213   2.000000000e-01   3.500000000e-01   7.500000000e-01
  214  -1.100000000e+00   3.500000000e-01   4.500000000e-01
  215  -8.500000000e-01   3.500000000e-01   4.000000000e-01
  216  -1.500000000e-01   3.500000000e-01   8.500000000e-01
  217   5.500000000e-01   3.500000000e-01   2.200000000e+00
  218  -1.000000000e-01   6.500000000e-01   4.000000000e+00
  219  -1.000000000e+00   6.500000000e-01   4.050000000e+00
  220  -2.050000000e+00   6.500000000e-01   4.400000000e+00
  221  -3.150000000e+00   6.500000000e-01   4.200000000e+00
  222  -4.150000000e+00   6.500000000e-01   3.500000000e+00
  223  -4.800000000e+00   6.500000000e-01   2.400000000e+00
  224  -4.400000000e+00   6.500000000e-01   1.400000000e+00
  225  -3.250000000e+00   6.500000000e-01   5.000000000e-01
  226  -2.100000000e+00   6.500000000e-01   2.000000000e-01
  227  -1.350000000e+00   6.500000000e-01   3.000000000e-01
  228  -1.300000000e+00   6.500000000e-01   1.000000000e-01
  229  -1.450000000e+00   6.500000000e-01  -5.500000000e-01
  230  -1.250000000e+00   6.500000000e-01  -1.150000000e+00
  231  -8.000000000e-01   6.500000000e-01  -1.450000000e+00
  232  -2.000000000e-01   6.500000000e-01  -1.500000000e+00
  233   5.000000000e-01   6.500000000e-01  -1.550000000e+00
  234   1.050000000e+00   6.500000000e-01  -1.200000000e+00
  235   1.400000000e+00   6.500000000e-01  -6.000000000e-01
  236   9.500000000e-01   6.500000000e-01   2.000000000e-01
  237  -4.000000000e-01   6.500000000e-01   6.000000000e-01
  238  -1.100000000e+00   6.500000000e-01   5.000000000e-01
  239  -8.500000000e-01   6.500000000e-01   6.000000000e-01
  240  -2.500000000e-01   6.500000000e-01   1.250000000e+00
  241   3.000000000e-01   6.500000000e-01   2.800000000e+00
  242  -3.000000000e-01   1.000000000e+00   4.500000000e+00
  243  -1.350000000e+00   1.000000000e+00   4.500000000e+00
  244  -2.300000000e+00   1.000000000e+00   4.400000000e+00
  245  -3.050000000e+00   1.000000000e+00   3.600000000e+00
  246  -3.600000000e+00   1.000000000e+00   3.000000000e+00
  247  -4.000000000e+00   1.000000000e+00   2.500000000e+00
  248  -4.150000000e+00   1.000000000e+00   1.000000000e+00
  249  -4.100000000e+00   1.000000000e+00   5.500000000e-01
  250  -3.850000000e+00   1.000000000e+00  -1.500000000e-01
  251  -3.550000000e+00   1.000000000e+00  -8.500000000e-01
  252  -3.100000000e+00   1.000000000e+00  -1.400000000e+00
  253  -2.350000000e+00   1.000000000e+00  -1.600000000e+00
  254  -1.650000000e+00   1.000000000e+00  -1.350000000e+00
  255  -1.100000000e+00   1.000000000e+00  -1.000000000e+00
  256  -7.500000000e-01   1.000000000e+00  -7.500000000e-01
  257  -2.500000000e-01   1.000000000e+00  -9.000000000e-01
  258   2.000000000e-01   1.000000000e+00  -6.500000000e-01
  259   4.000000000e-01   1.000000000e+00  -2.000000000e-01
  260   5.000000000e-02   1.000000000e+00   4.000000000e-01
  261  -8.000000000e-01   1.000000000e+00   6.500000000e-01
  262  -8.500000000e-01   1.000000000e+00   7.500000000e-01
  263  -5.000000000e-01   1.000000000e+00   1.050000000e+00
  264  -5.000000000e-02   1.000000000e+00   1.900000000e+00
  265   3.500000000e-01   1.000000000e+00   3.750000000e+00
C Region List
