C PointsNum,MaxElemVol,TetGenParams,nAtrib,IndMov,MDMaxVolume,MDomDiv,MDOnly,MDDivF,MDPrescP
  395    1.000000e+00 YYpznno2q1.414a     0     0    1.000000e+00     1     0     0     0     0     0 YYpznno2q1.414a
  -1.852148000e-01  -8.643570000e+00  -9.818100000e-02
   1.138771000e-01  -8.157820000e+00   8.269840000e-01
  -1.254590000e-01  -8.157820000e+00   8.980480000e-01
  -3.798280000e-01  -8.157820000e+00   8.802330000e-01
  -6.262570000e-01  -8.157820000e+00   8.012300000e-01
  -8.504580000e-01  -8.157820000e+00   6.578930000e-01
  -1.010834000e+00  -8.157820000e+00   4.454290000e-01
  -1.099789000e+00  -8.157820000e+00   1.960960000e-01
  -1.131068000e+00  -8.157820000e+00  -6.378800000e-02
  -1.107557000e+00  -8.157820000e+00  -3.257610000e-01
  -1.013087000e+00  -8.157820000e+00  -5.738680000e-01
  -8.515420000e-01  -8.157820000e+00  -7.847370000e-01
  -6.417010000e-01  -8.157820000e+00  -9.485250000e-01
  -4.001229000e-01  -8.157820000e+00  -1.062389000e+00
  -1.334480000e-01  -8.157820000e+00  -1.116834000e+00
   1.383440000e-01  -8.157820000e+00  -1.082361000e+00
   3.694660000e-01  -8.157820000e+00  -9.394930000e-01
   5.405370000e-01  -8.157820000e+00  -7.438660000e-01
   6.647250000e-01  -8.157820000e+00  -5.304650000e-01
   7.291810000e-01  -8.157820000e+00  -3.019040000e-01
   6.684040000e-01  -8.157820000e+00  -7.090200000e-02
   5.669050000e-01  -8.157820000e+00   1.162130000e-01
   4.711650000e-01  -8.157820000e+00   2.753840000e-01
   3.847470000e-01  -8.157820000e+00   4.420700000e-01
   2.806420000e-01  -8.157820000e+00   6.369680000e-01
   1.499166000e-01  -7.682070000e+00   1.177310000e+00
  -1.834520000e-01  -7.682070000e+00   1.260125000e+00
  -5.246990000e-01  -7.682070000e+00   1.204763000e+00
  -8.364050000e-01  -7.682070000e+00   1.062935000e+00
  -1.103928000e+00  -7.682070000e+00   8.536800000e-01
  -1.302520000e+00  -7.682070000e+00   5.793960000e-01
  -1.429600000e+00  -7.682070000e+00   2.686132000e-01
  -1.496030000e+00  -7.682070000e+00  -6.301500000e-02
  -1.490650000e+00  -7.682070000e+00  -4.118790000e-01
  -1.383598000e+00  -7.682070000e+00  -7.519010000e-01
  -1.167129000e+00  -7.682070000e+00  -1.038340000e+00
  -8.787920000e-01  -7.682070000e+00  -1.252840000e+00
  -5.490834000e-01  -7.682070000e+00  -1.393650000e+00
  -1.938710000e-01  -7.682070000e+00  -1.452470000e+00
   1.615210000e-01  -7.682070000e+00  -1.396909000e+00
   4.499010000e-01  -7.682070000e+00  -1.184371000e+00
   6.467500000e-01  -7.682070000e+00  -9.099380000e-01
   7.831340000e-01  -7.682070000e+00  -6.342580000e-01
   8.649860000e-01  -7.682070000e+00  -3.553868000e-01
   8.182410000e-01  -7.682070000e+00  -7.179700000e-02
   7.151710000e-01  -7.682070000e+00   1.703610000e-01
   6.056970000e-01  -7.682070000e+00   3.873930000e-01
   5.055450000e-01  -7.682070000e+00   6.217270000e-01
   3.769450000e-01  -7.682070000e+00   9.030340000e-01
   1.517290000e-01  -7.199310000e+00   1.478160000e+00
  -2.579520000e-01  -7.199310000e+00   1.568930000e+00
  -6.707170000e-01  -7.199310000e+00   1.487374000e+00
  -1.041431000e+00  -7.199310000e+00   1.305688000e+00
  -1.356160000e+00  -7.199310000e+00   1.046894000e+00
  -1.592030000e+00  -7.199310000e+00   7.200600000e-01
  -1.748430000e+00  -7.199310000e+00   3.505288000e-01
  -1.832910000e+00  -7.199310000e+00  -4.731900000e-02
  -1.834080000e+00  -7.199310000e+00  -4.665190000e-01
  -1.712860000e+00  -7.199310000e+00  -8.820640000e-01
  -1.450643000e+00  -7.199310000e+00  -1.230050000e+00
  -1.094412000e+00  -7.199310000e+00  -1.477200000e+00
  -6.932710000e-01  -7.199310000e+00  -1.627670000e+00
  -2.710850000e-01  -7.199310000e+00  -1.681310000e+00
   1.473810000e-01  -7.199310000e+00  -1.614105000e+00
   4.759140000e-01  -7.199310000e+00  -1.346656000e+00
   6.842660000e-01  -7.199310000e+00  -1.008266000e+00
   8.228670000e-01  -7.199310000e+00  -6.861500000e-01
   9.161260000e-01  -7.199310000e+00  -3.744712000e-01
   8.830710000e-01  -7.199310000e+00  -5.638300000e-02
   7.851910000e-01  -7.199310000e+00   2.251430000e-01
   6.700120000e-01  -7.199310000e+00   4.828120000e-01
   5.644670000e-01  -7.199310000e+00   7.713000000e-01
   4.233980000e-01  -7.199310000e+00   1.128800000e+00
   1.540940000e-01  -6.718560000e+00   1.742210000e+00
  -3.257960000e-01  -6.718560000e+00   1.831460000e+00
  -7.990470000e-01  -6.718560000e+00   1.717660000e+00
  -1.213810000e+00  -6.718560000e+00   1.489637000e+00
  -1.560090000e+00  -6.718560000e+00   1.187342000e+00
  -1.824580000e+00  -6.718560000e+00   8.195060000e-01
  -2.016380000e+00  -6.718560000e+00   4.097276000e-01
  -2.142640000e+00  -6.718560000e+00  -4.084700000e-02
  -2.176630000e+00  -6.718560000e+00  -5.342860000e-01
  -2.056090000e+00  -6.718560000e+00  -1.033460000e+00
  -1.742030000e+00  -6.718560000e+00  -1.445750000e+00
  -1.302791000e+00  -6.718560000e+00  -1.712720000e+00
  -8.239060000e-01  -6.718560000e+00  -1.851640000e+00
  -3.404300000e-01  -6.718560000e+00  -1.887400000e+00
   1.301550000e-01  -6.718560000e+00  -1.804250000e+00
   4.958320000e-01  -6.718560000e+00  -1.498010000e+00
   7.184680000e-01  -6.718560000e+00  -1.108584000e+00
   8.640970000e-01  -6.718560000e+00  -7.456180000e-01
   9.689920000e-01  -6.718560000e+00  -4.022724000e-01
   9.495360000e-01  -6.718560000e+00  -5.234300000e-02
   8.558740000e-01  -6.718560000e+00   2.658790000e-01
   7.356160000e-01  -6.718560000e+00   5.642490000e-01
   6.236960000e-01  -6.718560000e+00   9.027100000e-01
   4.689540000e-01  -6.718560000e+00   1.329800000e+00
   1.527950000e-01  -6.238800000e+00   1.919060000e+00
  -3.745600000e-01  -6.238800000e+00   2.004910000e+00
  -8.914370000e-01  -6.238800000e+00   1.883890000e+00
  -1.348770000e+00  -6.238800000e+00   1.640361000e+00
  -1.731770000e+00  -6.238800000e+00   1.311382000e+00
  -2.024940000e+00  -6.238800000e+00   9.088580000e-01
  -2.244730000e+00  -6.238800000e+00   4.588001000e-01
  -2.396890000e+00  -6.238800000e+00  -4.054700000e-02
  -2.447990000e+00  -6.238800000e+00  -5.932160000e-01
  -2.320810000e+00  -6.238800000e+00  -1.157810000e+00
  -1.963990000e+00  -6.238800000e+00  -1.617390000e+00
  -1.459682000e+00  -6.238800000e+00  -1.898810000e+00
  -9.212050000e-01  -6.238800000e+00  -2.031370000e+00
  -3.899680000e-01  -6.238800000e+00  -2.052200000e+00
   1.215170000e-01  -6.238800000e+00  -1.957170000e+00
   5.205360000e-01  -6.238800000e+00  -1.624940000e+00
   7.580970000e-01  -6.238800000e+00  -1.197854000e+00
   9.125120000e-01  -6.238800000e+00  -8.028530000e-01
   1.031068000e+00  -6.238800000e+00  -4.321999000e-01
   1.031909000e+00  -6.238800000e+00  -5.299400000e-02
   9.446970000e-01  -6.238800000e+00   3.023950000e-01
   8.184360000e-01  -6.238800000e+00   6.394410000e-01
   6.933280000e-01  -6.238800000e+00   1.020280000e+00
   5.128210000e-01  -6.238800000e+00   1.489470000e+00
   1.591610000e-01  -5.759050000e+00   2.116360000e+00
  -4.152700000e-01  -5.759050000e+00   2.213020000e+00
  -9.811100000e-01  -5.759050000e+00   2.086090000e+00
  -1.482750000e+00  -5.759050000e+00   1.824486000e+00
  -1.907280000e+00  -5.759050000e+00   1.468312000e+00
  -2.230130000e+00  -5.759050000e+00   1.026111000e+00
  -2.459210000e+00  -5.759050000e+00   5.275741000e-01
  -2.603890000e+00  -5.759050000e+00  -1.722000000e-02
  -2.639590000e+00  -5.759050000e+00  -6.103500000e-01
  -2.495430000e+00  -5.759050000e+00  -1.211020000e+00
  -2.115250000e+00  -5.759050000e+00  -1.704450000e+00
  -1.577796000e+00  -5.759050000e+00  -2.006080000e+00
  -1.000839000e+00  -5.759050000e+00  -2.146270000e+00
  -4.325400000e-01  -5.759050000e+00  -2.166720000e+00
   1.146600000e-01  -5.759050000e+00  -2.067900000e+00
   5.427640000e-01  -5.759050000e+00  -1.714030000e+00
   7.945960000e-01  -5.759050000e+00  -1.253870000e+00
   9.576100000e-01  -5.759050000e+00  -8.311370000e-01
   1.082743000e+00  -5.759050000e+00  -4.354259000e-01
   1.085371000e+00  -5.759050000e+00  -3.067300000e-02
   9.987440000e-01  -5.759050000e+00   3.506150000e-01
   8.684040000e-01  -5.759050000e+00   7.148170000e-01
   7.404280000e-01  -5.759050000e+00   1.131310000e+00
   5.507446000e-01  -5.759050000e+00   1.648250000e+00
   1.623960000e-01  -4.816630000e+00   2.418170000e+00
  -4.754260000e-01  -4.816630000e+00   2.525810000e+00
  -1.112000000e+00  -4.816630000e+00   2.422470000e+00
  -1.698710000e+00  -4.816630000e+00   2.162270000e+00
  -2.206240000e+00  -4.816630000e+00   1.775446000e+00
  -2.585890000e+00  -4.816630000e+00   1.265322000e+00
  -2.816560000e+00  -4.816630000e+00   6.751583000e-01
  -2.918340000e+00  -4.816630000e+00   5.014500000e-02
  -2.888450000e+00  -4.816630000e+00  -5.927300000e-01
  -2.694690000e+00  -4.816630000e+00  -1.222930000e+00
  -2.293530000e+00  -4.816630000e+00  -1.754320000e+00
  -1.721278000e+00  -4.816630000e+00  -2.081530000e+00
  -1.102604000e+00  -4.816630000e+00  -2.231040000e+00
  -4.935888000e-01  -4.816630000e+00  -2.251430000e+00
   9.354000000e-02  -4.816630000e+00  -2.150680000e+00
   5.548500000e-01  -4.816630000e+00  -1.775296000e+00
   8.246460000e-01  -4.816630000e+00  -1.278510000e+00
   1.003760000e+00  -4.816630000e+00  -8.256590000e-01
   1.141281000e+00  -4.816630000e+00  -4.008417000e-01
   1.168008000e+00  -4.816630000e+00   3.504400000e-02
   1.100447000e+00  -4.816630000e+00   4.606880000e-01
   9.692810000e-01  -4.816630000e+00   8.740430000e-01
   8.299780000e-01  -4.816630000e+00   1.347170000e+00
   6.086162900e-01  -4.816630000e+00   1.919440000e+00
   1.518470000e-01  -3.875210000e+00   2.649100000e+00
  -5.269590000e-01  -3.875210000e+00   2.769100000e+00
  -1.210980000e+00  -3.875210000e+00   2.676090000e+00
  -1.854220000e+00  -3.875210000e+00   2.416630000e+00
  -2.420990000e+00  -3.875210000e+00   2.016959000e+00
  -2.842310000e+00  -3.875210000e+00   1.463271000e+00
  -3.055540000e+00  -3.875210000e+00   8.035661000e-01
  -3.094270000e+00  -3.875210000e+00   1.277740000e-01
  -2.991900000e+00  -3.875210000e+00  -5.294400000e-01
  -2.754050000e+00  -3.875210000e+00  -1.150330000e+00
  -2.357520000e+00  -3.875210000e+00  -1.688850000e+00
  -1.794200000e+00  -3.875210000e+00  -2.040790000e+00
  -1.170153000e+00  -3.875210000e+00  -2.212030000e+00
  -5.456358000e-01  -3.875210000e+00  -2.244100000e+00
   6.136200000e-02  -3.875210000e+00  -2.146070000e+00
   5.303120000e-01  -3.875210000e+00  -1.745900000e+00
   7.837290000e-01  -3.875210000e+00  -1.211666000e+00
   9.513270000e-01  -3.875210000e+00  -7.479530000e-01
   1.095983000e+00  -3.875210000e+00  -3.254339000e-01
   1.162012000e+00  -3.875210000e+00   1.126240000e-01
   1.114208000e+00  -3.875210000e+00   5.546060000e-01
   9.939370000e-01  -3.875210000e+00   9.946600000e-01
   8.611460000e-01  -3.875210000e+00   1.506350000e+00
   6.337498000e-01  -3.875210000e+00   2.128890000e+00
   1.324030000e-01  -2.932800000e+00   2.845380000e+00
  -5.890400000e-01  -2.932800000e+00   2.984140000e+00
  -1.324120000e+00  -2.932800000e+00   2.903500000e+00
  -2.030750000e+00  -2.932800000e+00   2.655610000e+00
  -2.666220000e+00  -2.932800000e+00   2.242050000e+00
  -3.138390000e+00  -2.932800000e+00   1.637489000e+00
  -3.358530000e+00  -2.932800000e+00   9.064598000e-01
  -3.370860000e+00  -2.932800000e+00   1.668740000e-01
  -3.227750000e+00  -2.932800000e+00  -5.376500000e-01
  -2.953310000e+00  -2.932800000e+00  -1.191250000e+00
  -2.528030000e+00  -2.932800000e+00  -1.759020000e+00
  -1.925910000e+00  -2.932800000e+00  -2.122590000e+00
  -1.263597000e+00  -2.932800000e+00  -2.287180000e+00
  -6.079577000e-01  -2.932800000e+00  -2.306940000e+00
   2.397200000e-02  -2.932800000e+00  -2.202580000e+00
   5.294200000e-01  -2.932800000e+00  -1.816560000e+00
   8.060360000e-01  -2.932800000e+00  -1.259692000e+00
   9.899280000e-01  -2.932800000e+00  -7.700050000e-01
   1.142816000e+00  -2.932800000e+00  -3.175402000e-01
   1.206447000e+00  -2.932800000e+00   1.501120000e-01
   1.143271000e+00  -2.932800000e+00   6.170300000e-01
   1.022332000e+00  -2.932800000e+00   1.084390000e+00
   8.887340000e-01  -2.932800000e+00   1.633720000e+00
   6.495627000e-01  -2.932800000e+00   2.300660000e+00
   7.567400000e-02  -1.990380000e+00   2.961200000e+00
  -6.792400000e-01  -1.990380000e+00   3.109590000e+00
  -1.457650000e+00  -1.990380000e+00   3.055840000e+00
  -2.220030000e+00  -1.990380000e+00   2.818580000e+00
  -2.916820000e+00  -1.990380000e+00   2.389100000e+00
  -3.425740000e+00  -1.990380000e+00   1.734914000e+00
  -3.649190000e+00  -1.990380000e+00   9.538790000e-01
  -3.642510000e+00  -1.990380000e+00   1.575710000e-01
  -3.474080000e+00  -1.990380000e+00  -5.888800000e-01
  -3.172990000e+00  -1.990380000e+00  -1.274780000e+00
  -2.727350000e+00  -1.990380000e+00  -1.873770000e+00
  -2.094730000e+00  -1.990380000e+00  -2.264960000e+00
  -1.395326000e+00  -1.990380000e+00  -2.445930000e+00
  -7.004214000e-01  -1.990380000e+00  -2.473160000e+00
  -2.718200000e-02  -1.990380000e+00  -2.367220000e+00
   5.179560000e-01  -1.990380000e+00  -1.965400000e+00
   8.028180000e-01  -1.990380000e+00  -1.358149000e+00
   9.757020000e-01  -1.990380000e+00  -8.245870000e-01
   1.117085000e+00  -1.990380000e+00  -3.451210000e-01
   1.139493000e+00  -1.990380000e+00   1.394430000e-01
   1.048508000e+00  -1.990380000e+00   6.060710000e-01
   9.387980000e-01  -1.990380000e+00   1.080003000e+00
   8.301820000e-01  -1.990380000e+00   1.656410000e+00
   6.135200000e-01  -1.990380000e+00   2.385870000e+00
  -4.279000000e-02  -1.048960000e+00   2.961430000e+00
  -8.015300000e-01  -1.048960000e+00   3.107250000e+00
  -1.588820000e+00  -1.048960000e+00   3.070690000e+00
  -2.372170000e+00  -1.048960000e+00   2.852630000e+00
  -3.093020000e+00  -1.048960000e+00   2.426420000e+00
  -3.617340000e+00  -1.048960000e+00   1.762011000e+00
  -3.876630000e+00  -1.048960000e+00   9.632550000e-01
  -3.926860000e+00  -1.048960000e+00   1.405820000e-01
  -3.794810000e+00  -1.048960000e+00  -6.585900000e-01
  -3.504140000e+00  -1.048960000e+00  -1.409100000e+00
  -3.004750000e+00  -1.048960000e+00  -2.047330000e+00
  -2.282720000e+00  -1.048960000e+00  -2.393720000e+00
  -1.520790000e+00  -1.048960000e+00  -2.473320000e+00
  -8.221575000e-01  -1.048960000e+00  -2.414430000e+00
  -1.784030000e-01  -1.048960000e+00  -2.276230000e+00
   3.907660000e-01  -1.048960000e+00  -1.974300000e+00
   7.209660000e-01  -1.048960000e+00  -1.417344000e+00
   9.052030000e-01  -1.048960000e+00  -8.719380000e-01
   1.024835000e+00  -1.048960000e+00  -3.707450000e-01
   9.355370000e-01  -1.048960000e+00   1.230410000e-01
   7.973420000e-01  -1.048960000e+00   5.547110000e-01
   7.214740000e-01  -1.048960000e+00   1.008519000e+00
   6.634980000e-01  -1.048960000e+00   1.595540000e+00
   5.042020000e-01  -1.048960000e+00   2.390830000e+00
  -1.756040000e-01  -3.545410000e-01   2.972920000e+00
   4.011790000e-01  -3.545410000e-01   2.447500000e+00
   5.161060000e-01  -3.545410000e-01   1.582330000e+00
   5.187300000e-01  -3.545410000e-01   9.670400000e-01
   5.523140000e-01  -3.545410000e-01   5.218270000e-01
   6.836230000e-01  -3.545410000e-01   1.185790000e-01
   8.679060000e-01  -3.545410000e-01  -3.702940000e-01
   7.692870000e-01  -3.545410000e-01  -8.772310000e-01
   5.921980000e-01  -3.545410000e-01  -1.430210000e+00
   2.242500000e-01  -3.545410000e-01  -1.929150000e+00
  -3.428090000e-01  -3.545410000e-01  -2.179640000e+00
  -9.608674000e-01  -3.545410000e-01  -2.360830000e+00
  -1.665604000e+00  -3.545410000e-01  -2.502930000e+00
  -2.498150000e+00  -3.545410000e-01  -2.525170000e+00
  -3.315530000e+00  -3.545410000e-01  -2.222460000e+00
  -3.852070000e+00  -3.545410000e-01  -1.537760000e+00
  -4.139710000e+00  -3.545410000e-01  -7.163500000e-01
  -4.210550000e+00  -3.545410000e-01   1.338050000e-01
  -4.107280000e+00  -3.545410000e-01   9.807060000e-01
  -3.809580000e+00  -3.545410000e-01   1.791634000e+00
  -3.274310000e+00  -3.545410000e-01   2.468010000e+00
  -2.534820000e+00  -3.545410000e-01   2.887920000e+00
  -1.736320000e+00  -3.545410000e-01   3.096490000e+00
  -9.394100000e-01  -3.545410000e-01   3.123470000e+00
  -2.754010000e+00  -3.826410000e-01  -1.881760000e+00
  -3.298700000e+00  -3.795410000e-01  -1.566080000e+00
  -1.513820000e+00  -3.774410000e-01   2.756280000e+00
  -1.033880000e+00  -3.897410000e-01   2.430420000e+00
  -2.468380000e+00  -4.198410000e-01   6.216180000e-01
  -2.405130000e+00  -4.175410000e-01   9.631075000e-01
  -2.027400000e+00  -4.207410000e-01   9.423108000e-01
  -8.564957000e-01  -3.784410000e-01  -1.972320000e+00
  -2.045390000e+00  -4.250410000e-01   1.214400000e-01
  -1.647660000e+00  -4.232410000e-01   9.165140000e-01
  -1.322120000e+00  -4.240410000e-01   1.235310000e-01
  -2.975880000e+00  -4.064410000e-01   9.703400000e-01
  -3.079460000e+00  -4.080410000e-01   2.975950000e-01
  -3.601710000e+00  -3.874410000e-01   6.190870000e-01
  -2.950280000e+00  -3.933410000e-01   1.718005000e+00
  -3.137140000e+00  -3.942410000e-01   1.420366000e+00
  -3.095800000e+00  -3.896410000e-01   1.680249000e+00
  -2.614840000e-01  -3.847410000e-01   2.119377000e+00
  -9.263630000e-01  -4.091410000e-01   1.585407000e+00
  -2.304850000e+00  -3.992410000e-01  -1.563060000e+00
  -2.190510000e+00  -4.066410000e-01  -1.316610000e+00
  -1.960948000e+00  -4.043410000e-01  -1.450360000e+00
  -2.044600000e+00  -4.072410000e-01   1.837501000e+00
  -1.859620000e+00  -3.945410000e-01   2.334297000e+00
  -1.775130000e+00  -4.026410000e-01   2.065365000e+00
  -3.511570000e+00  -3.857410000e-01  -9.191400000e-01
  -2.809030000e+00  -4.023410000e-01  -1.147380000e+00
  -1.402793000e+00  -3.827410000e-01  -2.012590000e+00
  -1.729384000e+00  -4.017410000e-01  -1.579520000e+00
  -1.073830000e+00  -3.975410000e-01  -1.597160000e+00
  -2.193260000e+00  -3.896410000e-01   2.361328000e+00
  -2.023430000e+00  -3.767410000e-01   2.697950000e+00
  -1.940830000e+00  -3.857410000e-01   2.531120000e+00
  -2.077533000e+00  -3.831410000e-01  -2.036410000e+00
  -2.518300000e+00  -3.829410000e-01   2.388359000e+00
   4.409000000e-03  -3.781410000e-01  -1.478070000e+00
   1.499000000e-01  -3.830410000e-01  -9.525960000e-01
   3.164690000e-01  -3.805410000e-01  -1.416880000e-01
  -2.623640000e+00  -4.182410000e-01   3.452400000e-02
  -3.036940000e+00  -4.072410000e-01  -3.933200000e-01
   4.173410000e-02  -3.880410000e-01   7.179250000e-01
  -2.905170000e-01  -4.042410000e-01   1.618570000e-01
  -3.419190000e+00  -3.857410000e-01   1.334854900e+00
  -3.635480000e+00  -3.878410000e-01  -1.440110000e-01
  -4.359150000e-01  -3.815410000e-01  -1.751360000e+00
  -5.813240000e-01  -4.014410000e-01  -1.151590000e+00
   1.739210000e-01  -3.772410000e-01   1.502704000e+00
  -3.202530000e-01  -3.985410000e-01   1.344561000e+00
  -2.405730000e+00  -4.183410000e-01  -4.964780000e-01
  -2.724810000e+00  -3.944410000e-01   1.909350000e+00
  -2.846090000e+00  -4.011410000e-01   1.505877000e+00
  -9.768150000e-01  -4.084410000e-01  -1.104740000e+00
  -9.982650000e-01  -4.132410000e-01  -8.170790000e-01
  -1.312050000e+00  -4.104410000e-01   1.685920000e+00
  -1.355960000e+00  -4.017410000e-01   2.088426000e+00
  -1.141660000e+00  -4.057410000e-01   1.841916000e+00
  -2.454730000e+00  -3.926410000e-01   2.153463000e+00
  -2.621060000e+00  -3.888410000e-01   2.153855000e+00
  -2.388150000e+00  -4.019410000e-01   1.898567000e+00
  -2.343890000e+00  -4.144410000e-01   1.305597000e+00
  -2.597490000e+00  -4.085410000e-01   1.405737000e+00
  -1.884850000e+00  -4.241410000e-01  -1.893470000e-01
  -2.145290000e+00  -4.217410000e-01  -3.414130000e-01
  -1.719300000e+00  -4.223410000e-01  -4.931340000e-01
  -1.522210000e+00  -4.238410000e-01  -1.893020000e-01
  -1.271463000e+00  -4.211410000e-01  -3.540090000e-01
  -7.255880000e-01  -4.145410000e-01   7.117197000e-01
  -1.677700000e+00  -3.866410000e-01   2.545290000e+00
  -1.357650000e+00  -3.883410000e-01   2.487850000e+00
  -2.075180000e+00  -4.129410000e-01  -1.077160000e+00
  -1.724241000e+00  -4.137410000e-01  -1.072380000e+00
  -1.729813000e+00  -4.080410000e-01  -1.328750000e+00
  -1.667350000e+00  -4.174410000e-01   1.352974000e+00
  -1.296710000e+00  -4.139410000e-01   1.469191000e+00
  -3.508590000e-01  -4.044410000e-01  -4.486780000e-01
  -2.664380000e+00  -4.114410000e-01   1.137968780e+00
  -2.565380000e+00  -4.158410000e-01   8.842930000e-01
  -2.242450000e+00  -4.161410000e-01  -7.928200000e-01
  -2.447600000e+00  -4.086410000e-01  -1.109270000e+00
  -2.427160000e+00  -4.137410000e-01  -8.063700000e-01
  -2.018470000e+00  -4.136410000e-01   1.536015000e+00
  -2.006620000e+00  -4.166410000e-01   1.329286000e+00
  -3.055470000e+00  -3.848410000e-01   1.930132000e+00
  -7.456610000e-01  -4.158410000e-01   3.790000000e-03
  -6.812870000e-01  -4.119410000e-01  -4.801970000e-01
  -1.222567000e+00  -4.055410000e-01  -1.355730000e+00
  -1.025322000e+00  -4.031410000e-01  -1.361050000e+00
  -1.549302000e+00  -4.181410000e-01  -7.978600000e-01
  -1.812740000e+00  -4.160410000e-01  -9.325100000e-01
  -1.607940000e+00  -3.982410000e-01   2.221361000e+00
  -2.289210000e+00  -3.960410000e-01   2.129948000e+00
  -1.174418000e+00  -4.213410000e-01  -2.020930000e-01
  -8.816880000e-01  -4.170410000e-01  -2.594630000e-01
  -1.981880000e+00  -4.197410000e-01  -6.414800000e-01
  -1.557845000e+00  -4.079410000e-01  -1.329860000e+00
  -1.478976000e+00  -4.041410000e-01  -1.463220000e+00
  -1.019716000e+00  -4.176410000e-01  -5.167170000e-01
  -6.318060000e-01  -4.068410000e-01  -8.188420000e-01
  -1.784800000e+00  -4.247410000e-01  -3.343100000e-02
  -1.197510000e+00  -4.157410000e-01  -8.046560000e-01
  -1.284009000e+00  -4.182410000e-01  -6.567910000e-01
  -1.695040000e+00  -4.101410000e-01   1.776434000e+00
  -1.374305000e+00  -4.126410000e-01  -1.081590000e+00
  -2.063510000e+00  -4.210410000e-01  -4.933060000e-01
  -2.618620000e+00  -4.021410000e-01   1.697222000e+00
  -2.910980000e+00  -4.040410000e-01   1.238108900e+00
C Number of facets
  786
C  Size  Node 1  ......Node N Marker
    3    0    1    2    3
    3    0    2    3    3
    3    0    3    4    3
    3    0    4    5    3
    3    0    5    6    3
    3    0    6    7    3
    3    0    7    8    3
    3    0    8    9    3
    3    0    9   10    3
    3    0   10   11    3
    3    0   11   12    3
    3    0   12   13    3
    3    0   13   14    3
    3    0   14   15    3
    3    0   15   16    3
    3    0   16   17    3
    3    0   17   18    3
    3    0   18   19    3
    3    0   19   20    3
    3    0   20   21    3
    3    0   21   22    3
    3    0   22   23    3
    3    0   23   24    3
    3    0   24    1    3
    3    1   25   26    3
    3    1   26    2    3
    3    2   26   27    3
    3    2   27    3    3
    3    3   27   28    3
    3    3   28    4    3
    3    4   28   29    3
    3    4   29    5    3
    3    5   29   30    3
    3    5   30    6    3
    3    6   30   31    3
    3    6   31    7    3
    3    7   31   32    3
    3    7   32    8    3
    3    8   32   33    3
    3    8   33    9    3
    3    9   33   34    3
    3    9   34   10    3
    3   10   34   35    3
    3   10   35   11    3
    3   11   35   36    3
    3   11   36   12    3
    3   12   36   37    3
    3   12   37   13    3
    3   13   37   38    3
    3   13   38   14    3
    3   14   38   39    3
    3   14   39   15    3
    3   15   39   40    3
    3   15   40   16    3
    3   16   40   41    3
    3   16   41   17    3
    3   17   41   42    3
    3   17   42   18    3
    3   18   42   43    3
    3   18   43   19    3
    3   19   43   44    3
    3   19   44   20    3
    3   20   44   45    3
    3   20   45   21    3
    3   21   45   46    3
    3   21   46   22    3
    3   22   46   47    3
    3   22   47   23    3
    3   23   47   48    3
    3   23   48   24    3
    3   24   48   25    3
    3   24   25    1    3
    3   25   49   50    3
    3   25   50   26    3
    3   26   50   51    3
    3   26   51   27    3
    3   27   51   52    3
    3   27   52   28    3
    3   28   52   53    3
    3   28   53   29    3
    3   29   53   54    3
    3   29   54   30    3
    3   30   54   55    3
    3   30   55   31    3
    3   31   55   56    3
    3   31   56   32    3
    3   32   56   57    3
    3   32   57   33    3
    3   33   57   58    3
    3   33   58   34    3
    3   34   58   59    3
    3   34   59   35    3
    3   35   59   60    3
    3   35   60   36    3
    3   36   60   61    3
    3   36   61   37    3
    3   37   61   62    3
    3   37   62   38    3
    3   38   62   63    3
    3   38   63   39    3
    3   39   63   64    3
    3   39   64   40    3
    3   40   64   65    3
    3   40   65   41    3
    3   41   65   66    3
    3   41   66   42    3
    3   42   66   67    3
    3   42   67   43    3
    3   43   67   68    3
    3   43   68   44    3
    3   44   68   69    3
    3   44   69   45    3
    3   45   69   70    3
    3   45   70   46    3
    3   46   70   71    3
    3   46   71   47    3
    3   47   71   72    3
    3   47   72   48    3
    3   48   72   49    3
    3   48   49   25    3
    3   49   73   74    3
    3   49   74   50    3
    3   50   74   75    3
    3   50   75   51    3
    3   51   75   76    3
    3   51   76   52    3
    3   52   76   77    3
    3   52   77   53    3
    3   53   77   78    3
    3   53   78   54    3
    3   54   78   79    3
    3   54   79   55    3
    3   55   79   80    3
    3   55   80   56    3
    3   56   80   81    3
    3   56   81   57    3
    3   57   81   82    3
    3   57   82   58    3
    3   58   82   83    3
    3   58   83   59    3
    3   59   83   84    3
    3   59   84   60    3
    3   60   84   85    3
    3   60   85   61    3
    3   61   85   86    3
    3   61   86   62    3
    3   62   86   87    3
    3   62   87   63    3
    3   63   87   88    3
    3   63   88   64    3
    3   64   88   89    3
    3   64   89   65    3
    3   65   89   90    3
    3   65   90   66    3
    3   66   90   91    3
    3   66   91   67    3
    3   67   91   92    3
    3   67   92   68    3
    3   68   92   93    3
    3   68   93   69    3
    3   69   93   94    3
    3   69   94   70    3
    3   70   94   95    3
    3   70   95   71    3
    3   71   95   96    3
    3   71   96   72    3
    3   72   96   73    3
    3   72   73   49    3
    3   73   97   98    3
    3   73   98   74    3
    3   74   98   99    3
    3   74   99   75    3
    3   75   99  100    3
    3   75  100   76    3
    3   76  100  101    3
    3   76  101   77    3
    3   77  101  102    3
    3   77  102   78    3
    3   78  102  103    3
    3   78  103   79    3
    3   79  103  104    3
    3   79  104   80    3
    3   80  104  105    3
    3   80  105   81    3
    3   81  105  106    3
    3   81  106   82    3
    3   82  106  107    3
    3   82  107   83    3
    3   83  107  108    3
    3   83  108   84    3
    3   84  108  109    3
    3   84  109   85    3
    3   85  109  110    3
    3   85  110   86    3
    3   86  110  111    3
    3   86  111   87    3
    3   87  111  112    3
    3   87  112   88    3
    3   88  112  113    3
    3   88  113   89    3
    3   89  113  114    3
    3   89  114   90    3
    3   90  114  115    3
    3   90  115   91    3
    3   91  115  116    3
    3   91  116   92    3
    3   92  116  117    3
    3   92  117   93    3
    3   93  117  118    3
    3   93  118   94    3
    3   94  118  119    3
    3   94  119   95    3
    3   95  119  120    3
    3   95  120   96    3
    3   96  120   97    3
    3   96   97   73    3
    3   97  121  122    3
    3   97  122   98    3
    3   98  122  123    3
    3   98  123   99    3
    3   99  123  124    3
    3   99  124  100    3
    3  100  124  125    3
    3  100  125  101    3
    3  101  125  126    3
    3  101  126  102    3
    3  102  126  127    3
    3  102  127  103    3
    3  103  127  128    3
    3  103  128  104    3
    3  104  128  129    3
    3  104  129  105    3
    3  105  129  130    3
    3  105  130  106    3
    3  106  130  131    3
    3  106  131  107    3
    3  107  131  132    3
    3  107  132  108    3
    3  108  132  133    3
    3  108  133  109    3
    3  109  133  134    3
    3  109  134  110    3
    3  110  134  135    3
    3  110  135  111    3
    3  111  135  136    3
    3  111  136  112    3
    3  112  136  137    3
    3  112  137  113    3
    3  113  137  138    3
    3  113  138  114    3
    3  114  138  139    3
    3  114  139  115    3
    3  115  139  140    3
    3  115  140  116    3
    3  116  140  141    3
    3  116  141  117    3
    3  117  141  142    3
    3  117  142  118    3
    3  118  142  143    3
    3  118  143  119    3
    3  119  143  144    3
    3  119  144  120    3
    3  120  144  121    3
    3  120  121   97    3
    3  121  145  146    3
    3  121  146  122    3
    3  122  146  147    3
    3  122  147  123    3
    3  123  147  148    3
    3  123  148  124    3
    3  124  148  149    3
    3  124  149  125    3
    3  125  149  150    3
    3  125  150  126    3
    3  126  150  151    3
    3  126  151  127    3
    3  127  151  152    3
    3  127  152  128    3
    3  128  152  153    3
    3  128  153  129    3
    3  129  153  154    3
    3  129  154  130    3
    3  130  154  155    3
    3  130  155  131    3
    3  131  155  156    3
    3  131  156  132    3
    3  132  156  157    3
    3  132  157  133    3
    3  133  157  158    3
    3  133  158  134    3
    3  134  158  159    3
    3  134  159  135    3
    3  135  159  160    3
    3  135  160  136    3
    3  136  160  161    3
    3  136  161  137    3
    3  137  161  162    3
    3  137  162  138    3
    3  138  162  163    3
    3  138  163  139    3
    3  139  163  164    3
    3  139  164  140    3
    3  140  164  165    3
    3  140  165  141    3
    3  141  165  166    3
    3  141  166  142    3
    3  142  166  167    3
    3  142  167  143    3
    3  143  167  168    3
    3  143  168  144    3
    3  144  168  145    3
    3  144  145  121    3
    3  145  169  170    3
    3  145  170  146    3
    3  146  170  171    3
    3  146  171  147    3
    3  147  171  172    3
    3  147  172  148    3
    3  148  172  173    3
    3  148  173  149    3
    3  149  173  174    3
    3  149  174  150    3
    3  150  174  175    3
    3  150  175  151    3
    3  151  175  176    3
    3  151  176  152    3
    3  152  176  177    3
    3  152  177  153    3
    3  153  177  178    3
    3  153  178  154    3
    3  154  178  179    3
    3  154  179  155    3
    3  155  179  180    3
    3  155  180  156    3
    3  156  180  181    3
    3  156  181  157    3
    3  157  181  182    3
    3  157  182  158    3
    3  158  182  183    3
    3  158  183  159    3
    3  159  183  184    3
    3  159  184  160    3
    3  160  184  185    3
    3  160  185  161    3
    3  161  185  186    3
    3  161  186  162    3
    3  162  186  187    3
    3  162  187  163    3
    3  163  187  188    3
    3  163  188  164    3
    3  164  188  189    3
    3  164  189  165    3
    3  165  189  190    3
    3  165  190  166    3
    3  166  190  191    3
    3  166  191  167    3
    3  167  191  192    3
    3  167  192  168    3
    3  168  192  169    3
    3  168  169  145    3
    3  169  193  194    3
    3  169  194  170    3
    3  170  194  195    3
    3  170  195  171    3
    3  171  195  196    3
    3  171  196  172    3
    3  172  196  197    3
    3  172  197  173    3
    3  173  197  198    3
    3  173  198  174    3
    3  174  198  199    3
    3  174  199  175    3
    3  175  199  200    3
    3  175  200  176    3
    3  176  200  201    3
    3  176  201  177    3
    3  177  201  202    3
    3  177  202  178    3
    3  178  202  203    3
    3  178  203  179    3
    3  179  203  204    3
    3  179  204  180    3
    3  180  204  205    3
    3  180  205  181    3
    3  181  205  206    3
    3  181  206  182    3
    3  182  206  207    3
    3  182  207  183    3
    3  183  207  208    3
    3  183  208  184    3
    3  184  208  209    3
    3  184  209  185    3
    3  185  209  210    3
    3  185  210  186    3
    3  186  210  211    3
    3  186  211  187    3
    3  187  211  212    3
    3  187  212  188    3
    3  188  212  213    3
    3  188  213  189    3
    3  189  213  214    3
    3  189  214  190    3
    3  190  214  215    3
    3  190  215  191    3
    3  191  215  216    3
    3  191  216  192    3
    3  192  216  193    3
    3  192  193  169    3
    3  193  217  218    3
    3  193  218  194    3
    3  194  218  219    3
    3  194  219  195    3
    3  195  219  220    3
    3  195  220  196    3
    3  196  220  221    3
    3  196  221  197    3
    3  197  221  222    3
    3  197  222  198    3
    3  198  222  223    3
    3  198  223  199    3
    3  199  223  224    3
    3  199  224  200    3
    3  200  224  225    3
    3  200  225  201    3
    3  201  225  226    3
    3  201  226  202    3
    3  202  226  227    3
    3  202  227  203    3
    3  203  227  228    3
    3  203  228  204    3
    3  204  228  229    3
    3  204  229  205    3
    3  205  229  230    3
    3  205  230  206    3
    3  206  230  231    3
    3  206  231  207    3
    3  207  231  232    3
    3  207  232  208    3
    3  208  232  233    3
    3  208  233  209    3
    3  209  233  234    3
    3  209  234  210    3
    3  210  234  235    3
    3  210  235  211    3
    3  211  235  236    3
    3  211  236  212    3
    3  212  236  237    3
    3  212  237  213    3
    3  213  237  238    3
    3  213  238  214    3
    3  214  238  239    3
    3  214  239  215    3
    3  215  239  240    3
    3  215  240  216    3
    3  216  240  217    3
    3  216  217  193    3
    3  217  241  242    3
    3  217  242  218    3
    3  218  242  243    3
    3  218  243  219    3
    3  219  243  244    3
    3  219  244  220    3
    3  220  244  245    3
    3  220  245  221    3
    3  221  245  246    3
    3  221  246  222    3
    3  222  246  247    3
    3  222  247  223    3
    3  223  247  248    3
    3  223  248  224    3
    3  224  248  249    3
    3  224  249  225    3
    3  225  249  250    3
    3  225  250  226    3
    3  226  250  251    3
    3  226  251  227    3
    3  227  251  252    3
    3  227  252  228    3
    3  228  252  253    3
    3  228  253  229    3
    3  229  253  254    3
    3  229  254  230    3
    3  230  254  255    3
    3  230  255  231    3
    3  231  255  256    3
    3  231  256  232    3
    3  232  256  257    3
    3  232  257  233    3
    3  233  257  258    3
    3  233  258  234    3
    3  234  258  259    3
    3  234  259  235    3
    3  235  259  260    3
    3  235  260  236    3
    3  236  260  261    3
    3  236  261  237    3
    3  237  261  262    3
    3  237  262  238    3
    3  238  262  263    3
    3  238  263  239    3
    3  239  263  264    3
    3  239  264  240    3
    3  240  264  241    3
    3  240  241  217    3
    3  264  265  241    3
    3  264  266  265    3
    3  263  266  264    3
    3  263  267  266    3
    3  262  267  263    3
    3  262  268  267    3
    3  261  268  262    3
    3  261  269  268    3
    3  260  269  261    3
    3  260  270  269    3
    3  259  270  260    3
    3  259  271  270    3
    3  258  271  259    3
    3  258  272  271    3
    3  257  272  258    3
    3  257  273  272    3
    3  256  273  257    3
    3  256  274  273    3
    3  255  274  256    3
    3  255  275  274    3
    3  254  275  255    3
    3  254  276  275    3
    3  253  276  254    3
    3  253  277  276    3
    3  252  277  253    3
    3  252  278  277    3
    3  251  278  252    3
    3  251  279  278    3
    3  250  279  251    3
    3  250  280  279    3
    3  249  280  250    3
    3  249  281  280    3
    3  248  281  249    3
    3  248  282  281    3
    3  247  282  248    3
    3  247  283  282    3
    3  246  283  247    3
    3  246  284  283    3
    3  245  284  246    3
    3  245  285  284    3
    3  244  285  245    3
    3  244  286  285    3
    3  243  286  244    3
    3  243  287  286    3
    3  242  287  243    3
    3  242  288  287    3
    3  241  288  242    3
    3  241  265  288    3
    3  289  279  290    1
    3  291  288  292    1
    3  293  294  295    3
    3  296  275  276    1
    3  297  298  299    1
    3  300  301  302    1
    3  303  304  305    3
    3  292  306  307    1
    3  308  309  310    4
    3  300  293  301    1
    3  311  312  313    3
    3  290  314  315    1
    3  316  317  318    1
    3  319  320  321    3
    3  317  322  308    1
    3  286  323  285    1
    3  286  287  320    1
    3  298  297  293    1
    3  324  325  273    1
    3  326  271  272    1
    3  327  328  301    1
    3  329  326  330    1
    3  300  331  304    1
    3  332  282  302    1
    3  272  325  326    1
    3  296  276  316    1
    3  296  333  275    1
    3  324  334  325    1
    3  335  329  336    1
    3  315  328  337    1
    3  338  339  303    3
    3  334  340  341    4
    3  279  289  278    1
    3  274  275  333    1
    3  322  278  289    1
    3  342  343  344    3
    3  332  301  328    1
    3  314  290  280    1
    3  345  338  346    3
    3  324  333  334    1
    3  277  316  276    1
    3  266  267  335    1
    3  288  291  287    1
    3  347  348  349    3
    3  316  322  317    1
    3  297  350  351    4
    3  327  301  293    1
    3  283  331  302    1
    3  352  353  354    4
    3  326  269  270    1
    3  332  302  301    1
    3  355  299  298    1
    3  312  356  357    3
    3  330  355  329    1
    3  336  306  335    1
    3  271  326  270    1
    3  358  359  360    4
    3  298  361  362    3
    3  283  302  282    1
    3  336  329  355    1
    3  326  363  330    1
    3  265  292  288    1
    3  300  364  365    3
    3  366  367  368    4
    3  333  318  334    1
    3  369  361  370    3
    3  327  293  297    1
    3  278  322  277    1
    3  320  291  356    3
    3  371  285  323    1
    3  363  325  334    1
    3  371  331  284    1
    3  364  339  349    3
    3  268  335  267    1
    3  372  363  373    4
    3  280  290  279    1
    3  266  306  265    1
    3  316  277  322    1
    3  328  315  314    1
    3  308  315  367    1
    3  355  330  372    1
    3  327  297  337    1
    3  280  281  314    1
    3  374  340  375    4
    3  296  316  318    1
    3  352  376  377    4
    3  355  307  336    1
    3  292  343  378    3
    3  326  325  363    1
    3  320  287  291    1
    3  345  319  379    3
    3  380  372  381    4
    3  358  366  382    4
    3  268  329  335    1
    3  273  274  324    1
    3  336  307  306    1
    3  265  306  292    1
    3  296  318  333    1
    3  383  374  384    4
    3  329  268  269    1
    3  385  373  386    4
    3  333  324  274    1
    3  283  284  331    1
    3  298  307  355    1
    3  299  353  387    4
    3  308  289  315    1
    3  273  325  272    1
    3  327  337  328    1
    3  388  376  389    4
    3  314  332  328    1
    3  281  282  332    1
    3  315  289  290    1
    3  363  372  330    1
    3  355  372  299    1
    3  285  371  284    1
    3  314  281  332    1
    3  269  326  329    1
    3  369  347  311    3
    3  266  335  306    1
    3  286  320  323    1
    3  308  322  289    1
    3  300  302  331    1
    3  343  390  313    3
    3  292  307  344    3
    3  298  348  370    3
    3  361  390  342    3
    3  343  342  390    3
    3  342  307  362    3
    3  347  369  348    3
    3  361  369  390    3
    3  369  311  390    3
    3  312  311  347    3
    3  311  313  390    3
    3  313  312  378    3
    3  298  362  307    3
    3  342  362  361    3
    3  342  344  307    3
    3  292  344  343    3
    3  369  370  348    3
    3  298  370  361    3
    3  292  378  312    3
    3  313  378  343    3
    3  334  318  375    4
    3  340  391  388    4
    3  318  317  384    4
    3  340  374  391    4
    3  352  385  389    4
    3  376  391  359    4
    3  376  388  391    4
    3  388  385  341    4
    3  359  391  383    4
    3  359  358  377    4
    3  374  383  391    4
    3  383  317  360    4
    3  374  375  318    4
    3  334  375  340    4
    3  334  341  385    4
    3  388  341  340    4
    3  388  389  385    4
    3  352  389  376    4
    3  352  377  358    4
    3  359  377  376    4
    3  358  360  317    4
    3  383  360  359    4
    3  383  384  317    4
    3  318  384  374    4
    3  367  358  309    4
    3  315  337  368    1
    3  353  352  350    4
    3  353  299  380    4
    3  372  380  299    4
    3  380  385  354    4
    3  350  352  392    4
    3  350  297  387    4
    3  366  337  392    4
    3  367  366  358    4
    3  363  334  386    4
    3  373  385  381    4
    3  392  337  351    4
    3  392  352  382    4
    3  380  381  385    4
    3  373  381  372    4
    3  358  317  310    4
    3  367  309  308    4
    3  385  386  334    4
    3  363  386  373    4
    3  366  368  337    4
    3  315  368  367    1
    3  299  387  297    4
    3  350  387  353    4
    3  352  354  385    4
    3  380  354  353    4
    3  358  382  352    4
    3  392  382  366    4
    3  297  351  337    4
    3  392  351  350    4
    3  308  310  317    4
    3  358  310  309    4
    3  312  347  379    3
    3  320  319  323    3
    3  371  323  346    3
    3  338  347  393    3
    3  364  300  394    3
    3  364  348  294    3
    3  319  345  323    3
    3  338  345  347    3
    3  348  298  295    3
    3  294  293  365    3
    3  304  339  394    3
    3  331  371  305    1
    3  364  349  348    3
    3  349  339  393    3
    3  338  393  339    3
    3  349  393  347    3
    3  338  303  371    3
    3  304  303  339    3
    3  356  312  321    3
    3  291  292  357    3
    3  364  394  339    3
    3  304  394  300    3
    3  319  321  312    3
    3  356  321  320    3
    3  293  295  298    3
    3  348  295  294    3
    3  312  357  292    3
    3  291  357  356    3
    3  345  346  323    3
    3  371  346  338    3
    3  303  305  371    3
    3  331  305  304    1
    3  345  379  347    3
    3  312  379  319    3
    3  300  365  293    3
    3  294  365  364    3
C Prescribed Values(Inlet, Outlet), InteractionSurface(Inlet, Outlet)
       3        1        0        2        2        2
C Inlet Velocity
C     Vx,           Vy,            Vz,    indVx,indVy,indVz, FunID (3E18.9, 4I5)
   0.000000000e+00   1.000000000e+00   0.000000000e+00    1    0    1    4
C Inlet Pressure, FunID (E18.9,I5)
   1.000000000e+00    3
C Outlet Pressure (E18.9,I5)
   1.000000000e+00    2
C Inlet Velocity
C nNodeID,    Vx,           Vy,            Vz (I5, 3E18.9)
  265
    1  -1.200000000e+00  -1.000000000e+00   1.200000000e+00
    2  -1.100000000e+00  -2.000000000e+00   3.000000000e-01
    3  -1.000000000e+00  -2.000000000e+00  -1.000000000e-01
    4  -8.000000000e-01  -2.000000000e+00   4.000000000e-01
    5  -1.200000000e+00  -2.000000000e+00   1.100000000e+00
    6  -1.800000000e+00  -2.000000000e+00   1.600000000e+00
    7  -2.100000000e+00  -2.000000000e+00   1.400000000e+00
    8  -1.800000000e+00  -2.000000000e+00   9.000000000e-01
    9  -9.000000000e-01  -2.000000000e+00   7.000000000e-01
   10  -1.000000000e-01  -2.000000000e+00   9.000000000e-01
   11   1.000000000e-01  -2.000000000e+00   1.300000000e+00
   12  -1.000000000e-01  -2.000000000e+00   1.500000000e+00
   13  -3.000000000e-01  -2.000000000e+00   1.700000000e+00
   14  -5.000000000e-01  -2.000000000e+00   1.800000000e+00
   15  -7.000000000e-01  -2.000000000e+00   1.900000000e+00
   16  -1.000000000e+00  -2.000000000e+00   1.800000000e+00
   17  -1.600000000e+00  -2.000000000e+00   2.200000000e+00
   18  -2.300000000e+00  -2.000000000e+00   2.500000000e+00
   19  -3.000000000e+00  -2.000000000e+00   2.200000000e+00
   20  -3.100000000e+00  -2.000000000e+00   1.500000000e+00
   21  -2.100000000e+00  -2.000000000e+00   9.000000000e-01
   22  -1.300000000e+00  -2.000000000e+00   8.000000000e-01
   23  -9.000000000e-01  -2.000000000e+00   1.000000000e+00
   24  -7.000000000e-01  -2.000000000e+00   1.100000000e+00
   25  -8.000000000e-01  -2.000000000e+00   1.000000000e+00
   26  -1.000000000e+00  -1.000000000e+00   8.000000000e-01
   27  -1.000000000e+00  -1.000000000e+00   5.000000000e-01
   28  -1.000000000e+00  -1.000000000e+00   9.000000000e-01
   29  -1.400000000e+00  -1.000000000e+00   1.600000000e+00
   30  -2.000000000e+00  -1.000000000e+00   1.900000000e+00
   31  -2.200000000e+00  -1.000000000e+00   1.700000000e+00
   32  -1.900000000e+00  -1.000000000e+00   1.200000000e+00
   33  -1.000000000e+00  -1.000000000e+00   9.000000000e-01
   34  -1.000000000e-01  -1.000000000e+00   1.100000000e+00
   35   2.000000000e-01  -1.000000000e+00   1.500000000e+00
   36   1.000000000e-01  -1.000000000e+00   1.700000000e+00
   37  -1.000000000e-01  -1.000000000e+00   2.000000000e+00
   38  -4.000000000e-01  -1.000000000e+00   2.300000000e+00
   39  -7.000000000e-01  -1.000000000e+00   2.400000000e+00
   40  -1.000000000e+00  -1.000000000e+00   2.300000000e+00
   41  -1.500000000e+00  -1.000000000e+00   2.500000000e+00
   42  -2.200000000e+00  -1.000000000e+00   2.500000000e+00
   43  -2.700000000e+00  -1.000000000e+00   2.200000000e+00
   44  -2.900000000e+00  -1.000000000e+00   1.700000000e+00
   45  -2.100000000e+00  -1.000000000e+00   1.100000000e+00
   46  -1.400000000e+00  -1.000000000e+00   1.000000000e+00
   47  -9.000000000e-01  -1.000000000e+00   1.000000000e+00
   48  -8.000000000e-01  -1.000000000e+00   1.200000000e+00
   49  -8.000000000e-01  -1.000000000e+00   1.300000000e+00
   50  -1.100000000e+00  -1.400000000e+00   8.000000000e-01
   51  -9.000000000e-01  -1.400000000e+00   4.000000000e-01
   52  -8.000000000e-01  -1.400000000e+00   1.000000000e+00
   53  -1.300000000e+00  -1.400000000e+00   1.800000000e+00
   54  -1.900000000e+00  -1.400000000e+00   2.300000000e+00
   55  -2.400000000e+00  -1.400000000e+00   2.100000000e+00
   56  -2.000000000e+00  -1.400000000e+00   1.500000000e+00
   57  -1.100000000e+00  -1.400000000e+00   1.300000000e+00
   58  -2.000000000e-01  -1.400000000e+00   1.300000000e+00
   59   2.000000000e-01  -1.400000000e+00   1.800000000e+00
   60   1.000000000e-01  -1.400000000e+00   2.000000000e+00
   61   0.000000000e+00  -1.400000000e+00   2.400000000e+00
   62  -1.000000000e-01  -1.400000000e+00   3.000000000e+00
   63  -6.000000000e-01  -1.400000000e+00   3.300000000e+00
   64  -1.100000000e+00  -1.400000000e+00   3.300000000e+00
   65  -1.700000000e+00  -1.400000000e+00   3.400000000e+00
   66  -2.600000000e+00  -1.400000000e+00   3.300000000e+00
   67  -3.100000000e+00  -1.400000000e+00   2.800000000e+00
   68  -3.100000000e+00  -1.400000000e+00   2.200000000e+00
   69  -1.600000000e+00  -1.400000000e+00   1.400000000e+00
   70  -4.000000000e-01  -1.400000000e+00   1.500000000e+00
   71   1.000000000e-01  -1.400000000e+00   2.000000000e+00
   72   1.000000000e-01  -1.400000000e+00   2.300000000e+00
   73  -5.000000000e-01  -1.400000000e+00   2.100000000e+00
   74  -1.000000000e+00  -1.300000000e+00   3.000000000e-01
   75  -7.000000000e-01  -1.300000000e+00  -1.000000000e-01
   76  -5.000000000e-01  -1.300000000e+00   6.000000000e-01
   77  -8.000000000e-01  -1.300000000e+00   1.600000000e+00
   78  -1.300000000e+00  -1.300000000e+00   2.100000000e+00
   79  -1.700000000e+00  -1.300000000e+00   2.000000000e+00
   80  -1.500000000e+00  -1.300000000e+00   1.500000000e+00
   81  -8.000000000e-01  -1.300000000e+00   1.200000000e+00
   82   0.000000000e+00  -1.300000000e+00   1.400000000e+00
   83   4.000000000e-01  -1.300000000e+00   1.700000000e+00
   84   3.000000000e-01  -1.300000000e+00   2.000000000e+00
   85   4.000000000e-01  -1.300000000e+00   2.600000000e+00
   86   2.000000000e-01  -1.300000000e+00   3.400000000e+00
   87  -3.000000000e-01  -1.300000000e+00   4.100000000e+00
   88  -1.100000000e+00  -1.300000000e+00   4.100000000e+00
   89  -1.700000000e+00  -1.300000000e+00   4.000000000e+00
   90  -2.500000000e+00  -1.300000000e+00   3.700000000e+00
   91  -3.100000000e+00  -1.300000000e+00   3.100000000e+00
   92  -2.900000000e+00  -1.300000000e+00   2.200000000e+00
   93  -1.200000000e+00  -1.300000000e+00   1.500000000e+00
   94   4.000000000e-01  -1.300000000e+00   1.900000000e+00
   95   8.000000000e-01  -1.300000000e+00   2.400000000e+00
   96   6.000000000e-01  -1.300000000e+00   2.700000000e+00
   97  -3.000000000e-01  -1.300000000e+00   2.200000000e+00
   98  -9.000000000e-01  -1.200000000e+00   3.000000000e-01
   99  -6.000000000e-01  -1.200000000e+00  -1.000000000e-01
  100  -4.000000000e-01  -1.200000000e+00   5.000000000e-01
  101  -5.000000000e-01  -1.200000000e+00   1.300000000e+00
  102  -1.000000000e+00  -1.200000000e+00   1.800000000e+00
  103  -1.300000000e+00  -1.200000000e+00   1.700000000e+00
  104  -1.000000000e+00  -1.200000000e+00   1.400000000e+00
  105  -3.000000000e-01  -1.200000000e+00   1.200000000e+00
  106   4.000000000e-01  -1.200000000e+00   1.400000000e+00
  107   7.000000000e-01  -1.200000000e+00   1.800000000e+00
  108   6.000000000e-01  -1.200000000e+00   2.100000000e+00
  109   6.000000000e-01  -1.200000000e+00   2.800000000e+00
  110   4.000000000e-01  -1.200000000e+00   3.700000000e+00
  111  -2.000000000e-01  -1.200000000e+00   4.300000000e+00
  112  -1.000000000e+00  -1.200000000e+00   4.300000000e+00
  113  -1.700000000e+00  -1.200000000e+00   4.000000000e+00
  114  -2.300000000e+00  -1.200000000e+00   3.700000000e+00
  115  -2.700000000e+00  -1.200000000e+00   3.000000000e+00
  116  -2.600000000e+00  -1.200000000e+00   2.200000000e+00
  117  -1.200000000e+00  -1.200000000e+00   1.600000000e+00
  118   3.000000000e-01  -1.200000000e+00   1.800000000e+00
  119   6.000000000e-01  -1.200000000e+00   2.200000000e+00
  120   4.000000000e-01  -1.200000000e+00   2.400000000e+00
  121  -3.000000000e-01  -1.200000000e+00   1.900000000e+00
  122  -1.200000000e+00  -1.100000000e+00  -7.000000000e-01
  123  -7.000000000e-01  -1.100000000e+00  -1.000000000e+00
  124  -3.000000000e-01  -1.100000000e+00  -1.000000000e-01
  125  -7.000000000e-01  -1.100000000e+00   1.200000000e+00
  126  -1.400000000e+00  -1.100000000e+00   1.900000000e+00
  127  -1.800000000e+00  -1.100000000e+00   1.700000000e+00
  128  -1.500000000e+00  -1.100000000e+00   1.300000000e+00
  129  -7.000000000e-01  -1.100000000e+00   9.000000000e-01
  130   3.000000000e-01  -1.100000000e+00   1.200000000e+00
  131   9.000000000e-01  -1.100000000e+00   1.700000000e+00
  132   7.000000000e-01  -1.100000000e+00   2.100000000e+00
  133   7.000000000e-01  -1.100000000e+00   2.700000000e+00
  134   3.000000000e-01  -1.100000000e+00   3.400000000e+00
  135  -2.000000000e-01  -1.100000000e+00   3.900000000e+00
  136  -1.000000000e+00  -1.100000000e+00   4.000000000e+00
  137  -1.700000000e+00  -1.100000000e+00   3.600000000e+00
  138  -2.300000000e+00  -1.100000000e+00   3.300000000e+00
  139  -2.700000000e+00  -1.100000000e+00   2.700000000e+00
  140  -2.700000000e+00  -1.100000000e+00   1.900000000e+00
  141  -1.200000000e+00  -1.100000000e+00   1.300000000e+00
  142   2.000000000e-01  -1.100000000e+00   1.500000000e+00
  143   5.000000000e-01  -1.100000000e+00   1.900000000e+00
  144   1.000000000e-01  -1.100000000e+00   2.000000000e+00
  145  -7.000000000e-01  -1.100000000e+00   1.200000000e+00
  146  -1.300000000e+00  -1.100000000e+00  -2.000000000e-01
  147  -9.000000000e-01  -1.100000000e+00  -4.000000000e-01
  148  -7.000000000e-01  -1.100000000e+00   0.000000000e+00
  149  -7.000000000e-01  -1.100000000e+00   6.000000000e-01
  150  -1.100000000e+00  -1.100000000e+00   1.100000000e+00
  151  -1.300000000e+00  -1.100000000e+00   1.000000000e+00
  152  -1.200000000e+00  -1.100000000e+00   9.000000000e-01
  153  -8.000000000e-01  -1.100000000e+00   8.000000000e-01
  154  -3.000000000e-01  -1.100000000e+00   8.000000000e-01
  155  -1.000000000e-01  -1.100000000e+00   1.000000000e+00
  156  -2.000000000e-01  -1.100000000e+00   1.200000000e+00
  157   0.000000000e+00  -1.100000000e+00   1.600000000e+00
  158  -2.000000000e-01  -1.100000000e+00   2.200000000e+00
  159  -4.000000000e-01  -1.100000000e+00   2.700000000e+00
  160  -1.000000000e+00  -1.100000000e+00   2.900000000e+00
  161  -1.700000000e+00  -1.100000000e+00   3.200000000e+00
  162  -2.800000000e+00  -1.100000000e+00   3.400000000e+00
  163  -3.600000000e+00  -1.100000000e+00   2.900000000e+00
  164  -3.500000000e+00  -1.100000000e+00   1.900000000e+00
  165  -1.600000000e+00  -1.100000000e+00   1.200000000e+00
  166   0.000000000e+00  -1.100000000e+00   1.300000000e+00
  167   2.000000000e-01  -1.100000000e+00   1.800000000e+00
  168  -1.000000000e-01  -1.100000000e+00   1.900000000e+00
  169  -7.000000000e-01  -1.100000000e+00   1.400000000e+00
  170  -1.200000000e+00  -9.000000000e-01   1.100000000e+00
  171  -1.100000000e+00  -9.000000000e-01   1.000000000e+00
  172  -1.200000000e+00  -9.000000000e-01   1.000000000e+00
  173  -1.300000000e+00  -9.000000000e-01   2.000000000e+00
  174  -1.600000000e+00  -9.000000000e-01   1.000000000e+00
  175  -1.800000000e+00  -9.000000000e-01   1.000000000e+00
  176  -1.600000000e+00  -9.000000000e-01   1.100000000e+00
  177  -9.000000000e-01  -9.000000000e-01   1.000000000e+00
  178  -3.000000000e-01  -9.000000000e-01   1.100000000e+00
  179   0.000000000e+00  -9.000000000e-01   1.400000000e+00
  180  -2.000000000e-01  -9.000000000e-01   1.600000000e+00
  181  -3.000000000e-01  -9.000000000e-01   1.700000000e+00
  182  -4.000000000e-01  -9.000000000e-01   2.000000000e+00
  183  -6.000000000e-01  -9.000000000e-01   2.300000000e+00
  184  -1.000000000e+00  -9.000000000e-01   2.500000000e+00
  185  -1.700000000e+00  -9.000000000e-01   3.000000000e+00
  186  -3.000000000e+00  -9.000000000e-01   3.500000000e+00
  187  -3.800000000e+00  -9.000000000e-01   3.000000000e+00
  188  -3.600000000e+00  -9.000000000e-01   2.100000000e+00
  189  -2.000000000e+00  -9.000000000e-01   1.300000000e+00
  190  -8.000000000e-01  -9.000000000e-01   1.400000000e+00
  191  -5.000000000e-01  -9.000000000e-01   1.700000000e+00
  192  -4.000000000e-01  -9.000000000e-01   2.000000000e+00
  193  -7.000000000e-01  -9.000000000e-01   2.000000000e+00
  194  -1.600000000e+00  -8.000000000e-01   1.000000000e+00
  195  -1.500000000e+00  -8.000000000e-01   0.000000000e+00
  196  -1.400000000e+00  -8.000000000e-01   1.000000000e+00
  197  -1.400000000e+00  -8.000000000e-01   1.000000000e+00
  198  -1.500000000e+00  -8.000000000e-01   1.000000000e+00
  199  -1.600000000e+00  -8.000000000e-01   1.000000000e+00
  200  -1.500000000e+00  -8.000000000e-01   1.000000000e+00
  201  -1.300000000e+00  -8.000000000e-01   9.000000000e-01
  202  -1.100000000e+00  -8.000000000e-01   1.000000000e+00
  203  -1.000000000e+00  -8.000000000e-01   1.100000000e+00
  204  -1.100000000e+00  -8.000000000e-01   1.100000000e+00
  205  -1.000000000e+00  -8.000000000e-01   1.300000000e+00
  206  -8.000000000e-01  -8.000000000e-01   1.900000000e+00
  207  -1.100000000e+00  -8.000000000e-01   2.500000000e+00
  208  -1.500000000e+00  -8.000000000e-01   2.900000000e+00
  209  -2.200000000e+00  -8.000000000e-01   3.300000000e+00
  210  -3.800000000e+00  -8.000000000e-01   4.000000000e+00
  211  -4.900000000e+00  -8.000000000e-01   3.600000000e+00
  212  -4.700000000e+00  -8.000000000e-01   2.300000000e+00
  213  -2.700000000e+00  -8.000000000e-01   1.400000000e+00
  214  -1.300000000e+00  -8.000000000e-01   1.400000000e+00
  215  -9.000000000e-01  -8.000000000e-01   1.700000000e+00
  216  -7.000000000e-01  -8.000000000e-01   2.100000000e+00
  217  -1.000000000e+00  -8.000000000e-01   2.300000000e+00
  218  -1.500000000e+00  -8.000000000e-01   1.000000000e+00
  219  -1.400000000e+00  -8.000000000e-01   0.000000000e+00
  220  -1.200000000e+00  -8.000000000e-01   0.000000000e+00
  221  -1.200000000e+00  -8.000000000e-01   1.000000000e+00
  222  -1.100000000e+00  -8.000000000e-01   1.000000000e+00
  223  -1.200000000e+00  -8.000000000e-01   1.000000000e+00
  224  -1.000000000e+00  -8.000000000e-01   1.000000000e+00
  225  -9.000000000e-01  -8.000000000e-01   1.000000000e+00
  226  -8.000000000e-01  -8.000000000e-01   1.200000000e+00
  227  -7.000000000e-01  -8.000000000e-01   1.300000000e+00
  228   0.000000000e+00  -8.000000000e-01   1.400000000e+00
  229  -5.000000000e-01  -8.000000000e-01   1.800000000e+00
  230  -5.000000000e-01  -8.000000000e-01   2.700000000e+00
  231  -9.000000000e-01  -8.000000000e-01   3.500000000e+00
  232  -1.600000000e+00  -8.000000000e-01   4.000000000e+00
  233  -2.200000000e+00  -8.000000000e-01   3.800000000e+00
  234  -3.700000000e+00  -8.000000000e-01   4.200000000e+00
  235  -4.600000000e+00  -8.000000000e-01   3.600000000e+00
  236  -4.600000000e+00  -8.000000000e-01   2.400000000e+00
  237  -2.500000000e+00  -8.000000000e-01   1.500000000e+00
  238  -1.300000000e+00  -8.000000000e-01   1.400000000e+00
  239  -8.000000000e-01  -8.000000000e-01   1.700000000e+00
  240  -7.000000000e-01  -8.000000000e-01   2.100000000e+00
  241  -1.000000000e+00  -8.000000000e-01   2.200000000e+00
  242  -1.800000000e+00  -6.000000000e-01   1.000000000e+00
  243  -1.700000000e+00  -6.000000000e-01   1.000000000e+00
  244  -1.600000000e+00  -6.000000000e-01   1.000000000e+00
  245  -1.700000000e+00  -6.000000000e-01   1.000000000e+00
  246  -2.000000000e+00  -6.000000000e-01   2.000000000e+00
  247  -2.300000000e+00  -6.000000000e-01   2.000000000e+00
  248  -2.100000000e+00  -6.000000000e-01   1.000000000e+00
  249  -1.000000000e+00  -6.000000000e-01   1.200000000e+00
  250  -2.000000000e+00  -6.000000000e-01   1.200000000e+00
  251  -1.000000000e+00  -6.000000000e-01   1.300000000e+00
  252  -1.000000000e+00  -6.000000000e-01   1.200000000e+00
  253  -1.000000000e+00  -6.000000000e-01   1.700000000e+00
  254  -8.000000000e-01  -6.000000000e-01   2.600000000e+00
  255  -1.100000000e+00  -6.000000000e-01   3.500000000e+00
  256  -1.800000000e+00  -6.000000000e-01   4.000000000e+00
  257  -2.300000000e+00  -6.000000000e-01   3.600000000e+00
  258  -3.400000000e+00  -6.000000000e-01   3.900000000e+00
  259  -4.500000000e+00  -6.000000000e-01   3.500000000e+00
  260  -4.600000000e+00  -6.000000000e-01   2.500000000e+00
  261  -2.600000000e+00  -6.000000000e-01   1.600000000e+00
  262  -1.400000000e+00  -6.000000000e-01   1.700000000e+00
  263  -8.000000000e-01  -6.000000000e-01   2.000000000e+00
  264  -4.000000000e-01  -6.000000000e-01   2.700000000e+00
  265  -9.000000000e-01  -6.000000000e-01   3.000000000e+00
C Region List
