C PointsNum,MaxElemVol,TetGenParams,nAtrib,IndMov,MDMaxVolume,MDomDiv,MDOnly,MDDivF,MDPrescP
  395    1.000000e+00 YYpznno2q1.414a     0     0    1.000000e+00     1     0     0     0     0     0 YYpznno2q1.414a
  -2.092148000e-01  -8.673570000e+00  -7.318100000e-02
   9.187710000e-02  -8.187820000e+00   8.329840000e-01
  -1.444590000e-01  -8.187820000e+00   8.960480000e-01
  -3.958280000e-01  -8.187820000e+00   8.882330000e-01
  -6.502570000e-01  -8.187820000e+00   8.242300000e-01
  -8.864580000e-01  -8.187820000e+00   6.908930000e-01
  -1.053834000e+00  -8.187820000e+00   4.744290000e-01
  -1.134789000e+00  -8.187820000e+00   2.150960000e-01
  -1.150068000e+00  -8.187820000e+00  -4.978800000e-02
  -1.110557000e+00  -8.187820000e+00  -3.077610000e-01
  -1.011087000e+00  -8.187820000e+00  -5.488680000e-01
  -8.525420000e-01  -8.187820000e+00  -7.547370000e-01
  -6.477010000e-01  -8.187820000e+00  -9.155250000e-01
  -4.101229000e-01  -8.187820000e+00  -1.026389000e+00
  -1.484480000e-01  -8.187820000e+00  -1.078834000e+00
   1.183440000e-01  -8.187820000e+00  -1.045361000e+00
   3.384660000e-01  -8.187820000e+00  -8.954930000e-01
   4.945370000e-01  -8.187820000e+00  -6.948660000e-01
   6.037250000e-01  -8.187820000e+00  -4.864650000e-01
   6.671810000e-01  -8.187820000e+00  -2.709040000e-01
   6.254040000e-01  -8.187820000e+00  -5.290200000e-02
   5.419050000e-01  -8.187820000e+00   1.322130000e-01
   4.541650000e-01  -8.187820000e+00   2.943840000e-01
   3.707470000e-01  -8.187820000e+00   4.640700000e-01
   2.636420000e-01  -8.187820000e+00   6.569680000e-01
   1.289166000e-01  -7.712070000e+00   1.192310000e+00
  -2.034520000e-01  -7.712070000e+00   1.269125000e+00
  -5.436990000e-01  -7.712070000e+00   1.223763000e+00
  -8.634050000e-01  -7.712070000e+00   1.095935000e+00
  -1.142928000e+00  -7.712070000e+00   8.926800000e-01
  -1.347520000e+00  -7.712070000e+00   6.133960000e-01
  -1.467600000e+00  -7.712070000e+00   2.926132000e-01
  -1.516030000e+00  -7.712070000e+00  -4.601500000e-02
  -1.493650000e+00  -7.712070000e+00  -3.898790000e-01
  -1.379598000e+00  -7.712070000e+00  -7.219010000e-01
  -1.166129000e+00  -7.712070000e+00  -1.004340000e+00
  -8.817920000e-01  -7.712070000e+00  -1.212840000e+00
  -5.570834000e-01  -7.712070000e+00  -1.348650000e+00
  -2.078710000e-01  -7.712070000e+00  -1.404470000e+00
   1.405210000e-01  -7.712070000e+00  -1.350909000e+00
   4.189010000e-01  -7.712070000e+00  -1.135371000e+00
   6.027500000e-01  -7.712070000e+00  -8.599380000e-01
   7.281340000e-01  -7.712070000e+00  -5.892580000e-01
   8.079860000e-01  -7.712070000e+00  -3.213868000e-01
   7.752410000e-01  -7.712070000e+00  -4.979700000e-02
   6.871710000e-01  -7.712070000e+00   1.893610000e-01
   5.866970000e-01  -7.712070000e+00   4.083930000e-01
   4.905450000e-01  -7.712070000e+00   6.457270000e-01
   3.609450000e-01  -7.712070000e+00   9.300340000e-01
   1.307290000e-01  -7.226310000e+00   1.494160000e+00
  -2.769520000e-01  -7.226310000e+00   1.575930000e+00
  -6.877170000e-01  -7.226310000e+00   1.508374000e+00
  -1.066431000e+00  -7.226310000e+00   1.342688000e+00
  -1.395160000e+00  -7.226310000e+00   1.092894000e+00
  -1.639030000e+00  -7.226310000e+00   7.620600000e-01
  -1.788430000e+00  -7.226310000e+00   3.815288000e-01
  -1.854910000e+00  -7.226310000e+00  -2.231900000e-02
  -1.838080000e+00  -7.226310000e+00  -4.405190000e-01
  -1.708860000e+00  -7.226310000e+00  -8.470640000e-01
  -1.448643000e+00  -7.226310000e+00  -1.191050000e+00
  -1.093412000e+00  -7.226310000e+00  -1.429200000e+00
  -6.962710000e-01  -7.226310000e+00  -1.568670000e+00
  -2.820850000e-01  -7.226310000e+00  -1.615310000e+00
   1.253810000e-01  -7.226310000e+00  -1.548105000e+00
   4.409140000e-01  -7.226310000e+00  -1.278656000e+00
   6.332660000e-01  -7.226310000e+00  -9.422660000e-01
   7.618670000e-01  -7.226310000e+00  -6.291500000e-01
   8.551260000e-01  -7.226310000e+00  -3.314712000e-01
   8.500710000e-01  -7.226310000e+00  -2.738300000e-02
   7.781910000e-01  -7.226310000e+00   2.561430000e-01
   6.730120000e-01  -7.226310000e+00   5.228120000e-01
   5.654670000e-01  -7.226310000e+00   8.173000000e-01
   4.133980000e-01  -7.226310000e+00   1.170800000e+00
   1.340940000e-01  -6.744560000e+00   1.749210000e+00
  -3.397960000e-01  -6.744560000e+00   1.828460000e+00
  -8.090470000e-01  -6.744560000e+00   1.729660000e+00
  -1.228810000e+00  -6.744560000e+00   1.520637000e+00
  -1.587090000e+00  -6.744560000e+00   1.228342000e+00
  -1.857580000e+00  -6.744560000e+00   8.585060000e-01
  -2.045380000e+00  -6.744560000e+00   4.397276000e-01
  -2.157640000e+00  -6.744560000e+00  -1.584700000e-02
  -2.176630000e+00  -6.744560000e+00  -5.062860000e-01
  -2.048090000e+00  -6.744560000e+00  -9.994600000e-01
  -1.736030000e+00  -6.744560000e+00  -1.406750000e+00
  -1.295791000e+00  -6.744560000e+00  -1.660720000e+00
  -8.199060000e-01  -6.744560000e+00  -1.783640000e+00
  -3.474300000e-01  -6.744560000e+00  -1.806400000e+00
   1.091550000e-01  -6.744560000e+00  -1.722250000e+00
   4.608320000e-01  -6.744560000e+00  -1.419010000e+00
   6.674680000e-01  -6.744560000e+00  -1.034584000e+00
   8.030970000e-01  -6.744560000e+00  -6.846180000e-01
   9.109920000e-01  -6.744560000e+00  -3.582724000e-01
   9.255360000e-01  -6.744560000e+00  -2.134300000e-02
   8.638740000e-01  -6.744560000e+00   3.028790000e-01
   7.526160000e-01  -6.744560000e+00   6.122490000e-01
   6.346960000e-01  -6.744560000e+00   9.567100000e-01
   4.629540000e-01  -6.744560000e+00   1.372800000e+00
   1.347950000e-01  -6.262800000e+00   1.925060000e+00
  -3.855600000e-01  -6.262800000e+00   2.002910000e+00
  -8.984370000e-01  -6.262800000e+00   1.893890000e+00
  -1.358770000e+00  -6.262800000e+00   1.666361000e+00
  -1.750770000e+00  -6.262800000e+00   1.346382000e+00
  -2.049940000e+00  -6.262800000e+00   9.428580000e-01
  -2.264730000e+00  -6.262800000e+00   4.858001000e-01
  -2.403890000e+00  -6.262800000e+00  -1.554700000e-02
  -2.439990000e+00  -6.262800000e+00  -5.652160000e-01
  -2.306810000e+00  -6.262800000e+00  -1.121810000e+00
  -1.950990000e+00  -6.262800000e+00  -1.575390000e+00
  -1.446682000e+00  -6.262800000e+00  -1.842810000e+00
  -9.132050000e-01  -6.262800000e+00  -1.958370000e+00
  -3.939680000e-01  -6.262800000e+00  -1.966200000e+00
   1.025170000e-01  -6.262800000e+00  -1.870170000e+00
   4.865360000e-01  -6.262800000e+00  -1.544940000e+00
   7.110970000e-01  -6.262800000e+00  -1.124854000e+00
   8.585120000e-01  -6.262800000e+00  -7.428530000e-01
   9.780680000e-01  -6.262800000e+00  -3.891999000e-01
   1.007909000e+00  -6.262800000e+00  -2.199400000e-02
   9.506970000e-01  -6.262800000e+00   3.373950000e-01
   8.304360000e-01  -6.262800000e+00   6.824410000e-01
   7.003280000e-01  -6.262800000e+00   1.068280000e+00
   5.068210000e-01  -6.262800000e+00   1.527470000e+00
   1.351610000e-01  -5.781050000e+00   2.103360000e+00
  -4.292700000e-01  -5.781050000e+00   2.192020000e+00
  -9.881100000e-01  -5.781050000e+00   2.084090000e+00
  -1.496750000e+00  -5.781050000e+00   1.847486000e+00
  -1.935280000e+00  -5.781050000e+00   1.505312000e+00
  -2.266130000e+00  -5.781050000e+00   1.060111000e+00
  -2.489210000e+00  -5.781050000e+00   5.525741000e-01
  -2.617890000e+00  -5.781050000e+00   1.780000000e-03
  -2.633590000e+00  -5.781050000e+00  -5.873500000e-01
  -2.478430000e+00  -5.781050000e+00  -1.177020000e+00
  -2.101250000e+00  -5.781050000e+00  -1.663450000e+00
  -1.564796000e+00  -5.781050000e+00  -1.953080000e+00
  -9.938390000e-01  -5.781050000e+00  -2.079270000e+00
  -4.375400000e-01  -5.781050000e+00  -2.088720000e+00
   9.466000000e-02  -5.781050000e+00  -1.988900000e+00
   5.097640000e-01  -5.781050000e+00  -1.642030000e+00
   7.485960000e-01  -5.781050000e+00  -1.187870000e+00
   9.036100000e-01  -5.781050000e+00  -7.771370000e-01
   1.029743000e+00  -5.781050000e+00  -3.964259000e-01
   1.061371000e+00  -5.781050000e+00  -3.673000000e-03
   1.001744000e+00  -5.781050000e+00   3.806150000e-01
   8.774040000e-01  -5.781050000e+00   7.528170000e-01
   7.434280000e-01  -5.781050000e+00   1.171310000e+00
   5.367446000e-01  -5.781050000e+00   1.673250000e+00
   1.363960000e-01  -4.837630000e+00   2.414170000e+00
  -4.944260000e-01  -4.837630000e+00   2.514810000e+00
  -1.125000000e+00  -4.837630000e+00   2.412470000e+00
  -1.712710000e+00  -4.837630000e+00   2.173270000e+00
  -2.228240000e+00  -4.837630000e+00   1.796446000e+00
  -2.612890000e+00  -4.837630000e+00   1.286322000e+00
  -2.840560000e+00  -4.837630000e+00   6.931583000e-01
  -2.933340000e+00  -4.837630000e+00   6.614500000e-02
  -2.894450000e+00  -4.837630000e+00  -5.757300000e-01
  -2.695690000e+00  -4.837630000e+00  -1.201930000e+00
  -2.296530000e+00  -4.837630000e+00  -1.729320000e+00
  -1.722278000e+00  -4.837630000e+00  -2.048530000e+00
  -1.105604000e+00  -4.837630000e+00  -2.187040000e+00
  -5.025888000e-01  -4.837630000e+00  -2.196430000e+00
   7.454000000e-02  -4.837630000e+00  -2.091680000e+00
   5.208500000e-01  -4.837630000e+00  -1.711296000e+00
   7.686460000e-01  -4.837630000e+00  -1.210510000e+00
   9.317600000e-01  -4.837630000e+00  -7.686590000e-01
   1.072281000e+00  -4.837630000e+00  -3.628417000e-01
   1.136008000e+00  -4.837630000e+00   5.904400000e-02
   1.099447000e+00  -4.837630000e+00   4.876880000e-01
   9.732810000e-01  -4.837630000e+00   9.090430000e-01
   8.289780000e-01  -4.837630000e+00   1.386170000e+00
   5.946162900e-01  -4.837630000e+00   1.948440000e+00
   1.278470000e-01  -3.893210000e+00   2.671100000e+00
  -5.499590000e-01  -3.893210000e+00   2.789100000e+00
  -1.233980000e+00  -3.893210000e+00   2.696090000e+00
  -1.880220000e+00  -3.893210000e+00   2.446630000e+00
  -2.452990000e+00  -3.893210000e+00   2.046959000e+00
  -2.878310000e+00  -3.893210000e+00   1.493271000e+00
  -3.086540000e+00  -3.893210000e+00   8.255661000e-01
  -3.113270000e+00  -3.893210000e+00   1.467740000e-01
  -2.998900000e+00  -3.893210000e+00  -5.084400000e-01
  -2.754050000e+00  -3.893210000e+00  -1.122330000e+00
  -2.360520000e+00  -3.893210000e+00  -1.657850000e+00
  -1.800200000e+00  -3.893210000e+00  -2.005790000e+00
  -1.179153000e+00  -3.893210000e+00  -2.172030000e+00
  -5.586358000e-01  -3.893210000e+00  -2.198100000e+00
   4.136200000e-02  -3.893210000e+00  -2.097070000e+00
   4.973120000e-01  -3.893210000e+00  -1.685900000e+00
   7.247290000e-01  -3.893210000e+00  -1.141666000e+00
   8.763270000e-01  -3.893210000e+00  -6.879530000e-01
   1.024983000e+00  -3.893210000e+00  -2.844339000e-01
   1.123012000e+00  -3.893210000e+00   1.396240000e-01
   1.098208000e+00  -3.893210000e+00   5.826060000e-01
   9.849370000e-01  -3.893210000e+00   1.027660000e+00
   8.541460000e-01  -3.893210000e+00   1.546350000e+00
   6.197498000e-01  -3.893210000e+00   2.168890000e+00
   1.014030000e-01  -2.949800000e+00   2.875380000e+00
  -6.200400000e-01  -2.949800000e+00   2.994140000e+00
  -1.353120000e+00  -2.949800000e+00   2.923500000e+00
  -2.059750000e+00  -2.949800000e+00   2.675610000e+00
  -2.697220000e+00  -2.949800000e+00   2.262050000e+00
  -3.170390000e+00  -2.949800000e+00   1.657489000e+00
  -3.389530000e+00  -2.949800000e+00   9.264598000e-01
  -3.396860000e+00  -2.949800000e+00   1.858740000e-01
  -3.249750000e+00  -2.949800000e+00  -5.176500000e-01
  -2.972310000e+00  -2.949800000e+00  -1.169250000e+00
  -2.549030000e+00  -2.949800000e+00  -1.737020000e+00
  -1.944910000e+00  -2.949800000e+00  -2.096590000e+00
  -1.279597000e+00  -2.949800000e+00  -2.249180000e+00
  -6.289577000e-01  -2.949800000e+00  -2.255940000e+00
  -6.028000000e-03  -2.949800000e+00  -2.144580000e+00
   4.864200000e-01  -2.949800000e+00  -1.750560000e+00
   7.300360000e-01  -2.949800000e+00  -1.179692000e+00
   8.919280000e-01  -2.949800000e+00  -6.990050000e-01
   1.048816000e+00  -2.949800000e+00  -2.715402000e-01
   1.153447000e+00  -2.949800000e+00   1.781120000e-01
   1.117271000e+00  -2.949800000e+00   6.450300000e-01
   1.005332000e+00  -2.949800000e+00   1.119390000e+00
   8.747340000e-01  -2.949800000e+00   1.676720000e+00
   6.295627000e-01  -2.949800000e+00   2.345660000e+00
   4.467400000e-02  -2.005380000e+00   2.981200000e+00
  -7.082400000e-01  -2.005380000e+00   3.119590000e+00
  -1.482650000e+00  -2.005380000e+00   3.065840000e+00
  -2.243030000e+00  -2.005380000e+00   2.828580000e+00
  -2.939820000e+00  -2.005380000e+00   2.409100000e+00
  -3.448740000e+00  -2.005380000e+00   1.754914000e+00
  -3.670190000e+00  -2.005380000e+00   9.738790000e-01
  -3.660510000e+00  -2.005380000e+00   1.785710000e-01
  -3.489080000e+00  -2.005380000e+00  -5.658800000e-01
  -3.185990000e+00  -2.005380000e+00  -1.249780000e+00
  -2.737350000e+00  -2.005380000e+00  -1.846770000e+00
  -2.105730000e+00  -2.005380000e+00  -2.228960000e+00
  -1.405326000e+00  -2.005380000e+00  -2.391930000e+00
  -7.174214000e-01  -2.005380000e+00  -2.402160000e+00
  -5.818200000e-02  -2.005380000e+00  -2.287220000e+00
   4.729560000e-01  -2.005380000e+00  -1.889400000e+00
   7.288180000e-01  -2.005380000e+00  -1.275149000e+00
   8.827020000e-01  -2.005380000e+00  -7.525870000e-01
   1.026085000e+00  -2.005380000e+00  -2.971210000e-01
   1.088493000e+00  -2.005380000e+00   1.704430000e-01
   1.021508000e+00  -2.005380000e+00   6.350710000e-01
   9.217980000e-01  -2.005380000e+00   1.114003000e+00
   8.171820000e-01  -2.005380000e+00   1.698410000e+00
   5.945200000e-01  -2.005380000e+00   2.428870000e+00
  -7.779000000e-02  -1.060960000e+00   2.981430000e+00
  -8.345300000e-01  -1.060960000e+00   3.127250000e+00
  -1.620820000e+00  -1.060960000e+00   3.090690000e+00
  -2.406170000e+00  -1.060960000e+00   2.882630000e+00
  -3.133020000e+00  -1.060960000e+00   2.456420000e+00
  -3.662340000e+00  -1.060960000e+00   1.792011000e+00
  -3.918630000e+00  -1.060960000e+00   9.932550000e-01
  -3.956860000e+00  -1.060960000e+00   1.645820000e-01
  -3.824810000e+00  -1.060960000e+00  -6.345900000e-01
  -3.524140000e+00  -1.060960000e+00  -1.384100000e+00
  -3.024750000e+00  -1.060960000e+00  -2.022330000e+00
  -2.302720000e+00  -1.060960000e+00  -2.360720000e+00
  -1.535790000e+00  -1.060960000e+00  -2.421320000e+00
  -8.441575000e-01  -1.060960000e+00  -2.344430000e+00
  -2.134030000e-01  -1.060960000e+00  -2.196230000e+00
   3.457660000e-01  -1.060960000e+00  -1.902300000e+00
   6.529660000e-01  -1.060960000e+00  -1.340344000e+00
   8.162030000e-01  -1.060960000e+00  -8.019380000e-01
   9.328350000e-01  -1.060960000e+00  -3.197450000e-01
   8.835370000e-01  -1.060960000e+00   1.560410000e-01
   7.703420000e-01  -1.060960000e+00   5.877110000e-01
   7.064740000e-01  -1.060960000e+00   1.048519000e+00
   6.544980000e-01  -1.060960000e+00   1.649540000e+00
   4.852020000e-01  -1.060960000e+00   2.450830000e+00
  -2.176040000e-01  -3.545410000e-01   2.992920000e+00
   3.771790000e-01  -3.545410000e-01   2.507500000e+00
   5.161060000e-01  -3.545410000e-01   1.651330000e+00
   5.147300000e-01  -3.545410000e-01   1.018040000e+00
   5.363140000e-01  -3.545410000e-01   5.618270000e-01
   6.396230000e-01  -3.545410000e-01   1.545790000e-01
   7.679060000e-01  -3.545410000e-01  -3.152940000e-01
   6.742870000e-01  -3.545410000e-01  -8.032310000e-01
   5.211980000e-01  -3.545410000e-01  -1.351210000e+00
   1.682500000e-01  -3.545410000e-01  -1.844150000e+00
  -3.848090000e-01  -3.545410000e-01  -2.087640000e+00
  -9.858674000e-01  -3.545410000e-01  -2.282830000e+00
  -1.683604000e+00  -3.545410000e-01  -2.447930000e+00
  -2.518150000e+00  -3.545410000e-01  -2.496170000e+00
  -3.345530000e+00  -3.545410000e-01  -2.202460000e+00
  -3.892070000e+00  -3.545410000e-01  -1.515760000e+00
  -4.179710000e+00  -3.545410000e-01  -6.933500000e-01
  -4.260550000e+00  -3.545410000e-01   1.638050000e-01
  -4.157280000e+00  -3.545410000e-01   1.010706000e+00
  -3.865580000e+00  -3.545410000e-01   1.831634000e+00
  -3.323310000e+00  -3.545410000e-01   2.508010000e+00
  -2.573820000e+00  -3.545410000e-01   2.927920000e+00
  -1.770320000e+00  -3.545410000e-01   3.116490000e+00
  -9.764100000e-01  -3.545410000e-01   3.133470000e+00
  -2.794010000e+00  -3.783410000e-01  -1.852560000e+00
  -3.338700000e+00  -3.756410000e-01  -1.543080000e+00
  -1.552020000e+00  -3.739410000e-01   2.776280000e+00
  -1.072880000e+00  -3.843410000e-01   2.450420000e+00
  -2.519380000e+00  -4.098410000e-01   6.566180000e-01
  -2.455130000e+00  -4.078410000e-01   1.003107500e+00
  -2.075400000e+00  -4.105410000e-01   9.763108000e-01
  -8.934957000e-01  -3.747410000e-01  -1.892720000e+00
  -2.093390000e+00  -4.141410000e-01   1.594400000e-01
  -1.693660000e+00  -4.126410000e-01   9.535140000e-01
  -1.370120000e+00  -4.133410000e-01   1.675310000e-01
  -3.028880000e+00  -3.984410000e-01   1.000340000e+00
  -3.131460000e+00  -3.998410000e-01   3.285950000e-01
  -3.651710000e+00  -3.824410000e-01   6.490870000e-01
  -3.003280000e+00  -3.873410000e-01   1.758005000e+00
  -3.191140000e+00  -3.881410000e-01   1.450366000e+00
  -3.148800000e+00  -3.842410000e-01   1.710249000e+00
  -2.944840000e-01  -3.801410000e-01   2.159377000e+00
  -9.647630000e-01  -4.007410000e-01   1.615407000e+00
  -2.344850000e+00  -3.923410000e-01  -1.524060000e+00
  -2.230510000e+00  -3.985410000e-01  -1.275610000e+00
  -1.999948000e+00  -3.966410000e-01  -1.403360000e+00
  -2.090600000e+00  -3.991410000e-01   1.867501000e+00
  -1.902220000e+00  -3.883410000e-01   2.364297000e+00
  -1.818130000e+00  -3.952410000e-01   2.095365000e+00
  -3.561570000e+00  -3.809410000e-01  -8.941400000e-01
  -2.849030000e+00  -3.949410000e-01  -1.116380000e+00
  -1.433793000e+00  -3.784410000e-01  -1.948190000e+00
  -1.767384000e+00  -3.944410000e-01  -1.527120000e+00
  -1.116830000e+00  -3.909410000e-01  -1.528660000e+00
  -2.237260000e+00  -3.842410000e-01   2.391328000e+00
  -2.062730000e+00  -3.733410000e-01   2.727950000e+00
  -1.981830000e+00  -3.809410000e-01   2.551120000e+00
  -2.107533000e+00  -3.787410000e-01  -1.992710000e+00
  -2.564300000e+00  -3.785410000e-01   2.428359000e+00
  -5.659100000e-02  -3.745410000e-01  -1.400070000e+00
   7.890000000e-02  -3.786410000e-01  -8.815960000e-01
   2.546690000e-01  -3.765410000e-01  -9.408800000e-02
  -2.673640000e+00  -4.084410000e-01   6.852400000e-02
  -3.086940000e+00  -3.991410000e-01  -3.623200000e-01
   1.613410000e-02  -3.829410000e-01   7.649250000e-01
  -3.360170000e-01  -3.966410000e-01   2.108570000e-01
  -3.475190000e+00  -3.809410000e-01   1.364854900e+00
  -3.685480000e+00  -3.827410000e-01  -1.170110000e-01
  -4.849150000e-01  -3.774410000e-01  -1.670060000e+00
  -6.363240000e-01  -3.941410000e-01  -1.083860000e+00
   1.589210000e-01  -3.737410000e-01   1.558704000e+00
  -3.492530000e-01  -3.917410000e-01   1.388561000e+00
  -2.452730000e+00  -4.085410000e-01  -4.594780000e-01
  -2.775810000e+00  -3.882410000e-01   1.949350000e+00
  -2.899090000e+00  -3.940410000e-01   1.535877000e+00
  -1.026815000e+00  -4.001410000e-01  -1.042440000e+00
  -1.049265000e+00  -4.042410000e-01  -7.600790000e-01
  -1.353950000e+00  -4.018410000e-01   1.715920000e+00
  -1.397460000e+00  -3.944410000e-01   2.118426000e+00
  -1.181970000e+00  -3.978410000e-01   1.881916000e+00
  -2.501730000e+00  -3.868410000e-01   2.183463000e+00
  -2.669060000e+00  -3.835410000e-01   2.193855000e+00
  -2.437150000e+00  -3.946410000e-01   1.928567000e+00
  -2.393890000e+00  -4.052410000e-01   1.335597000e+00
  -2.648490000e+00  -4.002410000e-01   1.435737000e+00
  -1.932850000e+00  -4.134410000e-01  -1.483470000e-01
  -2.193290000e+00  -4.113410000e-01  -3.024130000e-01
  -1.767300000e+00  -4.119410000e-01  -4.481340000e-01
  -1.570210000e+00  -4.132410000e-01  -1.443020000e-01
  -1.320463000e+00  -4.108410000e-01  -3.050090000e-01
  -7.652880000e-01  -4.052410000e-01   7.547197000e-01
  -1.717920000e+00  -3.816410000e-01   2.575290000e+00
  -1.397650000e+00  -3.831410000e-01   2.517850000e+00
  -2.118180000e+00  -4.039410000e-01  -1.034160000e+00
  -1.768241000e+00  -4.046410000e-01  -1.023380000e+00
  -1.771813000e+00  -3.998410000e-01  -1.277750000e+00
  -1.712350000e+00  -4.078410000e-01   1.392974000e+00
  -1.338610000e+00  -4.047410000e-01   1.509191000e+00
  -4.078590000e-01  -3.967410000e-01  -3.916780000e-01
  -2.716380000e+00  -4.026410000e-01   1.167968780e+00
  -2.616380000e+00  -4.064410000e-01   9.142930000e-01
  -2.288450000e+00  -4.066410000e-01  -7.528200000e-01
  -2.487600000e+00  -4.002410000e-01  -1.072270000e+00
  -2.476160000e+00  -4.046410000e-01  -7.693700000e-01
  -2.066470000e+00  -4.045410000e-01   1.566015000e+00
  -2.054620000e+00  -4.071410000e-01   1.359286000e+00
  -3.107470000e+00  -3.801410000e-01   1.970132000e+00
  -7.936610000e-01  -4.064410000e-01   5.279000000e-02
  -7.342870000e-01  -4.031410000e-01  -4.251970000e-01
  -1.267567000e+00  -3.976410000e-01  -1.294330000e+00
  -1.072322000e+00  -3.957410000e-01  -1.295950000e+00
  -1.596302000e+00  -4.083410000e-01  -7.478600000e-01
  -1.857740000e+00  -4.066410000e-01  -8.865100000e-01
  -1.650140000e+00  -3.915410000e-01   2.251361000e+00
  -2.336210000e+00  -3.896410000e-01   2.169948000e+00
  -1.223418000e+00  -4.110410000e-01  -1.540930000e-01
  -9.316880000e-01  -4.074410000e-01  -2.084630000e-01
  -2.027880000e+00  -4.096410000e-01  -5.984800000e-01
  -1.600845000e+00  -3.997410000e-01  -1.274860000e+00
  -1.520976000e+00  -3.965410000e-01  -1.405720000e+00
  -1.069716000e+00  -4.079410000e-01  -4.637170000e-01
  -6.868060000e-01  -3.988410000e-01  -7.577420000e-01
  -1.832800000e+00  -4.139410000e-01   7.569000000e-03
  -1.247510000e+00  -4.063410000e-01  -7.496560000e-01
  -1.333009000e+00  -4.084410000e-01  -6.047910000e-01
  -1.740040000e+00  -4.016410000e-01   1.806434000e+00
  -1.420305000e+00  -4.036410000e-01  -1.025590000e+00
  -2.110510000e+00  -4.107410000e-01  -4.523060000e-01
  -2.669620000e+00  -3.948410000e-01   1.737222000e+00
  -2.964980000e+00  -3.964410000e-01   1.268108900e+00
C Number of facets
  786
C  Size  Node 1  ......Node N Marker
    3    0    1    2    3
    3    0    2    3    3
    3    0    3    4    3
    3    0    4    5    3
    3    0    5    6    3
    3    0    6    7    3
    3    0    7    8    3
    3    0    8    9    3
    3    0    9   10    3
    3    0   10   11    3
    3    0   11   12    3
    3    0   12   13    3
    3    0   13   14    3
    3    0   14   15    3
    3    0   15   16    3
    3    0   16   17    3
    3    0   17   18    3
    3    0   18   19    3
    3    0   19   20    3
    3    0   20   21    3
    3    0   21   22    3
    3    0   22   23    3
    3    0   23   24    3
    3    0   24    1    3
    3    1   25   26    3
    3    1   26    2    3
    3    2   26   27    3
    3    2   27    3    3
    3    3   27   28    3
    3    3   28    4    3
    3    4   28   29    3
    3    4   29    5    3
    3    5   29   30    3
    3    5   30    6    3
    3    6   30   31    3
    3    6   31    7    3
    3    7   31   32    3
    3    7   32    8    3
    3    8   32   33    3
    3    8   33    9    3
    3    9   33   34    3
    3    9   34   10    3
    3   10   34   35    3
    3   10   35   11    3
    3   11   35   36    3
    3   11   36   12    3
    3   12   36   37    3
    3   12   37   13    3
    3   13   37   38    3
    3   13   38   14    3
    3   14   38   39    3
    3   14   39   15    3
    3   15   39   40    3
    3   15   40   16    3
    3   16   40   41    3
    3   16   41   17    3
    3   17   41   42    3
    3   17   42   18    3
    3   18   42   43    3
    3   18   43   19    3
    3   19   43   44    3
    3   19   44   20    3
    3   20   44   45    3
    3   20   45   21    3
    3   21   45   46    3
    3   21   46   22    3
    3   22   46   47    3
    3   22   47   23    3
    3   23   47   48    3
    3   23   48   24    3
    3   24   48   25    3
    3   24   25    1    3
    3   25   49   50    3
    3   25   50   26    3
    3   26   50   51    3
    3   26   51   27    3
    3   27   51   52    3
    3   27   52   28    3
    3   28   52   53    3
    3   28   53   29    3
    3   29   53   54    3
    3   29   54   30    3
    3   30   54   55    3
    3   30   55   31    3
    3   31   55   56    3
    3   31   56   32    3
    3   32   56   57    3
    3   32   57   33    3
    3   33   57   58    3
    3   33   58   34    3
    3   34   58   59    3
    3   34   59   35    3
    3   35   59   60    3
    3   35   60   36    3
    3   36   60   61    3
    3   36   61   37    3
    3   37   61   62    3
    3   37   62   38    3
    3   38   62   63    3
    3   38   63   39    3
    3   39   63   64    3
    3   39   64   40    3
    3   40   64   65    3
    3   40   65   41    3
    3   41   65   66    3
    3   41   66   42    3
    3   42   66   67    3
    3   42   67   43    3
    3   43   67   68    3
    3   43   68   44    3
    3   44   68   69    3
    3   44   69   45    3
    3   45   69   70    3
    3   45   70   46    3
    3   46   70   71    3
    3   46   71   47    3
    3   47   71   72    3
    3   47   72   48    3
    3   48   72   49    3
    3   48   49   25    3
    3   49   73   74    3
    3   49   74   50    3
    3   50   74   75    3
    3   50   75   51    3
    3   51   75   76    3
    3   51   76   52    3
    3   52   76   77    3
    3   52   77   53    3
    3   53   77   78    3
    3   53   78   54    3
    3   54   78   79    3
    3   54   79   55    3
    3   55   79   80    3
    3   55   80   56    3
    3   56   80   81    3
    3   56   81   57    3
    3   57   81   82    3
    3   57   82   58    3
    3   58   82   83    3
    3   58   83   59    3
    3   59   83   84    3
    3   59   84   60    3
    3   60   84   85    3
    3   60   85   61    3
    3   61   85   86    3
    3   61   86   62    3
    3   62   86   87    3
    3   62   87   63    3
    3   63   87   88    3
    3   63   88   64    3
    3   64   88   89    3
    3   64   89   65    3
    3   65   89   90    3
    3   65   90   66    3
    3   66   90   91    3
    3   66   91   67    3
    3   67   91   92    3
    3   67   92   68    3
    3   68   92   93    3
    3   68   93   69    3
    3   69   93   94    3
    3   69   94   70    3
    3   70   94   95    3
    3   70   95   71    3
    3   71   95   96    3
    3   71   96   72    3
    3   72   96   73    3
    3   72   73   49    3
    3   73   97   98    3
    3   73   98   74    3
    3   74   98   99    3
    3   74   99   75    3
    3   75   99  100    3
    3   75  100   76    3
    3   76  100  101    3
    3   76  101   77    3
    3   77  101  102    3
    3   77  102   78    3
    3   78  102  103    3
    3   78  103   79    3
    3   79  103  104    3
    3   79  104   80    3
    3   80  104  105    3
    3   80  105   81    3
    3   81  105  106    3
    3   81  106   82    3
    3   82  106  107    3
    3   82  107   83    3
    3   83  107  108    3
    3   83  108   84    3
    3   84  108  109    3
    3   84  109   85    3
    3   85  109  110    3
    3   85  110   86    3
    3   86  110  111    3
    3   86  111   87    3
    3   87  111  112    3
    3   87  112   88    3
    3   88  112  113    3
    3   88  113   89    3
    3   89  113  114    3
    3   89  114   90    3
    3   90  114  115    3
    3   90  115   91    3
    3   91  115  116    3
    3   91  116   92    3
    3   92  116  117    3
    3   92  117   93    3
    3   93  117  118    3
    3   93  118   94    3
    3   94  118  119    3
    3   94  119   95    3
    3   95  119  120    3
    3   95  120   96    3
    3   96  120   97    3
    3   96   97   73    3
    3   97  121  122    3
    3   97  122   98    3
    3   98  122  123    3
    3   98  123   99    3
    3   99  123  124    3
    3   99  124  100    3
    3  100  124  125    3
    3  100  125  101    3
    3  101  125  126    3
    3  101  126  102    3
    3  102  126  127    3
    3  102  127  103    3
    3  103  127  128    3
    3  103  128  104    3
    3  104  128  129    3
    3  104  129  105    3
    3  105  129  130    3
    3  105  130  106    3
    3  106  130  131    3
    3  106  131  107    3
    3  107  131  132    3
    3  107  132  108    3
    3  108  132  133    3
    3  108  133  109    3
    3  109  133  134    3
    3  109  134  110    3
    3  110  134  135    3
    3  110  135  111    3
    3  111  135  136    3
    3  111  136  112    3
    3  112  136  137    3
    3  112  137  113    3
    3  113  137  138    3
    3  113  138  114    3
    3  114  138  139    3
    3  114  139  115    3
    3  115  139  140    3
    3  115  140  116    3
    3  116  140  141    3
    3  116  141  117    3
    3  117  141  142    3
    3  117  142  118    3
    3  118  142  143    3
    3  118  143  119    3
    3  119  143  144    3
    3  119  144  120    3
    3  120  144  121    3
    3  120  121   97    3
    3  121  145  146    3
    3  121  146  122    3
    3  122  146  147    3
    3  122  147  123    3
    3  123  147  148    3
    3  123  148  124    3
    3  124  148  149    3
    3  124  149  125    3
    3  125  149  150    3
    3  125  150  126    3
    3  126  150  151    3
    3  126  151  127    3
    3  127  151  152    3
    3  127  152  128    3
    3  128  152  153    3
    3  128  153  129    3
    3  129  153  154    3
    3  129  154  130    3
    3  130  154  155    3
    3  130  155  131    3
    3  131  155  156    3
    3  131  156  132    3
    3  132  156  157    3
    3  132  157  133    3
    3  133  157  158    3
    3  133  158  134    3
    3  134  158  159    3
    3  134  159  135    3
    3  135  159  160    3
    3  135  160  136    3
    3  136  160  161    3
    3  136  161  137    3
    3  137  161  162    3
    3  137  162  138    3
    3  138  162  163    3
    3  138  163  139    3
    3  139  163  164    3
    3  139  164  140    3
    3  140  164  165    3
    3  140  165  141    3
    3  141  165  166    3
    3  141  166  142    3
    3  142  166  167    3
    3  142  167  143    3
    3  143  167  168    3
    3  143  168  144    3
    3  144  168  145    3
    3  144  145  121    3
    3  145  169  170    3
    3  145  170  146    3
    3  146  170  171    3
    3  146  171  147    3
    3  147  171  172    3
    3  147  172  148    3
    3  148  172  173    3
    3  148  173  149    3
    3  149  173  174    3
    3  149  174  150    3
    3  150  174  175    3
    3  150  175  151    3
    3  151  175  176    3
    3  151  176  152    3
    3  152  176  177    3
    3  152  177  153    3
    3  153  177  178    3
    3  153  178  154    3
    3  154  178  179    3
    3  154  179  155    3
    3  155  179  180    3
    3  155  180  156    3
    3  156  180  181    3
    3  156  181  157    3
    3  157  181  182    3
    3  157  182  158    3
    3  158  182  183    3
    3  158  183  159    3
    3  159  183  184    3
    3  159  184  160    3
    3  160  184  185    3
    3  160  185  161    3
    3  161  185  186    3
    3  161  186  162    3
    3  162  186  187    3
    3  162  187  163    3
    3  163  187  188    3
    3  163  188  164    3
    3  164  188  189    3
    3  164  189  165    3
    3  165  189  190    3
    3  165  190  166    3
    3  166  190  191    3
    3  166  191  167    3
    3  167  191  192    3
    3  167  192  168    3
    3  168  192  169    3
    3  168  169  145    3
    3  169  193  194    3
    3  169  194  170    3
    3  170  194  195    3
    3  170  195  171    3
    3  171  195  196    3
    3  171  196  172    3
    3  172  196  197    3
    3  172  197  173    3
    3  173  197  198    3
    3  173  198  174    3
    3  174  198  199    3
    3  174  199  175    3
    3  175  199  200    3
    3  175  200  176    3
    3  176  200  201    3
    3  176  201  177    3
    3  177  201  202    3
    3  177  202  178    3
    3  178  202  203    3
    3  178  203  179    3
    3  179  203  204    3
    3  179  204  180    3
    3  180  204  205    3
    3  180  205  181    3
    3  181  205  206    3
    3  181  206  182    3
    3  182  206  207    3
    3  182  207  183    3
    3  183  207  208    3
    3  183  208  184    3
    3  184  208  209    3
    3  184  209  185    3
    3  185  209  210    3
    3  185  210  186    3
    3  186  210  211    3
    3  186  211  187    3
    3  187  211  212    3
    3  187  212  188    3
    3  188  212  213    3
    3  188  213  189    3
    3  189  213  214    3
    3  189  214  190    3
    3  190  214  215    3
    3  190  215  191    3
    3  191  215  216    3
    3  191  216  192    3
    3  192  216  193    3
    3  192  193  169    3
    3  193  217  218    3
    3  193  218  194    3
    3  194  218  219    3
    3  194  219  195    3
    3  195  219  220    3
    3  195  220  196    3
    3  196  220  221    3
    3  196  221  197    3
    3  197  221  222    3
    3  197  222  198    3
    3  198  222  223    3
    3  198  223  199    3
    3  199  223  224    3
    3  199  224  200    3
    3  200  224  225    3
    3  200  225  201    3
    3  201  225  226    3
    3  201  226  202    3
    3  202  226  227    3
    3  202  227  203    3
    3  203  227  228    3
    3  203  228  204    3
    3  204  228  229    3
    3  204  229  205    3
    3  205  229  230    3
    3  205  230  206    3
    3  206  230  231    3
    3  206  231  207    3
    3  207  231  232    3
    3  207  232  208    3
    3  208  232  233    3
    3  208  233  209    3
    3  209  233  234    3
    3  209  234  210    3
    3  210  234  235    3
    3  210  235  211    3
    3  211  235  236    3
    3  211  236  212    3
    3  212  236  237    3
    3  212  237  213    3
    3  213  237  238    3
    3  213  238  214    3
    3  214  238  239    3
    3  214  239  215    3
    3  215  239  240    3
    3  215  240  216    3
    3  216  240  217    3
    3  216  217  193    3
    3  217  241  242    3
    3  217  242  218    3
    3  218  242  243    3
    3  218  243  219    3
    3  219  243  244    3
    3  219  244  220    3
    3  220  244  245    3
    3  220  245  221    3
    3  221  245  246    3
    3  221  246  222    3
    3  222  246  247    3
    3  222  247  223    3
    3  223  247  248    3
    3  223  248  224    3
    3  224  248  249    3
    3  224  249  225    3
    3  225  249  250    3
    3  225  250  226    3
    3  226  250  251    3
    3  226  251  227    3
    3  227  251  252    3
    3  227  252  228    3
    3  228  252  253    3
    3  228  253  229    3
    3  229  253  254    3
    3  229  254  230    3
    3  230  254  255    3
    3  230  255  231    3
    3  231  255  256    3
    3  231  256  232    3
    3  232  256  257    3
    3  232  257  233    3
    3  233  257  258    3
    3  233  258  234    3
    3  234  258  259    3
    3  234  259  235    3
    3  235  259  260    3
    3  235  260  236    3
    3  236  260  261    3
    3  236  261  237    3
    3  237  261  262    3
    3  237  262  238    3
    3  238  262  263    3
    3  238  263  239    3
    3  239  263  264    3
    3  239  264  240    3
    3  240  264  241    3
    3  240  241  217    3
    3  264  265  241    3
    3  264  266  265    3
    3  263  266  264    3
    3  263  267  266    3
    3  262  267  263    3
    3  262  268  267    3
    3  261  268  262    3
    3  261  269  268    3
    3  260  269  261    3
    3  260  270  269    3
    3  259  270  260    3
    3  259  271  270    3
    3  258  271  259    3
    3  258  272  271    3
    3  257  272  258    3
    3  257  273  272    3
    3  256  273  257    3
    3  256  274  273    3
    3  255  274  256    3
    3  255  275  274    3
    3  254  275  255    3
    3  254  276  275    3
    3  253  276  254    3
    3  253  277  276    3
    3  252  277  253    3
    3  252  278  277    3
    3  251  278  252    3
    3  251  279  278    3
    3  250  279  251    3
    3  250  280  279    3
    3  249  280  250    3
    3  249  281  280    3
    3  248  281  249    3
    3  248  282  281    3
    3  247  282  248    3
    3  247  283  282    3
    3  246  283  247    3
    3  246  284  283    3
    3  245  284  246    3
    3  245  285  284    3
    3  244  285  245    3
    3  244  286  285    3
    3  243  286  244    3
    3  243  287  286    3
    3  242  287  243    3
    3  242  288  287    3
    3  241  288  242    3
    3  241  265  288    3
    3  289  279  290    1
    3  291  288  292    1
    3  293  294  295    3
    3  296  275  276    1
    3  297  298  299    1
    3  300  301  302    1
    3  303  304  305    3
    3  292  306  307    1
    3  308  309  310    4
    3  300  293  301    1
    3  311  312  313    3
    3  290  314  315    1
    3  316  317  318    1
    3  319  320  321    3
    3  317  322  308    1
    3  286  323  285    1
    3  286  287  320    1
    3  298  297  293    1
    3  324  325  273    1
    3  326  271  272    1
    3  327  328  301    1
    3  329  326  330    1
    3  300  331  304    1
    3  332  282  302    1
    3  272  325  326    1
    3  296  276  316    1
    3  296  333  275    1
    3  324  334  325    1
    3  335  329  336    1
    3  315  328  337    1
    3  338  339  303    3
    3  334  340  341    4
    3  279  289  278    1
    3  274  275  333    1
    3  322  278  289    1
    3  342  343  344    3
    3  332  301  328    1
    3  314  290  280    1
    3  345  338  346    3
    3  324  333  334    1
    3  277  316  276    1
    3  266  267  335    1
    3  288  291  287    1
    3  347  348  349    3
    3  316  322  317    1
    3  297  350  351    4
    3  327  301  293    1
    3  283  331  302    1
    3  352  353  354    4
    3  326  269  270    1
    3  332  302  301    1
    3  355  299  298    1
    3  312  356  357    3
    3  330  355  329    1
    3  336  306  335    1
    3  271  326  270    1
    3  358  359  360    4
    3  298  361  362    3
    3  283  302  282    1
    3  336  329  355    1
    3  326  363  330    1
    3  265  292  288    1
    3  300  364  365    3
    3  366  367  368    4
    3  333  318  334    1
    3  369  361  370    3
    3  327  293  297    1
    3  278  322  277    1
    3  320  291  356    3
    3  371  285  323    1
    3  363  325  334    1
    3  371  331  284    1
    3  364  339  349    3
    3  268  335  267    1
    3  372  363  373    4
    3  280  290  279    1
    3  266  306  265    1
    3  316  277  322    1
    3  328  315  314    1
    3  308  315  367    1
    3  355  330  372    1
    3  327  297  337    1
    3  280  281  314    1
    3  374  340  375    4
    3  296  316  318    1
    3  352  376  377    4
    3  355  307  336    1
    3  292  343  378    3
    3  326  325  363    1
    3  320  287  291    1
    3  345  319  379    3
    3  380  372  381    4
    3  358  366  382    4
    3  268  329  335    1
    3  273  274  324    1
    3  336  307  306    1
    3  265  306  292    1
    3  296  318  333    1
    3  383  374  384    4
    3  329  268  269    1
    3  385  373  386    4
    3  333  324  274    1
    3  283  284  331    1
    3  298  307  355    1
    3  299  353  387    4
    3  308  289  315    1
    3  273  325  272    1
    3  327  337  328    1
    3  388  376  389    4
    3  314  332  328    1
    3  281  282  332    1
    3  315  289  290    1
    3  363  372  330    1
    3  355  372  299    1
    3  285  371  284    1
    3  314  281  332    1
    3  269  326  329    1
    3  369  347  311    3
    3  266  335  306    1
    3  286  320  323    1
    3  308  322  289    1
    3  300  302  331    1
    3  343  390  313    3
    3  292  307  344    3
    3  298  348  370    3
    3  361  390  342    3
    3  343  342  390    3
    3  342  307  362    3
    3  347  369  348    3
    3  361  369  390    3
    3  369  311  390    3
    3  312  311  347    3
    3  311  313  390    3
    3  313  312  378    3
    3  298  362  307    3
    3  342  362  361    3
    3  342  344  307    3
    3  292  344  343    3
    3  369  370  348    3
    3  298  370  361    3
    3  292  378  312    3
    3  313  378  343    3
    3  334  318  375    4
    3  340  391  388    4
    3  318  317  384    4
    3  340  374  391    4
    3  352  385  389    4
    3  376  391  359    4
    3  376  388  391    4
    3  388  385  341    4
    3  359  391  383    4
    3  359  358  377    4
    3  374  383  391    4
    3  383  317  360    4
    3  374  375  318    4
    3  334  375  340    4
    3  334  341  385    4
    3  388  341  340    4
    3  388  389  385    4
    3  352  389  376    4
    3  352  377  358    4
    3  359  377  376    4
    3  358  360  317    4
    3  383  360  359    4
    3  383  384  317    4
    3  318  384  374    4
    3  367  358  309    4
    3  315  337  368    1
    3  353  352  350    4
    3  353  299  380    4
    3  372  380  299    4
    3  380  385  354    4
    3  350  352  392    4
    3  350  297  387    4
    3  366  337  392    4
    3  367  366  358    4
    3  363  334  386    4
    3  373  385  381    4
    3  392  337  351    4
    3  392  352  382    4
    3  380  381  385    4
    3  373  381  372    4
    3  358  317  310    4
    3  367  309  308    4
    3  385  386  334    4
    3  363  386  373    4
    3  366  368  337    4
    3  315  368  367    1
    3  299  387  297    4
    3  350  387  353    4
    3  352  354  385    4
    3  380  354  353    4
    3  358  382  352    4
    3  392  382  366    4
    3  297  351  337    4
    3  392  351  350    4
    3  308  310  317    4
    3  358  310  309    4
    3  312  347  379    3
    3  320  319  323    3
    3  371  323  346    3
    3  338  347  393    3
    3  364  300  394    3
    3  364  348  294    3
    3  319  345  323    3
    3  338  345  347    3
    3  348  298  295    3
    3  294  293  365    3
    3  304  339  394    3
    3  331  371  305    1
    3  364  349  348    3
    3  349  339  393    3
    3  338  393  339    3
    3  349  393  347    3
    3  338  303  371    3
    3  304  303  339    3
    3  356  312  321    3
    3  291  292  357    3
    3  364  394  339    3
    3  304  394  300    3
    3  319  321  312    3
    3  356  321  320    3
    3  293  295  298    3
    3  348  295  294    3
    3  312  357  292    3
    3  291  357  356    3
    3  345  346  323    3
    3  371  346  338    3
    3  303  305  371    3
    3  331  305  304    1
    3  345  379  347    3
    3  312  379  319    3
    3  300  365  293    3
    3  294  365  364    3
C Prescribed Values(Inlet, Outlet), InteractionSurface(Inlet, Outlet)
       3        1        0        2        2        2
C Inlet Velocity
C     Vx,           Vy,            Vz,    indVx,indVy,indVz, FunID (3E18.9, 4I5)
   0.000000000e+00   1.000000000e+00   0.000000000e+00    1    0    1    4
C Inlet Pressure, FunID (E18.9,I5)
   1.000000000e+00    3
C Outlet Pressure (E18.9,I5)
   1.000000000e+00    2
C Inlet Velocity
C nNodeID,    Vx,           Vy,            Vz (I5, 3E18.9)
  265
    1  -1.200000000e+00  -2.000000000e+00   1.200000000e+00
    2  -1.100000000e+00  -2.000000000e+00   2.000000000e-01
    3  -1.000000000e+00  -2.000000000e+00  -1.000000000e-01
    4  -9.000000000e-01  -2.000000000e+00   4.000000000e-01
    5  -1.100000000e+00  -2.000000000e+00   1.100000000e+00
    6  -1.800000000e+00  -2.000000000e+00   1.600000000e+00
    7  -2.100000000e+00  -2.000000000e+00   1.400000000e+00
    8  -1.700000000e+00  -2.000000000e+00   1.000000000e+00
    9  -9.000000000e-01  -2.000000000e+00   8.000000000e-01
   10  -1.000000000e-01  -2.000000000e+00   9.000000000e-01
   11   0.000000000e+00  -2.000000000e+00   1.300000000e+00
   12  -1.000000000e-01  -2.000000000e+00   1.400000000e+00
   13  -2.000000000e-01  -2.000000000e+00   1.700000000e+00
   14  -4.000000000e-01  -2.000000000e+00   1.800000000e+00
   15  -7.000000000e-01  -2.000000000e+00   1.900000000e+00
   16  -1.000000000e+00  -2.000000000e+00   1.800000000e+00
   17  -1.500000000e+00  -2.000000000e+00   2.200000000e+00
   18  -2.300000000e+00  -2.000000000e+00   2.400000000e+00
   19  -3.000000000e+00  -2.000000000e+00   2.100000000e+00
   20  -3.200000000e+00  -2.000000000e+00   1.500000000e+00
   21  -2.200000000e+00  -2.000000000e+00   9.000000000e-01
   22  -1.300000000e+00  -2.000000000e+00   8.000000000e-01
   23  -8.000000000e-01  -2.000000000e+00   9.000000000e-01
   24  -7.000000000e-01  -2.000000000e+00   1.100000000e+00
   25  -8.000000000e-01  -2.000000000e+00   1.000000000e+00
   26  -1.000000000e+00  -1.000000000e+00   8.000000000e-01
   27  -1.000000000e+00  -1.000000000e+00   4.000000000e-01
   28  -1.000000000e+00  -1.000000000e+00   9.000000000e-01
   29  -1.300000000e+00  -1.000000000e+00   1.600000000e+00
   30  -2.000000000e+00  -1.000000000e+00   1.900000000e+00
   31  -2.300000000e+00  -1.000000000e+00   1.700000000e+00
   32  -1.900000000e+00  -1.000000000e+00   1.200000000e+00
   33  -1.000000000e+00  -1.000000000e+00   9.000000000e-01
   34  -1.000000000e-01  -1.000000000e+00   1.000000000e+00
   35   2.000000000e-01  -1.000000000e+00   1.400000000e+00
   36   1.000000000e-01  -1.000000000e+00   1.700000000e+00
   37  -1.000000000e-01  -1.000000000e+00   2.000000000e+00
   38  -3.000000000e-01  -1.000000000e+00   2.300000000e+00
   39  -7.000000000e-01  -1.000000000e+00   2.400000000e+00
   40  -1.000000000e+00  -1.000000000e+00   2.400000000e+00
   41  -1.500000000e+00  -1.000000000e+00   2.500000000e+00
   42  -2.100000000e+00  -1.000000000e+00   2.500000000e+00
   43  -2.700000000e+00  -1.000000000e+00   2.200000000e+00
   44  -2.900000000e+00  -1.000000000e+00   1.700000000e+00
   45  -2.200000000e+00  -1.000000000e+00   1.200000000e+00
   46  -1.400000000e+00  -1.000000000e+00   1.000000000e+00
   47  -1.000000000e+00  -1.000000000e+00   1.000000000e+00
   48  -8.000000000e-01  -1.000000000e+00   1.300000000e+00
   49  -8.000000000e-01  -1.000000000e+00   1.300000000e+00
   50  -1.100000000e+00  -1.000000000e+00   8.000000000e-01
   51  -9.000000000e-01  -1.000000000e+00   4.000000000e-01
   52  -8.000000000e-01  -1.000000000e+00   1.000000000e+00
   53  -1.200000000e+00  -1.000000000e+00   1.900000000e+00
   54  -1.900000000e+00  -1.000000000e+00   2.300000000e+00
   55  -2.300000000e+00  -1.000000000e+00   2.100000000e+00
   56  -1.900000000e+00  -1.000000000e+00   1.500000000e+00
   57  -1.200000000e+00  -1.000000000e+00   1.200000000e+00
   58  -2.000000000e-01  -1.000000000e+00   1.400000000e+00
   59   2.000000000e-01  -1.000000000e+00   1.700000000e+00
   60   1.000000000e-01  -1.000000000e+00   2.000000000e+00
   61   0.000000000e+00  -1.000000000e+00   2.300000000e+00
   62  -1.000000000e-01  -1.000000000e+00   2.900000000e+00
   63  -6.000000000e-01  -1.000000000e+00   3.300000000e+00
   64  -1.100000000e+00  -1.000000000e+00   3.200000000e+00
   65  -1.700000000e+00  -1.000000000e+00   3.300000000e+00
   66  -2.500000000e+00  -1.000000000e+00   3.400000000e+00
   67  -3.100000000e+00  -1.000000000e+00   2.900000000e+00
   68  -3.100000000e+00  -1.000000000e+00   2.100000000e+00
   69  -1.700000000e+00  -1.000000000e+00   1.500000000e+00
   70  -3.000000000e-01  -1.000000000e+00   1.600000000e+00
   71   1.000000000e-01  -1.000000000e+00   1.900000000e+00
   72   0.000000000e+00  -1.000000000e+00   2.300000000e+00
   73  -5.000000000e-01  -1.000000000e+00   2.100000000e+00
   74  -1.000000000e+00  -1.300000000e+00   4.000000000e-01
   75  -7.000000000e-01  -1.300000000e+00  -1.000000000e-01
   76  -5.000000000e-01  -1.300000000e+00   6.000000000e-01
   77  -8.000000000e-01  -1.300000000e+00   1.500000000e+00
   78  -1.300000000e+00  -1.300000000e+00   2.000000000e+00
   79  -1.700000000e+00  -1.300000000e+00   1.900000000e+00
   80  -1.500000000e+00  -1.300000000e+00   1.500000000e+00
   81  -8.000000000e-01  -1.300000000e+00   1.300000000e+00
   82   1.000000000e-01  -1.300000000e+00   1.400000000e+00
   83   4.000000000e-01  -1.300000000e+00   1.800000000e+00
   84   3.000000000e-01  -1.300000000e+00   2.000000000e+00
   85   4.000000000e-01  -1.300000000e+00   2.600000000e+00
   86   2.000000000e-01  -1.300000000e+00   3.400000000e+00
   87  -3.000000000e-01  -1.300000000e+00   4.100000000e+00
   88  -1.000000000e+00  -1.300000000e+00   4.100000000e+00
   89  -1.800000000e+00  -1.300000000e+00   4.000000000e+00
   90  -2.500000000e+00  -1.300000000e+00   3.700000000e+00
   91  -3.000000000e+00  -1.300000000e+00   3.100000000e+00
   92  -2.900000000e+00  -1.300000000e+00   2.300000000e+00
   93  -1.300000000e+00  -1.300000000e+00   1.600000000e+00
   94   5.000000000e-01  -1.300000000e+00   1.800000000e+00
   95   8.000000000e-01  -1.300000000e+00   2.300000000e+00
   96   6.000000000e-01  -1.300000000e+00   2.700000000e+00
   97  -3.000000000e-01  -1.300000000e+00   2.200000000e+00
   98  -9.000000000e-01  -1.200000000e+00   3.000000000e-01
   99  -6.000000000e-01  -1.200000000e+00  -1.000000000e-01
  100  -4.000000000e-01  -1.200000000e+00   5.000000000e-01
  101  -6.000000000e-01  -1.200000000e+00   1.300000000e+00
  102  -1.000000000e+00  -1.200000000e+00   1.700000000e+00
  103  -1.200000000e+00  -1.200000000e+00   1.700000000e+00
  104  -9.000000000e-01  -1.200000000e+00   1.400000000e+00
  105  -3.000000000e-01  -1.200000000e+00   1.200000000e+00
  106   5.000000000e-01  -1.200000000e+00   1.500000000e+00
  107   8.000000000e-01  -1.200000000e+00   1.900000000e+00
  108   6.000000000e-01  -1.200000000e+00   2.100000000e+00
  109   6.000000000e-01  -1.200000000e+00   2.800000000e+00
  110   4.000000000e-01  -1.200000000e+00   3.700000000e+00
  111  -1.000000000e-01  -1.200000000e+00   4.300000000e+00
  112  -1.000000000e+00  -1.200000000e+00   4.300000000e+00
  113  -1.600000000e+00  -1.200000000e+00   4.000000000e+00
  114  -2.300000000e+00  -1.200000000e+00   3.600000000e+00
  115  -2.800000000e+00  -1.200000000e+00   2.900000000e+00
  116  -2.600000000e+00  -1.200000000e+00   2.200000000e+00
  117  -1.200000000e+00  -1.200000000e+00   1.600000000e+00
  118   2.000000000e-01  -1.200000000e+00   1.800000000e+00
  119   6.000000000e-01  -1.200000000e+00   2.200000000e+00
  120   4.000000000e-01  -1.200000000e+00   2.400000000e+00
  121  -4.000000000e-01  -1.200000000e+00   1.900000000e+00
  122  -1.300000000e+00  -1.100000000e+00  -7.000000000e-01
  123  -7.000000000e-01  -1.100000000e+00  -1.100000000e+00
  124  -4.000000000e-01  -1.100000000e+00   0.000000000e+00
  125  -7.000000000e-01  -1.100000000e+00   1.200000000e+00
  126  -1.400000000e+00  -1.100000000e+00   1.800000000e+00
  127  -1.900000000e+00  -1.100000000e+00   1.800000000e+00
  128  -1.600000000e+00  -1.100000000e+00   1.300000000e+00
  129  -7.000000000e-01  -1.100000000e+00   1.000000000e+00
  130   3.000000000e-01  -1.100000000e+00   1.200000000e+00
  131   9.000000000e-01  -1.100000000e+00   1.700000000e+00
  132   7.000000000e-01  -1.100000000e+00   2.100000000e+00
  133   6.000000000e-01  -1.100000000e+00   2.700000000e+00
  134   3.000000000e-01  -1.100000000e+00   3.400000000e+00
  135  -2.000000000e-01  -1.100000000e+00   3.900000000e+00
  136  -9.000000000e-01  -1.100000000e+00   3.900000000e+00
  137  -1.700000000e+00  -1.100000000e+00   3.600000000e+00
  138  -2.400000000e+00  -1.100000000e+00   3.300000000e+00
  139  -2.800000000e+00  -1.100000000e+00   2.700000000e+00
  140  -2.600000000e+00  -1.100000000e+00   1.900000000e+00
  141  -1.200000000e+00  -1.100000000e+00   1.300000000e+00
  142   2.000000000e-01  -1.100000000e+00   1.600000000e+00
  143   4.000000000e-01  -1.100000000e+00   1.900000000e+00
  144   1.000000000e-01  -1.100000000e+00   2.000000000e+00
  145  -6.000000000e-01  -1.100000000e+00   1.200000000e+00
  146  -1.300000000e+00  -1.000000000e+00  -2.000000000e-01
  147  -9.000000000e-01  -1.000000000e+00  -6.000000000e-01
  148  -7.000000000e-01  -1.000000000e+00   0.000000000e+00
  149  -8.000000000e-01  -1.000000000e+00   3.000000000e-01
  150  -1.100000000e+00  -1.000000000e+00   1.100000000e+00
  151  -1.300000000e+00  -1.000000000e+00   1.100000000e+00
  152  -1.200000000e+00  -1.000000000e+00   9.000000000e-01
  153  -8.000000000e-01  -1.000000000e+00   7.000000000e-01
  154  -4.000000000e-01  -1.000000000e+00   8.000000000e-01
  155  -1.000000000e-01  -1.000000000e+00   1.100000000e+00
  156  -1.000000000e-01  -1.000000000e+00   1.200000000e+00
  157   0.000000000e+00  -1.000000000e+00   1.600000000e+00
  158  -1.000000000e-01  -1.000000000e+00   2.200000000e+00
  159  -5.000000000e-01  -1.000000000e+00   2.700000000e+00
  160  -1.000000000e+00  -1.000000000e+00   3.000000000e+00
  161  -1.700000000e+00  -1.000000000e+00   3.100000000e+00
  162  -2.800000000e+00  -1.000000000e+00   3.400000000e+00
  163  -3.500000000e+00  -1.000000000e+00   2.900000000e+00
  164  -3.400000000e+00  -1.000000000e+00   1.900000000e+00
  165  -1.600000000e+00  -1.000000000e+00   1.200000000e+00
  166   0.000000000e+00  -1.000000000e+00   1.300000000e+00
  167   2.000000000e-01  -1.000000000e+00   1.700000000e+00
  168   0.000000000e+00  -1.000000000e+00   1.900000000e+00
  169  -8.000000000e-01  -1.000000000e+00   1.400000000e+00
  170  -1.300000000e+00  -9.000000000e-01   6.000000000e-01
  171  -1.200000000e+00  -9.000000000e-01   0.000000000e+00
  172  -1.100000000e+00  -9.000000000e-01   1.000000000e+00
  173  -1.300000000e+00  -9.000000000e-01   1.000000000e+00
  174  -1.700000000e+00  -9.000000000e-01   1.000000000e+00
  175  -1.900000000e+00  -9.000000000e-01   1.000000000e+00
  176  -1.600000000e+00  -9.000000000e-01   1.100000000e+00
  177  -9.000000000e-01  -9.000000000e-01   9.000000000e-01
  178  -3.000000000e-01  -9.000000000e-01   1.100000000e+00
  179   1.000000000e-01  -9.000000000e-01   1.400000000e+00
  180  -2.000000000e-01  -9.000000000e-01   1.600000000e+00
  181  -3.000000000e-01  -9.000000000e-01   1.700000000e+00
  182  -4.000000000e-01  -9.000000000e-01   2.000000000e+00
  183  -7.000000000e-01  -9.000000000e-01   2.300000000e+00
  184  -1.000000000e+00  -9.000000000e-01   2.500000000e+00
  185  -1.700000000e+00  -9.000000000e-01   2.900000000e+00
  186  -2.900000000e+00  -9.000000000e-01   3.400000000e+00
  187  -3.700000000e+00  -9.000000000e-01   3.100000000e+00
  188  -3.600000000e+00  -9.000000000e-01   2.100000000e+00
  189  -2.000000000e+00  -9.000000000e-01   1.300000000e+00
  190  -7.000000000e-01  -9.000000000e-01   1.400000000e+00
  191  -4.000000000e-01  -9.000000000e-01   1.700000000e+00
  192  -4.000000000e-01  -9.000000000e-01   2.000000000e+00
  193  -7.000000000e-01  -9.000000000e-01   2.000000000e+00
  194  -1.600000000e+00  -8.000000000e-01   1.000000000e+00
  195  -1.500000000e+00  -8.000000000e-01   1.000000000e+00
  196  -1.500000000e+00  -8.000000000e-01   0.000000000e+00
  197  -1.400000000e+00  -8.000000000e-01   1.000000000e+00
  198  -1.500000000e+00  -8.000000000e-01   1.000000000e+00
  199  -1.600000000e+00  -8.000000000e-01   1.000000000e+00
  200  -1.500000000e+00  -8.000000000e-01   1.000000000e+00
  201  -1.300000000e+00  -8.000000000e-01   9.000000000e-01
  202  -1.100000000e+00  -8.000000000e-01   1.000000000e+00
  203  -1.000000000e+00  -8.000000000e-01   1.100000000e+00
  204  -1.000000000e+00  -8.000000000e-01   1.100000000e+00
  205  -9.000000000e-01  -8.000000000e-01   1.300000000e+00
  206  -9.000000000e-01  -8.000000000e-01   1.900000000e+00
  207  -1.000000000e+00  -8.000000000e-01   2.500000000e+00
  208  -1.400000000e+00  -8.000000000e-01   2.900000000e+00
  209  -2.200000000e+00  -8.000000000e-01   3.300000000e+00
  210  -3.800000000e+00  -8.000000000e-01   4.100000000e+00
  211  -4.900000000e+00  -8.000000000e-01   3.500000000e+00
  212  -4.600000000e+00  -8.000000000e-01   2.400000000e+00
  213  -2.600000000e+00  -8.000000000e-01   1.400000000e+00
  214  -1.300000000e+00  -8.000000000e-01   1.400000000e+00
  215  -8.000000000e-01  -8.000000000e-01   1.700000000e+00
  216  -6.000000000e-01  -8.000000000e-01   2.100000000e+00
  217  -1.000000000e+00  -8.000000000e-01   2.300000000e+00
  218  -1.500000000e+00  -7.000000000e-01   1.000000000e+00
  219  -1.400000000e+00  -7.000000000e-01   1.000000000e+00
  220  -1.200000000e+00  -7.000000000e-01   0.000000000e+00
  221  -1.100000000e+00  -7.000000000e-01   1.000000000e+00
  222  -1.100000000e+00  -7.000000000e-01   1.000000000e+00
  223  -1.200000000e+00  -7.000000000e-01   1.000000000e+00
  224  -1.100000000e+00  -7.000000000e-01   1.000000000e+00
  225  -9.000000000e-01  -7.000000000e-01   1.000000000e+00
  226  -8.000000000e-01  -7.000000000e-01   1.100000000e+00
  227  -7.000000000e-01  -7.000000000e-01   1.300000000e+00
  228  -1.000000000e+00  -7.000000000e-01   1.400000000e+00
  229  -5.000000000e-01  -7.000000000e-01   1.800000000e+00
  230  -5.000000000e-01  -7.000000000e-01   2.700000000e+00
  231  -9.000000000e-01  -7.000000000e-01   3.500000000e+00
  232  -1.600000000e+00  -7.000000000e-01   3.900000000e+00
  233  -2.300000000e+00  -7.000000000e-01   3.800000000e+00
  234  -3.600000000e+00  -7.000000000e-01   4.200000000e+00
  235  -4.600000000e+00  -7.000000000e-01   3.600000000e+00
  236  -4.500000000e+00  -7.000000000e-01   2.500000000e+00
  237  -2.600000000e+00  -7.000000000e-01   1.500000000e+00
  238  -1.400000000e+00  -7.000000000e-01   1.400000000e+00
  239  -8.000000000e-01  -7.000000000e-01   1.700000000e+00
  240  -7.000000000e-01  -7.000000000e-01   2.100000000e+00
  241  -1.000000000e+00  -7.000000000e-01   2.200000000e+00
  242  -1.800000000e+00  -7.000000000e-01   1.000000000e+00
  243  -1.700000000e+00  -7.000000000e-01   1.000000000e+00
  244  -1.600000000e+00  -7.000000000e-01   2.000000000e+00
  245  -1.800000000e+00  -7.000000000e-01   1.000000000e+00
  246  -2.000000000e+00  -7.000000000e-01   2.000000000e+00
  247  -2.200000000e+00  -7.000000000e-01   2.000000000e+00
  248  -2.100000000e+00  -7.000000000e-01   1.000000000e+00
  249  -2.000000000e+00  -7.000000000e-01   1.100000000e+00
  250  -1.000000000e+00  -7.000000000e-01   1.100000000e+00
  251  -1.000000000e+00  -7.000000000e-01   1.300000000e+00
  252  -1.000000000e+00  -7.000000000e-01   1.300000000e+00
  253  -1.000000000e+00  -7.000000000e-01   1.600000000e+00
  254  -8.000000000e-01  -7.000000000e-01   2.600000000e+00
  255  -1.100000000e+00  -7.000000000e-01   3.500000000e+00
  256  -1.800000000e+00  -7.000000000e-01   4.100000000e+00
  257  -2.300000000e+00  -7.000000000e-01   3.600000000e+00
  258  -3.400000000e+00  -7.000000000e-01   3.900000000e+00
  259  -4.500000000e+00  -7.000000000e-01   3.600000000e+00
  260  -4.500000000e+00  -7.000000000e-01   2.500000000e+00
  261  -2.600000000e+00  -7.000000000e-01   1.700000000e+00
  262  -1.400000000e+00  -7.000000000e-01   1.700000000e+00
  263  -8.000000000e-01  -7.000000000e-01   2.100000000e+00
  264  -5.000000000e-01  -7.000000000e-01   2.600000000e+00
  265  -9.000000000e-01  -7.000000000e-01   2.000000000e+00
C Region List
