C PointsNum,MaxElemVol,TetGenParams,nAtrib,IndMov,MDMaxVolume,MDomDiv,MDOnly,MDDivF,MDPrescP
  395    1.000000e+00 YYpznno2q1.414a     0     0    1.000000e+00     1     0     0     0     0     0 YYpznno2q1.414a
  -1.532148000e-01  -8.404570000e+00  -5.518100000e-02
   8.487710000e-02  -7.937820000e+00   6.989840000e-01
  -1.134590000e-01  -7.937820000e+00   7.680480000e-01
  -3.358280000e-01  -7.937820000e+00   7.872330000e-01
  -5.792570000e-01  -7.937820000e+00   7.632300000e-01
  -8.204580000e-01  -7.937820000e+00   6.618930000e-01
  -9.788340000e-01  -7.937820000e+00   4.534290000e-01
  -9.947890000e-01  -7.937820000e+00   1.890960000e-01
  -9.280680000e-01  -7.937820000e+00  -4.778800000e-02
  -8.375570000e-01  -7.937820000e+00  -2.427610000e-01
  -7.390870000e-01  -7.937820000e+00  -4.118680000e-01
  -6.265420000e-01  -7.937820000e+00  -5.677370000e-01
  -4.877010000e-01  -7.937820000e+00  -7.115250000e-01
  -3.141229000e-01  -7.937820000e+00  -8.373890000e-01
  -1.004480000e-01  -7.937820000e+00  -9.158340000e-01
   1.303440000e-01  -7.937820000e+00  -9.043610000e-01
   3.424660000e-01  -7.937820000e+00  -8.074930000e-01
   5.175370000e-01  -7.937820000e+00  -6.568660000e-01
   6.437250000e-01  -7.937820000e+00  -4.674650000e-01
   6.701810000e-01  -7.937820000e+00  -2.429040000e-01
   5.384040000e-01  -7.937820000e+00  -3.690200000e-02
   4.209050000e-01  -7.937820000e+00   1.042130000e-01
   3.411650000e-01  -7.937820000e+00   2.213840000e-01
   2.807470000e-01  -7.937820000e+00   3.520700000e-01
   2.106420000e-01  -7.937820000e+00   5.199680000e-01
   1.019166000e-01  -7.471070000e+00   9.633100000e-01
  -1.644520000e-01  -7.471070000e+00   1.039125000e+00
  -4.536990000e-01  -7.471070000e+00   1.048763000e+00
  -7.604050000e-01  -7.471070000e+00   9.969350000e-01
  -1.054928000e+00  -7.471070000e+00   8.536800000e-01
  -1.255520000e+00  -7.471070000e+00   5.923960000e-01
  -1.306600000e+00  -7.471070000e+00   2.676132000e-01
  -1.257030000e+00  -7.471070000e+00  -3.901500000e-02
  -1.158650000e+00  -7.471070000e+00  -3.078790000e-01
  -1.031598000e+00  -7.471070000e+00  -5.459010000e-01
  -8.691290000e-01  -7.471070000e+00  -7.543400000e-01
  -6.647920000e-01  -7.471070000e+00  -9.268400000e-01
  -4.230834000e-01  -7.471070000e+00  -1.056650000e+00
  -1.478710000e-01  -7.471070000e+00  -1.127470000e+00
   1.395210000e-01  -7.471070000e+00  -1.104909000e+00
   3.989010000e-01  -7.471070000e+00  -9.763710000e-01
   6.057500000e-01  -7.471070000e+00  -7.819380000e-01
   7.561340000e-01  -7.471070000e+00  -5.492580000e-01
   7.989860000e-01  -7.471070000e+00  -2.793868000e-01
   6.792410000e-01  -7.471070000e+00  -2.479700000e-02
   5.521710000e-01  -7.471070000e+00   1.643610000e-01
   4.566970000e-01  -7.471070000e+00   3.283930000e-01
   3.795450000e-01  -7.471070000e+00   5.117270000e-01
   2.819450000e-01  -7.471070000e+00   7.400340000e-01
   1.057290000e-01  -7.004310000e+00   1.101160000e+00
  -2.019520000e-01  -7.004310000e+00   1.168930000e+00
  -5.307170000e-01  -7.004310000e+00   1.178374000e+00
  -8.814310000e-01  -7.004310000e+00   1.125688000e+00
  -1.222160000e+00  -7.004310000e+00   9.668940000e-01
  -1.456030000e+00  -7.004310000e+00   6.700600000e-01
  -1.539430000e+00  -7.004310000e+00   3.025288000e-01
  -1.514910000e+00  -7.004310000e+00  -5.731900000e-02
  -1.425080000e+00  -7.004310000e+00  -3.875190000e-01
  -1.281860000e+00  -7.004310000e+00  -6.870640000e-01
  -1.080643000e+00  -7.004310000e+00  -9.490500000e-01
  -8.234120000e-01  -7.004310000e+00  -1.158200000e+00
  -5.212710000e-01  -7.004310000e+00  -1.309670000e+00
  -1.830850000e-01  -7.004310000e+00  -1.384310000e+00
   1.633810000e-01  -7.004310000e+00  -1.338105000e+00
   4.489140000e-01  -7.004310000e+00  -1.139656000e+00
   6.512660000e-01  -7.004310000e+00  -8.782660000e-01
   7.938670000e-01  -7.004310000e+00  -6.071500000e-01
   8.741260000e-01  -7.004310000e+00  -3.244712000e-01
   8.290710000e-01  -7.004310000e+00  -3.938300000e-02
   7.301910000e-01  -7.004310000e+00   2.071430000e-01
   6.180120000e-01  -7.004310000e+00   4.288120000e-01
   5.004670000e-01  -7.004310000e+00   6.563000000e-01
   3.443980000e-01  -7.004310000e+00   8.998000000e-01
   1.000940000e-01  -6.536560000e+00   1.201210000e+00
  -2.357960000e-01  -6.536560000e+00   1.264460000e+00
  -5.930470000e-01  -6.536560000e+00   1.277660000e+00
  -9.788100000e-01  -6.536560000e+00   1.229637000e+00
  -1.361090000e+00  -6.536560000e+00   1.065342000e+00
  -1.624580000e+00  -6.536560000e+00   7.405060000e-01
  -1.736380000e+00  -6.536560000e+00   3.397276000e-01
  -1.735640000e+00  -6.536560000e+00  -6.384700000e-02
  -1.653630000e+00  -6.536560000e+00  -4.462860000e-01
  -1.499090000e+00  -6.536560000e+00  -7.994600000e-01
  -1.259030000e+00  -6.536560000e+00  -1.100750000e+00
  -9.487910000e-01  -6.536560000e+00  -1.325720000e+00
  -5.969060000e-01  -6.536560000e+00  -1.474640000e+00
  -2.154300000e-01  -6.536560000e+00  -1.537400000e+00
   1.661550000e-01  -6.536560000e+00  -1.476250000e+00
   4.708320000e-01  -6.536560000e+00  -1.241010000e+00
   6.764680000e-01  -6.536560000e+00  -9.425840000e-01
   8.200970000e-01  -6.536560000e+00  -6.466180000e-01
   9.199920000e-01  -6.536560000e+00  -3.512724000e-01
   9.265360000e-01  -6.536560000e+00  -4.434300000e-02
   8.578740000e-01  -6.536560000e+00   2.468790000e-01
   7.386160000e-01  -6.536560000e+00   5.142490000e-01
   5.856960000e-01  -6.536560000e+00   7.717100000e-01
   3.809540000e-01  -6.536560000e+00   1.017800000e+00
   8.779500000e-02  -6.069800000e+00   1.303060000e+00
  -2.725600000e-01  -6.069800000e+00   1.367910000e+00
  -6.584370000e-01  -6.069800000e+00   1.393890000e+00
  -1.086770000e+00  -6.069800000e+00   1.361361000e+00
  -1.525770000e+00  -6.069800000e+00   1.202382000e+00
  -1.828940000e+00  -6.069800000e+00   8.468580000e-01
  -1.954730000e+00  -6.069800000e+00   3.978001000e-01
  -1.948890000e+00  -6.069800000e+00  -5.454700000e-02
  -1.852990000e+00  -6.069800000e+00  -4.812160000e-01
  -1.677810000e+00  -6.069800000e+00  -8.738100000e-01
  -1.404990000e+00  -6.069800000e+00  -1.202390000e+00
  -1.053682000e+00  -6.069800000e+00  -1.436810000e+00
  -6.622050000e-01  -6.069800000e+00  -1.580370000e+00
  -2.499680000e-01  -6.069800000e+00  -1.633200000e+00
   1.585170000e-01  -6.069800000e+00  -1.568170000e+00
   4.855360000e-01  -6.069800000e+00  -1.314940000e+00
   7.040970000e-01  -6.069800000e+00  -9.948540000e-01
   8.595120000e-01  -6.069800000e+00  -6.788530000e-01
   9.750680000e-01  -6.069800000e+00  -3.641999000e-01
   1.007909000e+00  -6.069800000e+00  -3.299400000e-02
   9.586970000e-01  -6.069800000e+00   2.943950000e-01
   8.304360000e-01  -6.069800000e+00   5.994410000e-01
   6.453280000e-01  -6.069800000e+00   8.782800000e-01
   4.028210000e-01  -6.069800000e+00   1.128470000e+00
   7.516100000e-02  -5.603050000e+00   1.409360000e+00
  -3.112700000e-01  -5.603050000e+00   1.480020000e+00
  -7.271100000e-01  -5.603050000e+00   1.517090000e+00
  -1.197750000e+00  -5.603050000e+00   1.499486000e+00
  -1.689280000e+00  -5.603050000e+00   1.339312000e+00
  -2.035130000e+00  -5.603050000e+00   9.551110000e-01
  -2.181210000e+00  -5.603050000e+00   4.595741000e-01
  -2.179890000e+00  -5.603050000e+00  -4.422000000e-02
  -2.073590000e+00  -5.603050000e+00  -5.193500000e-01
  -1.874430000e+00  -5.603050000e+00  -9.550200000e-01
  -1.562250000e+00  -5.603050000e+00  -1.311450000e+00
  -1.156796000e+00  -5.603050000e+00  -1.540080000e+00
  -7.238390000e-01  -5.603050000e+00  -1.659270000e+00
  -2.875400000e-01  -5.603050000e+00  -1.689720000e+00
   1.396600000e-01  -5.603050000e+00  -1.622900000e+00
   4.937640000e-01  -5.603050000e+00  -1.381030000e+00
   7.415960000e-01  -5.603050000e+00  -1.055870000e+00
   9.216100000e-01  -5.603050000e+00  -7.231370000e-01
   1.053743000e+00  -5.603050000e+00  -3.814259000e-01
   1.095371000e+00  -5.603050000e+00  -1.967300000e-02
   1.045744000e+00  -5.603050000e+00   3.416150000e-01
   9.004040000e-01  -5.603050000e+00   6.748170000e-01
   6.904280000e-01  -5.603050000e+00   9.753100000e-01
   4.177446000e-01  -5.603050000e+00   1.234250000e+00
   5.539600000e-02  -4.674630000e+00   1.761170000e+00
  -4.014260000e-01  -4.674630000e+00   1.843810000e+00
  -8.910000000e-01  -4.674630000e+00   1.877470000e+00
  -1.433710000e+00  -4.674630000e+00   1.836270000e+00
  -1.994240000e+00  -4.674630000e+00   1.638446000e+00
  -2.401890000e+00  -4.674630000e+00   1.198322000e+00
  -2.557560000e+00  -4.674630000e+00   6.201583000e-01
  -2.528340000e+00  -4.674630000e+00   4.014500000e-02
  -2.381450000e+00  -4.674630000e+00  -4.937300000e-01
  -2.143690000e+00  -4.674630000e+00  -9.749300000e-01
  -1.799530000e+00  -4.674630000e+00  -1.376320000e+00
  -1.337278000e+00  -4.674630000e+00  -1.617530000e+00
  -8.506040000e-01  -4.674630000e+00  -1.721040000e+00
  -3.745888000e-01  -4.674630000e+00  -1.730430000e+00
   8.454000000e-02  -4.674630000e+00  -1.656680000e+00
   4.618500000e-01  -4.674630000e+00  -1.391296000e+00
   7.106460000e-01  -4.674630000e+00  -1.027510000e+00
   8.907600000e-01  -4.674630000e+00  -6.696590000e-01
   1.038281000e+00  -4.674630000e+00  -3.148417000e-01
   1.123008000e+00  -4.674630000e+00   6.704400000e-02
   1.103447000e+00  -4.674630000e+00   4.676880000e-01
   9.542810000e-01  -4.674630000e+00   8.440430000e-01
   7.429780000e-01  -4.674630000e+00   1.204170000e+00
   4.526162900e-01  -4.674630000e+00   1.536440000e+00
   7.484700000e-02  -3.746210000e+00   2.078100000e+00
  -4.469590000e-01  -3.746210000e+00   2.178100000e+00
  -1.002980000e+00  -3.746210000e+00   2.197090000e+00
  -1.600220000e+00  -3.746210000e+00   2.116630000e+00
  -2.197990000e+00  -3.746210000e+00   1.867959000e+00
  -2.634310000e+00  -3.746210000e+00   1.377271000e+00
  -2.764540000e+00  -3.746210000e+00   7.335661000e-01
  -2.664270000e+00  -3.746210000e+00   1.107740000e-01
  -2.454900000e+00  -3.746210000e+00  -4.304400000e-01
  -2.185050000e+00  -3.746210000e+00  -9.013300000e-01
  -1.851520000e+00  -3.746210000e+00  -1.311850000e+00
  -1.409200000e+00  -3.746210000e+00  -1.593790000e+00
  -9.191530000e-01  -3.746210000e+00  -1.744030000e+00
  -4.186358000e-01  -3.746210000e+00  -1.786100000e+00
   7.636200000e-02  -3.746210000e+00  -1.718070000e+00
   4.743120000e-01  -3.746210000e+00  -1.415900000e+00
   7.177290000e-01  -3.746210000e+00  -1.005666000e+00
   8.913270000e-01  -3.746210000e+00  -6.229530000e-01
   1.034983000e+00  -3.746210000e+00  -2.534339000e-01
   1.110012000e+00  -3.746210000e+00   1.386240000e-01
   1.074208000e+00  -3.746210000e+00   5.436060000e-01
   9.389370000e-01  -3.746210000e+00   9.326600000e-01
   7.651460000e-01  -3.746210000e+00   1.342350000e+00
   4.987498000e-01  -3.746210000e+00   1.767890000e+00
   8.740300000e-02  -2.817800000e+00   2.313380000e+00
  -4.910400000e-01  -2.817800000e+00   2.420140000e+00
  -1.096120000e+00  -2.817800000e+00   2.407500000e+00
  -1.716750000e+00  -2.817800000e+00   2.270610000e+00
  -2.311220000e+00  -2.817800000e+00   1.964050000e+00
  -2.745390000e+00  -2.817800000e+00   1.443489000e+00
  -2.886530000e+00  -2.817800000e+00   7.814598000e-01
  -2.801860000e+00  -2.817800000e+00   1.368740000e-01
  -2.598750000e+00  -2.817800000e+00  -4.316500000e-01
  -2.325310000e+00  -2.817800000e+00  -9.322500000e-01
  -1.978030000e+00  -2.817800000e+00  -1.371020000e+00
  -1.511910000e+00  -2.817800000e+00  -1.673590000e+00
  -9.915970000e-01  -2.817800000e+00  -1.833180000e+00
  -4.589577000e-01  -2.817800000e+00  -1.875940000e+00
   6.397200000e-02  -2.817800000e+00  -1.798580000e+00
   4.784200000e-01  -2.817800000e+00  -1.468560000e+00
   7.170360000e-01  -2.817800000e+00  -1.019692000e+00
   8.829280000e-01  -2.817800000e+00  -6.160050000e-01
   1.022816000e+00  -2.817800000e+00  -2.355402000e-01
   1.092447000e+00  -2.817800000e+00   1.661120000e-01
   1.049271000e+00  -2.817800000e+00   5.740300000e-01
   9.283320000e-01  -2.817800000e+00   9.773900000e-01
   7.817340000e-01  -2.817800000e+00   1.428720000e+00
   5.355627000e-01  -2.817800000e+00   1.932660000e+00
   4.467400000e-02  -1.889380000e+00   2.406200000e+00
  -5.612400000e-01  -1.889380000e+00   2.519590000e+00
  -1.197650000e+00  -1.889380000e+00   2.516840000e+00
  -1.857030000e+00  -1.889380000e+00   2.381580000e+00
  -2.489820000e+00  -1.889380000e+00   2.063100000e+00
  -2.946740000e+00  -1.889380000e+00   1.504914000e+00
  -3.102190000e+00  -1.889380000e+00   8.098790000e-01
  -3.027510000e+00  -1.889380000e+00   1.265710000e-01
  -2.824080000e+00  -1.889380000e+00  -4.848800000e-01
  -2.536990000e+00  -1.889380000e+00  -1.025780000e+00
  -2.161350000e+00  -1.889380000e+00  -1.496770000e+00
  -1.650730000e+00  -1.889380000e+00  -1.804960000e+00
  -1.088326000e+00  -1.889380000e+00  -1.950930000e+00
  -5.274214000e-01  -1.889380000e+00  -1.976160000e+00
   1.881800000e-02  -1.889380000e+00  -1.893220000e+00
   4.629560000e-01  -1.889380000e+00  -1.568400000e+00
   7.198180000e-01  -1.889380000e+00  -1.100149000e+00
   8.887020000e-01  -1.889380000e+00  -6.685870000e-01
   1.020085000e+00  -1.889380000e+00  -2.621210000e-01
   1.055493000e+00  -1.889380000e+00   1.564430000e-01
   9.865080000e-01  -1.889380000e+00   5.670710000e-01
   8.737980000e-01  -1.889380000e+00   9.770030000e-01
   7.431820000e-01  -1.889380000e+00   1.450410000e+00
   5.095200000e-01  -1.889380000e+00   1.999870000e+00
  -6.879000000e-02  -9.609600000e-01   2.362430000e+00
  -6.645300000e-01  -9.609600000e-01   2.476250000e+00
  -1.294820000e+00  -9.609600000e-01   2.487690000e+00
  -1.957170000e+00  -9.609600000e-01   2.370630000e+00
  -2.598020000e+00  -9.609600000e-01   2.066420000e+00
  -3.058340000e+00  -9.609600000e-01   1.512011000e+00
  -3.249630000e+00  -9.609600000e-01   8.132550000e-01
  -3.235860000e+00  -9.609600000e-01   1.205820000e-01
  -3.077810000e+00  -9.609600000e-01  -5.305900000e-01
  -2.801140000e+00  -9.609600000e-01  -1.125100000e+00
  -2.391750000e+00  -9.609600000e-01  -1.630330000e+00
  -1.809720000e+00  -9.609600000e-01  -1.907720000e+00
  -1.198790000e+00  -9.609600000e-01  -1.978320000e+00
  -6.321575000e-01  -9.609600000e-01  -1.934430000e+00
  -1.074030000e-01  -9.609600000e-01  -1.820230000e+00
   3.347660000e-01  -9.609600000e-01  -1.533300000e+00
   5.649660000e-01  -9.609600000e-01  -1.055344000e+00
   6.982030000e-01  -9.609600000e-01  -6.239380000e-01
   8.238350000e-01  -9.609600000e-01  -2.427450000e-01
   8.915370000e-01  -9.609600000e-01   1.510410000e-01
   8.433420000e-01  -9.609600000e-01   5.507110000e-01
   7.534740000e-01  -9.609600000e-01   9.625190000e-01
   6.434980000e-01  -9.609600000e-01   1.449540000e+00
   4.142020000e-01  -9.609600000e-01   2.009830000e+00
  -1.956040000e-01  -3.545410000e-01   2.313920000e+00
   3.071790000e-01  -3.545410000e-01   2.015500000e+00
   5.321060000e-01  -3.545410000e-01   1.443330000e+00
   6.097300000e-01  -3.545410000e-01   9.340400000e-01
   6.693140000e-01  -3.545410000e-01   5.228270000e-01
   7.056230000e-01  -3.545410000e-01   1.375790000e-01
   6.289060000e-01  -3.545410000e-01  -2.362940000e-01
   5.242870000e-01  -3.545410000e-01  -6.052310000e-01
   4.201980000e-01  -3.545410000e-01  -1.041210000e+00
   1.892500000e-01  -3.545410000e-01  -1.497150000e+00
  -2.548090000e-01  -3.545410000e-01  -1.720640000e+00
  -7.498674000e-01  -3.545410000e-01  -1.878830000e+00
  -1.320604000e+00  -3.545410000e-01  -2.007930000e+00
  -1.998150000e+00  -3.545410000e-01  -2.045170000e+00
  -2.682530000e+00  -3.545410000e-01  -1.819460000e+00
  -3.140070000e+00  -3.545410000e-01  -1.267760000e+00
  -3.390710000e+00  -3.545410000e-01  -5.973500000e-01
  -3.474550000e+00  -3.545410000e-01   1.068050000e-01
  -3.404280000e+00  -3.545410000e-01   8.107060000e-01
  -3.162580000e+00  -3.545410000e-01   1.491634000e+00
  -2.705310000e+00  -3.545410000e-01   2.038010000e+00
  -2.066820000e+00  -3.545410000e-01   2.343920000e+00
  -1.405320000e+00  -3.545410000e-01   2.450490000e+00
  -7.814100000e-01  -3.545410000e-01   2.430470000e+00
  -2.218010000e+00  -4.144410000e-01  -1.494560000e+00
  -2.663700000e+00  -4.076410000e-01  -1.255080000e+00
  -1.226620000e+00  -4.033410000e-01   2.122280000e+00
  -8.508800000e-01  -4.295410000e-01   1.852420000e+00
  -1.976380000e+00  -4.935410000e-01   4.886180000e-01
  -1.925130000e+00  -4.885410000e-01   7.521075000e-01
  -1.621800000e+00  -4.955410000e-01   7.303108000e-01
  -6.964957000e-01  -4.053410000e-01  -1.525020000e+00
  -1.640390000e+00  -5.045410000e-01   1.074400000e-01
  -1.317860000e+00  -5.005410000e-01   7.075140000e-01
  -1.064120000e+00  -5.025410000e-01   1.175310000e-01
  -2.392880000e+00  -4.645410000e-01   7.663400000e-01
  -2.475460000e+00  -4.685410000e-01   2.425950000e-01
  -2.924710000e+00  -4.246410000e-01   5.060870000e-01
  -2.384080000e+00  -4.370410000e-01   1.368005000e+00
  -2.537640000e+00  -4.389410000e-01   1.132366000e+00
  -2.507700000e+00  -4.292410000e-01   1.341249000e+00
  -2.254840000e-01  -4.188410000e-01   1.668377000e+00
  -7.418630000e-01  -4.705410000e-01   1.220407000e+00
  -1.855850000e+00  -4.497410000e-01  -1.214060000e+00
  -1.768510000e+00  -4.655410000e-01  -1.011610000e+00
  -1.584948000e+00  -4.605410000e-01  -1.112360000e+00
  -1.639600000e+00  -4.665410000e-01   1.411501000e+00
  -1.495220000e+00  -4.396410000e-01   1.793297000e+00
  -1.427130000e+00  -4.565410000e-01   1.582365000e+00
  -2.840570000e+00  -4.209410000e-01  -7.321400000e-01
  -2.259030000e+00  -4.565410000e-01  -8.933800000e-01
  -1.130793000e+00  -4.145410000e-01  -1.563390000e+00
  -1.401384000e+00  -4.545410000e-01  -1.209120000e+00
  -8.868300000e-01  -4.461410000e-01  -1.211060000e+00
  -1.764260000e+00  -4.292410000e-01   1.837328000e+00
  -1.630430000e+00  -4.017410000e-01   2.107950000e+00
  -1.562330000e+00  -4.208410000e-01   1.956120000e+00
  -1.665533000e+00  -4.155410000e-01  -1.599810000e+00
  -2.034300000e+00  -4.149410000e-01   1.888359000e+00
  -4.559100000e-02  -4.048410000e-01  -1.100070000e+00
   5.390000000e-02  -4.151410000e-01  -6.755960000e-01
   2.777090000e-01  -4.098410000e-01  -6.948800000e-02
  -2.103640000e+00  -4.905410000e-01   3.852400000e-02
  -2.443940000e+00  -4.665410000e-01  -2.993200000e-01
   1.327341000e-01  -4.259410000e-01   6.409250000e-01
  -2.098170000e-01  -4.605410000e-01   1.718570000e-01
  -2.781190000e+00  -4.210410000e-01   1.074854900e+00
  -2.944480000e+00  -4.254410000e-01  -1.100110000e-01
  -3.769150000e-01  -4.120410000e-01  -1.334360000e+00
  -5.123240000e-01  -4.542410000e-01  -8.462900000e-01
   2.059210000e-01  -4.028410000e-01   1.287704000e+00
  -2.262530000e-01  -4.481410000e-01   1.088561000e+00
  -1.932730000e+00  -4.905410000e-01  -3.704780000e-01
  -2.197210000e+00  -4.394410000e-01   1.507350000e+00
  -2.291690000e+00  -4.537410000e-01   1.186877000e+00
  -8.178150000e-01  -4.695410000e-01  -8.174400000e-01
  -8.312650000e-01  -4.795410000e-01  -5.950790000e-01
  -1.054450000e+00  -4.735410000e-01   1.290920000e+00
  -1.096460000e+00  -4.545410000e-01   1.592426000e+00
  -9.216600000e-01  -4.635410000e-01   1.411916000e+00
  -1.976730000e+00  -4.356410000e-01   1.685463000e+00
  -2.115060000e+00  -4.275410000e-01   1.700855000e+00
  -1.917150000e+00  -4.555410000e-01   1.472567000e+00
  -1.876990000e+00  -4.815410000e-01   1.011597000e+00
  -2.084290000e+00  -4.695410000e-01   1.098737000e+00
  -1.516850000e+00  -5.025410000e-01  -1.283470000e-01
  -1.725290000e+00  -4.975410000e-01  -2.474130000e-01
  -1.390300000e+00  -4.985410000e-01  -3.571340000e-01
  -1.229210000e+00  -5.025410000e-01  -1.223020000e-01
  -1.034463000e+00  -4.965410000e-01  -2.440090000e-01
  -5.675880000e-01  -4.825410000e-01   5.777197000e-01
  -1.354420000e+00  -4.228410000e-01   1.958290000e+00
  -1.103650000e+00  -4.265410000e-01   1.905850000e+00
  -1.675180000e+00  -4.785410000e-01  -8.171600000e-01
  -1.399241000e+00  -4.805410000e-01  -8.063800000e-01
  -1.403813000e+00  -4.685410000e-01  -1.008750000e+00
  -1.334650000e+00  -4.885410000e-01   1.038974000e+00
  -1.039610000e+00  -4.805410000e-01   1.129191000e+00
  -3.068590000e-01  -4.605410000e-01  -3.006780000e-01
  -2.136880000e+00  -4.755410000e-01   8.889687800e-01
  -2.055380000e+00  -4.845410000e-01   6.902930000e-01
  -1.806450000e+00  -4.855410000e-01  -5.988200000e-01
  -1.968600000e+00  -4.695410000e-01  -8.522700000e-01
  -1.952160000e+00  -4.805410000e-01  -6.143700000e-01
  -1.616670000e+00  -4.805410000e-01   1.179015000e+00
  -1.605920000e+00  -4.865410000e-01   1.022286000e+00
  -2.480170000e+00  -4.190410000e-01   1.547132000e+00
  -6.004610000e-01  -4.845410000e-01   3.779000000e-02
  -5.712870000e-01  -4.765410000e-01  -3.311970000e-01
  -1.008567000e+00  -4.625410000e-01  -1.019330000e+00
  -8.543220000e-01  -4.585410000e-01  -1.020750000e+00
  -1.260302000e+00  -4.895410000e-01  -5.888600000e-01
  -1.467740000e+00  -4.855410000e-01  -6.995100000e-01
  -1.296340000e+00  -4.476410000e-01   1.698361000e+00
  -1.840210000e+00  -4.428410000e-01   1.657948000e+00
  -9.534180000e-01  -4.965410000e-01  -1.270930000e-01
  -7.216880000e-01  -4.875410000e-01  -1.654630000e-01
  -1.598880000e+00  -4.935410000e-01  -4.764800000e-01
  -1.269845000e+00  -4.685410000e-01  -1.004860000e+00
  -1.206976000e+00  -4.605410000e-01  -1.110720000e+00
  -8.397160000e-01  -4.885410000e-01  -3.637170000e-01
  -5.428060000e-01  -4.655410000e-01  -5.907420000e-01
  -1.434800000e+00  -5.035410000e-01  -7.431000000e-03
  -9.865100000e-01  -4.845410000e-01  -5.876560000e-01
  -1.051009000e+00  -4.905410000e-01  -4.757910000e-01
  -1.361040000e+00  -4.725410000e-01   1.353434000e+00
  -1.126305000e+00  -4.785410000e-01  -8.055900000e-01
  -1.661510000e+00  -4.955410000e-01  -3.633060000e-01
  -2.104720000e+00  -4.555410000e-01   1.330222000e+00
  -2.342980000e+00  -4.595410000e-01   9.781089000e-01
C Number of facets
  786
C  Size  Node 1  ......Node N Marker
    3    0    1    2    3
    3    0    2    3    3
    3    0    3    4    3
    3    0    4    5    3
    3    0    5    6    3
    3    0    6    7    3
    3    0    7    8    3
    3    0    8    9    3
    3    0    9   10    3
    3    0   10   11    3
    3    0   11   12    3
    3    0   12   13    3
    3    0   13   14    3
    3    0   14   15    3
    3    0   15   16    3
    3    0   16   17    3
    3    0   17   18    3
    3    0   18   19    3
    3    0   19   20    3
    3    0   20   21    3
    3    0   21   22    3
    3    0   22   23    3
    3    0   23   24    3
    3    0   24    1    3
    3    1   25   26    3
    3    1   26    2    3
    3    2   26   27    3
    3    2   27    3    3
    3    3   27   28    3
    3    3   28    4    3
    3    4   28   29    3
    3    4   29    5    3
    3    5   29   30    3
    3    5   30    6    3
    3    6   30   31    3
    3    6   31    7    3
    3    7   31   32    3
    3    7   32    8    3
    3    8   32   33    3
    3    8   33    9    3
    3    9   33   34    3
    3    9   34   10    3
    3   10   34   35    3
    3   10   35   11    3
    3   11   35   36    3
    3   11   36   12    3
    3   12   36   37    3
    3   12   37   13    3
    3   13   37   38    3
    3   13   38   14    3
    3   14   38   39    3
    3   14   39   15    3
    3   15   39   40    3
    3   15   40   16    3
    3   16   40   41    3
    3   16   41   17    3
    3   17   41   42    3
    3   17   42   18    3
    3   18   42   43    3
    3   18   43   19    3
    3   19   43   44    3
    3   19   44   20    3
    3   20   44   45    3
    3   20   45   21    3
    3   21   45   46    3
    3   21   46   22    3
    3   22   46   47    3
    3   22   47   23    3
    3   23   47   48    3
    3   23   48   24    3
    3   24   48   25    3
    3   24   25    1    3
    3   25   49   50    3
    3   25   50   26    3
    3   26   50   51    3
    3   26   51   27    3
    3   27   51   52    3
    3   27   52   28    3
    3   28   52   53    3
    3   28   53   29    3
    3   29   53   54    3
    3   29   54   30    3
    3   30   54   55    3
    3   30   55   31    3
    3   31   55   56    3
    3   31   56   32    3
    3   32   56   57    3
    3   32   57   33    3
    3   33   57   58    3
    3   33   58   34    3
    3   34   58   59    3
    3   34   59   35    3
    3   35   59   60    3
    3   35   60   36    3
    3   36   60   61    3
    3   36   61   37    3
    3   37   61   62    3
    3   37   62   38    3
    3   38   62   63    3
    3   38   63   39    3
    3   39   63   64    3
    3   39   64   40    3
    3   40   64   65    3
    3   40   65   41    3
    3   41   65   66    3
    3   41   66   42    3
    3   42   66   67    3
    3   42   67   43    3
    3   43   67   68    3
    3   43   68   44    3
    3   44   68   69    3
    3   44   69   45    3
    3   45   69   70    3
    3   45   70   46    3
    3   46   70   71    3
    3   46   71   47    3
    3   47   71   72    3
    3   47   72   48    3
    3   48   72   49    3
    3   48   49   25    3
    3   49   73   74    3
    3   49   74   50    3
    3   50   74   75    3
    3   50   75   51    3
    3   51   75   76    3
    3   51   76   52    3
    3   52   76   77    3
    3   52   77   53    3
    3   53   77   78    3
    3   53   78   54    3
    3   54   78   79    3
    3   54   79   55    3
    3   55   79   80    3
    3   55   80   56    3
    3   56   80   81    3
    3   56   81   57    3
    3   57   81   82    3
    3   57   82   58    3
    3   58   82   83    3
    3   58   83   59    3
    3   59   83   84    3
    3   59   84   60    3
    3   60   84   85    3
    3   60   85   61    3
    3   61   85   86    3
    3   61   86   62    3
    3   62   86   87    3
    3   62   87   63    3
    3   63   87   88    3
    3   63   88   64    3
    3   64   88   89    3
    3   64   89   65    3
    3   65   89   90    3
    3   65   90   66    3
    3   66   90   91    3
    3   66   91   67    3
    3   67   91   92    3
    3   67   92   68    3
    3   68   92   93    3
    3   68   93   69    3
    3   69   93   94    3
    3   69   94   70    3
    3   70   94   95    3
    3   70   95   71    3
    3   71   95   96    3
    3   71   96   72    3
    3   72   96   73    3
    3   72   73   49    3
    3   73   97   98    3
    3   73   98   74    3
    3   74   98   99    3
    3   74   99   75    3
    3   75   99  100    3
    3   75  100   76    3
    3   76  100  101    3
    3   76  101   77    3
    3   77  101  102    3
    3   77  102   78    3
    3   78  102  103    3
    3   78  103   79    3
    3   79  103  104    3
    3   79  104   80    3
    3   80  104  105    3
    3   80  105   81    3
    3   81  105  106    3
    3   81  106   82    3
    3   82  106  107    3
    3   82  107   83    3
    3   83  107  108    3
    3   83  108   84    3
    3   84  108  109    3
    3   84  109   85    3
    3   85  109  110    3
    3   85  110   86    3
    3   86  110  111    3
    3   86  111   87    3
    3   87  111  112    3
    3   87  112   88    3
    3   88  112  113    3
    3   88  113   89    3
    3   89  113  114    3
    3   89  114   90    3
    3   90  114  115    3
    3   90  115   91    3
    3   91  115  116    3
    3   91  116   92    3
    3   92  116  117    3
    3   92  117   93    3
    3   93  117  118    3
    3   93  118   94    3
    3   94  118  119    3
    3   94  119   95    3
    3   95  119  120    3
    3   95  120   96    3
    3   96  120   97    3
    3   96   97   73    3
    3   97  121  122    3
    3   97  122   98    3
    3   98  122  123    3
    3   98  123   99    3
    3   99  123  124    3
    3   99  124  100    3
    3  100  124  125    3
    3  100  125  101    3
    3  101  125  126    3
    3  101  126  102    3
    3  102  126  127    3
    3  102  127  103    3
    3  103  127  128    3
    3  103  128  104    3
    3  104  128  129    3
    3  104  129  105    3
    3  105  129  130    3
    3  105  130  106    3
    3  106  130  131    3
    3  106  131  107    3
    3  107  131  132    3
    3  107  132  108    3
    3  108  132  133    3
    3  108  133  109    3
    3  109  133  134    3
    3  109  134  110    3
    3  110  134  135    3
    3  110  135  111    3
    3  111  135  136    3
    3  111  136  112    3
    3  112  136  137    3
    3  112  137  113    3
    3  113  137  138    3
    3  113  138  114    3
    3  114  138  139    3
    3  114  139  115    3
    3  115  139  140    3
    3  115  140  116    3
    3  116  140  141    3
    3  116  141  117    3
    3  117  141  142    3
    3  117  142  118    3
    3  118  142  143    3
    3  118  143  119    3
    3  119  143  144    3
    3  119  144  120    3
    3  120  144  121    3
    3  120  121   97    3
    3  121  145  146    3
    3  121  146  122    3
    3  122  146  147    3
    3  122  147  123    3
    3  123  147  148    3
    3  123  148  124    3
    3  124  148  149    3
    3  124  149  125    3
    3  125  149  150    3
    3  125  150  126    3
    3  126  150  151    3
    3  126  151  127    3
    3  127  151  152    3
    3  127  152  128    3
    3  128  152  153    3
    3  128  153  129    3
    3  129  153  154    3
    3  129  154  130    3
    3  130  154  155    3
    3  130  155  131    3
    3  131  155  156    3
    3  131  156  132    3
    3  132  156  157    3
    3  132  157  133    3
    3  133  157  158    3
    3  133  158  134    3
    3  134  158  159    3
    3  134  159  135    3
    3  135  159  160    3
    3  135  160  136    3
    3  136  160  161    3
    3  136  161  137    3
    3  137  161  162    3
    3  137  162  138    3
    3  138  162  163    3
    3  138  163  139    3
    3  139  163  164    3
    3  139  164  140    3
    3  140  164  165    3
    3  140  165  141    3
    3  141  165  166    3
    3  141  166  142    3
    3  142  166  167    3
    3  142  167  143    3
    3  143  167  168    3
    3  143  168  144    3
    3  144  168  145    3
    3  144  145  121    3
    3  145  169  170    3
    3  145  170  146    3
    3  146  170  171    3
    3  146  171  147    3
    3  147  171  172    3
    3  147  172  148    3
    3  148  172  173    3
    3  148  173  149    3
    3  149  173  174    3
    3  149  174  150    3
    3  150  174  175    3
    3  150  175  151    3
    3  151  175  176    3
    3  151  176  152    3
    3  152  176  177    3
    3  152  177  153    3
    3  153  177  178    3
    3  153  178  154    3
    3  154  178  179    3
    3  154  179  155    3
    3  155  179  180    3
    3  155  180  156    3
    3  156  180  181    3
    3  156  181  157    3
    3  157  181  182    3
    3  157  182  158    3
    3  158  182  183    3
    3  158  183  159    3
    3  159  183  184    3
    3  159  184  160    3
    3  160  184  185    3
    3  160  185  161    3
    3  161  185  186    3
    3  161  186  162    3
    3  162  186  187    3
    3  162  187  163    3
    3  163  187  188    3
    3  163  188  164    3
    3  164  188  189    3
    3  164  189  165    3
    3  165  189  190    3
    3  165  190  166    3
    3  166  190  191    3
    3  166  191  167    3
    3  167  191  192    3
    3  167  192  168    3
    3  168  192  169    3
    3  168  169  145    3
    3  169  193  194    3
    3  169  194  170    3
    3  170  194  195    3
    3  170  195  171    3
    3  171  195  196    3
    3  171  196  172    3
    3  172  196  197    3
    3  172  197  173    3
    3  173  197  198    3
    3  173  198  174    3
    3  174  198  199    3
    3  174  199  175    3
    3  175  199  200    3
    3  175  200  176    3
    3  176  200  201    3
    3  176  201  177    3
    3  177  201  202    3
    3  177  202  178    3
    3  178  202  203    3
    3  178  203  179    3
    3  179  203  204    3
    3  179  204  180    3
    3  180  204  205    3
    3  180  205  181    3
    3  181  205  206    3
    3  181  206  182    3
    3  182  206  207    3
    3  182  207  183    3
    3  183  207  208    3
    3  183  208  184    3
    3  184  208  209    3
    3  184  209  185    3
    3  185  209  210    3
    3  185  210  186    3
    3  186  210  211    3
    3  186  211  187    3
    3  187  211  212    3
    3  187  212  188    3
    3  188  212  213    3
    3  188  213  189    3
    3  189  213  214    3
    3  189  214  190    3
    3  190  214  215    3
    3  190  215  191    3
    3  191  215  216    3
    3  191  216  192    3
    3  192  216  193    3
    3  192  193  169    3
    3  193  217  218    3
    3  193  218  194    3
    3  194  218  219    3
    3  194  219  195    3
    3  195  219  220    3
    3  195  220  196    3
    3  196  220  221    3
    3  196  221  197    3
    3  197  221  222    3
    3  197  222  198    3
    3  198  222  223    3
    3  198  223  199    3
    3  199  223  224    3
    3  199  224  200    3
    3  200  224  225    3
    3  200  225  201    3
    3  201  225  226    3
    3  201  226  202    3
    3  202  226  227    3
    3  202  227  203    3
    3  203  227  228    3
    3  203  228  204    3
    3  204  228  229    3
    3  204  229  205    3
    3  205  229  230    3
    3  205  230  206    3
    3  206  230  231    3
    3  206  231  207    3
    3  207  231  232    3
    3  207  232  208    3
    3  208  232  233    3
    3  208  233  209    3
    3  209  233  234    3
    3  209  234  210    3
    3  210  234  235    3
    3  210  235  211    3
    3  211  235  236    3
    3  211  236  212    3
    3  212  236  237    3
    3  212  237  213    3
    3  213  237  238    3
    3  213  238  214    3
    3  214  238  239    3
    3  214  239  215    3
    3  215  239  240    3
    3  215  240  216    3
    3  216  240  217    3
    3  216  217  193    3
    3  217  241  242    3
    3  217  242  218    3
    3  218  242  243    3
    3  218  243  219    3
    3  219  243  244    3
    3  219  244  220    3
    3  220  244  245    3
    3  220  245  221    3
    3  221  245  246    3
    3  221  246  222    3
    3  222  246  247    3
    3  222  247  223    3
    3  223  247  248    3
    3  223  248  224    3
    3  224  248  249    3
    3  224  249  225    3
    3  225  249  250    3
    3  225  250  226    3
    3  226  250  251    3
    3  226  251  227    3
    3  227  251  252    3
    3  227  252  228    3
    3  228  252  253    3
    3  228  253  229    3
    3  229  253  254    3
    3  229  254  230    3
    3  230  254  255    3
    3  230  255  231    3
    3  231  255  256    3
    3  231  256  232    3
    3  232  256  257    3
    3  232  257  233    3
    3  233  257  258    3
    3  233  258  234    3
    3  234  258  259    3
    3  234  259  235    3
    3  235  259  260    3
    3  235  260  236    3
    3  236  260  261    3
    3  236  261  237    3
    3  237  261  262    3
    3  237  262  238    3
    3  238  262  263    3
    3  238  263  239    3
    3  239  263  264    3
    3  239  264  240    3
    3  240  264  241    3
    3  240  241  217    3
    3  264  265  241    3
    3  264  266  265    3
    3  263  266  264    3
    3  263  267  266    3
    3  262  267  263    3
    3  262  268  267    3
    3  261  268  262    3
    3  261  269  268    3
    3  260  269  261    3
    3  260  270  269    3
    3  259  270  260    3
    3  259  271  270    3
    3  258  271  259    3
    3  258  272  271    3
    3  257  272  258    3
    3  257  273  272    3
    3  256  273  257    3
    3  256  274  273    3
    3  255  274  256    3
    3  255  275  274    3
    3  254  275  255    3
    3  254  276  275    3
    3  253  276  254    3
    3  253  277  276    3
    3  252  277  253    3
    3  252  278  277    3
    3  251  278  252    3
    3  251  279  278    3
    3  250  279  251    3
    3  250  280  279    3
    3  249  280  250    3
    3  249  281  280    3
    3  248  281  249    3
    3  248  282  281    3
    3  247  282  248    3
    3  247  283  282    3
    3  246  283  247    3
    3  246  284  283    3
    3  245  284  246    3
    3  245  285  284    3
    3  244  285  245    3
    3  244  286  285    3
    3  243  286  244    3
    3  243  287  286    3
    3  242  287  243    3
    3  242  288  287    3
    3  241  288  242    3
    3  241  265  288    3
    3  289  279  290    1
    3  291  288  292    1
    3  293  294  295    3
    3  296  275  276    1
    3  297  298  299    1
    3  300  301  302    1
    3  303  304  305    3
    3  292  306  307    1
    3  308  309  310    4
    3  300  293  301    1
    3  311  312  313    3
    3  290  314  315    1
    3  316  317  318    1
    3  319  320  321    3
    3  317  322  308    1
    3  286  323  285    1
    3  286  287  320    1
    3  298  297  293    1
    3  324  325  273    1
    3  326  271  272    1
    3  327  328  301    1
    3  329  326  330    1
    3  300  331  304    1
    3  332  282  302    1
    3  272  325  326    1
    3  296  276  316    1
    3  296  333  275    1
    3  324  334  325    1
    3  335  329  336    1
    3  315  328  337    1
    3  338  339  303    3
    3  334  340  341    4
    3  279  289  278    1
    3  274  275  333    1
    3  322  278  289    1
    3  342  343  344    3
    3  332  301  328    1
    3  314  290  280    1
    3  345  338  346    3
    3  324  333  334    1
    3  277  316  276    1
    3  266  267  335    1
    3  288  291  287    1
    3  347  348  349    3
    3  316  322  317    1
    3  297  350  351    4
    3  327  301  293    1
    3  283  331  302    1
    3  352  353  354    4
    3  326  269  270    1
    3  332  302  301    1
    3  355  299  298    1
    3  312  356  357    3
    3  330  355  329    1
    3  336  306  335    1
    3  271  326  270    1
    3  358  359  360    4
    3  298  361  362    3
    3  283  302  282    1
    3  336  329  355    1
    3  326  363  330    1
    3  265  292  288    1
    3  300  364  365    3
    3  366  367  368    4
    3  333  318  334    1
    3  369  361  370    3
    3  327  293  297    1
    3  278  322  277    1
    3  320  291  356    3
    3  371  285  323    1
    3  363  325  334    1
    3  371  331  284    1
    3  364  339  349    3
    3  268  335  267    1
    3  372  363  373    4
    3  280  290  279    1
    3  266  306  265    1
    3  316  277  322    1
    3  328  315  314    1
    3  308  315  367    1
    3  355  330  372    1
    3  327  297  337    1
    3  280  281  314    1
    3  374  340  375    4
    3  296  316  318    1
    3  352  376  377    4
    3  355  307  336    1
    3  292  343  378    3
    3  326  325  363    1
    3  320  287  291    1
    3  345  319  379    3
    3  380  372  381    4
    3  358  366  382    4
    3  268  329  335    1
    3  273  274  324    1
    3  336  307  306    1
    3  265  306  292    1
    3  296  318  333    1
    3  383  374  384    4
    3  329  268  269    1
    3  385  373  386    4
    3  333  324  274    1
    3  283  284  331    1
    3  298  307  355    1
    3  299  353  387    4
    3  308  289  315    1
    3  273  325  272    1
    3  327  337  328    1
    3  388  376  389    4
    3  314  332  328    1
    3  281  282  332    1
    3  315  289  290    1
    3  363  372  330    1
    3  355  372  299    1
    3  285  371  284    1
    3  314  281  332    1
    3  269  326  329    1
    3  369  347  311    3
    3  266  335  306    1
    3  286  320  323    1
    3  308  322  289    1
    3  300  302  331    1
    3  343  390  313    3
    3  292  307  344    3
    3  298  348  370    3
    3  361  390  342    3
    3  343  342  390    3
    3  342  307  362    3
    3  347  369  348    3
    3  361  369  390    3
    3  369  311  390    3
    3  312  311  347    3
    3  311  313  390    3
    3  313  312  378    3
    3  298  362  307    3
    3  342  362  361    3
    3  342  344  307    3
    3  292  344  343    3
    3  369  370  348    3
    3  298  370  361    3
    3  292  378  312    3
    3  313  378  343    3
    3  334  318  375    4
    3  340  391  388    4
    3  318  317  384    4
    3  340  374  391    4
    3  352  385  389    4
    3  376  391  359    4
    3  376  388  391    4
    3  388  385  341    4
    3  359  391  383    4
    3  359  358  377    4
    3  374  383  391    4
    3  383  317  360    4
    3  374  375  318    4
    3  334  375  340    4
    3  334  341  385    4
    3  388  341  340    4
    3  388  389  385    4
    3  352  389  376    4
    3  352  377  358    4
    3  359  377  376    4
    3  358  360  317    4
    3  383  360  359    4
    3  383  384  317    4
    3  318  384  374    4
    3  367  358  309    4
    3  315  337  368    1
    3  353  352  350    4
    3  353  299  380    4
    3  372  380  299    4
    3  380  385  354    4
    3  350  352  392    4
    3  350  297  387    4
    3  366  337  392    4
    3  367  366  358    4
    3  363  334  386    4
    3  373  385  381    4
    3  392  337  351    4
    3  392  352  382    4
    3  380  381  385    4
    3  373  381  372    4
    3  358  317  310    4
    3  367  309  308    4
    3  385  386  334    4
    3  363  386  373    4
    3  366  368  337    4
    3  315  368  367    1
    3  299  387  297    4
    3  350  387  353    4
    3  352  354  385    4
    3  380  354  353    4
    3  358  382  352    4
    3  392  382  366    4
    3  297  351  337    4
    3  392  351  350    4
    3  308  310  317    4
    3  358  310  309    4
    3  312  347  379    3
    3  320  319  323    3
    3  371  323  346    3
    3  338  347  393    3
    3  364  300  394    3
    3  364  348  294    3
    3  319  345  323    3
    3  338  345  347    3
    3  348  298  295    3
    3  294  293  365    3
    3  304  339  394    3
    3  331  371  305    1
    3  364  349  348    3
    3  349  339  393    3
    3  338  393  339    3
    3  349  393  347    3
    3  338  303  371    3
    3  304  303  339    3
    3  356  312  321    3
    3  291  292  357    3
    3  364  394  339    3
    3  304  394  300    3
    3  319  321  312    3
    3  356  321  320    3
    3  293  295  298    3
    3  348  295  294    3
    3  312  357  292    3
    3  291  357  356    3
    3  345  346  323    3
    3  371  346  338    3
    3  303  305  371    3
    3  331  305  304    1
    3  345  379  347    3
    3  312  379  319    3
    3  300  365  293    3
    3  294  365  364    3
C Prescribed Values(Inlet, Outlet), InteractionSurface(Inlet, Outlet)
       3        1        0        2        2        2
C Inlet Velocity
C     Vx,           Vy,            Vz,    indVx,indVy,indVz, FunID (3E18.9, 4I5)
   0.000000000e+00   1.000000000e+00   0.000000000e+00    1    0    1    4
C Inlet Pressure, FunID (E18.9,I5)
   1.000000000e+00    3
C Outlet Pressure (E18.9,I5)
   1.000000000e+00    2
C Inlet Velocity
C nNodeID,    Vx,           Vy,            Vz (I5, 3E18.9)
  265
    1   1.200000000e+00   3.700000000e+00  -4.000000000e-01
    2   5.000000000e-01   3.500000000e+00  -1.600000000e+00
    3   8.000000000e-01   3.500000000e+00  -1.400000000e+00
    4   1.000000000e+00   3.500000000e+00  -1.300000000e+00
    5   1.300000000e+00   3.500000000e+00  -1.200000000e+00
    6   1.500000000e+00   3.500000000e+00  -1.100000000e+00
    7   1.800000000e+00   3.500000000e+00  -9.000000000e-01
    8   2.300000000e+00   3.500000000e+00  -7.000000000e-01
    9   2.800000000e+00   3.500000000e+00  -3.000000000e-01
   10   3.100000000e+00   3.500000000e+00   3.000000000e-01
   11   3.000000000e+00   3.500000000e+00   9.000000000e-01
   12   2.600000000e+00   3.500000000e+00   1.400000000e+00
   13   1.900000000e+00   3.500000000e+00   1.500000000e+00
   14   1.300000000e+00   3.500000000e+00   1.300000000e+00
   15   8.000000000e-01   3.500000000e+00   1.000000000e+00
   16   6.000000000e-01   3.500000000e+00   7.000000000e-01
   17   8.000000000e-01   3.500000000e+00   0.000000000e+00
   18   1.300000000e+00   3.500000000e+00  -6.000000000e-01
   19   1.800000000e+00   3.500000000e+00  -8.000000000e-01
   20   1.400000000e+00   3.500000000e+00  -4.000000000e-01
   21   0.000000000e+00   3.500000000e+00  -2.000000000e-01
   22  -8.000000000e-01   3.500000000e+00  -6.000000000e-01
   23  -9.000000000e-01   3.500000000e+00  -1.200000000e+00
   24  -7.000000000e-01   3.500000000e+00  -1.700000000e+00
   25  -2.000000000e-01   3.500000000e+00  -2.000000000e+00
   26   2.000000000e-01   3.300000000e+00  -2.900000000e+00
   27   9.000000000e-01   3.300000000e+00  -2.700000000e+00
   28   1.400000000e+00   3.300000000e+00  -2.400000000e+00
   29   1.800000000e+00   3.300000000e+00  -1.800000000e+00
   30   1.900000000e+00   3.300000000e+00  -1.300000000e+00
   31   2.000000000e+00   3.300000000e+00  -1.000000000e+00
   32   2.600000000e+00   3.300000000e+00  -8.000000000e-01
   33   3.400000000e+00   3.300000000e+00  -4.000000000e-01
   34   3.800000000e+00   3.300000000e+00   4.000000000e-01
   35   3.700000000e+00   3.300000000e+00   1.400000000e+00
   36   3.300000000e+00   3.300000000e+00   2.000000000e+00
   37   2.500000000e+00   3.300000000e+00   2.300000000e+00
   38   1.700000000e+00   3.300000000e+00   2.300000000e+00
   39   9.000000000e-01   3.300000000e+00   2.000000000e+00
   40   5.000000000e-01   3.300000000e+00   1.700000000e+00
   41   4.000000000e-01   3.300000000e+00   7.000000000e-01
   42   1.000000000e+00   3.300000000e+00  -3.000000000e-01
   43   1.600000000e+00   3.300000000e+00  -5.000000000e-01
   44   1.200000000e+00   3.300000000e+00  -3.000000000e-01
   45  -2.000000000e-01   3.300000000e+00  -3.000000000e-01
   46  -9.000000000e-01   3.300000000e+00  -8.000000000e-01
   47  -1.100000000e+00   3.300000000e+00  -1.400000000e+00
   48  -9.000000000e-01   3.300000000e+00  -2.000000000e+00
   49  -6.000000000e-01   3.300000000e+00  -2.700000000e+00
   50   2.000000000e-01   3.100000000e+00  -4.700000000e+00
   51   1.300000000e+00   3.100000000e+00  -4.700000000e+00
   52   2.100000000e+00   3.100000000e+00  -4.100000000e+00
   53   2.600000000e+00   3.100000000e+00  -3.300000000e+00
   54   2.700000000e+00   3.100000000e+00  -2.400000000e+00
   55   3.100000000e+00   3.100000000e+00  -2.000000000e+00
   56   3.700000000e+00   3.100000000e+00  -1.500000000e+00
   57   4.200000000e+00   3.100000000e+00  -9.000000000e-01
   58   4.700000000e+00   3.100000000e+00   0.000000000e+00
   59   4.600000000e+00   3.100000000e+00   1.000000000e+00
   60   4.000000000e+00   3.100000000e+00   1.900000000e+00
   61   3.000000000e+00   3.100000000e+00   2.000000000e+00
   62   2.000000000e+00   3.100000000e+00   1.600000000e+00
   63   1.400000000e+00   3.100000000e+00   1.100000000e+00
   64   9.000000000e-01   3.100000000e+00   9.000000000e-01
   65   9.000000000e-01   3.100000000e+00   0.000000000e+00
   66   1.300000000e+00   3.100000000e+00  -8.000000000e-01
   67   1.700000000e+00   3.100000000e+00  -1.000000000e+00
   68   1.500000000e+00   3.100000000e+00  -9.000000000e-01
   69   6.000000000e-01   3.100000000e+00  -8.000000000e-01
   70  -4.000000000e-01   3.100000000e+00  -1.200000000e+00
   71  -6.000000000e-01   3.100000000e+00  -1.900000000e+00
   72  -7.000000000e-01   3.100000000e+00  -2.800000000e+00
   73  -5.000000000e-01   3.100000000e+00  -4.000000000e+00
   74   0.000000000e+00   2.800000000e+00  -6.300000000e+00
   75   1.400000000e+00   2.800000000e+00  -6.200000000e+00
   76   2.600000000e+00   2.800000000e+00  -5.300000000e+00
   77   3.100000000e+00   2.800000000e+00  -4.000000000e+00
   78   3.100000000e+00   2.800000000e+00  -2.800000000e+00
   79   3.300000000e+00   2.800000000e+00  -2.100000000e+00
   80   4.100000000e+00   2.800000000e+00  -1.800000000e+00
   81   5.100000000e+00   2.800000000e+00  -1.100000000e+00
   82   5.800000000e+00   2.800000000e+00   1.000000000e-01
   83   5.900000000e+00   2.800000000e+00   1.400000000e+00
   84   5.200000000e+00   2.800000000e+00   2.600000000e+00
   85   3.600000000e+00   2.800000000e+00   2.600000000e+00
   86   2.400000000e+00   2.800000000e+00   1.900000000e+00
   87   1.600000000e+00   2.800000000e+00   1.200000000e+00
   88   1.100000000e+00   2.800000000e+00   9.000000000e-01
   89   9.000000000e-01   2.800000000e+00   3.000000000e-01
   90   1.200000000e+00   2.800000000e+00  -6.000000000e-01
   91   1.500000000e+00   2.800000000e+00  -1.000000000e+00
   92   1.400000000e+00   2.800000000e+00  -9.000000000e-01
   93   5.000000000e-01   2.800000000e+00  -9.000000000e-01
   94  -2.000000000e-01   2.800000000e+00  -1.500000000e+00
   95  -5.000000000e-01   2.800000000e+00  -2.100000000e+00
   96  -8.000000000e-01   2.800000000e+00  -3.300000000e+00
   97  -8.000000000e-01   2.800000000e+00  -4.900000000e+00
   98  -1.000000000e-01   2.700000000e+00  -7.000000000e+00
   99   1.500000000e+00   2.700000000e+00  -7.000000000e+00
  100   2.900000000e+00   2.700000000e+00  -5.800000000e+00
  101   3.300000000e+00   2.700000000e+00  -3.900000000e+00
  102   3.000000000e+00   2.700000000e+00  -2.400000000e+00
  103   3.000000000e+00   2.700000000e+00  -1.800000000e+00
  104   3.900000000e+00   2.700000000e+00  -1.600000000e+00
  105   5.200000000e+00   2.700000000e+00  -1.000000000e+00
  106   6.300000000e+00   2.700000000e+00   3.000000000e-01
  107   6.700000000e+00   2.700000000e+00   2.000000000e+00
  108   5.700000000e+00   2.700000000e+00   3.200000000e+00
  109   4.100000000e+00   2.700000000e+00   3.300000000e+00
  110   2.600000000e+00   2.700000000e+00   2.600000000e+00
  111   1.600000000e+00   2.700000000e+00   1.800000000e+00
  112   1.100000000e+00   2.700000000e+00   1.400000000e+00
  113   7.000000000e-01   2.700000000e+00   7.000000000e-01
  114   1.000000000e+00   2.700000000e+00  -1.000000000e-01
  115   1.200000000e+00   2.700000000e+00  -6.000000000e-01
  116   1.100000000e+00   2.700000000e+00  -7.000000000e-01
  117   6.000000000e-01   2.700000000e+00  -8.000000000e-01
  118   0.000000000e+00   2.700000000e+00  -1.300000000e+00
  119  -3.000000000e-01   2.700000000e+00  -1.900000000e+00
  120  -8.000000000e-01   2.700000000e+00  -3.200000000e+00
  121  -1.000000000e+00   2.700000000e+00  -5.300000000e+00
  122  -2.000000000e-01   2.500000000e+00  -7.400000000e+00
  123   1.700000000e+00   2.500000000e+00  -7.400000000e+00
  124   3.100000000e+00   2.500000000e+00  -6.200000000e+00
  125   3.600000000e+00   2.500000000e+00  -4.400000000e+00
  126   3.400000000e+00   2.500000000e+00  -2.700000000e+00
  127   3.300000000e+00   2.500000000e+00  -1.900000000e+00
  128   4.100000000e+00   2.500000000e+00  -1.600000000e+00
  129   5.200000000e+00   2.500000000e+00  -9.000000000e-01
  130   6.100000000e+00   2.500000000e+00   3.000000000e-01
  131   6.300000000e+00   2.500000000e+00   1.800000000e+00
  132   5.600000000e+00   2.500000000e+00   3.000000000e+00
  133   4.200000000e+00   2.500000000e+00   3.400000000e+00
  134   2.900000000e+00   2.500000000e+00   3.200000000e+00
  135   1.800000000e+00   2.500000000e+00   2.700000000e+00
  136   9.000000000e-01   2.500000000e+00   2.300000000e+00
  137   5.000000000e-01   2.500000000e+00   1.300000000e+00
  138   9.000000000e-01   2.500000000e+00   0.000000000e+00
  139   1.400000000e+00   2.500000000e+00  -6.000000000e-01
  140   1.400000000e+00   2.500000000e+00  -7.000000000e-01
  141   9.000000000e-01   2.500000000e+00  -8.000000000e-01
  142   4.000000000e-01   2.500000000e+00  -1.100000000e+00
  143   1.000000000e-01   2.500000000e+00  -1.700000000e+00
  144  -6.000000000e-01   2.500000000e+00  -3.100000000e+00
  145  -1.000000000e+00   2.500000000e+00  -5.400000000e+00
  146  -3.000000000e-01   2.300000000e+00  -7.200000000e+00
  147   1.500000000e+00   2.300000000e+00  -7.100000000e+00
  148   2.900000000e+00   2.300000000e+00  -5.900000000e+00
  149   3.400000000e+00   2.300000000e+00  -3.900000000e+00
  150   3.000000000e+00   2.300000000e+00  -2.200000000e+00
  151   2.900000000e+00   2.300000000e+00  -1.400000000e+00
  152   3.600000000e+00   2.300000000e+00  -1.200000000e+00
  153   4.900000000e+00   2.300000000e+00  -6.000000000e-01
  154   5.900000000e+00   2.300000000e+00   5.000000000e-01
  155   6.100000000e+00   2.300000000e+00   2.000000000e+00
  156   5.600000000e+00   2.300000000e+00   3.400000000e+00
  157   4.300000000e+00   2.300000000e+00   4.100000000e+00
  158   2.900000000e+00   2.300000000e+00   4.100000000e+00
  159   1.600000000e+00   2.300000000e+00   3.900000000e+00
  160   5.000000000e-01   2.300000000e+00   3.500000000e+00
  161   1.000000000e-01   2.300000000e+00   2.100000000e+00
  162   7.000000000e-01   2.300000000e+00   6.000000000e-01
  163   1.200000000e+00   2.300000000e+00  -2.000000000e-01
  164   1.200000000e+00   2.300000000e+00  -3.000000000e-01
  165   6.000000000e-01   2.300000000e+00  -4.000000000e-01
  166   0.000000000e+00   2.300000000e+00  -9.000000000e-01
  167  -3.000000000e-01   2.300000000e+00  -1.500000000e+00
  168  -9.000000000e-01   2.300000000e+00  -2.900000000e+00
  169  -1.300000000e+00   2.300000000e+00  -5.300000000e+00
  170   0.000000000e+00   2.000000000e+00  -7.100000000e+00
  171   1.600000000e+00   2.000000000e+00  -7.000000000e+00
  172   3.100000000e+00   2.000000000e+00  -5.900000000e+00
  173   3.700000000e+00   2.000000000e+00  -4.300000000e+00
  174   3.500000000e+00   2.000000000e+00  -2.700000000e+00
  175   3.500000000e+00   2.000000000e+00  -1.800000000e+00
  176   4.300000000e+00   2.000000000e+00  -1.500000000e+00
  177   5.400000000e+00   2.000000000e+00  -8.000000000e-01
  178   6.200000000e+00   2.000000000e+00   4.000000000e-01
  179   6.300000000e+00   2.000000000e+00   1.800000000e+00
  180   5.800000000e+00   2.000000000e+00   3.100000000e+00
  181   4.400000000e+00   2.000000000e+00   3.800000000e+00
  182   3.100000000e+00   2.000000000e+00   3.800000000e+00
  183   1.900000000e+00   2.000000000e+00   3.500000000e+00
  184   9.000000000e-01   2.000000000e+00   3.200000000e+00
  185   5.000000000e-01   2.000000000e+00   1.700000000e+00
  186   1.300000000e+00   2.000000000e+00   0.000000000e+00
  187   1.800000000e+00   2.000000000e+00  -7.000000000e-01
  188   1.700000000e+00   2.000000000e+00  -6.000000000e-01
  189   7.000000000e-01   2.000000000e+00  -6.000000000e-01
  190   1.000000000e-01   2.000000000e+00  -1.100000000e+00
  191  -3.000000000e-01   2.000000000e+00  -1.800000000e+00
  192  -8.000000000e-01   2.000000000e+00  -3.100000000e+00
  193  -1.000000000e+00   2.000000000e+00  -5.300000000e+00
  194   6.000000000e-01   1.800000000e+00  -6.700000000e+00
  195   2.100000000e+00   1.800000000e+00  -6.700000000e+00
  196   3.500000000e+00   1.800000000e+00  -6.000000000e+00
  197   4.400000000e+00   1.800000000e+00  -4.900000000e+00
  198   5.000000000e+00   1.800000000e+00  -3.800000000e+00
  199   5.400000000e+00   1.800000000e+00  -2.900000000e+00
  200   6.200000000e+00   1.800000000e+00  -2.100000000e+00
  201   7.200000000e+00   1.800000000e+00  -1.000000000e+00
  202   7.700000000e+00   1.800000000e+00   5.000000000e-01
  203   7.600000000e+00   1.800000000e+00   2.100000000e+00
  204   6.800000000e+00   1.800000000e+00   3.500000000e+00
  205   5.200000000e+00   1.800000000e+00   4.100000000e+00
  206   3.600000000e+00   1.800000000e+00   3.800000000e+00
  207   2.300000000e+00   1.800000000e+00   3.100000000e+00
  208   1.500000000e+00   1.800000000e+00   2.500000000e+00
  209   9.000000000e-01   1.800000000e+00   1.700000000e+00
  210   1.600000000e+00   1.800000000e+00   0.000000000e+00
  211   2.100000000e+00   1.800000000e+00  -7.000000000e-01
  212   1.800000000e+00   1.800000000e+00  -6.000000000e-01
  213   5.000000000e-01   1.800000000e+00  -8.000000000e-01
  214  -2.000000000e-01   1.800000000e+00  -1.400000000e+00
  215  -5.000000000e-01   1.800000000e+00  -2.300000000e+00
  216  -8.000000000e-01   1.800000000e+00  -3.800000000e+00
  217  -6.000000000e-01   1.800000000e+00  -5.600000000e+00
  218   7.000000000e-01   1.600000000e+00  -6.800000000e+00
  219   2.300000000e+00   1.600000000e+00  -6.900000000e+00
  220   3.700000000e+00   1.600000000e+00  -6.300000000e+00
  221   4.800000000e+00   1.600000000e+00  -5.300000000e+00
  222   5.500000000e+00   1.600000000e+00  -4.200000000e+00
  223   6.100000000e+00   1.600000000e+00  -3.000000000e+00
  224   6.800000000e+00   1.600000000e+00  -2.200000000e+00
  225   7.500000000e+00   1.600000000e+00  -1.100000000e+00
  226   7.700000000e+00   1.600000000e+00   4.000000000e-01
  227   7.500000000e+00   1.600000000e+00   1.900000000e+00
  228   6.700000000e+00   1.600000000e+00   3.200000000e+00
  229   5.300000000e+00   1.600000000e+00   3.900000000e+00
  230   3.700000000e+00   1.600000000e+00   3.700000000e+00
  231   2.400000000e+00   1.600000000e+00   3.200000000e+00
  232   1.500000000e+00   1.600000000e+00   2.600000000e+00
  233   9.000000000e-01   1.600000000e+00   1.800000000e+00
  234   1.500000000e+00   1.600000000e+00   1.000000000e-01
  235   2.200000000e+00   1.600000000e+00  -6.000000000e-01
  236   1.900000000e+00   1.600000000e+00  -7.000000000e-01
  237   8.000000000e-01   1.600000000e+00  -8.000000000e-01
  238   2.000000000e-01   1.600000000e+00  -1.500000000e+00
  239  -2.000000000e-01   1.600000000e+00  -2.300000000e+00
  240  -5.000000000e-01   1.600000000e+00  -3.700000000e+00
  241  -5.000000000e-01   1.600000000e+00  -5.700000000e+00
  242   8.000000000e-01   1.400000000e+00  -7.500000000e+00
  243   2.600000000e+00   1.400000000e+00  -7.700000000e+00
  244   4.300000000e+00   1.400000000e+00  -7.300000000e+00
  245   5.700000000e+00   1.400000000e+00  -6.400000000e+00
  246   6.800000000e+00   1.400000000e+00  -5.600000000e+00
  247   7.600000000e+00   1.400000000e+00  -4.000000000e+00
  248   8.300000000e+00   1.400000000e+00  -2.200000000e+00
  249   8.800000000e+00   1.400000000e+00  -1.000000000e+00
  250   8.900000000e+00   1.400000000e+00   6.000000000e-01
  251   8.500000000e+00   1.400000000e+00   2.300000000e+00
  252   7.600000000e+00   1.400000000e+00   3.800000000e+00
  253   5.900000000e+00   1.400000000e+00   4.300000000e+00
  254   4.100000000e+00   1.400000000e+00   3.800000000e+00
  255   2.800000000e+00   1.400000000e+00   3.000000000e+00
  256   2.000000000e+00   1.400000000e+00   2.400000000e+00
  257   9.000000000e-01   1.400000000e+00   2.500000000e+00
  258   5.000000000e-01   1.400000000e+00   1.500000000e+00
  259   7.000000000e-01   1.400000000e+00   4.000000000e-01
  260   9.000000000e-01   1.400000000e+00  -3.000000000e-01
  261   1.200000000e+00   1.400000000e+00  -8.000000000e-01
  262   1.500000000e+00   1.400000000e+00  -1.100000000e+00
  263   9.000000000e-01   1.400000000e+00  -1.900000000e+00
  264   1.000000000e-01   1.400000000e+00  -3.400000000e+00
  265  -4.000000000e-01   1.400000000e+00  -6.100000000e+00
C Region List
