C PointsNum,MaxElemVol,TetGenParams,nAtrib,IndMov,MDMaxVolume,MDomDiv,MDOnly,MDDivF,MDPrescP
  395    1.000000e+00 YYpznno2q1.414a     0     0    1.000000e+00     1     0     0     0     0     0 YYpznno2q1.414a
  -1.762148000e-01  -8.478570000e+00  -4.818100000e-02
   7.687710000e-02  -8.007820000e+00   7.309840000e-01
  -1.284590000e-01  -8.007820000e+00   7.950480000e-01
  -3.568280000e-01  -8.007820000e+00   8.132330000e-01
  -6.052570000e-01  -8.007820000e+00   7.872300000e-01
  -8.514580000e-01  -8.007820000e+00   6.828930000e-01
  -1.013834000e+00  -8.007820000e+00   4.704290000e-01
  -1.040789000e+00  -8.007820000e+00   2.040960000e-01
  -9.860680000e-01  -8.007820000e+00  -4.178800000e-02
  -8.995570000e-01  -8.007820000e+00  -2.487610000e-01
  -7.990870000e-01  -8.007820000e+00  -4.308680000e-01
  -6.775420000e-01  -8.007820000e+00  -5.967370000e-01
  -5.257010000e-01  -8.007820000e+00  -7.425250000e-01
  -3.401229000e-01  -8.007820000e+00  -8.633890000e-01
  -1.184480000e-01  -8.007820000e+00  -9.358340000e-01
   1.193440000e-01  -8.007820000e+00  -9.193610000e-01
   3.284660000e-01  -8.007820000e+00  -8.074930000e-01
   4.915370000e-01  -8.007820000e+00  -6.438660000e-01
   6.087250000e-01  -8.007820000e+00  -4.524650000e-01
   6.411810000e-01  -8.007820000e+00  -2.359040000e-01
   5.384040000e-01  -8.007820000e+00  -3.190200000e-02
   4.369050000e-01  -8.007820000e+00   1.172130000e-01
   3.591650000e-01  -8.007820000e+00   2.463840000e-01
   2.947470000e-01  -8.007820000e+00   3.870700000e-01
   2.156420000e-01  -8.007820000e+00   5.589680000e-01
   9.891660000e-02  -7.537070000e+00   1.020310000e+00
  -1.814520000e-01  -7.537070000e+00   1.094125000e+00
  -4.826990000e-01  -7.537070000e+00   1.095763000e+00
  -7.954050000e-01  -7.537070000e+00   1.032935000e+00
  -1.091928000e+00  -7.537070000e+00   8.796800000e-01
  -1.296520000e+00  -7.537070000e+00   6.123960000e-01
  -1.358600000e+00  -7.537070000e+00   2.836132000e-01
  -1.323030000e+00  -7.537070000e+00  -3.301500000e-02
  -1.233650000e+00  -7.537070000e+00  -3.168790000e-01
  -1.107598000e+00  -7.537070000e+00  -5.719010000e-01
  -9.341290000e-01  -7.537070000e+00  -7.953400000e-01
  -7.137920000e-01  -7.537070000e+00  -9.728400000e-01
  -4.560834000e-01  -7.537070000e+00  -1.100650000e+00
  -1.678710000e-01  -7.537070000e+00  -1.167470000e+00
   1.305210000e-01  -7.537070000e+00  -1.138909000e+00
   3.899010000e-01  -7.537070000e+00  -9.893710000e-01
   5.857500000e-01  -7.537070000e+00  -7.769380000e-01
   7.261340000e-01  -7.537070000e+00  -5.382580000e-01
   7.759860000e-01  -7.537070000e+00  -2.743868000e-01
   6.812410000e-01  -7.537070000e+00  -2.079700000e-02
   5.691710000e-01  -7.537070000e+00   1.783610000e-01
   4.766970000e-01  -7.537070000e+00   3.553930000e-01
   3.975450000e-01  -7.537070000e+00   5.527270000e-01
   2.919450000e-01  -7.537070000e+00   7.940340000e-01
   1.017290000e-01  -7.065310000e+00   1.195160000e+00
  -2.259520000e-01  -7.065310000e+00   1.261930000e+00
  -5.727170000e-01  -7.065310000e+00   1.260374000e+00
  -9.334310000e-01  -7.065310000e+00   1.190688000e+00
  -1.277160000e+00  -7.065310000e+00   1.015894000e+00
  -1.517030000e+00  -7.065310000e+00   7.090600000e-01
  -1.612430000e+00  -7.065310000e+00   3.335288000e-01
  -1.600910000e+00  -7.065310000e+00  -3.831900000e-02
  -1.518080000e+00  -7.065310000e+00  -3.865190000e-01
  -1.374860000e+00  -7.065310000e+00  -7.070640000e-01
  -1.161643000e+00  -7.065310000e+00  -9.850500000e-01
  -8.834120000e-01  -7.065310000e+00  -1.197200000e+00
  -5.612710000e-01  -7.065310000e+00  -1.341670000e+00
  -2.100850000e-01  -7.065310000e+00  -1.406310000e+00
   1.453810000e-01  -7.065310000e+00  -1.355105000e+00
   4.319140000e-01  -7.065310000e+00  -1.140656000e+00
   6.242660000e-01  -7.065310000e+00  -8.632660000e-01
   7.598670000e-01  -7.065310000e+00  -5.861500000e-01
   8.421260000e-01  -7.065310000e+00  -3.074712000e-01
   8.190710000e-01  -7.065310000e+00  -2.338300000e-02
   7.381910000e-01  -7.065310000e+00   2.321430000e-01
   6.310120000e-01  -7.065310000e+00   4.668120000e-01
   5.154670000e-01  -7.065310000e+00   7.123000000e-01
   3.553980000e-01  -7.065310000e+00   9.788000000e-01
   9.809400000e-02  -6.594560000e+00   1.326210000e+00
  -2.657960000e-01  -6.594560000e+00   1.388460000e+00
  -6.460470000e-01  -6.594560000e+00   1.383660000e+00
  -1.041810000e+00  -6.594560000e+00   1.307637000e+00
  -1.423090000e+00  -6.594560000e+00   1.119342000e+00
  -1.691580000e+00  -6.594560000e+00   7.845060000e-01
  -1.818380000e+00  -6.594560000e+00   3.757276000e-01
  -1.836640000e+00  -6.594560000e+00  -4.184700000e-02
  -1.769630000e+00  -6.594560000e+00  -4.472860000e-01
  -1.618090000e+00  -6.594560000e+00  -8.284600000e-01
  -1.362030000e+00  -6.594560000e+00  -1.150750000e+00
  -1.022791000e+00  -6.594560000e+00  -1.376720000e+00
  -6.439060000e-01  -6.594560000e+00  -1.512640000e+00
  -2.474300000e-01  -6.594560000e+00  -1.561400000e+00
   1.441550000e-01  -6.594560000e+00  -1.494250000e+00
   4.528320000e-01  -6.594560000e+00  -1.245010000e+00
   6.514680000e-01  -6.594560000e+00  -9.295840000e-01
   7.890970000e-01  -6.594560000e+00  -6.276180000e-01
   8.919920000e-01  -6.594560000e+00  -3.322724000e-01
   9.155360000e-01  -6.594560000e+00  -2.534300000e-02
   8.628740000e-01  -6.594560000e+00   2.748790000e-01
   7.486160000e-01  -6.594560000e+00   5.572490000e-01
   6.016960000e-01  -6.594560000e+00   8.367100000e-01
   3.969540000e-01  -6.594560000e+00   1.116800000e+00
   9.079500000e-02  -6.123800000e+00   1.444060000e+00
  -3.025600000e-01  -6.123800000e+00   1.507910000e+00
  -7.144370000e-01  -6.123800000e+00   1.508890000e+00
  -1.151770000e+00  -6.123800000e+00   1.440361000e+00
  -1.583770000e+00  -6.123800000e+00   1.249382000e+00
  -1.888940000e+00  -6.123800000e+00   8.828580000e-01
  -2.031730000e+00  -6.123800000e+00   4.298001000e-01
  -2.052890000e+00  -6.123800000e+00  -3.554700000e-02
  -1.979990000e+00  -6.123800000e+00  -4.872160000e-01
  -1.810810000e+00  -6.123800000e+00  -9.128100000e-01
  -1.520990000e+00  -6.123800000e+00  -1.266390000e+00
  -1.134682000e+00  -6.123800000e+00  -1.501810000e+00
  -7.142050000e-01  -6.123800000e+00  -1.631370000e+00
  -2.839680000e-01  -6.123800000e+00  -1.669200000e+00
   1.375170000e-01  -6.123800000e+00  -1.597170000e+00
   4.705360000e-01  -6.123800000e+00  -1.330940000e+00
   6.850970000e-01  -6.123800000e+00  -9.908540000e-01
   8.345120000e-01  -6.123800000e+00  -6.668530000e-01
   9.520680000e-01  -6.123800000e+00  -3.501999000e-01
   9.979090000e-01  -6.123800000e+00  -1.699400000e-02
   9.596970000e-01  -6.123800000e+00   3.193950000e-01
   8.354360000e-01  -6.123800000e+00   6.364410000e-01
   6.613280000e-01  -6.123800000e+00   9.422800000e-01
   4.228210000e-01  -6.123800000e+00   1.233470000e+00
   7.716100000e-02  -5.653050000e+00   1.557360000e+00
  -3.432700000e-01  -5.653050000e+00   1.629020000e+00
  -7.881100000e-01  -5.653050000e+00   1.643090000e+00
  -1.270750000e+00  -5.653050000e+00   1.586486000e+00
  -1.756280000e+00  -5.653050000e+00   1.392312000e+00
  -2.103130000e+00  -5.653050000e+00   9.941110000e-01
  -2.263210000e+00  -5.653050000e+00   4.915741000e-01
  -2.283890000e+00  -5.653050000e+00  -2.522000000e-02
  -2.195590000e+00  -5.653050000e+00  -5.233500000e-01
  -2.001430000e+00  -5.653050000e+00  -9.890200000e-01
  -1.676250000e+00  -5.653050000e+00  -1.371450000e+00
  -1.241796000e+00  -5.653050000e+00  -1.608080000e+00
  -7.808390000e-01  -5.653050000e+00  -1.722270000e+00
  -3.235400000e-01  -5.653050000e+00  -1.743720000e+00
   1.206600000e-01  -5.653050000e+00  -1.668900000e+00
   4.827640000e-01  -5.653050000e+00  -1.407030000e+00
   7.225960000e-01  -5.653050000e+00  -1.055870000e+00
   8.926100000e-01  -5.653050000e+00  -7.111370000e-01
   1.024743000e+00  -5.653050000e+00  -3.674259000e-01
   1.077371000e+00  -5.653050000e+00  -3.673000000e-03
   1.037744000e+00  -5.653050000e+00   3.636150000e-01
   8.994040000e-01  -5.653050000e+00   7.088170000e-01
   7.034280000e-01  -5.653050000e+00   1.037310000e+00
   4.387446000e-01  -5.653050000e+00   1.343250000e+00
   6.239600000e-02  -4.719630000e+00   1.904170000e+00
  -4.304260000e-01  -4.719630000e+00   1.987810000e+00
  -9.480000000e-01  -4.719630000e+00   1.995470000e+00
  -1.502710000e+00  -4.719630000e+00   1.916270000e+00
  -2.056240000e+00  -4.719630000e+00   1.683446000e+00
  -2.460890000e+00  -4.719630000e+00   1.228322000e+00
  -2.631560000e+00  -4.719630000e+00   6.441583000e-01
  -2.625340000e+00  -4.719630000e+00   5.214500000e-02
  -2.498450000e+00  -4.719630000e+00  -5.047300000e-01
  -2.266690000e+00  -4.719630000e+00  -1.015930000e+00
  -1.910530000e+00  -4.719630000e+00  -1.444320000e+00
  -1.423278000e+00  -4.719630000e+00  -1.698530000e+00
  -9.086040000e-01  -4.719630000e+00  -1.805040000e+00
  -4.075888000e-01  -4.719630000e+00  -1.810430000e+00
   7.354000000e-02  -4.719630000e+00  -1.726680000e+00
   4.598500000e-01  -4.719630000e+00  -1.434296000e+00
   6.986460000e-01  -4.719630000e+00  -1.037510000e+00
   8.687600000e-01  -4.719630000e+00  -6.666590000e-01
   1.015281000e+00  -4.719630000e+00  -3.088417000e-01
   1.111008000e+00  -4.719630000e+00   7.604400000e-02
   1.102447000e+00  -4.719630000e+00   4.836880000e-01
   9.602810000e-01  -4.719630000e+00   8.740430000e-01
   7.619780000e-01  -4.719630000e+00   1.261170000e+00
   4.776162900e-01  -4.719630000e+00   1.640440000e+00
   7.584700000e-02  -3.787210000e+00   2.219100000e+00
  -4.809590000e-01  -3.787210000e+00   2.320100000e+00
  -1.063980000e+00  -3.787210000e+00   2.316090000e+00
  -1.673220000e+00  -3.787210000e+00   2.201630000e+00
  -2.268990000e+00  -3.787210000e+00   1.920959000e+00
  -2.705310000e+00  -3.787210000e+00   1.415271000e+00
  -2.850540000e+00  -3.787210000e+00   7.635661000e-01
  -2.772270000e+00  -3.787210000e+00   1.277740000e-01
  -2.578900000e+00  -3.787210000e+00  -4.384400000e-01
  -2.311050000e+00  -3.787210000e+00  -9.383300000e-01
  -1.965520000e+00  -3.787210000e+00  -1.374850000e+00
  -1.499200000e+00  -3.787210000e+00  -1.669790000e+00
  -9.811530000e-01  -3.787210000e+00  -1.822030000e+00
  -4.556358000e-01  -3.787210000e+00  -1.857100000e+00
   5.936200000e-02  -3.787210000e+00  -1.780070000e+00
   4.643120000e-01  -3.787210000e+00  -1.448900000e+00
   6.937290000e-01  -3.787210000e+00  -1.004666000e+00
   8.543270000e-01  -3.787210000e+00  -6.109530000e-01
   9.999830000e-01  -3.787210000e+00  -2.424339000e-01
   1.095012000e+00  -3.787210000e+00   1.516240000e-01
   1.073208000e+00  -3.787210000e+00   5.646060000e-01
   9.449370000e-01  -3.787210000e+00   9.686600000e-01
   7.811460000e-01  -3.787210000e+00   1.405350000e+00
   5.197498000e-01  -3.787210000e+00   1.874890000e+00
   7.640300000e-02  -2.854800000e+00   2.448380000e+00
  -5.330400000e-01  -2.854800000e+00   2.555140000e+00
  -1.166120000e+00  -2.854800000e+00   2.528500000e+00
  -1.805750000e+00  -2.854800000e+00   2.369610000e+00
  -2.410220000e+00  -2.854800000e+00   2.042050000e+00
  -2.854390000e+00  -2.854800000e+00   1.497489000e+00
  -3.011530000e+00  -2.854800000e+00   8.224598000e-01
  -2.945860000e+00  -2.854800000e+00   1.558740000e-01
  -2.752750000e+00  -2.854800000e+00  -4.416500000e-01
  -2.477310000e+00  -2.854800000e+00  -9.752500000e-01
  -2.114030000e+00  -2.854800000e+00  -1.443020000e+00
  -1.615910000e+00  -2.854800000e+00  -1.755590000e+00
  -1.062597000e+00  -2.854800000e+00  -1.909180000e+00
  -5.059577000e-01  -2.854800000e+00  -1.937940000e+00
   3.597200000e-02  -2.854800000e+00  -1.850580000e+00
   4.604200000e-01  -2.854800000e+00  -1.501560000e+00
   6.860360000e-01  -2.854800000e+00  -1.019692000e+00
   8.419280000e-01  -2.854800000e+00  -6.030050000e-01
   9.868160000e-01  -2.854800000e+00  -2.225402000e-01
   1.082447000e+00  -2.854800000e+00   1.811120000e-01
   1.052271000e+00  -2.854800000e+00   6.020300000e-01
   9.383320000e-01  -2.854800000e+00   1.024390000e+00
   7.967340000e-01  -2.854800000e+00   1.502720000e+00
   5.475627000e-01  -2.854800000e+00   2.044660000e+00
   3.067400000e-02  -1.921380000e+00   2.542200000e+00
  -6.062400000e-01  -1.921380000e+00   2.657590000e+00
  -1.271650000e+00  -1.921380000e+00   2.643840000e+00
  -1.953030000e+00  -1.921380000e+00   2.488580000e+00
  -2.599820000e+00  -1.921380000e+00   2.149100000e+00
  -3.068740000e+00  -1.921380000e+00   1.574914000e+00
  -3.238190000e+00  -1.921380000e+00   8.548790000e-01
  -3.176510000e+00  -1.921380000e+00   1.465710000e-01
  -2.979080000e+00  -1.921380000e+00  -4.928800000e-01
  -2.686990000e+00  -1.921380000e+00  -1.063780000e+00
  -2.296350000e+00  -1.921380000e+00  -1.562770000e+00
  -1.756730000e+00  -1.921380000e+00  -1.883960000e+00
  -1.163326000e+00  -1.921380000e+00  -2.024930000e+00
  -5.774214000e-01  -1.921380000e+00  -2.039160000e+00
  -1.218200000e-02  -1.921380000e+00  -1.945220000e+00
   4.449560000e-01  -1.921380000e+00  -1.606400000e+00
   6.888180000e-01  -1.921380000e+00  -1.102149000e+00
   8.467020000e-01  -1.921380000e+00  -6.555870000e-01
   9.810850000e-01  -1.921380000e+00  -2.481210000e-01
   1.039493000e+00  -1.921380000e+00   1.724430000e-01
   9.815080000e-01  -1.921380000e+00   5.950710000e-01
   8.767980000e-01  -1.921380000e+00   1.022003000e+00
   7.541820000e-01  -1.921380000e+00   1.524410000e+00
   5.195200000e-01  -1.921380000e+00   2.114870000e+00
  -8.679000000e-02  -9.889600000e-01   2.511430000e+00
  -7.175300000e-01  -9.889600000e-01   2.627250000e+00
  -1.381820000e+00  -9.889600000e-01   2.632690000e+00
  -2.072170000e+00  -9.889600000e-01   2.497630000e+00
  -2.735020000e+00  -9.889600000e-01   2.166420000e+00
  -3.212340000e+00  -9.889600000e-01   1.582011000e+00
  -3.417630000e+00  -9.889600000e-01   8.632550000e-01
  -3.411860000e+00  -9.889600000e-01   1.405820000e-01
  -3.255810000e+00  -9.889600000e-01  -5.435900000e-01
  -2.971140000e+00  -9.889600000e-01  -1.171100000e+00
  -2.542750000e+00  -9.889600000e-01  -1.706330000e+00
  -1.926720000e+00  -9.889600000e-01  -1.993720000e+00
  -1.280790000e+00  -9.889600000e-01  -2.054320000e+00
  -6.891575000e-01  -9.889600000e-01  -1.994430000e+00
  -1.464030000e-01  -9.889600000e-01  -1.867230000e+00
   3.167660000e-01  -9.889600000e-01  -1.583300000e+00
   5.539660000e-01  -9.889600000e-01  -1.084344000e+00
   6.852030000e-01  -9.889600000e-01  -6.319380000e-01
   8.078350000e-01  -9.889600000e-01  -2.377450000e-01
   8.665370000e-01  -9.889600000e-01   1.670410000e-01
   8.153420000e-01  -9.889600000e-01   5.737110000e-01
   7.364740000e-01  -9.889600000e-01   9.995190000e-01
   6.414980000e-01  -9.889600000e-01   1.517540000e+00
   4.212020000e-01  -9.889600000e-01   2.130830000e+00
  -2.196040000e-01  -3.545410000e-01   2.472920000e+00
   3.121790000e-01  -3.545410000e-01   2.149500000e+00
   5.291060000e-01  -3.545410000e-01   1.520330000e+00
   5.867300000e-01  -3.545410000e-01   9.760400000e-01
   6.333140000e-01  -3.545410000e-01   5.488270000e-01
   6.716230000e-01  -3.545410000e-01   1.575790000e-01
   6.159060000e-01  -3.545410000e-01  -2.292940000e-01
   5.162870000e-01  -3.545410000e-01  -6.162310000e-01
   4.111980000e-01  -3.545410000e-01  -1.075210000e+00
   1.592500000e-01  -3.545410000e-01  -1.536150000e+00
  -3.028090000e-01  -3.545410000e-01  -1.761640000e+00
  -8.138674000e-01  -3.545410000e-01  -1.933830000e+00
  -1.409604000e+00  -3.545410000e-01  -2.080930000e+00
  -2.125150000e+00  -3.545410000e-01  -2.132170000e+00
  -2.845530000e+00  -3.545410000e-01  -1.895460000e+00
  -3.322070000e+00  -3.545410000e-01  -1.312760000e+00
  -3.584710000e+00  -3.545410000e-01  -6.083500000e-01
  -3.671550000e+00  -3.545410000e-01   1.338050000e-01
  -3.597280000e+00  -3.545410000e-01   8.707060000e-01
  -3.343580000e+00  -3.545410000e-01   1.581634000e+00
  -2.864310000e+00  -3.545410000e-01   2.158010000e+00
  -2.196820000e+00  -3.545410000e-01   2.487920000e+00
  -1.502320000e+00  -3.545410000e-01   2.608490000e+00
  -8.414100000e-01  -3.545410000e-01   2.593470000e+00
  -2.360010000e+00  -4.043410000e-01  -1.560560000e+00
  -2.830700000e+00  -3.987410000e-01  -1.308080000e+00
  -1.316620000e+00  -3.951410000e-01   2.276280000e+00
  -9.178800000e-01  -4.168410000e-01   1.995420000e+00
  -2.118380000e+00  -4.705410000e-01   5.416180000e-01
  -2.065130000e+00  -4.655410000e-01   8.231075000e-01
  -1.743400000e+00  -4.715410000e-01   8.013108000e-01
  -7.574957000e-01  -3.967410000e-01  -1.571020000e+00
  -1.762390000e+00  -4.795410000e-01   1.364400000e-01
  -1.421660000e+00  -4.765410000e-01   7.785140000e-01
  -1.153120000e+00  -4.775410000e-01   1.485310000e-01
  -2.557880000e+00  -4.463410000e-01   8.333400000e-01
  -2.644460000e+00  -4.492410000e-01   2.765950000e-01
  -3.110710000e+00  -4.128410000e-01   5.490870000e-01
  -2.545280000e+00  -4.231410000e-01   1.468005000e+00
  -2.707140000e+00  -4.247410000e-01   1.220366000e+00
  -2.673800000e+00  -4.166410000e-01   1.440249000e+00
  -2.554840000e-01  -4.079410000e-01   1.793377000e+00
  -8.078630000e-01  -4.510410000e-01   1.323407000e+00
  -1.980850000e+00  -4.336410000e-01  -1.265060000e+00
  -1.889510000e+00  -4.466410000e-01  -1.051610000e+00
  -1.694948000e+00  -4.426410000e-01  -1.156360000e+00
  -1.760500000e+00  -4.477410000e-01   1.527501000e+00
  -1.605220000e+00  -4.252410000e-01   1.931297000e+00
  -1.533130000e+00  -4.396410000e-01   1.709365000e+00
  -3.019570000e+00  -4.097410000e-01  -7.571400000e-01
  -2.409030000e+00  -4.390410000e-01  -9.283800000e-01
  -1.211793000e+00  -4.044410000e-01  -1.619390000e+00
  -1.499384000e+00  -4.379410000e-01  -1.257120000e+00
  -9.568300000e-01  -4.307410000e-01  -1.251060000e+00
  -1.889260000e+00  -4.166410000e-01   1.974328000e+00
  -1.744430000e+00  -3.937410000e-01   2.256950000e+00
  -1.674330000e+00  -4.096410000e-01   2.101120000e+00
  -1.775533000e+00  -4.052410000e-01  -1.667810000e+00
  -2.172300000e+00  -4.047410000e-01   2.018359000e+00
  -7.559100000e-02  -3.963410000e-01  -1.131870000e+00
   2.890000000e-02  -4.049410000e-01  -6.905960000e-01
   2.454690000e-01  -4.005410000e-01  -5.348800000e-02
  -2.251640000e+00  -4.675410000e-01   6.052400000e-02
  -2.607940000e+00  -4.477410000e-01  -2.993200000e-01
   9.573410000e-02  -4.138410000e-01   6.889250000e-01
  -2.577170000e-01  -4.424410000e-01   2.018570000e-01
  -2.960190000e+00  -4.098410000e-01   1.154854900e+00
  -3.130480000e+00  -4.134410000e-01  -9.901100000e-02
  -4.229150000e-01  -4.023410000e-01  -1.373360000e+00
  -5.643240000e-01  -4.374410000e-01  -8.692900000e-01
   1.899210000e-01  -3.947410000e-01   1.372704000e+00
  -2.652530000e-01  -4.323410000e-01   1.174561000e+00
  -2.068730000e+00  -4.675410000e-01  -3.734780000e-01
  -2.348010000e+00  -4.250410000e-01   1.619350000e+00
  -2.450090000e+00  -4.370410000e-01   1.275877000e+00
  -8.868150000e-01  -4.498410000e-01  -8.394400000e-01
  -9.012650000e-01  -4.585410000e-01  -6.060790000e-01
  -1.139450000e+00  -4.534410000e-01   1.399920000e+00
  -1.182460000e+00  -4.380410000e-01   1.721426000e+00
  -9.976600000e-01  -4.451410000e-01   1.528916000e+00
  -2.114230000e+00  -4.219410000e-01   1.813463000e+00
  -2.259660000e+00  -4.152410000e-01   1.823855000e+00
  -2.054550000e+00  -4.383410000e-01   1.588567000e+00
  -2.013890000e+00  -4.605410000e-01   1.099597000e+00
  -2.232490000e+00  -4.501410000e-01   1.189737000e+00
  -1.629850000e+00  -4.775410000e-01  -1.143470000e-01
  -1.850290000e+00  -4.735410000e-01  -2.424130000e-01
  -1.495300000e+00  -4.745410000e-01  -3.571340000e-01
  -1.326210000e+00  -4.775410000e-01  -1.063020000e-01
  -1.119463000e+00  -4.725410000e-01  -2.360090000e-01
  -6.289880000e-01  -4.605410000e-01   6.367197000e-01
  -1.453420000e+00  -4.112410000e-01   2.105290000e+00
  -1.187650000e+00  -4.144410000e-01   2.050850000e+00
  -1.793180000e+00  -4.575410000e-01  -8.461600000e-01
  -1.501241000e+00  -4.595410000e-01  -8.323800000e-01
  -1.503813000e+00  -4.492410000e-01  -1.045750000e+00
  -1.438550000e+00  -4.655410000e-01   1.131974000e+00
  -1.124510000e+00  -4.595410000e-01   1.228191000e+00
  -3.538590000e-01  -4.428410000e-01  -2.956780000e-01
  -2.288380000e+00  -4.555410000e-01   9.659687800e-01
  -2.202380000e+00  -4.625410000e-01   7.562930000e-01
  -1.933450000e+00  -4.635410000e-01  -6.158200000e-01
  -2.102600000e+00  -4.501410000e-01  -8.842700000e-01
  -2.087160000e+00  -4.595410000e-01  -6.323700000e-01
  -1.737570000e+00  -4.595410000e-01   1.280015000e+00
  -1.726620000e+00  -4.645410000e-01   1.113286000e+00
  -2.642470000e+00  -4.081410000e-01   1.660132000e+00
  -6.646610000e-01  -4.625410000e-01   6.279000000e-02
  -6.312870000e-01  -4.565410000e-01  -3.271970000e-01
  -1.085567000e+00  -4.447410000e-01  -1.053330000e+00
  -9.233220000e-01  -4.406410000e-01  -1.052750000e+00
  -1.356302000e+00  -4.665410000e-01  -6.018600000e-01
  -1.574740000e+00  -4.635410000e-01  -7.205100000e-01
  -1.394340000e+00  -4.319410000e-01   1.832361000e+00
  -1.970910000e+00  -4.279410000e-01   1.784948000e+00
  -1.034418000e+00  -4.725410000e-01  -1.110930000e-01
  -7.896880000e-01  -4.655410000e-01  -1.524630000e-01
  -1.714880000e+00  -4.695410000e-01  -4.844800000e-01
  -1.361845000e+00  -4.490410000e-01  -1.040860000e+00
  -1.294976000e+00  -4.423410000e-01  -1.150720000e+00
  -9.127160000e-01  -4.665410000e-01  -3.627170000e-01
  -5.988060000e-01  -4.470410000e-01  -5.997420000e-01
  -1.544800000e+00  -4.785410000e-01   1.456900000e-02
  -1.065510000e+00  -4.625410000e-01  -5.996560000e-01
  -1.135009000e+00  -4.675410000e-01  -4.807910000e-01
  -1.464540000e+00  -4.529410000e-01   1.466434000e+00
  -1.212305000e+00  -4.575410000e-01  -8.295900000e-01
  -1.782510000e+00  -4.725410000e-01  -3.653060000e-01
  -2.252520000e+00  -4.387410000e-01   1.437222000e+00
  -2.504980000e+00  -4.421410000e-01   1.058108900e+00
C Number of facets
  786
C  Size  Node 1  ......Node N Marker
    3    0    1    2    3
    3    0    2    3    3
    3    0    3    4    3
    3    0    4    5    3
    3    0    5    6    3
    3    0    6    7    3
    3    0    7    8    3
    3    0    8    9    3
    3    0    9   10    3
    3    0   10   11    3
    3    0   11   12    3
    3    0   12   13    3
    3    0   13   14    3
    3    0   14   15    3
    3    0   15   16    3
    3    0   16   17    3
    3    0   17   18    3
    3    0   18   19    3
    3    0   19   20    3
    3    0   20   21    3
    3    0   21   22    3
    3    0   22   23    3
    3    0   23   24    3
    3    0   24    1    3
    3    1   25   26    3
    3    1   26    2    3
    3    2   26   27    3
    3    2   27    3    3
    3    3   27   28    3
    3    3   28    4    3
    3    4   28   29    3
    3    4   29    5    3
    3    5   29   30    3
    3    5   30    6    3
    3    6   30   31    3
    3    6   31    7    3
    3    7   31   32    3
    3    7   32    8    3
    3    8   32   33    3
    3    8   33    9    3
    3    9   33   34    3
    3    9   34   10    3
    3   10   34   35    3
    3   10   35   11    3
    3   11   35   36    3
    3   11   36   12    3
    3   12   36   37    3
    3   12   37   13    3
    3   13   37   38    3
    3   13   38   14    3
    3   14   38   39    3
    3   14   39   15    3
    3   15   39   40    3
    3   15   40   16    3
    3   16   40   41    3
    3   16   41   17    3
    3   17   41   42    3
    3   17   42   18    3
    3   18   42   43    3
    3   18   43   19    3
    3   19   43   44    3
    3   19   44   20    3
    3   20   44   45    3
    3   20   45   21    3
    3   21   45   46    3
    3   21   46   22    3
    3   22   46   47    3
    3   22   47   23    3
    3   23   47   48    3
    3   23   48   24    3
    3   24   48   25    3
    3   24   25    1    3
    3   25   49   50    3
    3   25   50   26    3
    3   26   50   51    3
    3   26   51   27    3
    3   27   51   52    3
    3   27   52   28    3
    3   28   52   53    3
    3   28   53   29    3
    3   29   53   54    3
    3   29   54   30    3
    3   30   54   55    3
    3   30   55   31    3
    3   31   55   56    3
    3   31   56   32    3
    3   32   56   57    3
    3   32   57   33    3
    3   33   57   58    3
    3   33   58   34    3
    3   34   58   59    3
    3   34   59   35    3
    3   35   59   60    3
    3   35   60   36    3
    3   36   60   61    3
    3   36   61   37    3
    3   37   61   62    3
    3   37   62   38    3
    3   38   62   63    3
    3   38   63   39    3
    3   39   63   64    3
    3   39   64   40    3
    3   40   64   65    3
    3   40   65   41    3
    3   41   65   66    3
    3   41   66   42    3
    3   42   66   67    3
    3   42   67   43    3
    3   43   67   68    3
    3   43   68   44    3
    3   44   68   69    3
    3   44   69   45    3
    3   45   69   70    3
    3   45   70   46    3
    3   46   70   71    3
    3   46   71   47    3
    3   47   71   72    3
    3   47   72   48    3
    3   48   72   49    3
    3   48   49   25    3
    3   49   73   74    3
    3   49   74   50    3
    3   50   74   75    3
    3   50   75   51    3
    3   51   75   76    3
    3   51   76   52    3
    3   52   76   77    3
    3   52   77   53    3
    3   53   77   78    3
    3   53   78   54    3
    3   54   78   79    3
    3   54   79   55    3
    3   55   79   80    3
    3   55   80   56    3
    3   56   80   81    3
    3   56   81   57    3
    3   57   81   82    3
    3   57   82   58    3
    3   58   82   83    3
    3   58   83   59    3
    3   59   83   84    3
    3   59   84   60    3
    3   60   84   85    3
    3   60   85   61    3
    3   61   85   86    3
    3   61   86   62    3
    3   62   86   87    3
    3   62   87   63    3
    3   63   87   88    3
    3   63   88   64    3
    3   64   88   89    3
    3   64   89   65    3
    3   65   89   90    3
    3   65   90   66    3
    3   66   90   91    3
    3   66   91   67    3
    3   67   91   92    3
    3   67   92   68    3
    3   68   92   93    3
    3   68   93   69    3
    3   69   93   94    3
    3   69   94   70    3
    3   70   94   95    3
    3   70   95   71    3
    3   71   95   96    3
    3   71   96   72    3
    3   72   96   73    3
    3   72   73   49    3
    3   73   97   98    3
    3   73   98   74    3
    3   74   98   99    3
    3   74   99   75    3
    3   75   99  100    3
    3   75  100   76    3
    3   76  100  101    3
    3   76  101   77    3
    3   77  101  102    3
    3   77  102   78    3
    3   78  102  103    3
    3   78  103   79    3
    3   79  103  104    3
    3   79  104   80    3
    3   80  104  105    3
    3   80  105   81    3
    3   81  105  106    3
    3   81  106   82    3
    3   82  106  107    3
    3   82  107   83    3
    3   83  107  108    3
    3   83  108   84    3
    3   84  108  109    3
    3   84  109   85    3
    3   85  109  110    3
    3   85  110   86    3
    3   86  110  111    3
    3   86  111   87    3
    3   87  111  112    3
    3   87  112   88    3
    3   88  112  113    3
    3   88  113   89    3
    3   89  113  114    3
    3   89  114   90    3
    3   90  114  115    3
    3   90  115   91    3
    3   91  115  116    3
    3   91  116   92    3
    3   92  116  117    3
    3   92  117   93    3
    3   93  117  118    3
    3   93  118   94    3
    3   94  118  119    3
    3   94  119   95    3
    3   95  119  120    3
    3   95  120   96    3
    3   96  120   97    3
    3   96   97   73    3
    3   97  121  122    3
    3   97  122   98    3
    3   98  122  123    3
    3   98  123   99    3
    3   99  123  124    3
    3   99  124  100    3
    3  100  124  125    3
    3  100  125  101    3
    3  101  125  126    3
    3  101  126  102    3
    3  102  126  127    3
    3  102  127  103    3
    3  103  127  128    3
    3  103  128  104    3
    3  104  128  129    3
    3  104  129  105    3
    3  105  129  130    3
    3  105  130  106    3
    3  106  130  131    3
    3  106  131  107    3
    3  107  131  132    3
    3  107  132  108    3
    3  108  132  133    3
    3  108  133  109    3
    3  109  133  134    3
    3  109  134  110    3
    3  110  134  135    3
    3  110  135  111    3
    3  111  135  136    3
    3  111  136  112    3
    3  112  136  137    3
    3  112  137  113    3
    3  113  137  138    3
    3  113  138  114    3
    3  114  138  139    3
    3  114  139  115    3
    3  115  139  140    3
    3  115  140  116    3
    3  116  140  141    3
    3  116  141  117    3
    3  117  141  142    3
    3  117  142  118    3
    3  118  142  143    3
    3  118  143  119    3
    3  119  143  144    3
    3  119  144  120    3
    3  120  144  121    3
    3  120  121   97    3
    3  121  145  146    3
    3  121  146  122    3
    3  122  146  147    3
    3  122  147  123    3
    3  123  147  148    3
    3  123  148  124    3
    3  124  148  149    3
    3  124  149  125    3
    3  125  149  150    3
    3  125  150  126    3
    3  126  150  151    3
    3  126  151  127    3
    3  127  151  152    3
    3  127  152  128    3
    3  128  152  153    3
    3  128  153  129    3
    3  129  153  154    3
    3  129  154  130    3
    3  130  154  155    3
    3  130  155  131    3
    3  131  155  156    3
    3  131  156  132    3
    3  132  156  157    3
    3  132  157  133    3
    3  133  157  158    3
    3  133  158  134    3
    3  134  158  159    3
    3  134  159  135    3
    3  135  159  160    3
    3  135  160  136    3
    3  136  160  161    3
    3  136  161  137    3
    3  137  161  162    3
    3  137  162  138    3
    3  138  162  163    3
    3  138  163  139    3
    3  139  163  164    3
    3  139  164  140    3
    3  140  164  165    3
    3  140  165  141    3
    3  141  165  166    3
    3  141  166  142    3
    3  142  166  167    3
    3  142  167  143    3
    3  143  167  168    3
    3  143  168  144    3
    3  144  168  145    3
    3  144  145  121    3
    3  145  169  170    3
    3  145  170  146    3
    3  146  170  171    3
    3  146  171  147    3
    3  147  171  172    3
    3  147  172  148    3
    3  148  172  173    3
    3  148  173  149    3
    3  149  173  174    3
    3  149  174  150    3
    3  150  174  175    3
    3  150  175  151    3
    3  151  175  176    3
    3  151  176  152    3
    3  152  176  177    3
    3  152  177  153    3
    3  153  177  178    3
    3  153  178  154    3
    3  154  178  179    3
    3  154  179  155    3
    3  155  179  180    3
    3  155  180  156    3
    3  156  180  181    3
    3  156  181  157    3
    3  157  181  182    3
    3  157  182  158    3
    3  158  182  183    3
    3  158  183  159    3
    3  159  183  184    3
    3  159  184  160    3
    3  160  184  185    3
    3  160  185  161    3
    3  161  185  186    3
    3  161  186  162    3
    3  162  186  187    3
    3  162  187  163    3
    3  163  187  188    3
    3  163  188  164    3
    3  164  188  189    3
    3  164  189  165    3
    3  165  189  190    3
    3  165  190  166    3
    3  166  190  191    3
    3  166  191  167    3
    3  167  191  192    3
    3  167  192  168    3
    3  168  192  169    3
    3  168  169  145    3
    3  169  193  194    3
    3  169  194  170    3
    3  170  194  195    3
    3  170  195  171    3
    3  171  195  196    3
    3  171  196  172    3
    3  172  196  197    3
    3  172  197  173    3
    3  173  197  198    3
    3  173  198  174    3
    3  174  198  199    3
    3  174  199  175    3
    3  175  199  200    3
    3  175  200  176    3
    3  176  200  201    3
    3  176  201  177    3
    3  177  201  202    3
    3  177  202  178    3
    3  178  202  203    3
    3  178  203  179    3
    3  179  203  204    3
    3  179  204  180    3
    3  180  204  205    3
    3  180  205  181    3
    3  181  205  206    3
    3  181  206  182    3
    3  182  206  207    3
    3  182  207  183    3
    3  183  207  208    3
    3  183  208  184    3
    3  184  208  209    3
    3  184  209  185    3
    3  185  209  210    3
    3  185  210  186    3
    3  186  210  211    3
    3  186  211  187    3
    3  187  211  212    3
    3  187  212  188    3
    3  188  212  213    3
    3  188  213  189    3
    3  189  213  214    3
    3  189  214  190    3
    3  190  214  215    3
    3  190  215  191    3
    3  191  215  216    3
    3  191  216  192    3
    3  192  216  193    3
    3  192  193  169    3
    3  193  217  218    3
    3  193  218  194    3
    3  194  218  219    3
    3  194  219  195    3
    3  195  219  220    3
    3  195  220  196    3
    3  196  220  221    3
    3  196  221  197    3
    3  197  221  222    3
    3  197  222  198    3
    3  198  222  223    3
    3  198  223  199    3
    3  199  223  224    3
    3  199  224  200    3
    3  200  224  225    3
    3  200  225  201    3
    3  201  225  226    3
    3  201  226  202    3
    3  202  226  227    3
    3  202  227  203    3
    3  203  227  228    3
    3  203  228  204    3
    3  204  228  229    3
    3  204  229  205    3
    3  205  229  230    3
    3  205  230  206    3
    3  206  230  231    3
    3  206  231  207    3
    3  207  231  232    3
    3  207  232  208    3
    3  208  232  233    3
    3  208  233  209    3
    3  209  233  234    3
    3  209  234  210    3
    3  210  234  235    3
    3  210  235  211    3
    3  211  235  236    3
    3  211  236  212    3
    3  212  236  237    3
    3  212  237  213    3
    3  213  237  238    3
    3  213  238  214    3
    3  214  238  239    3
    3  214  239  215    3
    3  215  239  240    3
    3  215  240  216    3
    3  216  240  217    3
    3  216  217  193    3
    3  217  241  242    3
    3  217  242  218    3
    3  218  242  243    3
    3  218  243  219    3
    3  219  243  244    3
    3  219  244  220    3
    3  220  244  245    3
    3  220  245  221    3
    3  221  245  246    3
    3  221  246  222    3
    3  222  246  247    3
    3  222  247  223    3
    3  223  247  248    3
    3  223  248  224    3
    3  224  248  249    3
    3  224  249  225    3
    3  225  249  250    3
    3  225  250  226    3
    3  226  250  251    3
    3  226  251  227    3
    3  227  251  252    3
    3  227  252  228    3
    3  228  252  253    3
    3  228  253  229    3
    3  229  253  254    3
    3  229  254  230    3
    3  230  254  255    3
    3  230  255  231    3
    3  231  255  256    3
    3  231  256  232    3
    3  232  256  257    3
    3  232  257  233    3
    3  233  257  258    3
    3  233  258  234    3
    3  234  258  259    3
    3  234  259  235    3
    3  235  259  260    3
    3  235  260  236    3
    3  236  260  261    3
    3  236  261  237    3
    3  237  261  262    3
    3  237  262  238    3
    3  238  262  263    3
    3  238  263  239    3
    3  239  263  264    3
    3  239  264  240    3
    3  240  264  241    3
    3  240  241  217    3
    3  264  265  241    3
    3  264  266  265    3
    3  263  266  264    3
    3  263  267  266    3
    3  262  267  263    3
    3  262  268  267    3
    3  261  268  262    3
    3  261  269  268    3
    3  260  269  261    3
    3  260  270  269    3
    3  259  270  260    3
    3  259  271  270    3
    3  258  271  259    3
    3  258  272  271    3
    3  257  272  258    3
    3  257  273  272    3
    3  256  273  257    3
    3  256  274  273    3
    3  255  274  256    3
    3  255  275  274    3
    3  254  275  255    3
    3  254  276  275    3
    3  253  276  254    3
    3  253  277  276    3
    3  252  277  253    3
    3  252  278  277    3
    3  251  278  252    3
    3  251  279  278    3
    3  250  279  251    3
    3  250  280  279    3
    3  249  280  250    3
    3  249  281  280    3
    3  248  281  249    3
    3  248  282  281    3
    3  247  282  248    3
    3  247  283  282    3
    3  246  283  247    3
    3  246  284  283    3
    3  245  284  246    3
    3  245  285  284    3
    3  244  285  245    3
    3  244  286  285    3
    3  243  286  244    3
    3  243  287  286    3
    3  242  287  243    3
    3  242  288  287    3
    3  241  288  242    3
    3  241  265  288    3
    3  289  279  290    1
    3  291  288  292    1
    3  293  294  295    3
    3  296  275  276    1
    3  297  298  299    1
    3  300  301  302    1
    3  303  304  305    3
    3  292  306  307    1
    3  308  309  310    4
    3  300  293  301    1
    3  311  312  313    3
    3  290  314  315    1
    3  316  317  318    1
    3  319  320  321    3
    3  317  322  308    1
    3  286  323  285    1
    3  286  287  320    1
    3  298  297  293    1
    3  324  325  273    1
    3  326  271  272    1
    3  327  328  301    1
    3  329  326  330    1
    3  300  331  304    1
    3  332  282  302    1
    3  272  325  326    1
    3  296  276  316    1
    3  296  333  275    1
    3  324  334  325    1
    3  335  329  336    1
    3  315  328  337    1
    3  338  339  303    3
    3  334  340  341    4
    3  279  289  278    1
    3  274  275  333    1
    3  322  278  289    1
    3  342  343  344    3
    3  332  301  328    1
    3  314  290  280    1
    3  345  338  346    3
    3  324  333  334    1
    3  277  316  276    1
    3  266  267  335    1
    3  288  291  287    1
    3  347  348  349    3
    3  316  322  317    1
    3  297  350  351    4
    3  327  301  293    1
    3  283  331  302    1
    3  352  353  354    4
    3  326  269  270    1
    3  332  302  301    1
    3  355  299  298    1
    3  312  356  357    3
    3  330  355  329    1
    3  336  306  335    1
    3  271  326  270    1
    3  358  359  360    4
    3  298  361  362    3
    3  283  302  282    1
    3  336  329  355    1
    3  326  363  330    1
    3  265  292  288    1
    3  300  364  365    3
    3  366  367  368    4
    3  333  318  334    1
    3  369  361  370    3
    3  327  293  297    1
    3  278  322  277    1
    3  320  291  356    3
    3  371  285  323    1
    3  363  325  334    1
    3  371  331  284    1
    3  364  339  349    3
    3  268  335  267    1
    3  372  363  373    4
    3  280  290  279    1
    3  266  306  265    1
    3  316  277  322    1
    3  328  315  314    1
    3  308  315  367    1
    3  355  330  372    1
    3  327  297  337    1
    3  280  281  314    1
    3  374  340  375    4
    3  296  316  318    1
    3  352  376  377    4
    3  355  307  336    1
    3  292  343  378    3
    3  326  325  363    1
    3  320  287  291    1
    3  345  319  379    3
    3  380  372  381    4
    3  358  366  382    4
    3  268  329  335    1
    3  273  274  324    1
    3  336  307  306    1
    3  265  306  292    1
    3  296  318  333    1
    3  383  374  384    4
    3  329  268  269    1
    3  385  373  386    4
    3  333  324  274    1
    3  283  284  331    1
    3  298  307  355    1
    3  299  353  387    4
    3  308  289  315    1
    3  273  325  272    1
    3  327  337  328    1
    3  388  376  389    4
    3  314  332  328    1
    3  281  282  332    1
    3  315  289  290    1
    3  363  372  330    1
    3  355  372  299    1
    3  285  371  284    1
    3  314  281  332    1
    3  269  326  329    1
    3  369  347  311    3
    3  266  335  306    1
    3  286  320  323    1
    3  308  322  289    1
    3  300  302  331    1
    3  343  390  313    3
    3  292  307  344    3
    3  298  348  370    3
    3  361  390  342    3
    3  343  342  390    3
    3  342  307  362    3
    3  347  369  348    3
    3  361  369  390    3
    3  369  311  390    3
    3  312  311  347    3
    3  311  313  390    3
    3  313  312  378    3
    3  298  362  307    3
    3  342  362  361    3
    3  342  344  307    3
    3  292  344  343    3
    3  369  370  348    3
    3  298  370  361    3
    3  292  378  312    3
    3  313  378  343    3
    3  334  318  375    4
    3  340  391  388    4
    3  318  317  384    4
    3  340  374  391    4
    3  352  385  389    4
    3  376  391  359    4
    3  376  388  391    4
    3  388  385  341    4
    3  359  391  383    4
    3  359  358  377    4
    3  374  383  391    4
    3  383  317  360    4
    3  374  375  318    4
    3  334  375  340    4
    3  334  341  385    4
    3  388  341  340    4
    3  388  389  385    4
    3  352  389  376    4
    3  352  377  358    4
    3  359  377  376    4
    3  358  360  317    4
    3  383  360  359    4
    3  383  384  317    4
    3  318  384  374    4
    3  367  358  309    4
    3  315  337  368    1
    3  353  352  350    4
    3  353  299  380    4
    3  372  380  299    4
    3  380  385  354    4
    3  350  352  392    4
    3  350  297  387    4
    3  366  337  392    4
    3  367  366  358    4
    3  363  334  386    4
    3  373  385  381    4
    3  392  337  351    4
    3  392  352  382    4
    3  380  381  385    4
    3  373  381  372    4
    3  358  317  310    4
    3  367  309  308    4
    3  385  386  334    4
    3  363  386  373    4
    3  366  368  337    4
    3  315  368  367    1
    3  299  387  297    4
    3  350  387  353    4
    3  352  354  385    4
    3  380  354  353    4
    3  358  382  352    4
    3  392  382  366    4
    3  297  351  337    4
    3  392  351  350    4
    3  308  310  317    4
    3  358  310  309    4
    3  312  347  379    3
    3  320  319  323    3
    3  371  323  346    3
    3  338  347  393    3
    3  364  300  394    3
    3  364  348  294    3
    3  319  345  323    3
    3  338  345  347    3
    3  348  298  295    3
    3  294  293  365    3
    3  304  339  394    3
    3  331  371  305    1
    3  364  349  348    3
    3  349  339  393    3
    3  338  393  339    3
    3  349  393  347    3
    3  338  303  371    3
    3  304  303  339    3
    3  356  312  321    3
    3  291  292  357    3
    3  364  394  339    3
    3  304  394  300    3
    3  319  321  312    3
    3  356  321  320    3
    3  293  295  298    3
    3  348  295  294    3
    3  312  357  292    3
    3  291  357  356    3
    3  345  346  323    3
    3  371  346  338    3
    3  303  305  371    3
    3  331  305  304    1
    3  345  379  347    3
    3  312  379  319    3
    3  300  365  293    3
    3  294  365  364    3
C Prescribed Values(Inlet, Outlet), InteractionSurface(Inlet, Outlet)
       3        1        0        2        2        2
C Inlet Velocity
C     Vx,           Vy,            Vz,    indVx,indVy,indVz, FunID (3E18.9, 4I5)
   0.000000000e+00   1.000000000e+00   0.000000000e+00    1    0    1    4
C Inlet Pressure, FunID (E18.9,I5)
   1.000000000e+00    3
C Outlet Pressure (E18.9,I5)
   1.000000000e+00    2
C Inlet Velocity
C nNodeID,    Vx,           Vy,            Vz (I5, 3E18.9)
  265
    1   1.100000000e+00   3.700000000e+00  -4.000000000e-01
    2   4.000000000e-01   3.500000000e+00  -1.600000000e+00
    3   7.000000000e-01   3.500000000e+00  -1.300000000e+00
    4   1.000000000e+00   3.500000000e+00  -1.300000000e+00
    5   1.300000000e+00   3.500000000e+00  -1.200000000e+00
    6   1.500000000e+00   3.500000000e+00  -1.100000000e+00
    7   1.800000000e+00   3.500000000e+00  -9.000000000e-01
    8   2.300000000e+00   3.500000000e+00  -7.000000000e-01
    9   2.900000000e+00   3.500000000e+00  -3.000000000e-01
   10   3.100000000e+00   3.500000000e+00   3.000000000e-01
   11   3.000000000e+00   3.500000000e+00   9.000000000e-01
   12   2.600000000e+00   3.500000000e+00   1.500000000e+00
   13   1.900000000e+00   3.500000000e+00   1.600000000e+00
   14   1.300000000e+00   3.500000000e+00   1.300000000e+00
   15   9.000000000e-01   3.500000000e+00   1.000000000e+00
   16   6.000000000e-01   3.500000000e+00   7.000000000e-01
   17   7.000000000e-01   3.500000000e+00   0.000000000e+00
   18   1.300000000e+00   3.500000000e+00  -6.000000000e-01
   19   1.800000000e+00   3.500000000e+00  -8.000000000e-01
   20   1.400000000e+00   3.500000000e+00  -4.000000000e-01
   21   0.000000000e+00   3.500000000e+00  -2.000000000e-01
   22  -8.000000000e-01   3.500000000e+00  -6.000000000e-01
   23  -9.000000000e-01   3.500000000e+00  -1.200000000e+00
   24  -7.000000000e-01   3.500000000e+00  -1.800000000e+00
   25  -2.000000000e-01   3.500000000e+00  -2.000000000e+00
   26   2.000000000e-01   3.300000000e+00  -2.800000000e+00
   27   9.000000000e-01   3.300000000e+00  -2.700000000e+00
   28   1.400000000e+00   3.300000000e+00  -2.400000000e+00
   29   1.800000000e+00   3.300000000e+00  -1.800000000e+00
   30   1.900000000e+00   3.300000000e+00  -1.300000000e+00
   31   2.100000000e+00   3.300000000e+00  -1.000000000e+00
   32   2.600000000e+00   3.300000000e+00  -8.000000000e-01
   33   3.300000000e+00   3.300000000e+00  -3.000000000e-01
   34   3.700000000e+00   3.300000000e+00   5.000000000e-01
   35   3.800000000e+00   3.300000000e+00   1.300000000e+00
   36   3.200000000e+00   3.300000000e+00   2.100000000e+00
   37   2.500000000e+00   3.300000000e+00   2.300000000e+00
   38   1.700000000e+00   3.300000000e+00   2.200000000e+00
   39   1.000000000e+00   3.300000000e+00   2.000000000e+00
   40   5.000000000e-01   3.300000000e+00   1.700000000e+00
   41   4.000000000e-01   3.300000000e+00   7.000000000e-01
   42   1.000000000e+00   3.300000000e+00  -3.000000000e-01
   43   1.500000000e+00   3.300000000e+00  -6.000000000e-01
   44   1.100000000e+00   3.300000000e+00  -2.000000000e-01
   45  -1.000000000e-01   3.300000000e+00  -2.000000000e-01
   46  -9.000000000e-01   3.300000000e+00  -7.000000000e-01
   47  -1.000000000e+00   3.300000000e+00  -1.300000000e+00
   48  -9.000000000e-01   3.300000000e+00  -2.000000000e+00
   49  -5.000000000e-01   3.300000000e+00  -2.700000000e+00
   50   2.000000000e-01   3.000000000e+00  -4.700000000e+00
   51   1.200000000e+00   3.000000000e+00  -4.600000000e+00
   52   2.100000000e+00   3.000000000e+00  -4.100000000e+00
   53   2.600000000e+00   3.000000000e+00  -3.300000000e+00
   54   2.700000000e+00   3.000000000e+00  -2.400000000e+00
   55   3.100000000e+00   3.000000000e+00  -2.000000000e+00
   56   3.700000000e+00   3.000000000e+00  -1.500000000e+00
   57   4.300000000e+00   3.000000000e+00  -1.000000000e+00
   58   4.700000000e+00   3.000000000e+00   0.000000000e+00
   59   4.600000000e+00   3.000000000e+00   1.000000000e+00
   60   4.000000000e+00   3.000000000e+00   1.800000000e+00
   61   3.000000000e+00   3.000000000e+00   2.000000000e+00
   62   2.000000000e+00   3.000000000e+00   1.600000000e+00
   63   1.400000000e+00   3.000000000e+00   1.100000000e+00
   64   9.000000000e-01   3.000000000e+00   8.000000000e-01
   65   8.000000000e-01   3.000000000e+00   0.000000000e+00
   66   1.400000000e+00   3.000000000e+00  -8.000000000e-01
   67   1.700000000e+00   3.000000000e+00  -1.100000000e+00
   68   1.600000000e+00   3.000000000e+00  -8.000000000e-01
   69   5.000000000e-01   3.000000000e+00  -8.000000000e-01
   70  -4.000000000e-01   3.000000000e+00  -1.200000000e+00
   71  -6.000000000e-01   3.000000000e+00  -1.900000000e+00
   72  -7.000000000e-01   3.000000000e+00  -2.800000000e+00
   73  -5.000000000e-01   3.000000000e+00  -4.000000000e+00
   74   1.000000000e-01   2.900000000e+00  -6.200000000e+00
   75   1.500000000e+00   2.900000000e+00  -6.200000000e+00
   76   2.700000000e+00   2.900000000e+00  -5.300000000e+00
   77   3.100000000e+00   2.900000000e+00  -3.900000000e+00
   78   3.100000000e+00   2.900000000e+00  -2.700000000e+00
   79   3.300000000e+00   2.900000000e+00  -2.200000000e+00
   80   4.100000000e+00   2.900000000e+00  -1.800000000e+00
   81   5.100000000e+00   2.900000000e+00  -1.100000000e+00
   82   5.800000000e+00   2.900000000e+00   0.000000000e+00
   83   6.000000000e+00   2.900000000e+00   1.400000000e+00
   84   5.100000000e+00   2.900000000e+00   2.500000000e+00
   85   3.700000000e+00   2.900000000e+00   2.600000000e+00
   86   2.400000000e+00   2.900000000e+00   1.900000000e+00
   87   1.600000000e+00   2.900000000e+00   1.200000000e+00
   88   1.100000000e+00   2.900000000e+00   9.000000000e-01
   89   9.000000000e-01   2.900000000e+00   2.000000000e-01
   90   1.200000000e+00   2.900000000e+00  -6.000000000e-01
   91   1.600000000e+00   2.900000000e+00  -1.000000000e+00
   92   1.400000000e+00   2.900000000e+00  -9.000000000e-01
   93   5.000000000e-01   2.900000000e+00  -9.000000000e-01
   94  -2.000000000e-01   2.900000000e+00  -1.400000000e+00
   95  -5.000000000e-01   2.900000000e+00  -2.200000000e+00
   96  -8.000000000e-01   2.900000000e+00  -3.300000000e+00
   97  -8.000000000e-01   2.900000000e+00  -5.000000000e+00
   98  -2.000000000e-01   2.700000000e+00  -7.000000000e+00
   99   1.500000000e+00   2.700000000e+00  -7.000000000e+00
  100   2.800000000e+00   2.700000000e+00  -5.800000000e+00
  101   3.200000000e+00   2.700000000e+00  -3.900000000e+00
  102   2.900000000e+00   2.700000000e+00  -2.400000000e+00
  103   3.000000000e+00   2.700000000e+00  -1.800000000e+00
  104   3.900000000e+00   2.700000000e+00  -1.600000000e+00
  105   5.200000000e+00   2.700000000e+00  -1.000000000e+00
  106   6.400000000e+00   2.700000000e+00   3.000000000e-01
  107   6.700000000e+00   2.700000000e+00   2.000000000e+00
  108   5.800000000e+00   2.700000000e+00   3.200000000e+00
  109   4.000000000e+00   2.700000000e+00   3.300000000e+00
  110   2.600000000e+00   2.700000000e+00   2.600000000e+00
  111   1.700000000e+00   2.700000000e+00   1.800000000e+00
  112   1.100000000e+00   2.700000000e+00   1.500000000e+00
  113   8.000000000e-01   2.700000000e+00   8.000000000e-01
  114   9.000000000e-01   2.700000000e+00  -2.000000000e-01
  115   1.300000000e+00   2.700000000e+00  -6.000000000e-01
  116   1.200000000e+00   2.700000000e+00  -7.000000000e-01
  117   5.000000000e-01   2.700000000e+00  -8.000000000e-01
  118   0.000000000e+00   2.700000000e+00  -1.200000000e+00
  119  -2.000000000e-01   2.700000000e+00  -1.900000000e+00
  120  -8.000000000e-01   2.700000000e+00  -3.200000000e+00
  121  -1.000000000e+00   2.700000000e+00  -5.200000000e+00
  122  -1.000000000e-01   2.500000000e+00  -7.400000000e+00
  123   1.600000000e+00   2.500000000e+00  -7.400000000e+00
  124   3.100000000e+00   2.500000000e+00  -6.300000000e+00
  125   3.700000000e+00   2.500000000e+00  -4.400000000e+00
  126   3.300000000e+00   2.500000000e+00  -2.700000000e+00
  127   3.400000000e+00   2.500000000e+00  -2.000000000e+00
  128   4.100000000e+00   2.500000000e+00  -1.600000000e+00
  129   5.200000000e+00   2.500000000e+00  -9.000000000e-01
  130   6.100000000e+00   2.500000000e+00   2.000000000e-01
  131   6.300000000e+00   2.500000000e+00   1.700000000e+00
  132   5.700000000e+00   2.500000000e+00   3.000000000e+00
  133   4.200000000e+00   2.500000000e+00   3.400000000e+00
  134   2.900000000e+00   2.500000000e+00   3.200000000e+00
  135   1.800000000e+00   2.500000000e+00   2.700000000e+00
  136   1.000000000e+00   2.500000000e+00   2.300000000e+00
  137   5.000000000e-01   2.500000000e+00   1.300000000e+00
  138   9.000000000e-01   2.500000000e+00   0.000000000e+00
  139   1.500000000e+00   2.500000000e+00  -6.000000000e-01
  140   1.500000000e+00   2.500000000e+00  -7.000000000e-01
  141   9.000000000e-01   2.500000000e+00  -8.000000000e-01
  142   4.000000000e-01   2.500000000e+00  -1.100000000e+00
  143   0.000000000e+00   2.500000000e+00  -1.700000000e+00
  144  -6.000000000e-01   2.500000000e+00  -3.100000000e+00
  145  -1.100000000e+00   2.500000000e+00  -5.400000000e+00
  146  -4.000000000e-01   2.200000000e+00  -7.200000000e+00
  147   1.500000000e+00   2.200000000e+00  -7.200000000e+00
  148   2.800000000e+00   2.200000000e+00  -5.900000000e+00
  149   3.500000000e+00   2.200000000e+00  -4.000000000e+00
  150   3.100000000e+00   2.200000000e+00  -2.300000000e+00
  151   3.000000000e+00   2.200000000e+00  -1.500000000e+00
  152   3.700000000e+00   2.200000000e+00  -1.200000000e+00
  153   4.900000000e+00   2.200000000e+00  -6.000000000e-01
  154   5.900000000e+00   2.200000000e+00   5.000000000e-01
  155   6.100000000e+00   2.200000000e+00   2.000000000e+00
  156   5.500000000e+00   2.200000000e+00   3.400000000e+00
  157   4.300000000e+00   2.200000000e+00   4.100000000e+00
  158   2.900000000e+00   2.200000000e+00   4.200000000e+00
  159   1.600000000e+00   2.200000000e+00   4.000000000e+00
  160   5.000000000e-01   2.200000000e+00   3.500000000e+00
  161   1.000000000e-01   2.200000000e+00   2.200000000e+00
  162   6.000000000e-01   2.200000000e+00   5.000000000e-01
  163   1.100000000e+00   2.200000000e+00  -2.000000000e-01
  164   1.200000000e+00   2.200000000e+00  -3.000000000e-01
  165   6.000000000e-01   2.200000000e+00  -5.000000000e-01
  166   0.000000000e+00   2.200000000e+00  -8.000000000e-01
  167  -3.000000000e-01   2.200000000e+00  -1.500000000e+00
  168  -9.000000000e-01   2.200000000e+00  -2.900000000e+00
  169  -1.300000000e+00   2.200000000e+00  -5.200000000e+00
  170   0.000000000e+00   2.000000000e+00  -7.100000000e+00
  171   1.700000000e+00   2.000000000e+00  -7.100000000e+00
  172   3.000000000e+00   2.000000000e+00  -5.900000000e+00
  173   3.600000000e+00   2.000000000e+00  -4.300000000e+00
  174   3.500000000e+00   2.000000000e+00  -2.700000000e+00
  175   3.500000000e+00   2.000000000e+00  -1.900000000e+00
  176   4.300000000e+00   2.000000000e+00  -1.500000000e+00
  177   5.400000000e+00   2.000000000e+00  -9.000000000e-01
  178   6.200000000e+00   2.000000000e+00   4.000000000e-01
  179   6.300000000e+00   2.000000000e+00   1.900000000e+00
  180   5.700000000e+00   2.000000000e+00   3.100000000e+00
  181   4.500000000e+00   2.000000000e+00   3.800000000e+00
  182   3.100000000e+00   2.000000000e+00   3.900000000e+00
  183   1.900000000e+00   2.000000000e+00   3.500000000e+00
  184   9.000000000e-01   2.000000000e+00   3.100000000e+00
  185   5.000000000e-01   2.000000000e+00   1.600000000e+00
  186   1.200000000e+00   2.000000000e+00  -1.000000000e-01
  187   1.900000000e+00   2.000000000e+00  -6.000000000e-01
  188   1.800000000e+00   2.000000000e+00  -5.000000000e-01
  189   7.000000000e-01   2.000000000e+00  -6.000000000e-01
  190   0.000000000e+00   2.000000000e+00  -1.100000000e+00
  191  -3.000000000e-01   2.000000000e+00  -1.800000000e+00
  192  -8.000000000e-01   2.000000000e+00  -3.100000000e+00
  193  -1.000000000e+00   2.000000000e+00  -5.300000000e+00
  194   5.000000000e-01   1.900000000e+00  -6.800000000e+00
  195   2.100000000e+00   1.900000000e+00  -6.700000000e+00
  196   3.500000000e+00   1.900000000e+00  -6.000000000e+00
  197   4.400000000e+00   1.900000000e+00  -5.000000000e+00
  198   4.900000000e+00   1.900000000e+00  -4.000000000e+00
  199   5.500000000e+00   1.900000000e+00  -3.000000000e+00
  200   6.200000000e+00   1.900000000e+00  -2.000000000e+00
  201   7.200000000e+00   1.900000000e+00  -9.000000000e-01
  202   7.700000000e+00   1.900000000e+00   5.000000000e-01
  203   7.600000000e+00   1.900000000e+00   2.100000000e+00
  204   6.800000000e+00   1.900000000e+00   3.600000000e+00
  205   5.200000000e+00   1.900000000e+00   4.100000000e+00
  206   3.600000000e+00   1.900000000e+00   3.800000000e+00
  207   2.300000000e+00   1.900000000e+00   3.100000000e+00
  208   1.400000000e+00   1.900000000e+00   2.600000000e+00
  209   9.000000000e-01   1.900000000e+00   1.600000000e+00
  210   1.600000000e+00   1.900000000e+00   0.000000000e+00
  211   2.000000000e+00   1.900000000e+00  -7.000000000e-01
  212   1.800000000e+00   1.900000000e+00  -6.000000000e-01
  213   5.000000000e-01   1.900000000e+00  -8.000000000e-01
  214  -1.000000000e-01   1.900000000e+00  -1.400000000e+00
  215  -5.000000000e-01   1.900000000e+00  -2.300000000e+00
  216  -8.000000000e-01   1.900000000e+00  -3.700000000e+00
  217  -6.000000000e-01   1.900000000e+00  -5.600000000e+00
  218   7.000000000e-01   1.600000000e+00  -6.800000000e+00
  219   2.300000000e+00   1.600000000e+00  -6.900000000e+00
  220   3.700000000e+00   1.600000000e+00  -6.400000000e+00
  221   4.800000000e+00   1.600000000e+00  -5.300000000e+00
  222   5.500000000e+00   1.600000000e+00  -4.000000000e+00
  223   6.100000000e+00   1.600000000e+00  -3.000000000e+00
  224   6.800000000e+00   1.600000000e+00  -2.300000000e+00
  225   7.500000000e+00   1.600000000e+00  -1.000000000e+00
  226   7.800000000e+00   1.600000000e+00   4.000000000e-01
  227   7.500000000e+00   1.600000000e+00   1.900000000e+00
  228   6.800000000e+00   1.600000000e+00   3.300000000e+00
  229   5.300000000e+00   1.600000000e+00   3.900000000e+00
  230   3.700000000e+00   1.600000000e+00   3.700000000e+00
  231   2.500000000e+00   1.600000000e+00   3.200000000e+00
  232   1.500000000e+00   1.600000000e+00   2.600000000e+00
  233   9.000000000e-01   1.600000000e+00   1.900000000e+00
  234   1.600000000e+00   1.600000000e+00   1.000000000e-01
  235   2.100000000e+00   1.600000000e+00  -6.000000000e-01
  236   1.900000000e+00   1.600000000e+00  -7.000000000e-01
  237   8.000000000e-01   1.600000000e+00  -8.000000000e-01
  238   3.000000000e-01   1.600000000e+00  -1.400000000e+00
  239  -2.000000000e-01   1.600000000e+00  -2.300000000e+00
  240  -6.000000000e-01   1.600000000e+00  -3.700000000e+00
  241  -5.000000000e-01   1.600000000e+00  -5.700000000e+00
  242   9.000000000e-01   1.400000000e+00  -7.500000000e+00
  243   2.700000000e+00   1.400000000e+00  -7.400000000e+00
  244   4.400000000e+00   1.400000000e+00  -7.300000000e+00
  245   5.700000000e+00   1.400000000e+00  -6.400000000e+00
  246   6.800000000e+00   1.400000000e+00  -5.000000000e+00
  247   7.700000000e+00   1.400000000e+00  -4.000000000e+00
  248   8.400000000e+00   1.400000000e+00  -2.000000000e+00
  249   8.800000000e+00   1.400000000e+00  -1.000000000e+00
  250   8.900000000e+00   1.400000000e+00   6.000000000e-01
  251   8.500000000e+00   1.400000000e+00   2.300000000e+00
  252   7.500000000e+00   1.400000000e+00   3.800000000e+00
  253   5.800000000e+00   1.400000000e+00   4.300000000e+00
  254   4.100000000e+00   1.400000000e+00   3.800000000e+00
  255   2.800000000e+00   1.400000000e+00   3.000000000e+00
  256   2.000000000e+00   1.400000000e+00   2.400000000e+00
  257   9.000000000e-01   1.400000000e+00   2.500000000e+00
  258   6.000000000e-01   1.400000000e+00   1.500000000e+00
  259   6.000000000e-01   1.400000000e+00   4.000000000e-01
  260   8.000000000e-01   1.400000000e+00  -3.000000000e-01
  261   1.200000000e+00   1.400000000e+00  -8.000000000e-01
  262   1.400000000e+00   1.400000000e+00  -1.100000000e+00
  263   8.000000000e-01   1.400000000e+00  -1.900000000e+00
  264   1.000000000e-01   1.400000000e+00  -3.400000000e+00
  265  -3.000000000e-01   1.400000000e+00  -6.000000000e+00
C Region List
