C PointsNum,MaxElemVol,TetGenParams,nAtrib,IndMov,MDMaxVolume,MDomDiv,MDOnly,MDDivF,MDPrescP
  395    1.000000e+00 YYpznno2q1.414a     0     0    1.000000e+00     1     0     0     0     0     0 YYpznno2q1.414a
  -2.172148000e-01  -7.841570000e+00   1.481900000e-02
  -9.122900000e-03  -7.405820000e+00   9.149840000e-01
  -2.454590000e-01  -7.405820000e+00   9.030480000e-01
  -4.608280000e-01  -7.405820000e+00   8.162330000e-01
  -6.432570000e-01  -7.405820000e+00   6.882300000e-01
  -7.914580000e-01  -7.405820000e+00   5.308930000e-01
  -9.038340000e-01  -7.405820000e+00   3.474290000e-01
  -9.837890000e-01  -7.405820000e+00   1.440960000e-01
  -1.029068000e+00  -7.405820000e+00  -7.978800000e-02
  -1.020557000e+00  -7.405820000e+00  -3.217610000e-01
  -9.260870000e-01  -7.405820000e+00  -5.498680000e-01
  -7.345420000e-01  -7.405820000e+00  -7.067370000e-01
  -5.057010000e-01  -7.405820000e+00  -7.795250000e-01
  -2.831229000e-01  -7.405820000e+00  -7.983890000e-01
  -7.144800000e-02  -7.405820000e+00  -7.828340000e-01
   1.253440000e-01  -7.405820000e+00  -7.153610000e-01
   2.694660000e-01  -7.405820000e+00  -5.704930000e-01
   3.655370000e-01  -7.405820000e+00  -4.088660000e-01
   4.357250000e-01  -7.405820000e+00  -2.504650000e-01
   4.621810000e-01  -7.405820000e+00  -8.690400000e-02
   4.464040000e-01  -7.405820000e+00   7.209800000e-02
   4.159050000e-01  -7.405820000e+00   2.252130000e-01
   3.691650000e-01  -7.405820000e+00   3.863840000e-01
   3.067470000e-01  -7.405820000e+00   5.740700000e-01
   1.966420000e-01  -7.405820000e+00   7.939680000e-01
  -3.608340000e-02  -6.970070000e+00   1.218310000e+00
  -3.514520000e-01  -6.970070000e+00   1.195125000e+00
  -6.366990000e-01  -6.970070000e+00   1.079763000e+00
  -8.794050000e-01  -6.970070000e+00   9.109350000e-01
  -1.079928000e+00  -6.970070000e+00   7.036800000e-01
  -1.235520000e+00  -6.970070000e+00   4.623960000e-01
  -1.360600000e+00  -6.970070000e+00   1.916132000e-01
  -1.447030000e+00  -6.970070000e+00  -1.160150000e-01
  -1.459650000e+00  -6.970070000e+00  -4.618790000e-01
  -1.332598000e+00  -6.970070000e+00  -7.919010000e-01
  -1.050129000e+00  -6.970070000e+00  -1.003340000e+00
  -7.157920000e-01  -6.970070000e+00  -1.080840000e+00
  -4.040834000e-01  -6.970070000e+00  -1.085650000e+00
  -1.188710000e-01  -6.970070000e+00  -1.049470000e+00
   1.415210000e-01  -6.970070000e+00  -9.579090000e-01
   3.299010000e-01  -6.970070000e+00  -7.583710000e-01
   4.507500000e-01  -6.970070000e+00  -5.389380000e-01
   5.401340000e-01  -6.970070000e+00  -3.312580000e-01
   5.879860000e-01  -6.970070000e+00  -1.193868000e-01
   5.842410000e-01  -6.970070000e+00   9.220300000e-02
   5.561710000e-01  -6.970070000e+00   3.053610000e-01
   4.966970000e-01  -6.970070000e+00   5.293930000e-01
   4.065450000e-01  -6.970070000e+00   7.877270000e-01
   2.469450000e-01  -6.970070000e+00   1.074034000e+00
  -8.527100000e-02  -6.534310000e+00   1.415160000e+00
  -4.529520000e-01  -6.534310000e+00   1.389930000e+00
  -7.897170000e-01  -6.534310000e+00   1.264374000e+00
  -1.081431000e+00  -6.534310000e+00   1.075688000e+00
  -1.323160000e+00  -6.534310000e+00   8.328940000e-01
  -1.514030000e+00  -6.534310000e+00   5.480600000e-01
  -1.675430000e+00  -6.534310000e+00   2.265288000e-01
  -1.797910000e+00  -6.534310000e+00  -1.473190000e-01
  -1.831080000e+00  -6.534310000e+00  -5.755190000e-01
  -1.678860000e+00  -6.534310000e+00  -9.860640000e-01
  -1.313643000e+00  -6.534310000e+00  -1.230050000e+00
  -8.904120000e-01  -6.534310000e+00  -1.287200000e+00
  -5.152710000e-01  -6.534310000e+00  -1.262670000e+00
  -1.870850000e-01  -6.534310000e+00  -1.204310000e+00
   1.133810000e-01  -6.534310000e+00  -1.104105000e+00
   3.369140000e-01  -6.534310000e+00  -8.826560000e-01
   4.782660000e-01  -6.534310000e+00  -6.292660000e-01
   5.808670000e-01  -6.534310000e+00  -3.871500000e-01
   6.341260000e-01  -6.534310000e+00  -1.404712000e-01
   6.240710000e-01  -6.534310000e+00   1.036170000e-01
   5.911910000e-01  -6.534310000e+00   3.481430000e-01
   5.290120000e-01  -6.534310000e+00   6.108120000e-01
   4.344670000e-01  -6.534310000e+00   9.213000000e-01
   2.503980000e-01  -6.534310000e+00   1.261800000e+00
  -1.339060000e-01  -6.098560000e+00   1.570210000e+00
  -5.447960000e-01  -6.098560000e+00   1.546460000e+00
  -9.250470000e-01  -6.098560000e+00   1.416660000e+00
  -1.260810000e+00  -6.098560000e+00   1.210637000e+00
  -1.539090000e+00  -6.098560000e+00   9.383420000e-01
  -1.758580000e+00  -6.098560000e+00   6.135060000e-01
  -1.945380000e+00  -6.098560000e+00   2.477276000e-01
  -2.089640000e+00  -6.098560000e+00  -1.798470000e-01
  -2.130630000e+00  -6.098560000e+00  -6.722860000e-01
  -1.956090000e+00  -6.098560000e+00  -1.144460000e+00
  -1.535030000e+00  -6.098560000e+00  -1.421750000e+00
  -1.043791000e+00  -6.098560000e+00  -1.477720000e+00
  -6.169060000e-01  -6.098560000e+00  -1.440640000e+00
  -2.454300000e-01  -6.098560000e+00  -1.368400000e+00
   9.415500000e-02  -6.098560000e+00  -1.257250000e+00
   3.458320000e-01  -6.098560000e+00  -1.007010000e+00
   5.004680000e-01  -6.098560000e+00  -7.155840000e-01
   6.070970000e-01  -6.098560000e+00  -4.406180000e-01
   6.579920000e-01  -6.098560000e+00  -1.652724000e-01
   6.285360000e-01  -6.098560000e+00   1.026570000e-01
   5.918740000e-01  -6.098560000e+00   3.668790000e-01
   5.306160000e-01  -6.098560000e+00   6.552490000e-01
   4.416960000e-01  -6.098560000e+00   1.011710000e+00
   2.439540000e-01  -6.098560000e+00   1.405800000e+00
  -1.632050000e-01  -5.663800000e+00   1.705060000e+00
  -6.105600000e-01  -5.663800000e+00   1.683910000e+00
  -1.027437000e+00  -5.663800000e+00   1.546890000e+00
  -1.396770000e+00  -5.663800000e+00   1.326361000e+00
  -1.702770000e+00  -5.663800000e+00   1.028382000e+00
  -1.940940000e+00  -5.663800000e+00   6.718580000e-01
  -2.140730000e+00  -5.663800000e+00   2.708001000e-01
  -2.288890000e+00  -5.663800000e+00  -1.955470000e-01
  -2.324990000e+00  -5.663800000e+00  -7.272160000e-01
  -2.135810000e+00  -5.663800000e+00  -1.236810000e+00
  -1.682990000e+00  -5.663800000e+00  -1.540390000e+00
  -1.152682000e+00  -5.663800000e+00  -1.604810000e+00
  -6.882050000e-01  -5.663800000e+00  -1.563370000e+00
  -2.849680000e-01  -5.663800000e+00  -1.483200000e+00
   8.351700000e-02  -5.663800000e+00  -1.365170000e+00
   3.585360000e-01  -5.663800000e+00  -1.094940000e+00
   5.220970000e-01  -5.663800000e+00  -7.748540000e-01
   6.325120000e-01  -5.663800000e+00  -4.748530000e-01
   6.730680000e-01  -5.663800000e+00  -1.761999000e-01
   6.199090000e-01  -5.663800000e+00   1.060060000e-01
   5.856970000e-01  -5.663800000e+00   3.823950000e-01
   5.284360000e-01  -5.663800000e+00   6.894410000e-01
   4.473280000e-01  -5.663800000e+00   1.080280000e+00
   2.468210000e-01  -5.663800000e+00   1.526470000e+00
  -1.898390000e-01  -5.228050000e+00   1.824360000e+00
  -6.652700000e-01  -5.228050000e+00   1.803020000e+00
  -1.110110000e+00  -5.228050000e+00   1.660090000e+00
  -1.504750000e+00  -5.228050000e+00   1.426486000e+00
  -1.833280000e+00  -5.228050000e+00   1.109312000e+00
  -2.086130000e+00  -5.228050000e+00   7.281110000e-01
  -2.296210000e+00  -5.228050000e+00   2.995741000e-01
  -2.451890000e+00  -5.228050000e+00  -1.962200000e-01
  -2.489590000e+00  -5.228050000e+00  -7.613500000e-01
  -2.292430000e+00  -5.228050000e+00  -1.306020000e+00
  -1.810250000e+00  -5.228050000e+00  -1.629450000e+00
  -1.237796000e+00  -5.228050000e+00  -1.684080000e+00
  -7.428390000e-01  -5.228050000e+00  -1.624270000e+00
  -3.225400000e-01  -5.228050000e+00  -1.527720000e+00
   5.966000000e-02  -5.228050000e+00  -1.405900000e+00
   3.547640000e-01  -5.228050000e+00  -1.141030000e+00
   5.305960000e-01  -5.228050000e+00  -8.068700000e-01
   6.476100000e-01  -5.228050000e+00  -4.901370000e-01
   6.807430000e-01  -5.228050000e+00  -1.734259000e-01
   6.183710000e-01  -5.228050000e+00   1.203270000e-01
   5.827440000e-01  -5.228050000e+00   4.086150000e-01
   5.274040000e-01  -5.228050000e+00   7.318170000e-01
   4.524280000e-01  -5.228050000e+00   1.151310000e+00
   2.467446000e-01  -5.228050000e+00   1.635250000e+00
  -2.466040000e-01  -4.394630000e+00   2.073170000e+00
  -7.784260000e-01  -4.394630000e+00   2.057810000e+00
  -1.280000000e+00  -4.394630000e+00   1.906470000e+00
  -1.729710000e+00  -4.394630000e+00   1.650270000e+00
  -2.104240000e+00  -4.394630000e+00   1.295446000e+00
  -2.383890000e+00  -4.394630000e+00   8.593220000e-01
  -2.600560000e+00  -4.394630000e+00   3.731583000e-01
  -2.745340000e+00  -4.394630000e+00  -1.778550000e-01
  -2.762450000e+00  -4.394630000e+00  -7.907300000e-01
  -2.543690000e+00  -4.394630000e+00  -1.382930000e+00
  -2.025530000e+00  -4.394630000e+00  -1.744320000e+00
  -1.393278000e+00  -4.394630000e+00  -1.788530000e+00
  -8.526040000e-01  -4.394630000e+00  -1.701040000e+00
  -4.035888000e-01  -4.394630000e+00  -1.582430000e+00
   1.540000000e-03  -4.394630000e+00  -1.449680000e+00
   3.268500000e-01  -4.394630000e+00  -1.186296000e+00
   5.176460000e-01  -4.394630000e+00  -8.285100000e-01
   6.387600000e-01  -4.394630000e+00  -4.856590000e-01
   6.482810000e-01  -4.394630000e+00  -1.428417000e-01
   5.640080000e-01  -4.394630000e+00   1.640440000e-01
   5.434470000e-01  -4.394630000e+00   4.676880000e-01
   5.022810000e-01  -4.394630000e+00   8.190430000e-01
   4.509780000e-01  -4.394630000e+00   1.302170000e+00
   2.396162900e-01  -4.394630000e+00   1.862440000e+00
  -2.721530000e-01  -3.560210000e+00   2.298100000e+00
  -8.509590000e-01  -3.560210000e+00   2.282100000e+00
  -1.396980000e+00  -3.560210000e+00   2.115090000e+00
  -1.885220000e+00  -3.560210000e+00   1.834630000e+00
  -2.293990000e+00  -3.560210000e+00   1.449959000e+00
  -2.594310000e+00  -3.560210000e+00   9.732710000e-01
  -2.814540000e+00  -3.560210000e+00   4.415661000e-01
  -2.948270000e+00  -3.560210000e+00  -1.512260000e-01
  -2.945900000e+00  -3.560210000e+00  -7.984400000e-01
  -2.707050000e+00  -3.560210000e+00  -1.421330000e+00
  -2.160520000e+00  -3.560210000e+00  -1.803850000e+00
  -1.480200000e+00  -3.560210000e+00  -1.825790000e+00
  -9.121530000e-01  -3.560210000e+00  -1.709030000e+00
  -4.516358000e-01  -3.560210000e+00  -1.570100000e+00
  -4.063800000e-02  -3.560210000e+00  -1.432070000e+00
   3.143120000e-01  -3.560210000e+00  -1.197900000e+00
   5.447290000e-01  -3.560210000e+00  -8.496660000e-01
   6.913270000e-01  -3.560210000e+00  -4.889530000e-01
   6.509830000e-01  -3.560210000e+00  -1.094339000e-01
   5.460120000e-01  -3.560210000e+00   2.096240000e-01
   5.212080000e-01  -3.560210000e+00   5.226060000e-01
   4.889370000e-01  -3.560210000e+00   8.906600000e-01
   4.581460000e-01  -3.560210000e+00   1.420350000e+00
   2.537498000e-01  -3.560210000e+00   2.058890000e+00
  -2.725970000e-01  -2.726800000e+00   2.370380000e+00
  -8.680400000e-01  -2.726800000e+00   2.378140000e+00
  -1.443120000e+00  -2.726800000e+00   2.233500000e+00
  -1.972750000e+00  -2.726800000e+00   1.963610000e+00
  -2.419220000e+00  -2.726800000e+00   1.565050000e+00
  -2.736390000e+00  -2.726800000e+00   1.053489000e+00
  -2.941530000e+00  -2.726800000e+00   4.814598000e-01
  -3.037860000e+00  -2.726800000e+00  -1.381260000e-01
  -2.989750000e+00  -2.726800000e+00  -7.916500000e-01
  -2.725310000e+00  -2.726800000e+00  -1.407250000e+00
  -2.176030000e+00  -2.726800000e+00  -1.792020000e+00
  -1.492910000e+00  -2.726800000e+00  -1.813590000e+00
  -9.205970000e-01  -2.726800000e+00  -1.693180000e+00
  -4.589577000e-01  -2.726800000e+00  -1.554940000e+00
  -4.502800000e-02  -2.726800000e+00  -1.420580000e+00
   3.294200000e-01  -2.726800000e+00  -1.207560000e+00
   6.020360000e-01  -2.726800000e+00  -8.806920000e-01
   7.799280000e-01  -2.726800000e+00  -5.090050000e-01
   6.948160000e-01  -2.726800000e+00  -9.654020000e-02
   5.644470000e-01  -2.726800000e+00   2.331120000e-01
   5.322710000e-01  -2.726800000e+00   5.510300000e-01
   4.973320000e-01  -2.726800000e+00   9.233900000e-01
   4.657340000e-01  -2.726800000e+00   1.459720000e+00
   2.615627000e-01  -2.726800000e+00   2.115660000e+00
  -2.823260000e-01  -1.893380000e+00   2.426200000e+00
  -8.912400000e-01  -1.893380000e+00   2.437590000e+00
  -1.481650000e+00  -1.893380000e+00   2.291840000e+00
  -2.026030000e+00  -1.893380000e+00   2.016580000e+00
  -2.486820000e+00  -1.893380000e+00   1.609100000e+00
  -2.815740000e+00  -1.893380000e+00   1.084914000e+00
  -3.026190000e+00  -1.893380000e+00   4.948790000e-01
  -3.124510000e+00  -1.893380000e+00  -1.434290000e-01
  -3.072080000e+00  -1.893380000e+00  -8.158800000e-01
  -2.793990000e+00  -1.893380000e+00  -1.444780000e+00
  -2.222350000e+00  -1.893380000e+00  -1.826770000e+00
  -1.517730000e+00  -1.893380000e+00  -1.827960000e+00
  -9.393260000e-01  -1.893380000e+00  -1.695930000e+00
  -4.764214000e-01  -1.893380000e+00  -1.554160000e+00
  -6.218200000e-02  -1.893380000e+00  -1.419220000e+00
   3.239560000e-01  -1.893380000e+00  -1.222400000e+00
   6.278180000e-01  -1.893380000e+00  -9.121490000e-01
   8.327020000e-01  -1.893380000e+00  -5.365870000e-01
   7.150850000e-01  -1.893380000e+00  -9.912100000e-02
   5.544930000e-01  -1.893380000e+00   2.384430000e-01
   5.075080000e-01  -1.893380000e+00   5.540710000e-01
   4.767980000e-01  -1.893380000e+00   9.280030000e-01
   4.561820000e-01  -1.893380000e+00   1.476410000e+00
   2.605200000e-01  -1.893380000e+00   2.159870000e+00
  -3.487900000e-01  -1.059960000e+00   2.344430000e+00
  -9.485300000e-01  -1.059960000e+00   2.381250000e+00
  -1.546820000e+00  -1.059960000e+00   2.273690000e+00
  -2.116170000e+00  -1.059960000e+00   2.026630000e+00
  -2.602020000e+00  -1.059960000e+00   1.621420000e+00
  -2.944340000e+00  -1.059960000e+00   1.083011000e+00
  -3.163630000e+00  -1.059960000e+00   4.742550000e-01
  -3.263860000e+00  -1.059960000e+00  -1.854180000e-01
  -3.205810000e+00  -1.059960000e+00  -8.785900000e-01
  -2.911140000e+00  -1.059960000e+00  -1.522100000e+00
  -2.313750000e+00  -1.059960000e+00  -1.901330000e+00
  -1.587720000e+00  -1.059960000e+00  -1.887720000e+00
  -1.000790000e+00  -1.059960000e+00  -1.743320000e+00
  -5.351575000e-01  -1.059960000e+00  -1.591430000e+00
  -1.224030000e-01  -1.059960000e+00  -1.449230000e+00
   2.717660000e-01  -1.059960000e+00  -1.266300000e+00
   5.829660000e-01  -1.059960000e+00  -9.583440000e-01
   7.902030000e-01  -1.059960000e+00  -5.789380000e-01
   6.558350000e-01  -1.059960000e+00  -1.317450000e-01
   4.355370000e-01  -1.059960000e+00   2.000410000e-01
   3.803420000e-01  -1.059960000e+00   4.977110000e-01
   3.684740000e-01  -1.059960000e+00   8.625190000e-01
   3.824980000e-01  -1.059960000e+00   1.429540000e+00
   1.892020000e-01  -1.059960000e+00   2.101830000e+00
  -3.946040000e-01  -3.545410000e-01   2.431920000e+00
   1.641790000e-01  -3.545410000e-01   2.164500000e+00
   2.881060000e-01  -3.545410000e-01   1.368330000e+00
   1.997300000e-01  -3.545410000e-01   7.620400000e-01
   1.823140000e-01  -3.545410000e-01   4.228270000e-01
   2.146230000e-01  -3.545410000e-01   1.595790000e-01
   4.319060000e-01  -3.545410000e-01  -1.322940000e-01
   7.742870000e-01  -3.545410000e-01  -6.222310000e-01
   5.591980000e-01  -3.545410000e-01  -1.014210000e+00
   2.312500000e-01  -3.545410000e-01  -1.321150000e+00
  -1.748090000e-01  -3.545410000e-01  -1.500640000e+00
  -5.948674000e-01  -3.545410000e-01  -1.650830000e+00
  -1.071604000e+00  -3.545410000e-01  -1.811930000e+00
  -1.676150000e+00  -3.545410000e-01  -1.967170000e+00
  -2.427530000e+00  -3.545410000e-01  -1.988460000e+00
  -3.048070000e+00  -3.545410000e-01  -1.600760000e+00
  -3.340710000e+00  -3.545410000e-01  -9.303500000e-01
  -3.368550000e+00  -3.545410000e-01  -2.141950000e-01
  -3.239280000e+00  -3.545410000e-01   4.527060000e-01
  -3.002580000e+00  -3.545410000e-01   1.057634000e+00
  -2.660310000e+00  -3.545410000e-01   1.595010000e+00
  -2.191820000e+00  -3.545410000e-01   2.020920000e+00
  -1.630320000e+00  -3.545410000e-01   2.304490000e+00
  -1.020410000e+00  -3.545410000e-01   2.449470000e+00
  -1.936010000e+00  -3.787410000e-01  -1.548560000e+00
  -2.447700000e+00  -3.759410000e-01  -1.455080000e+00
  -1.411620000e+00  -3.742410000e-01   2.035280000e+00
  -1.010880000e+00  -3.848410000e-01   1.850420000e+00
  -1.872280000e+00  -4.106410000e-01   2.916180000e-01
  -1.848130000e+00  -4.086410000e-01   5.481075000e-01
  -1.579000000e+00  -4.114410000e-01   5.733108000e-01
  -5.464957000e-01  -3.750410000e-01  -1.356020000e+00
  -1.534390000e+00  -4.150410000e-01  -2.156000000e-02
  -1.309830000e+00  -4.135410000e-01   5.975140000e-01
  -1.030120000e+00  -4.142410000e-01   4.953100000e-02
  -2.271880000e+00  -3.991410000e-01   4.903400000e-01
  -2.329460000e+00  -4.005410000e-01  -8.405000000e-03
  -2.771710000e+00  -3.828410000e-01   1.910870000e-01
  -2.303680000e+00  -3.878410000e-01   1.041005000e+00
  -2.420740000e+00  -3.886410000e-01   8.063660000e-01
  -2.410400000e+00  -3.847410000e-01   9.972490000e-01
  -3.894840000e-01  -3.804410000e-01   1.732377000e+00
  -8.538630000e-01  -4.014410000e-01   1.189407000e+00
  -1.598850000e+00  -3.929410000e-01  -1.228060000e+00
  -1.536510000e+00  -3.992410000e-01  -1.041610000e+00
  -1.352948000e+00  -3.973410000e-01  -1.100360000e+00
  -1.665600000e+00  -3.997410000e-01   1.230501000e+00
  -1.600220000e+00  -3.888410000e-01   1.636297000e+00
  -1.504130000e+00  -3.958410000e-01   1.445365000e+00
  -2.684570000e+00  -3.813410000e-01  -9.981400000e-01
  -2.038030000e+00  -3.955410000e-01  -1.029380000e+00
  -9.147930000e-01  -3.787410000e-01  -1.413390000e+00
  -1.171384000e+00  -3.950410000e-01  -1.156120000e+00
  -7.128300000e-01  -3.915410000e-01  -1.116060000e+00
  -1.839260000e+00  -3.847410000e-01   1.610328000e+00
  -1.776430000e+00  -3.735410000e-01   1.906950000e+00
  -1.687330000e+00  -3.813410000e-01   1.778120000e+00
  -1.385533000e+00  -3.791410000e-01  -1.513810000e+00
  -2.076300000e+00  -3.789410000e-01   1.589359000e+00
   7.740900000e-02  -3.748410000e-01  -1.034070000e+00
   1.898000000e-01  -3.790410000e-01  -6.782960000e-01
   2.356900000e-02  -3.768410000e-01  -4.148800000e-02
  -1.959640000e+00  -4.092410000e-01  -1.484760000e-01
  -2.274940000e+00  -3.998410000e-01  -5.153200000e-01
  -1.593659000e-01  -3.833410000e-01   5.769250000e-01
  -3.580170000e-01  -3.972410000e-01   1.438570000e-01
  -2.637260000e+00  -3.813410000e-01   7.238549000e-01
  -2.806480000e+00  -3.831410000e-01  -4.010110000e-01
  -2.559150000e-01  -3.777410000e-01  -1.204360000e+00
  -3.793240000e-01  -3.947410000e-01  -8.142900000e-01
  -2.407900000e-02  -3.740410000e-01   1.259704000e+00
  -4.072530000e-01  -3.923410000e-01   1.073561000e+00
  -1.759730000e+00  -4.093410000e-01  -5.004780000e-01
  -2.156810000e+00  -3.887410000e-01   1.202350000e+00
  -2.206990000e+00  -3.946410000e-01   8.918770000e-01
  -6.728150000e-01  -4.008410000e-01  -7.904400000e-01
  -7.152650000e-01  -4.049410000e-01  -5.960790000e-01
  -1.137450000e+00  -4.025410000e-01   1.222920000e+00
  -1.208460000e+00  -3.950410000e-01   1.526426000e+00
  -1.031660000e+00  -3.985410000e-01   1.368916000e+00
  -1.994730000e+00  -3.872410000e-01   1.415463000e+00
  -2.115060000e+00  -3.840410000e-01   1.398855000e+00
  -1.914150000e+00  -3.952410000e-01   1.227567000e+00
  -1.827790000e+00  -4.059410000e-01   8.025970000e-01
  -2.017290000e+00  -4.009410000e-01   8.457370000e-01
  -1.398850000e+00  -4.143410000e-01  -2.263470000e-01
  -1.577290000e+00  -4.122410000e-01  -3.604130000e-01
  -1.255300000e+00  -4.128410000e-01  -4.221340000e-01
  -1.142210000e+00  -4.141410000e-01  -1.923020000e-01
  -9.534630000e-01  -4.117410000e-01  -2.900090000e-01
  -6.686880000e-01  -4.060410000e-01   5.367197000e-01
  -1.499420000e+00  -3.821410000e-01   1.837290000e+00
  -1.256650000e+00  -3.836410000e-01   1.844850000e+00
  -1.467180000e+00  -4.047410000e-01  -8.621600000e-01
  -1.210241000e+00  -4.054410000e-01  -8.193800000e-01
  -1.193813000e+00  -4.005410000e-01  -9.907500000e-01
  -1.356250000e+00  -4.086410000e-01   9.229740000e-01
  -1.106510000e+00  -4.055410000e-01   1.059191000e+00
  -3.018590000e-01  -3.974410000e-01  -3.136780000e-01
  -2.047130000e+00  -4.033410000e-01   6.419687800e-01
  -1.959480000e+00  -4.071410000e-01   4.692930000e-01
  -1.616450000e+00  -4.074410000e-01  -6.888200000e-01
  -1.748600000e+00  -4.009410000e-01  -9.382700000e-01
  -1.757160000e+00  -4.053410000e-01  -7.243700000e-01
  -1.618170000e+00  -4.053410000e-01   1.010015000e+00
  -1.591920000e+00  -4.079410000e-01   8.592860000e-01
  -2.401470000e+00  -3.805410000e-01   1.186132000e+00
  -6.316610000e-01  -4.072410000e-01   1.790000000e-03
  -5.292870000e-01  -4.038410000e-01  -3.471970000e-01
  -8.305670000e-01  -3.983410000e-01  -9.683300000e-01
  -6.893220000e-01  -3.963410000e-01  -9.617500000e-01
  -1.108302000e+00  -4.091410000e-01  -6.178600000e-01
  -1.286740000e+00  -4.074410000e-01  -7.345100000e-01
  -1.403340000e+00  -3.921410000e-01   1.590361000e+00
  -1.875210000e+00  -3.901410000e-01   1.421948000e+00
  -9.004180000e-01  -4.119410000e-01  -1.750930000e-01
  -6.946880000e-01  -4.082410000e-01  -1.974630000e-01
  -1.434880000e+00  -4.105410000e-01  -5.514800000e-01
  -1.070845000e+00  -4.004410000e-01  -9.748600000e-01
  -1.003976000e+00  -3.971410000e-01  -1.057720000e+00
  -7.627160000e-01  -4.087410000e-01  -3.867170000e-01
  -4.548060000e-01  -3.994410000e-01  -5.827420000e-01
  -1.339800000e+00  -4.148410000e-01  -1.064310000e-01
  -8.585100000e-01  -4.071410000e-01  -5.976560000e-01
  -9.340090000e-01  -4.092410000e-01  -5.017910000e-01
  -1.414040000e+00  -4.023410000e-01   1.231434000e+00
  -9.593050000e-01  -4.044410000e-01  -7.955900000e-01
  -1.505510000e+00  -4.116410000e-01  -4.573060000e-01
  -2.058720000e+00  -3.954410000e-01   1.057222000e+00
  -2.237380000e+00  -3.970410000e-01   6.921089000e-01
C Number of facets
  786
C  Size  Node 1  ......Node N Marker
    3    0    1    2    3
    3    0    2    3    3
    3    0    3    4    3
    3    0    4    5    3
    3    0    5    6    3
    3    0    6    7    3
    3    0    7    8    3
    3    0    8    9    3
    3    0    9   10    3
    3    0   10   11    3
    3    0   11   12    3
    3    0   12   13    3
    3    0   13   14    3
    3    0   14   15    3
    3    0   15   16    3
    3    0   16   17    3
    3    0   17   18    3
    3    0   18   19    3
    3    0   19   20    3
    3    0   20   21    3
    3    0   21   22    3
    3    0   22   23    3
    3    0   23   24    3
    3    0   24    1    3
    3    1   25   26    3
    3    1   26    2    3
    3    2   26   27    3
    3    2   27    3    3
    3    3   27   28    3
    3    3   28    4    3
    3    4   28   29    3
    3    4   29    5    3
    3    5   29   30    3
    3    5   30    6    3
    3    6   30   31    3
    3    6   31    7    3
    3    7   31   32    3
    3    7   32    8    3
    3    8   32   33    3
    3    8   33    9    3
    3    9   33   34    3
    3    9   34   10    3
    3   10   34   35    3
    3   10   35   11    3
    3   11   35   36    3
    3   11   36   12    3
    3   12   36   37    3
    3   12   37   13    3
    3   13   37   38    3
    3   13   38   14    3
    3   14   38   39    3
    3   14   39   15    3
    3   15   39   40    3
    3   15   40   16    3
    3   16   40   41    3
    3   16   41   17    3
    3   17   41   42    3
    3   17   42   18    3
    3   18   42   43    3
    3   18   43   19    3
    3   19   43   44    3
    3   19   44   20    3
    3   20   44   45    3
    3   20   45   21    3
    3   21   45   46    3
    3   21   46   22    3
    3   22   46   47    3
    3   22   47   23    3
    3   23   47   48    3
    3   23   48   24    3
    3   24   48   25    3
    3   24   25    1    3
    3   25   49   50    3
    3   25   50   26    3
    3   26   50   51    3
    3   26   51   27    3
    3   27   51   52    3
    3   27   52   28    3
    3   28   52   53    3
    3   28   53   29    3
    3   29   53   54    3
    3   29   54   30    3
    3   30   54   55    3
    3   30   55   31    3
    3   31   55   56    3
    3   31   56   32    3
    3   32   56   57    3
    3   32   57   33    3
    3   33   57   58    3
    3   33   58   34    3
    3   34   58   59    3
    3   34   59   35    3
    3   35   59   60    3
    3   35   60   36    3
    3   36   60   61    3
    3   36   61   37    3
    3   37   61   62    3
    3   37   62   38    3
    3   38   62   63    3
    3   38   63   39    3
    3   39   63   64    3
    3   39   64   40    3
    3   40   64   65    3
    3   40   65   41    3
    3   41   65   66    3
    3   41   66   42    3
    3   42   66   67    3
    3   42   67   43    3
    3   43   67   68    3
    3   43   68   44    3
    3   44   68   69    3
    3   44   69   45    3
    3   45   69   70    3
    3   45   70   46    3
    3   46   70   71    3
    3   46   71   47    3
    3   47   71   72    3
    3   47   72   48    3
    3   48   72   49    3
    3   48   49   25    3
    3   49   73   74    3
    3   49   74   50    3
    3   50   74   75    3
    3   50   75   51    3
    3   51   75   76    3
    3   51   76   52    3
    3   52   76   77    3
    3   52   77   53    3
    3   53   77   78    3
    3   53   78   54    3
    3   54   78   79    3
    3   54   79   55    3
    3   55   79   80    3
    3   55   80   56    3
    3   56   80   81    3
    3   56   81   57    3
    3   57   81   82    3
    3   57   82   58    3
    3   58   82   83    3
    3   58   83   59    3
    3   59   83   84    3
    3   59   84   60    3
    3   60   84   85    3
    3   60   85   61    3
    3   61   85   86    3
    3   61   86   62    3
    3   62   86   87    3
    3   62   87   63    3
    3   63   87   88    3
    3   63   88   64    3
    3   64   88   89    3
    3   64   89   65    3
    3   65   89   90    3
    3   65   90   66    3
    3   66   90   91    3
    3   66   91   67    3
    3   67   91   92    3
    3   67   92   68    3
    3   68   92   93    3
    3   68   93   69    3
    3   69   93   94    3
    3   69   94   70    3
    3   70   94   95    3
    3   70   95   71    3
    3   71   95   96    3
    3   71   96   72    3
    3   72   96   73    3
    3   72   73   49    3
    3   73   97   98    3
    3   73   98   74    3
    3   74   98   99    3
    3   74   99   75    3
    3   75   99  100    3
    3   75  100   76    3
    3   76  100  101    3
    3   76  101   77    3
    3   77  101  102    3
    3   77  102   78    3
    3   78  102  103    3
    3   78  103   79    3
    3   79  103  104    3
    3   79  104   80    3
    3   80  104  105    3
    3   80  105   81    3
    3   81  105  106    3
    3   81  106   82    3
    3   82  106  107    3
    3   82  107   83    3
    3   83  107  108    3
    3   83  108   84    3
    3   84  108  109    3
    3   84  109   85    3
    3   85  109  110    3
    3   85  110   86    3
    3   86  110  111    3
    3   86  111   87    3
    3   87  111  112    3
    3   87  112   88    3
    3   88  112  113    3
    3   88  113   89    3
    3   89  113  114    3
    3   89  114   90    3
    3   90  114  115    3
    3   90  115   91    3
    3   91  115  116    3
    3   91  116   92    3
    3   92  116  117    3
    3   92  117   93    3
    3   93  117  118    3
    3   93  118   94    3
    3   94  118  119    3
    3   94  119   95    3
    3   95  119  120    3
    3   95  120   96    3
    3   96  120   97    3
    3   96   97   73    3
    3   97  121  122    3
    3   97  122   98    3
    3   98  122  123    3
    3   98  123   99    3
    3   99  123  124    3
    3   99  124  100    3
    3  100  124  125    3
    3  100  125  101    3
    3  101  125  126    3
    3  101  126  102    3
    3  102  126  127    3
    3  102  127  103    3
    3  103  127  128    3
    3  103  128  104    3
    3  104  128  129    3
    3  104  129  105    3
    3  105  129  130    3
    3  105  130  106    3
    3  106  130  131    3
    3  106  131  107    3
    3  107  131  132    3
    3  107  132  108    3
    3  108  132  133    3
    3  108  133  109    3
    3  109  133  134    3
    3  109  134  110    3
    3  110  134  135    3
    3  110  135  111    3
    3  111  135  136    3
    3  111  136  112    3
    3  112  136  137    3
    3  112  137  113    3
    3  113  137  138    3
    3  113  138  114    3
    3  114  138  139    3
    3  114  139  115    3
    3  115  139  140    3
    3  115  140  116    3
    3  116  140  141    3
    3  116  141  117    3
    3  117  141  142    3
    3  117  142  118    3
    3  118  142  143    3
    3  118  143  119    3
    3  119  143  144    3
    3  119  144  120    3
    3  120  144  121    3
    3  120  121   97    3
    3  121  145  146    3
    3  121  146  122    3
    3  122  146  147    3
    3  122  147  123    3
    3  123  147  148    3
    3  123  148  124    3
    3  124  148  149    3
    3  124  149  125    3
    3  125  149  150    3
    3  125  150  126    3
    3  126  150  151    3
    3  126  151  127    3
    3  127  151  152    3
    3  127  152  128    3
    3  128  152  153    3
    3  128  153  129    3
    3  129  153  154    3
    3  129  154  130    3
    3  130  154  155    3
    3  130  155  131    3
    3  131  155  156    3
    3  131  156  132    3
    3  132  156  157    3
    3  132  157  133    3
    3  133  157  158    3
    3  133  158  134    3
    3  134  158  159    3
    3  134  159  135    3
    3  135  159  160    3
    3  135  160  136    3
    3  136  160  161    3
    3  136  161  137    3
    3  137  161  162    3
    3  137  162  138    3
    3  138  162  163    3
    3  138  163  139    3
    3  139  163  164    3
    3  139  164  140    3
    3  140  164  165    3
    3  140  165  141    3
    3  141  165  166    3
    3  141  166  142    3
    3  142  166  167    3
    3  142  167  143    3
    3  143  167  168    3
    3  143  168  144    3
    3  144  168  145    3
    3  144  145  121    3
    3  145  169  170    3
    3  145  170  146    3
    3  146  170  171    3
    3  146  171  147    3
    3  147  171  172    3
    3  147  172  148    3
    3  148  172  173    3
    3  148  173  149    3
    3  149  173  174    3
    3  149  174  150    3
    3  150  174  175    3
    3  150  175  151    3
    3  151  175  176    3
    3  151  176  152    3
    3  152  176  177    3
    3  152  177  153    3
    3  153  177  178    3
    3  153  178  154    3
    3  154  178  179    3
    3  154  179  155    3
    3  155  179  180    3
    3  155  180  156    3
    3  156  180  181    3
    3  156  181  157    3
    3  157  181  182    3
    3  157  182  158    3
    3  158  182  183    3
    3  158  183  159    3
    3  159  183  184    3
    3  159  184  160    3
    3  160  184  185    3
    3  160  185  161    3
    3  161  185  186    3
    3  161  186  162    3
    3  162  186  187    3
    3  162  187  163    3
    3  163  187  188    3
    3  163  188  164    3
    3  164  188  189    3
    3  164  189  165    3
    3  165  189  190    3
    3  165  190  166    3
    3  166  190  191    3
    3  166  191  167    3
    3  167  191  192    3
    3  167  192  168    3
    3  168  192  169    3
    3  168  169  145    3
    3  169  193  194    3
    3  169  194  170    3
    3  170  194  195    3
    3  170  195  171    3
    3  171  195  196    3
    3  171  196  172    3
    3  172  196  197    3
    3  172  197  173    3
    3  173  197  198    3
    3  173  198  174    3
    3  174  198  199    3
    3  174  199  175    3
    3  175  199  200    3
    3  175  200  176    3
    3  176  200  201    3
    3  176  201  177    3
    3  177  201  202    3
    3  177  202  178    3
    3  178  202  203    3
    3  178  203  179    3
    3  179  203  204    3
    3  179  204  180    3
    3  180  204  205    3
    3  180  205  181    3
    3  181  205  206    3
    3  181  206  182    3
    3  182  206  207    3
    3  182  207  183    3
    3  183  207  208    3
    3  183  208  184    3
    3  184  208  209    3
    3  184  209  185    3
    3  185  209  210    3
    3  185  210  186    3
    3  186  210  211    3
    3  186  211  187    3
    3  187  211  212    3
    3  187  212  188    3
    3  188  212  213    3
    3  188  213  189    3
    3  189  213  214    3
    3  189  214  190    3
    3  190  214  215    3
    3  190  215  191    3
    3  191  215  216    3
    3  191  216  192    3
    3  192  216  193    3
    3  192  193  169    3
    3  193  217  218    3
    3  193  218  194    3
    3  194  218  219    3
    3  194  219  195    3
    3  195  219  220    3
    3  195  220  196    3
    3  196  220  221    3
    3  196  221  197    3
    3  197  221  222    3
    3  197  222  198    3
    3  198  222  223    3
    3  198  223  199    3
    3  199  223  224    3
    3  199  224  200    3
    3  200  224  225    3
    3  200  225  201    3
    3  201  225  226    3
    3  201  226  202    3
    3  202  226  227    3
    3  202  227  203    3
    3  203  227  228    3
    3  203  228  204    3
    3  204  228  229    3
    3  204  229  205    3
    3  205  229  230    3
    3  205  230  206    3
    3  206  230  231    3
    3  206  231  207    3
    3  207  231  232    3
    3  207  232  208    3
    3  208  232  233    3
    3  208  233  209    3
    3  209  233  234    3
    3  209  234  210    3
    3  210  234  235    3
    3  210  235  211    3
    3  211  235  236    3
    3  211  236  212    3
    3  212  236  237    3
    3  212  237  213    3
    3  213  237  238    3
    3  213  238  214    3
    3  214  238  239    3
    3  214  239  215    3
    3  215  239  240    3
    3  215  240  216    3
    3  216  240  217    3
    3  216  217  193    3
    3  217  241  242    3
    3  217  242  218    3
    3  218  242  243    3
    3  218  243  219    3
    3  219  243  244    3
    3  219  244  220    3
    3  220  244  245    3
    3  220  245  221    3
    3  221  245  246    3
    3  221  246  222    3
    3  222  246  247    3
    3  222  247  223    3
    3  223  247  248    3
    3  223  248  224    3
    3  224  248  249    3
    3  224  249  225    3
    3  225  249  250    3
    3  225  250  226    3
    3  226  250  251    3
    3  226  251  227    3
    3  227  251  252    3
    3  227  252  228    3
    3  228  252  253    3
    3  228  253  229    3
    3  229  253  254    3
    3  229  254  230    3
    3  230  254  255    3
    3  230  255  231    3
    3  231  255  256    3
    3  231  256  232    3
    3  232  256  257    3
    3  232  257  233    3
    3  233  257  258    3
    3  233  258  234    3
    3  234  258  259    3
    3  234  259  235    3
    3  235  259  260    3
    3  235  260  236    3
    3  236  260  261    3
    3  236  261  237    3
    3  237  261  262    3
    3  237  262  238    3
    3  238  262  263    3
    3  238  263  239    3
    3  239  263  264    3
    3  239  264  240    3
    3  240  264  241    3
    3  240  241  217    3
    3  264  265  241    3
    3  264  266  265    3
    3  263  266  264    3
    3  263  267  266    3
    3  262  267  263    3
    3  262  268  267    3
    3  261  268  262    3
    3  261  269  268    3
    3  260  269  261    3
    3  260  270  269    3
    3  259  270  260    3
    3  259  271  270    3
    3  258  271  259    3
    3  258  272  271    3
    3  257  272  258    3
    3  257  273  272    3
    3  256  273  257    3
    3  256  274  273    3
    3  255  274  256    3
    3  255  275  274    3
    3  254  275  255    3
    3  254  276  275    3
    3  253  276  254    3
    3  253  277  276    3
    3  252  277  253    3
    3  252  278  277    3
    3  251  278  252    3
    3  251  279  278    3
    3  250  279  251    3
    3  250  280  279    3
    3  249  280  250    3
    3  249  281  280    3
    3  248  281  249    3
    3  248  282  281    3
    3  247  282  248    3
    3  247  283  282    3
    3  246  283  247    3
    3  246  284  283    3
    3  245  284  246    3
    3  245  285  284    3
    3  244  285  245    3
    3  244  286  285    3
    3  243  286  244    3
    3  243  287  286    3
    3  242  287  243    3
    3  242  288  287    3
    3  241  288  242    3
    3  241  265  288    3
    3  289  279  290    1
    3  291  288  292    1
    3  293  294  295    3
    3  296  275  276    1
    3  297  298  299    1
    3  300  301  302    1
    3  303  304  305    3
    3  292  306  307    1
    3  308  309  310    4
    3  300  293  301    1
    3  311  312  313    3
    3  290  314  315    1
    3  316  317  318    1
    3  319  320  321    3
    3  317  322  308    1
    3  286  323  285    1
    3  286  287  320    1
    3  298  297  293    1
    3  324  325  273    1
    3  326  271  272    1
    3  327  328  301    1
    3  329  326  330    1
    3  300  331  304    1
    3  332  282  302    1
    3  272  325  326    1
    3  296  276  316    1
    3  296  333  275    1
    3  324  334  325    1
    3  335  329  336    1
    3  315  328  337    1
    3  338  339  303    3
    3  334  340  341    4
    3  279  289  278    1
    3  274  275  333    1
    3  322  278  289    1
    3  342  343  344    3
    3  332  301  328    1
    3  314  290  280    1
    3  345  338  346    3
    3  324  333  334    1
    3  277  316  276    1
    3  266  267  335    1
    3  288  291  287    1
    3  347  348  349    3
    3  316  322  317    1
    3  297  350  351    4
    3  327  301  293    1
    3  283  331  302    1
    3  352  353  354    4
    3  326  269  270    1
    3  332  302  301    1
    3  355  299  298    1
    3  312  356  357    3
    3  330  355  329    1
    3  336  306  335    1
    3  271  326  270    1
    3  358  359  360    4
    3  298  361  362    3
    3  283  302  282    1
    3  336  329  355    1
    3  326  363  330    1
    3  265  292  288    1
    3  300  364  365    3
    3  366  367  368    4
    3  333  318  334    1
    3  369  361  370    3
    3  327  293  297    1
    3  278  322  277    1
    3  320  291  356    3
    3  371  285  323    1
    3  363  325  334    1
    3  371  331  284    1
    3  364  339  349    3
    3  268  335  267    1
    3  372  363  373    4
    3  280  290  279    1
    3  266  306  265    1
    3  316  277  322    1
    3  328  315  314    1
    3  308  315  367    1
    3  355  330  372    1
    3  327  297  337    1
    3  280  281  314    1
    3  374  340  375    4
    3  296  316  318    1
    3  352  376  377    4
    3  355  307  336    1
    3  292  343  378    3
    3  326  325  363    1
    3  320  287  291    1
    3  345  319  379    3
    3  380  372  381    4
    3  358  366  382    4
    3  268  329  335    1
    3  273  274  324    1
    3  336  307  306    1
    3  265  306  292    1
    3  296  318  333    1
    3  383  374  384    4
    3  329  268  269    1
    3  385  373  386    4
    3  333  324  274    1
    3  283  284  331    1
    3  298  307  355    1
    3  299  353  387    4
    3  308  289  315    1
    3  273  325  272    1
    3  327  337  328    1
    3  388  376  389    4
    3  314  332  328    1
    3  281  282  332    1
    3  315  289  290    1
    3  363  372  330    1
    3  355  372  299    1
    3  285  371  284    1
    3  314  281  332    1
    3  269  326  329    1
    3  369  347  311    3
    3  266  335  306    1
    3  286  320  323    1
    3  308  322  289    1
    3  300  302  331    1
    3  343  390  313    3
    3  292  307  344    3
    3  298  348  370    3
    3  361  390  342    3
    3  343  342  390    3
    3  342  307  362    3
    3  347  369  348    3
    3  361  369  390    3
    3  369  311  390    3
    3  312  311  347    3
    3  311  313  390    3
    3  313  312  378    3
    3  298  362  307    3
    3  342  362  361    3
    3  342  344  307    3
    3  292  344  343    3
    3  369  370  348    3
    3  298  370  361    3
    3  292  378  312    3
    3  313  378  343    3
    3  334  318  375    4
    3  340  391  388    4
    3  318  317  384    4
    3  340  374  391    4
    3  352  385  389    4
    3  376  391  359    4
    3  376  388  391    4
    3  388  385  341    4
    3  359  391  383    4
    3  359  358  377    4
    3  374  383  391    4
    3  383  317  360    4
    3  374  375  318    4
    3  334  375  340    4
    3  334  341  385    4
    3  388  341  340    4
    3  388  389  385    4
    3  352  389  376    4
    3  352  377  358    4
    3  359  377  376    4
    3  358  360  317    4
    3  383  360  359    4
    3  383  384  317    4
    3  318  384  374    4
    3  367  358  309    4
    3  315  337  368    1
    3  353  352  350    4
    3  353  299  380    4
    3  372  380  299    4
    3  380  385  354    4
    3  350  352  392    4
    3  350  297  387    4
    3  366  337  392    4
    3  367  366  358    4
    3  363  334  386    4
    3  373  385  381    4
    3  392  337  351    4
    3  392  352  382    4
    3  380  381  385    4
    3  373  381  372    4
    3  358  317  310    4
    3  367  309  308    4
    3  385  386  334    4
    3  363  386  373    4
    3  366  368  337    4
    3  315  368  367    1
    3  299  387  297    4
    3  350  387  353    4
    3  352  354  385    4
    3  380  354  353    4
    3  358  382  352    4
    3  392  382  366    4
    3  297  351  337    4
    3  392  351  350    4
    3  308  310  317    4
    3  358  310  309    4
    3  312  347  379    3
    3  320  319  323    3
    3  371  323  346    3
    3  338  347  393    3
    3  364  300  394    3
    3  364  348  294    3
    3  319  345  323    3
    3  338  345  347    3
    3  348  298  295    3
    3  294  293  365    3
    3  304  339  394    3
    3  331  371  305    1
    3  364  349  348    3
    3  349  339  393    3
    3  338  393  339    3
    3  349  393  347    3
    3  338  303  371    3
    3  304  303  339    3
    3  356  312  321    3
    3  291  292  357    3
    3  364  394  339    3
    3  304  394  300    3
    3  319  321  312    3
    3  356  321  320    3
    3  293  295  298    3
    3  348  295  294    3
    3  312  357  292    3
    3  291  357  356    3
    3  345  346  323    3
    3  371  346  338    3
    3  303  305  371    3
    3  331  305  304    1
    3  345  379  347    3
    3  312  379  319    3
    3  300  365  293    3
    3  294  365  364    3
C Prescribed Values(Inlet, Outlet), InteractionSurface(Inlet, Outlet)
       1        0        0        2        2        2
C Inlet Pressure, FunID (E18.9,I5)
   1.000000000e+00    3
C Outlet Velocity
C     Vx,           Vy,            Vz,    indVx,indVy,indVz, FunID(3E18.9, 4I5)
   0.000000000e+00   1.000000000e+00   0.000000000e+00    1    0    0    4
C Inlet Velocity
C nNodeID,    Vx,           Vy,            Vz (I5, 3E18.9)
  265
    1   1.000000000e+00  -6.350000000e+00   2.000000000e-01
    2   1.600000000e+00  -6.000000000e+00   5.500000000e-01
    3   1.450000000e+00  -6.000000000e+00   9.000000000e-01
    4   1.150000000e+00  -6.000000000e+00   1.300000000e+00
    5   7.000000000e-01  -6.000000000e+00   1.550000000e+00
    6   1.500000000e-01  -6.000000000e+00   1.600000000e+00
    7  -2.000000000e-01  -6.000000000e+00   1.450000000e+00
    8  -3.500000000e-01  -6.000000000e+00   1.150000000e+00
    9  -2.500000000e-01  -6.000000000e+00   8.500000000e-01
   10  -1.500000000e-01  -6.000000000e+00   7.000000000e-01
   11  -2.000000000e-01  -6.000000000e+00   5.000000000e-01
   12  -5.500000000e-01  -6.000000000e+00  -5.000000000e-02
   13  -6.000000000e-01  -6.000000000e+00  -8.000000000e-01
   14  -3.500000000e-01  -6.000000000e+00  -1.550000000e+00
   15   1.500000000e-01  -6.000000000e+00  -1.900000000e+00
   16   6.000000000e-01  -6.000000000e+00  -1.700000000e+00
   17   8.500000000e-01  -6.000000000e+00  -1.200000000e+00
   18   1.000000000e+00  -6.000000000e+00  -9.000000000e-01
   19   1.200000000e+00  -6.000000000e+00  -7.500000000e-01
   20   2.000000000e+00  -6.000000000e+00  -7.000000000e-01
   21   3.250000000e+00  -6.000000000e+00  -2.500000000e-01
   22   4.150000000e+00  -6.000000000e+00   7.000000000e-01
   23   3.850000000e+00  -6.000000000e+00   1.450000000e+00
   24   2.850000000e+00  -6.000000000e+00   1.550000000e+00
   25   1.900000000e+00  -6.000000000e+00   7.500000000e-01
   26   2.150000000e+00  -5.650000000e+00   8.000000000e-01
   27   1.900000000e+00  -5.650000000e+00   1.250000000e+00
   28   1.400000000e+00  -5.650000000e+00   1.750000000e+00
   29   7.500000000e-01  -5.650000000e+00   2.150000000e+00
   30   5.000000000e-02  -5.650000000e+00   2.200000000e+00
   31  -4.500000000e-01  -5.650000000e+00   1.900000000e+00
   32  -5.500000000e-01  -5.650000000e+00   1.500000000e+00
   33  -5.000000000e-01  -5.650000000e+00   1.100000000e+00
   34  -3.500000000e-01  -5.650000000e+00   9.500000000e-01
   35  -5.500000000e-01  -5.650000000e+00   6.000000000e-01
   36  -1.000000000e+00  -5.650000000e+00  -3.000000000e-01
   37  -1.150000000e+00  -5.650000000e+00  -1.550000000e+00
   38  -6.500000000e-01  -5.650000000e+00  -2.500000000e+00
   39   1.000000000e-01  -5.650000000e+00  -3.050000000e+00
   40   8.500000000e-01  -5.650000000e+00  -2.650000000e+00
   41   1.050000000e+00  -5.650000000e+00  -1.650000000e+00
   42   1.100000000e+00  -5.650000000e+00  -1.050000000e+00
   43   1.250000000e+00  -5.650000000e+00  -8.500000000e-01
   44   2.200000000e+00  -5.650000000e+00  -8.500000000e-01
   45   4.100000000e+00  -5.650000000e+00  -3.500000000e-01
   46   5.700000000e+00  -5.650000000e+00   9.500000000e-01
   47   5.300000000e+00  -5.650000000e+00   2.100000000e+00
   48   3.900000000e+00  -5.650000000e+00   2.150000000e+00
   49   2.500000000e+00  -5.650000000e+00   1.100000000e+00
   50   2.400000000e+00  -5.300000000e+00   9.500000000e-01
   51   2.050000000e+00  -5.300000000e+00   1.450000000e+00
   52   1.550000000e+00  -5.300000000e+00   1.900000000e+00
   53   8.500000000e-01  -5.300000000e+00   2.100000000e+00
   54   1.500000000e-01  -5.300000000e+00   2.150000000e+00
   55  -2.500000000e-01  -5.300000000e+00   1.800000000e+00
   56  -3.000000000e-01  -5.300000000e+00   1.400000000e+00
   57  -1.500000000e-01  -5.300000000e+00   1.150000000e+00
   58  -5.000000000e-02  -5.300000000e+00   1.050000000e+00
   59  -4.500000000e-01  -5.300000000e+00   7.500000000e-01
   60  -1.300000000e+00  -5.300000000e+00  -5.000000000e-01
   61  -1.650000000e+00  -5.300000000e+00  -2.500000000e+00
   62  -1.050000000e+00  -5.300000000e+00  -4.050000000e+00
   63   1.500000000e-01  -5.300000000e+00  -4.850000000e+00
   64   1.250000000e+00  -5.300000000e+00  -4.300000000e+00
   65   1.350000000e+00  -5.300000000e+00  -2.500000000e+00
   66   1.100000000e+00  -5.300000000e+00  -1.400000000e+00
   67   1.050000000e+00  -5.300000000e+00  -1.100000000e+00
   68   1.900000000e+00  -5.300000000e+00  -1.150000000e+00
   69   4.000000000e+00  -5.300000000e+00  -7.500000000e-01
   70   5.900000000e+00  -5.300000000e+00   6.500000000e-01
   71   5.500000000e+00  -5.300000000e+00   1.800000000e+00
   72   4.100000000e+00  -5.300000000e+00   1.850000000e+00
   73   2.750000000e+00  -5.300000000e+00   8.500000000e-01
   74   2.600000000e+00  -4.950000000e+00   9.000000000e-01
   75   2.200000000e+00  -4.950000000e+00   1.400000000e+00
   76   1.650000000e+00  -4.950000000e+00   1.850000000e+00
   77   9.500000000e-01  -4.950000000e+00   2.200000000e+00
   78   2.000000000e-01  -4.950000000e+00   2.200000000e+00
   79  -2.500000000e-01  -4.950000000e+00   1.900000000e+00
   80  -3.000000000e-01  -4.950000000e+00   1.500000000e+00
   81  -5.000000000e-02  -4.950000000e+00   1.250000000e+00
   82   1.000000000e-01  -4.950000000e+00   1.250000000e+00
   83  -4.000000000e-01  -4.950000000e+00   9.500000000e-01
   84  -1.450000000e+00  -4.950000000e+00  -4.500000000e-01
   85  -2.000000000e+00  -4.950000000e+00  -2.800000000e+00
   86  -1.300000000e+00  -4.950000000e+00  -4.700000000e+00
   87   0.000000000e+00  -4.950000000e+00  -5.650000000e+00
   88   1.300000000e+00  -4.950000000e+00  -5.150000000e+00
   89   1.350000000e+00  -4.950000000e+00  -2.850000000e+00
   90   8.500000000e-01  -4.950000000e+00  -1.450000000e+00
   91   6.000000000e-01  -4.950000000e+00  -1.050000000e+00
   92   1.500000000e+00  -4.950000000e+00  -1.250000000e+00
   93   3.950000000e+00  -4.950000000e+00  -9.000000000e-01
   94   6.050000000e+00  -4.950000000e+00   5.500000000e-01
   95   5.650000000e+00  -4.950000000e+00   1.750000000e+00
   96   4.100000000e+00  -4.950000000e+00   1.650000000e+00
   97   2.800000000e+00  -4.950000000e+00   5.500000000e-01
   98   2.650000000e+00  -4.550000000e+00   1.300000000e+00
   99   2.250000000e+00  -4.550000000e+00   1.700000000e+00
  100   1.650000000e+00  -4.550000000e+00   2.200000000e+00
  101   9.000000000e-01  -4.550000000e+00   2.500000000e+00
  102   5.000000000e-02  -4.550000000e+00   2.600000000e+00
  103  -5.000000000e-01  -4.550000000e+00   2.250000000e+00
  104  -6.500000000e-01  -4.550000000e+00   1.800000000e+00
  105  -6.500000000e-01  -4.550000000e+00   1.500000000e+00
  106  -7.500000000e-01  -4.550000000e+00   1.300000000e+00
  107  -1.300000000e+00  -4.550000000e+00   7.000000000e-01
  108  -2.250000000e+00  -4.550000000e+00  -9.000000000e-01
  109  -2.500000000e+00  -4.550000000e+00  -3.200000000e+00
  110  -1.600000000e+00  -4.550000000e+00  -5.050000000e+00
  111  -1.500000000e-01  -4.550000000e+00  -5.850000000e+00
  112   1.200000000e+00  -4.550000000e+00  -5.350000000e+00
  113   1.150000000e+00  -4.550000000e+00  -2.750000000e+00
  114   5.000000000e-01  -4.550000000e+00  -1.200000000e+00
  115   2.500000000e-01  -4.550000000e+00  -8.500000000e-01
  116   1.300000000e+00  -4.550000000e+00  -1.150000000e+00
  117   4.400000000e+00  -4.550000000e+00  -8.000000000e-01
  118   7.000000000e+00  -4.550000000e+00   9.500000000e-01
  119   6.400000000e+00  -4.550000000e+00   2.350000000e+00
  120   4.550000000e+00  -4.550000000e+00   2.300000000e+00
  121   3.000000000e+00  -4.550000000e+00   9.000000000e-01
  122   2.550000000e+00  -4.200000000e+00   1.250000000e+00
  123   2.100000000e+00  -4.200000000e+00   1.650000000e+00
  124   1.500000000e+00  -4.200000000e+00   2.050000000e+00
  125   8.000000000e-01  -4.200000000e+00   2.300000000e+00
  126   5.000000000e-02  -4.200000000e+00   2.400000000e+00
  127  -5.500000000e-01  -4.200000000e+00   2.100000000e+00
  128  -1.000000000e+00  -4.200000000e+00   1.800000000e+00
  129  -1.500000000e+00  -4.200000000e+00   1.450000000e+00
  130  -2.200000000e+00  -4.200000000e+00   9.000000000e-01
  131  -2.900000000e+00  -4.200000000e+00  -1.000000000e-01
  132  -3.450000000e+00  -4.200000000e+00  -1.900000000e+00
  133  -3.150000000e+00  -4.200000000e+00  -3.950000000e+00
  134  -1.950000000e+00  -4.200000000e+00  -5.250000000e+00
  135  -4.500000000e-01  -4.200000000e+00  -5.800000000e+00
  136   9.000000000e-01  -4.200000000e+00  -5.400000000e+00
  137   1.100000000e+00  -4.200000000e+00  -3.150000000e+00
  138   5.000000000e-01  -4.200000000e+00  -1.600000000e+00
  139   2.000000000e-01  -4.200000000e+00  -1.150000000e+00
  140   1.450000000e+00  -4.200000000e+00  -1.400000000e+00
  141   4.700000000e+00  -4.200000000e+00  -9.000000000e-01
  142   7.150000000e+00  -4.200000000e+00   9.000000000e-01
  143   6.350000000e+00  -4.200000000e+00   2.250000000e+00
  144   4.500000000e+00  -4.200000000e+00   2.200000000e+00
  145   2.850000000e+00  -4.200000000e+00   8.500000000e-01
  146   2.750000000e+00  -3.600000000e+00   1.700000000e+00
  147   2.250000000e+00  -3.600000000e+00   2.050000000e+00
  148   1.650000000e+00  -3.600000000e+00   2.350000000e+00
  149   1.000000000e+00  -3.600000000e+00   2.550000000e+00
  150   2.500000000e-01  -3.600000000e+00   2.600000000e+00
  151  -4.000000000e-01  -3.600000000e+00   2.450000000e+00
  152  -9.000000000e-01  -3.600000000e+00   2.150000000e+00
  153  -1.450000000e+00  -3.600000000e+00   1.800000000e+00
  154  -2.150000000e+00  -3.600000000e+00   1.250000000e+00
  155  -3.000000000e+00  -3.600000000e+00   2.000000000e-01
  156  -3.650000000e+00  -3.600000000e+00  -1.650000000e+00
  157  -3.300000000e+00  -3.600000000e+00  -3.850000000e+00
  158  -2.050000000e+00  -3.600000000e+00  -5.250000000e+00
  159  -5.000000000e-01  -3.600000000e+00  -5.700000000e+00
  160   8.500000000e-01  -3.600000000e+00  -5.400000000e+00
  161   1.000000000e+00  -3.600000000e+00  -3.050000000e+00
  162   1.500000000e-01  -3.600000000e+00  -1.250000000e+00
  163  -2.000000000e-01  -3.600000000e+00  -8.500000000e-01
  164   1.400000000e+00  -3.600000000e+00  -1.250000000e+00
  165   5.300000000e+00  -3.600000000e+00  -7.500000000e-01
  166   7.500000000e+00  -3.600000000e+00   1.150000000e+00
  167   6.450000000e+00  -3.600000000e+00   2.450000000e+00
  168   4.550000000e+00  -3.600000000e+00   2.300000000e+00
  169   3.050000000e+00  -3.600000000e+00   9.500000000e-01
  170   2.750000000e+00  -3.000000000e+00   1.200000000e+00
  171   2.400000000e+00  -3.000000000e+00   1.750000000e+00
  172   1.850000000e+00  -3.000000000e+00   2.350000000e+00
  173   1.100000000e+00  -3.000000000e+00   2.850000000e+00
  174   2.000000000e-01  -3.000000000e+00   3.050000000e+00
  175  -5.500000000e-01  -3.000000000e+00   2.900000000e+00
  176  -1.000000000e+00  -3.000000000e+00   2.550000000e+00
  177  -1.300000000e+00  -3.000000000e+00   2.200000000e+00
  178  -1.700000000e+00  -3.000000000e+00   1.750000000e+00
  179  -2.400000000e+00  -3.000000000e+00   9.500000000e-01
  180  -3.250000000e+00  -3.000000000e+00  -8.500000000e-01
  181  -3.200000000e+00  -3.000000000e+00  -3.100000000e+00
  182  -2.050000000e+00  -3.000000000e+00  -4.350000000e+00
  183  -6.500000000e-01  -3.000000000e+00  -4.800000000e+00
  184   6.500000000e-01  -3.000000000e+00  -4.650000000e+00
  185   7.500000000e-01  -3.000000000e+00  -2.650000000e+00
  186  -2.000000000e-01  -3.000000000e+00  -8.000000000e-01
  187  -7.000000000e-01  -3.000000000e+00  -5.000000000e-01
  188   1.750000000e+00  -3.000000000e+00  -1.150000000e+00
  189   5.850000000e+00  -3.000000000e+00  -5.000000000e-01
  190   7.250000000e+00  -3.000000000e+00   1.300000000e+00
  191   6.100000000e+00  -3.000000000e+00   2.450000000e+00
  192   4.250000000e+00  -3.000000000e+00   2.050000000e+00
  193   2.800000000e+00  -3.000000000e+00   4.500000000e-01
  194   2.750000000e+00  -2.350000000e+00   1.900000000e+00
  195   2.400000000e+00  -2.350000000e+00   2.300000000e+00
  196   1.900000000e+00  -2.350000000e+00   2.850000000e+00
  197   1.200000000e+00  -2.350000000e+00   3.350000000e+00
  198   2.000000000e-01  -2.350000000e+00   3.700000000e+00
  199  -7.000000000e-01  -2.350000000e+00   3.650000000e+00
  200  -1.100000000e+00  -2.350000000e+00   3.200000000e+00
  201  -1.300000000e+00  -2.350000000e+00   2.800000000e+00
  202  -1.550000000e+00  -2.350000000e+00   2.450000000e+00
  203  -2.150000000e+00  -2.350000000e+00   1.750000000e+00
  204  -3.150000000e+00  -2.350000000e+00  -5.000000000e-02
  205  -3.100000000e+00  -2.350000000e+00  -2.250000000e+00
  206  -2.050000000e+00  -2.350000000e+00  -3.350000000e+00
  207  -7.500000000e-01  -2.350000000e+00  -3.650000000e+00
  208   3.500000000e-01  -2.350000000e+00  -3.450000000e+00
  209   3.500000000e-01  -2.350000000e+00  -1.600000000e+00
  210  -1.000000000e+00  -2.350000000e+00   3.000000000e-01
  211  -1.650000000e+00  -2.350000000e+00   3.500000000e-01
  212   1.650000000e+00  -2.350000000e+00  -6.500000000e-01
  213   6.300000000e+00  -2.350000000e+00   5.000000000e-02
  214   7.450000000e+00  -2.350000000e+00   1.950000000e+00
  215   6.350000000e+00  -2.350000000e+00   3.200000000e+00
  216   4.400000000e+00  -2.350000000e+00   2.900000000e+00
  217   2.850000000e+00  -2.350000000e+00   1.250000000e+00
  218   2.800000000e+00  -1.750000000e+00   1.800000000e+00
  219   2.450000000e+00  -1.750000000e+00   2.450000000e+00
  220   1.900000000e+00  -1.750000000e+00   3.100000000e+00
  221   1.050000000e+00  -1.750000000e+00   3.750000000e+00
  222  -5.000000000e-02  -1.750000000e+00   4.100000000e+00
  223  -9.000000000e-01  -1.750000000e+00   3.850000000e+00
  224  -1.000000000e+00  -1.750000000e+00   3.300000000e+00
  225  -5.500000000e-01  -1.750000000e+00   2.950000000e+00
  226  -1.500000000e-01  -1.750000000e+00   3.000000000e+00
  227  -5.500000000e-01  -1.750000000e+00   2.900000000e+00
  228  -2.100000000e+00  -1.750000000e+00   1.200000000e+00
  229  -2.800000000e+00  -1.750000000e+00  -1.600000000e+00
  230  -2.000000000e+00  -1.750000000e+00  -3.250000000e+00
  231  -7.500000000e-01  -1.750000000e+00  -3.850000000e+00
  232   5.000000000e-01  -1.750000000e+00  -3.800000000e+00
  233   6.000000000e-01  -1.750000000e+00  -2.000000000e+00
  234  -8.000000000e-01  -1.750000000e+00   5.000000000e-02
  235  -1.700000000e+00  -1.750000000e+00   3.500000000e-01
  236   1.850000000e+00  -1.750000000e+00  -7.000000000e-01
  237   5.800000000e+00  -1.750000000e+00   0.000000000e+00
  238   6.250000000e+00  -1.750000000e+00   1.550000000e+00
  239   5.350000000e+00  -1.750000000e+00   2.500000000e+00
  240   3.800000000e+00  -1.750000000e+00   2.200000000e+00
  241   2.700000000e+00  -1.750000000e+00   8.000000000e-01
  242   3.150000000e+00  -1.100000000e+00   3.100000000e+00
  243   2.650000000e+00  -1.100000000e+00   3.650000000e+00
  244   2.000000000e+00  -1.100000000e+00   4.150000000e+00
  245   1.100000000e+00  -1.100000000e+00   4.600000000e+00
  246  -5.000000000e-02  -1.100000000e+00   4.950000000e+00
  247  -9.500000000e-01  -1.100000000e+00   4.600000000e+00
  248  -6.000000000e-01  -1.100000000e+00   3.850000000e+00
  249   5.000000000e-01  -1.100000000e+00   3.600000000e+00
  250   1.400000000e+00  -1.100000000e+00   4.050000000e+00
  251   1.100000000e+00  -1.100000000e+00   4.450000000e+00
  252  -8.500000000e-01  -1.100000000e+00   2.850000000e+00
  253  -2.050000000e+00  -1.100000000e+00   0.000000000e+00
  254  -1.550000000e+00  -1.100000000e+00  -1.750000000e+00
  255  -5.000000000e-01  -1.100000000e+00  -2.450000000e+00
  256   5.000000000e-01  -1.100000000e+00  -2.550000000e+00
  257   8.500000000e-01  -1.100000000e+00  -1.400000000e+00
  258  -1.000000000e-01  -1.100000000e+00   2.000000000e-01
  259  -8.000000000e-01  -1.100000000e+00   5.500000000e-01
  260   2.400000000e+00  -1.100000000e+00  -2.500000000e-01
  261   5.550000000e+00  -1.100000000e+00   6.000000000e-01
  262   5.400000000e+00  -1.100000000e+00   1.800000000e+00
  263   4.650000000e+00  -1.100000000e+00   2.500000000e+00
  264   3.350000000e+00  -1.100000000e+00   1.950000000e+00
  265   2.950000000e+00  -1.100000000e+00   1.400000000e+00
C Region List
