C PointsNum,MaxElemVol,TetGenParams,nAtrib,IndMov,MDMaxVolume,MDomDiv,MDOnly,MDDivF,MDPrescP
  395    1.000000e+00 YYpznno2q1.414a     0     0    1.000000e+00     1     0     0     0     0     0 YYpznno2q1.414a
  -8.321480000e-02  -7.921570000e+00  -9.118100000e-02
   1.687710000e-02  -7.481820000e+00   6.329840000e-01
  -1.694590000e-01  -7.481820000e+00   6.600480000e-01
  -3.678280000e-01  -7.481820000e+00   6.422330000e-01
  -5.662570000e-01  -7.481820000e+00   5.752300000e-01
  -7.324580000e-01  -7.481820000e+00   4.398930000e-01
  -8.238340000e-01  -7.481820000e+00   2.444290000e-01
  -8.267890000e-01  -7.481820000e+00   2.709600000e-02
  -7.740680000e-01  -7.481820000e+00  -1.727880000e-01
  -6.935570000e-01  -7.481820000e+00  -3.447610000e-01
  -5.950870000e-01  -7.481820000e+00  -4.998680000e-01
  -4.755420000e-01  -7.481820000e+00  -6.427370000e-01
  -3.257010000e-01  -7.481820000e+00  -7.695250000e-01
  -1.391229000e-01  -7.481820000e+00  -8.583890000e-01
   7.055200000e-02  -7.481820000e+00  -8.788340000e-01
   2.783440000e-01  -7.481820000e+00  -8.253610000e-01
   4.634660000e-01  -7.481820000e+00  -7.114930000e-01
   6.115370000e-01  -7.481820000e+00  -5.528660000e-01
   6.917250000e-01  -7.481820000e+00  -3.554650000e-01
   6.501810000e-01  -7.481820000e+00  -1.449040000e-01
   5.264040000e-01  -7.481820000e+00   2.709800000e-02
   4.219050000e-01  -7.481820000e+00   1.522130000e-01
   3.411650000e-01  -7.481820000e+00   2.643840000e-01
   2.637470000e-01  -7.481820000e+00   3.880700000e-01
   1.636420000e-01  -7.481820000e+00   5.249680000e-01
   2.916600000e-03  -7.042070000e+00   9.213100000e-01
  -2.524520000e-01  -7.042070000e+00   9.401250000e-01
  -5.136990000e-01  -7.042070000e+00   8.987630000e-01
  -7.684050000e-01  -7.042070000e+00   7.949350000e-01
  -9.839280000e-01  -7.042070000e+00   6.146800000e-01
  -1.115520000e+00  -7.042070000e+00   3.603960000e-01
  -1.144600000e+00  -7.042070000e+00   7.561320000e-02
  -1.100030000e+00  -7.042070000e+00  -1.990150000e-01
  -9.996500000e-01  -7.042070000e+00  -4.458790000e-01
  -8.535980000e-01  -7.042070000e+00  -6.589010000e-01
  -6.701290000e-01  -7.042070000e+00  -8.353400000e-01
  -4.507920000e-01  -7.042070000e+00  -9.708400000e-01
  -2.010834000e-01  -7.042070000e+00  -1.054650000e+00
   6.412900000e-02  -7.042070000e+00  -1.063470000e+00
   3.215210000e-01  -7.042070000e+00  -9.879090000e-01
   5.459010000e-01  -7.042070000e+00  -8.403710000e-01
   7.237500000e-01  -7.042070000e+00  -6.409380000e-01
   8.281340000e-01  -7.042070000e+00  -4.002580000e-01
   8.169860000e-01  -7.042070000e+00  -1.413868000e-01
   7.092410000e-01  -7.042070000e+00   8.820300000e-02
   5.921710000e-01  -7.042070000e+00   2.733610000e-01
   4.856970000e-01  -7.042070000e+00   4.433930000e-01
   3.695450000e-01  -7.042070000e+00   6.187270000e-01
   2.169450000e-01  -7.042070000e+00   7.970340000e-01
  -8.271000000e-03  -6.601310000e+00   1.142160000e+00
  -3.189520000e-01  -6.601310000e+00   1.145930000e+00
  -6.277170000e-01  -6.601310000e+00   1.082374000e+00
  -9.254310000e-01  -6.601310000e+00   9.516880000e-01
  -1.180160000e+00  -6.601310000e+00   7.358940000e-01
  -1.335030000e+00  -6.601310000e+00   4.340600000e-01
  -1.380430000e+00  -6.601310000e+00   9.852880000e-02
  -1.340910000e+00  -6.601310000e+00  -2.303190000e-01
  -1.232080000e+00  -6.601310000e+00  -5.345190000e-01
  -1.056860000e+00  -6.601310000e+00  -7.980640000e-01
  -8.266430000e-01  -6.601310000e+00  -1.010050000e+00
  -5.554120000e-01  -6.601310000e+00  -1.167200000e+00
  -2.522710000e-01  -6.601310000e+00  -1.261670000e+00
   6.991500000e-02  -6.601310000e+00  -1.271310000e+00
   3.793810000e-01  -6.601310000e+00  -1.176105000e+00
   6.419140000e-01  -6.601310000e+00  -9.826560000e-01
   8.382660000e-01  -6.601310000e+00  -7.312660000e-01
   9.438670000e-01  -6.601310000e+00  -4.431500000e-01
   9.431260000e-01  -6.601310000e+00  -1.494712000e-01
   8.580710000e-01  -6.601310000e+00   1.186170000e-01
   7.431910000e-01  -6.601310000e+00   3.521430000e-01
   6.180120000e-01  -6.601310000e+00   5.718120000e-01
   4.704670000e-01  -6.601310000e+00   7.983000000e-01
   2.683980000e-01  -6.601310000e+00   1.014800000e+00
  -2.790600000e-02  -6.161560000e+00   1.298210000e+00
  -3.767960000e-01  -6.161560000e+00   1.298460000e+00
  -7.240470000e-01  -6.161560000e+00   1.229660000e+00
  -1.062810000e+00  -6.161560000e+00   1.088637000e+00
  -1.355090000e+00  -6.161560000e+00   8.483420000e-01
  -1.529580000e+00  -6.161560000e+00   5.055060000e-01
  -1.580380000e+00  -6.161560000e+00   1.257276000e-01
  -1.538640000e+00  -6.161560000e+00  -2.458470000e-01
  -1.419630000e+00  -6.161560000e+00  -5.932860000e-01
  -1.225090000e+00  -6.161560000e+00  -8.984600000e-01
  -9.610300000e-01  -6.161560000e+00  -1.142750000e+00
  -6.467910000e-01  -6.161560000e+00  -1.319720000e+00
  -2.969060000e-01  -6.161560000e+00  -1.419640000e+00
   6.757000000e-02  -6.161560000e+00  -1.416400000e+00
   4.061550000e-01  -6.161560000e+00  -1.288250000e+00
   6.788320000e-01  -6.161560000e+00  -1.053010000e+00
   8.764680000e-01  -6.161560000e+00  -7.685840000e-01
   9.940970000e-01  -6.161560000e+00  -4.606180000e-01
   1.026992000e+00  -6.161560000e+00  -1.462724000e-01
   9.775360000e-01  -6.161560000e+00   1.556570000e-01
   8.718740000e-01  -6.161560000e+00   4.358790000e-01
   7.296160000e-01  -6.161560000e+00   6.992490000e-01
   5.456960000e-01  -6.161560000e+00   9.547100000e-01
   2.939540000e-01  -6.161560000e+00   1.180800000e+00
  -6.020500000e-02  -5.721800000e+00   1.419060000e+00
  -4.375600000e-01  -5.721800000e+00   1.421910000e+00
  -8.194370000e-01  -5.721800000e+00   1.360890000e+00
  -1.201770000e+00  -5.721800000e+00   1.221361000e+00
  -1.537770000e+00  -5.721800000e+00   9.663820000e-01
  -1.731940000e+00  -5.721800000e+00   5.848580000e-01
  -1.780730000e+00  -5.721800000e+00   1.598001000e-01
  -1.723890000e+00  -5.721800000e+00  -2.515470000e-01
  -1.586990000e+00  -5.721800000e+00  -6.322160000e-01
  -1.372810000e+00  -5.721800000e+00  -9.678100000e-01
  -1.080990000e+00  -5.721800000e+00  -1.235390000e+00
  -7.326820000e-01  -5.721800000e+00  -1.424810000e+00
  -3.492050000e-01  -5.721800000e+00  -1.526370000e+00
   4.603200000e-02  -5.721800000e+00  -1.512200000e+00
   4.035170000e-01  -5.721800000e+00  -1.360170000e+00
   6.805360000e-01  -5.721800000e+00  -1.093940000e+00
   8.790970000e-01  -5.721800000e+00  -7.888540000e-01
   1.009512000e+00  -5.721800000e+00  -4.688530000e-01
   1.064068000e+00  -5.721800000e+00  -1.411999000e-01
   1.038909000e+00  -5.721800000e+00   1.860060000e-01
   9.416970000e-01  -5.721800000e+00   4.973950000e-01
   7.894360000e-01  -5.721800000e+00   7.924410000e-01
   5.793280000e-01  -5.721800000e+00   1.072280000e+00
   2.948210000e-01  -5.721800000e+00   1.306470000e+00
  -9.583900000e-02  -5.281050000e+00   1.534360000e+00
  -5.002700000e-01  -5.281050000e+00   1.541020000e+00
  -9.131100000e-01  -5.281050000e+00   1.482090000e+00
  -1.330750000e+00  -5.281050000e+00   1.340486000e+00
  -1.701280000e+00  -5.281050000e+00   1.070312000e+00
  -1.919130000e+00  -5.281050000e+00   6.581110000e-01
  -1.977210000e+00  -5.281050000e+00   1.955741000e-01
  -1.918890000e+00  -5.281050000e+00  -2.562200000e-01
  -1.771590000e+00  -5.281050000e+00  -6.743500000e-01
  -1.535430000e+00  -5.281050000e+00  -1.042020000e+00
  -1.206250000e+00  -5.281050000e+00  -1.323450000e+00
  -8.177960000e-01  -5.281050000e+00  -1.504080000e+00
  -4.038390000e-01  -5.281050000e+00  -1.587270000e+00
   1.146000000e-02  -5.281050000e+00  -1.562720000e+00
   3.816600000e-01  -5.281050000e+00  -1.396900000e+00
   6.687640000e-01  -5.281050000e+00  -1.124030000e+00
   8.775960000e-01  -5.281050000e+00  -8.108700000e-01
   1.022610000e+00  -5.281050000e+00  -4.811370000e-01
   1.091743000e+00  -5.281050000e+00  -1.374259000e-01
   1.075371000e+00  -5.281050000e+00   2.103270000e-01
   9.777440000e-01  -5.281050000e+00   5.446150000e-01
   8.184040000e-01  -5.281050000e+00   8.648170000e-01
   5.954280000e-01  -5.281050000e+00   1.170310000e+00
   2.877446000e-01  -5.281050000e+00   1.422250000e+00
  -1.516040000e-01  -4.421630000e+00   1.817170000e+00
  -6.154260000e-01  -4.421630000e+00   1.822810000e+00
  -1.086000000e+00  -4.421630000e+00   1.750470000e+00
  -1.556710000e+00  -4.421630000e+00   1.581270000e+00
  -1.974240000e+00  -4.421630000e+00   1.270446000e+00
  -2.227890000e+00  -4.421630000e+00   8.073220000e-01
  -2.292560000e+00  -4.421630000e+00   2.811583000e-01
  -2.218340000e+00  -4.421630000e+00  -2.308550000e-01
  -2.044450000e+00  -4.421630000e+00  -7.017300000e-01
  -1.772690000e+00  -4.421630000e+00  -1.111930000e+00
  -1.400530000e+00  -4.421630000e+00  -1.416320000e+00
  -9.582780000e-01  -4.421630000e+00  -1.591530000e+00
  -5.016040000e-01  -4.421630000e+00  -1.657040000e+00
  -5.358880000e-02  -4.421630000e+00  -1.620430000e+00
   3.405400000e-01  -4.421630000e+00  -1.437680000e+00
   6.368500000e-01  -4.421630000e+00  -1.134296000e+00
   8.446460000e-01  -4.421630000e+00  -7.935100000e-01
   9.937600000e-01  -4.421630000e+00  -4.466590000e-01
   1.074281000e+00  -4.421630000e+00  -8.984170000e-02
   1.077008000e+00  -4.421630000e+00   2.770440000e-01
   9.934470000e-01  -4.421630000e+00   6.396880000e-01
   8.392810000e-01  -4.421630000e+00   1.001043000e+00
   6.169780000e-01  -4.421630000e+00   1.368170000e+00
   2.846162900e-01  -4.421630000e+00   1.681440000e+00
  -1.701530000e-01  -3.561210000e+00   1.990100000e+00
  -6.779590000e-01  -3.561210000e+00   2.021100000e+00
  -1.206980000e+00  -3.561210000e+00   1.961090000e+00
  -1.738220000e+00  -3.561210000e+00   1.778630000e+00
  -2.194990000e+00  -3.561210000e+00   1.423959000e+00
  -2.450310000e+00  -3.561210000e+00   9.032710000e-01
  -2.472540000e+00  -3.561210000e+00   3.235661000e-01
  -2.340270000e+00  -3.561210000e+00  -2.162260000e-01
  -2.122900000e+00  -3.561210000e+00  -6.924400000e-01
  -1.837050000e+00  -3.561210000e+00  -1.106330000e+00
  -1.472520000e+00  -3.561210000e+00  -1.437850000e+00
  -1.033200000e+00  -3.561210000e+00  -1.658790000e+00
  -5.551530000e-01  -3.561210000e+00  -1.765030000e+00
  -7.063580000e-02  -3.561210000e+00  -1.743100000e+00
   3.503620000e-01  -3.561210000e+00  -1.533070000e+00
   6.523120000e-01  -3.561210000e+00  -1.184900000e+00
   8.537290000e-01  -3.561210000e+00  -8.066660000e-01
   1.000327000e+00  -3.561210000e+00  -4.399530000e-01
   1.080983000e+00  -3.561210000e+00  -6.843390000e-02
   1.077012000e+00  -3.561210000e+00   3.116240000e-01
   9.832080000e-01  -3.561210000e+00   6.836060000e-01
   8.329370000e-01  -3.561210000e+00   1.059660000e+00
   6.211460000e-01  -3.561210000e+00   1.458350000e+00
   2.877498000e-01  -3.561210000e+00   1.813890000e+00
  -1.945970000e-01  -2.700800000e+00   2.079380000e+00
  -7.350400000e-01  -2.700800000e+00   2.136140000e+00
  -1.311120000e+00  -2.700800000e+00   2.089500000e+00
  -1.891750000e+00  -2.700800000e+00   1.896610000e+00
  -2.366220000e+00  -2.700800000e+00   1.497050000e+00
  -2.612390000e+00  -2.700800000e+00   9.314890000e-01
  -2.621530000e+00  -2.700800000e+00   3.204598000e-01
  -2.477860000e+00  -2.700800000e+00  -2.421260000e-01
  -2.250750000e+00  -2.700800000e+00  -7.376500000e-01
  -1.956310000e+00  -2.700800000e+00  -1.174250000e+00
  -1.580030000e+00  -2.700800000e+00  -1.531020000e+00
  -1.121910000e+00  -2.700800000e+00  -1.779590000e+00
  -6.135970000e-01  -2.700800000e+00  -1.905180000e+00
  -9.295770000e-02  -2.700800000e+00  -1.887940000e+00
   3.559720000e-01  -2.700800000e+00  -1.655580000e+00
   6.644200000e-01  -2.700800000e+00  -1.265560000e+00
   8.600360000e-01  -2.700800000e+00  -8.526920000e-01
   1.003928000e+00  -2.700800000e+00  -4.670050000e-01
   1.076816000e+00  -2.700800000e+00  -8.054020000e-02
   1.062447000e+00  -2.700800000e+00   3.081120000e-01
   9.602710000e-01  -2.700800000e+00   6.870300000e-01
   8.123320000e-01  -2.700800000e+00   1.072390000e+00
   6.067340000e-01  -2.700800000e+00   1.488720000e+00
   2.755627000e-01  -2.700800000e+00   1.869660000e+00
  -2.453260000e-01  -1.840380000e+00   2.095200000e+00
  -8.022400000e-01  -1.840380000e+00   2.159590000e+00
  -1.397650000e+00  -1.840380000e+00   2.118840000e+00
  -1.997030000e+00  -1.840380000e+00   1.920580000e+00
  -2.482820000e+00  -1.840380000e+00   1.509100000e+00
  -2.757740000e+00  -1.840380000e+00   9.319140000e-01
  -2.807190000e+00  -1.840380000e+00   2.978790000e-01
  -2.693510000e+00  -1.840380000e+00  -3.044290000e-01
  -2.472080000e+00  -1.840380000e+00  -8.478800000e-01
  -2.149990000e+00  -1.840380000e+00  -1.318780000e+00
  -1.729350000e+00  -1.840380000e+00  -1.685770000e+00
  -1.224730000e+00  -1.840380000e+00  -1.915960000e+00
  -6.863260000e-01  -1.840380000e+00  -2.015930000e+00
  -1.474214000e-01  -1.840380000e+00  -1.989160000e+00
   3.258180000e-01  -1.840380000e+00  -1.765220000e+00
   6.589560000e-01  -1.840380000e+00  -1.373400000e+00
   8.668180000e-01  -1.840380000e+00  -9.411490000e-01
   1.008702000e+00  -1.840380000e+00  -5.305870000e-01
   1.047085000e+00  -1.840380000e+00  -1.251210000e-01
   9.894930000e-01  -1.840380000e+00   2.644430000e-01
   8.765080000e-01  -1.840380000e+00   6.350710000e-01
   7.427980000e-01  -1.840380000e+00   1.025003000e+00
   5.591820000e-01  -1.840380000e+00   1.466410000e+00
   2.345200000e-01  -1.840380000e+00   1.873870000e+00
  -3.237900000e-01  -9.799600000e-01   2.043430000e+00
  -8.755300000e-01  -9.799600000e-01   2.108250000e+00
  -1.464820000e+00  -9.799600000e-01   2.070690000e+00
  -2.057170000e+00  -9.799600000e-01   1.874630000e+00
  -2.541020000e+00  -9.799600000e-01   1.467420000e+00
  -2.846340000e+00  -9.799600000e-01   9.040110000e-01
  -2.958630000e+00  -9.799600000e-01   2.702550000e-01
  -2.909860000e+00  -9.799600000e-01  -3.644180000e-01
  -2.717810000e+00  -9.799600000e-01  -9.615900000e-01
  -2.372140000e+00  -9.799600000e-01  -1.473100000e+00
  -1.893750000e+00  -9.799600000e-01  -1.839330000e+00
  -1.331720000e+00  -9.799600000e-01  -2.027720000e+00
  -7.627900000e-01  -9.799600000e-01  -2.069320000e+00
  -2.201575000e-01  -9.799600000e-01  -2.005430000e+00
   2.515970000e-01  -9.799600000e-01  -1.779230000e+00
   5.847660000e-01  -9.799600000e-01  -1.397300000e+00
   7.759660000e-01  -9.799600000e-01  -9.513440000e-01
   9.022030000e-01  -9.799600000e-01  -5.409380000e-01
   9.388350000e-01  -9.799600000e-01  -1.447450000e-01
   8.915370000e-01  -9.799600000e-01   2.330410000e-01
   7.883420000e-01  -9.799600000e-01   5.997110000e-01
   6.674740000e-01  -9.799600000e-01   9.935190000e-01
   4.924980000e-01  -9.799600000e-01   1.446540000e+00
   1.622020000e-01  -9.799600000e-01   1.845830000e+00
  -4.366040000e-01  -3.545410000e-01   1.940920000e+00
   4.317900000e-02  -3.545410000e-01   1.753500000e+00
   3.651060000e-01  -3.545410000e-01   1.367330000e+00
   4.817300000e-01  -3.545410000e-01   8.750400000e-01
   5.523140000e-01  -3.545410000e-01   4.878270000e-01
   6.406230000e-01  -3.545410000e-01   1.565790000e-01
   7.339060000e-01  -3.545410000e-01  -1.812940000e-01
   7.452870000e-01  -3.545410000e-01  -5.652310000e-01
   6.431980000e-01  -3.545410000e-01  -9.772100000e-01
   4.612500000e-01  -3.545410000e-01  -1.419150000e+00
   1.221910000e-01  -3.545410000e-01  -1.764640000e+00
  -3.418674000e-01  -3.545410000e-01  -1.974830000e+00
  -8.726040000e-01  -3.545410000e-01  -2.081930000e+00
  -1.464150000e+00  -3.545410000e-01  -2.111170000e+00
  -2.086530000e+00  -3.545410000e-01  -1.981460000e+00
  -2.620070000e+00  -3.545410000e-01  -1.621760000e+00
  -2.979710000e+00  -3.545410000e-01  -1.072350000e+00
  -3.129550000e+00  -3.545410000e-01  -4.271950000e-01
  -3.107280000e+00  -3.545410000e-01   2.277060000e-01
  -2.938580000e+00  -3.545410000e-01   8.516340000e-01
  -2.614310000e+00  -3.545410000e-01   1.399010000e+00
  -2.140820000e+00  -3.545410000e-01   1.800920000e+00
  -1.559320000e+00  -3.545410000e-01   1.994490000e+00
  -9.754100000e-01  -3.545410000e-01   2.018470000e+00
  -1.686010000e+00  -4.075410000e-01  -1.638560000e+00
  -2.126700000e+00  -4.015410000e-01  -1.505080000e+00
  -1.361620000e+00  -3.977410000e-01   1.666280000e+00
  -9.918800000e-01  -4.209410000e-01   1.441420000e+00
  -1.761580000e+00  -4.775410000e-01   6.461800000e-02
  -1.758530000e+00  -4.735410000e-01   3.001075000e-01
  -1.494300000e+00  -4.795410000e-01   3.233108000e-01
  -3.194957000e-01  -3.995410000e-01  -1.587020000e+00
  -1.408390000e+00  -4.875410000e-01  -2.125600000e-01
  -1.229760000e+00  -4.845410000e-01   3.465140000e-01
  -9.125700000e-01  -4.855410000e-01  -1.214690000e-01
  -2.169280000e+00  -4.523410000e-01   2.523400000e-01
  -2.171360000e+00  -4.555410000e-01  -2.134050000e-01
  -2.621810000e+00  -4.166410000e-01  -3.191300000e-02
  -2.242280000e+00  -4.276410000e-01   7.930050000e-01
  -2.344140000e+00  -4.292410000e-01   5.643660000e-01
  -2.345800000e+00  -4.207410000e-01   7.562490000e-01
  -4.104840000e-01  -4.114410000e-01   1.354377000e+00
  -8.138630000e-01  -4.575410000e-01   8.794070000e-01
  -1.394850000e+00  -4.388410000e-01  -1.361060000e+00
  -1.343510000e+00  -4.526410000e-01  -1.178610000e+00
  -1.167948000e+00  -4.483410000e-01  -1.248360000e+00
  -1.616600000e+00  -4.538410000e-01   9.255010000e-01
  -1.554220000e+00  -4.298410000e-01   1.306297000e+00
  -1.461130000e+00  -4.452410000e-01   1.114365000e+00
  -2.375570000e+00  -4.133410000e-01  -1.101140000e+00
  -1.800030000e+00  -4.445410000e-01  -1.139380000e+00
  -7.147930000e-01  -4.077410000e-01  -1.642390000e+00
  -9.923840000e-01  -4.434410000e-01  -1.318120000e+00
  -5.338300000e-01  -4.356410000e-01  -1.282060000e+00
  -1.791260000e+00  -4.207410000e-01   1.313328000e+00
  -1.721430000e+00  -3.963410000e-01   1.604950000e+00
  -1.638330000e+00  -4.132410000e-01   1.458120000e+00
  -1.189533000e+00  -4.085410000e-01  -1.688810000e+00
  -2.028300000e+00  -4.080410000e-01   1.327359000e+00
   2.071090000e-01  -3.991410000e-01  -1.075070000e+00
   2.529200000e-01  -4.081410000e-01  -6.745960000e-01
   3.068690000e-01  -4.035410000e-01  -8.448800000e-02
  -1.804640000e+00  -4.745410000e-01  -3.364760000e-01
  -2.060940000e+00  -4.538410000e-01  -6.713200000e-01
   4.473410000e-02  -4.177410000e-01   5.149250000e-01
  -1.794170000e-01  -4.482410000e-01   5.185700000e-02
  -2.551990000e+00  -4.134410000e-01   4.908549000e-01
  -2.568480000e+00  -4.173410000e-01  -5.810110000e-01
  -6.091500000e-02  -4.054410000e-01  -1.344360000e+00
  -2.533240000e-01  -4.428410000e-01  -8.952900000e-01
   4.092100000e-02  -3.973410000e-01   1.117704000e+00
  -3.382530000e-01  -4.374410000e-01   8.495610000e-01
  -1.586730000e+00  -4.745410000e-01  -6.564780000e-01
  -2.103810000e+00  -4.296410000e-01   9.423500000e-01
  -2.138090000e+00  -4.424410000e-01   6.388770000e-01
  -5.328150000e-01  -4.565410000e-01  -9.064400000e-01
  -5.818650000e-01  -4.655410000e-01  -7.090790000e-01
  -1.094450000e+00  -4.595410000e-01   8.979200000e-01
  -1.175460000e+00  -4.435410000e-01   1.167426000e+00
  -9.966600000e-01  -4.510410000e-01   1.026916000e+00
  -1.946730000e+00  -4.263410000e-01   1.138463000e+00
  -2.066060000e+00  -4.192410000e-01   1.136855000e+00
  -1.862150000e+00  -4.438410000e-01   9.445670000e-01
  -1.756890000e+00  -4.675410000e-01   5.325970000e-01
  -1.947490000e+00  -4.565410000e-01   5.847370000e-01
  -1.261550000e+00  -4.855410000e-01  -3.943470000e-01
  -1.424290000e+00  -4.815410000e-01  -5.244130000e-01
  -1.113000000e+00  -4.825410000e-01  -5.731340000e-01
  -1.013410000e+00  -4.855410000e-01  -3.493020000e-01
  -8.228630000e-01  -4.795410000e-01  -4.280090000e-01
  -5.626880000e-01  -4.675410000e-01   3.477197000e-01
  -1.454420000e+00  -4.149410000e-01   1.485290000e+00
  -1.224650000e+00  -4.183410000e-01   1.462850000e+00
  -1.289180000e+00  -4.645410000e-01  -1.000160000e+00
  -1.048241000e+00  -4.665410000e-01  -9.603800000e-01
  -1.021813000e+00  -4.555410000e-01  -1.140750000e+00
  -1.296350000e+00  -4.735410000e-01   6.339740000e-01
  -1.056610000e+00  -4.665410000e-01   7.561910000e-01
  -1.679490000e-01  -4.485410000e-01  -3.796780000e-01
  -1.961980000e+00  -4.615410000e-01   3.909687800e-01
  -1.861880000e+00  -4.695410000e-01   2.292930000e-01
  -1.438450000e+00  -4.705410000e-01  -8.308200000e-01
  -1.543600000e+00  -4.565410000e-01  -1.066270000e+00
  -1.566160000e+00  -4.665410000e-01  -8.633700000e-01
  -1.560470000e+00  -4.655410000e-01   7.180150000e-01
  -1.526620000e+00  -4.715410000e-01   5.812860000e-01
  -2.348470000e+00  -4.116410000e-01   9.481320000e-01
  -4.964610000e-01  -4.705410000e-01  -1.232100000e-01
  -3.995870000e-01  -4.625410000e-01  -4.421970000e-01
  -6.695670000e-01  -4.505410000e-01  -1.111330000e+00
  -5.333220000e-01  -4.462410000e-01  -1.097750000e+00
  -9.608020000e-01  -4.745410000e-01  -7.548600000e-01
  -1.124740000e+00  -4.705410000e-01  -8.755100000e-01
  -1.365340000e+00  -4.369410000e-01   1.240361000e+00
  -1.826210000e+00  -4.327410000e-01   1.129948000e+00
  -7.730180000e-01  -4.805410000e-01  -3.160930000e-01
  -5.636880000e-01  -4.725410000e-01  -3.174630000e-01
  -1.275880000e+00  -4.775410000e-01  -7.004800000e-01
  -9.038450000e-01  -4.555410000e-01  -1.123860000e+00
  -8.329760000e-01  -4.480410000e-01  -1.212720000e+00
  -6.314160000e-01  -4.735410000e-01  -5.057170000e-01
  -3.268060000e-01  -4.531410000e-01  -6.697420000e-01
  -1.211200000e+00  -4.865410000e-01  -2.804310000e-01
  -7.202100000e-01  -4.695410000e-01  -7.216560000e-01
  -7.965090000e-01  -4.745410000e-01  -6.307910000e-01
  -1.368040000e+00  -4.595410000e-01   9.114340000e-01
  -8.073050000e-01  -4.635410000e-01  -9.305900000e-01
  -1.349510000e+00  -4.795410000e-01  -6.133060000e-01
  -1.999620000e+00  -4.442410000e-01   7.912220000e-01
  -2.153480000e+00  -4.479410000e-01   4.471089000e-01
C Number of facets
  786
C  Size  Node 1  ......Node N Marker
    3    0    1    2    3
    3    0    2    3    3
    3    0    3    4    3
    3    0    4    5    3
    3    0    5    6    3
    3    0    6    7    3
    3    0    7    8    3
    3    0    8    9    3
    3    0    9   10    3
    3    0   10   11    3
    3    0   11   12    3
    3    0   12   13    3
    3    0   13   14    3
    3    0   14   15    3
    3    0   15   16    3
    3    0   16   17    3
    3    0   17   18    3
    3    0   18   19    3
    3    0   19   20    3
    3    0   20   21    3
    3    0   21   22    3
    3    0   22   23    3
    3    0   23   24    3
    3    0   24    1    3
    3    1   25   26    3
    3    1   26    2    3
    3    2   26   27    3
    3    2   27    3    3
    3    3   27   28    3
    3    3   28    4    3
    3    4   28   29    3
    3    4   29    5    3
    3    5   29   30    3
    3    5   30    6    3
    3    6   30   31    3
    3    6   31    7    3
    3    7   31   32    3
    3    7   32    8    3
    3    8   32   33    3
    3    8   33    9    3
    3    9   33   34    3
    3    9   34   10    3
    3   10   34   35    3
    3   10   35   11    3
    3   11   35   36    3
    3   11   36   12    3
    3   12   36   37    3
    3   12   37   13    3
    3   13   37   38    3
    3   13   38   14    3
    3   14   38   39    3
    3   14   39   15    3
    3   15   39   40    3
    3   15   40   16    3
    3   16   40   41    3
    3   16   41   17    3
    3   17   41   42    3
    3   17   42   18    3
    3   18   42   43    3
    3   18   43   19    3
    3   19   43   44    3
    3   19   44   20    3
    3   20   44   45    3
    3   20   45   21    3
    3   21   45   46    3
    3   21   46   22    3
    3   22   46   47    3
    3   22   47   23    3
    3   23   47   48    3
    3   23   48   24    3
    3   24   48   25    3
    3   24   25    1    3
    3   25   49   50    3
    3   25   50   26    3
    3   26   50   51    3
    3   26   51   27    3
    3   27   51   52    3
    3   27   52   28    3
    3   28   52   53    3
    3   28   53   29    3
    3   29   53   54    3
    3   29   54   30    3
    3   30   54   55    3
    3   30   55   31    3
    3   31   55   56    3
    3   31   56   32    3
    3   32   56   57    3
    3   32   57   33    3
    3   33   57   58    3
    3   33   58   34    3
    3   34   58   59    3
    3   34   59   35    3
    3   35   59   60    3
    3   35   60   36    3
    3   36   60   61    3
    3   36   61   37    3
    3   37   61   62    3
    3   37   62   38    3
    3   38   62   63    3
    3   38   63   39    3
    3   39   63   64    3
    3   39   64   40    3
    3   40   64   65    3
    3   40   65   41    3
    3   41   65   66    3
    3   41   66   42    3
    3   42   66   67    3
    3   42   67   43    3
    3   43   67   68    3
    3   43   68   44    3
    3   44   68   69    3
    3   44   69   45    3
    3   45   69   70    3
    3   45   70   46    3
    3   46   70   71    3
    3   46   71   47    3
    3   47   71   72    3
    3   47   72   48    3
    3   48   72   49    3
    3   48   49   25    3
    3   49   73   74    3
    3   49   74   50    3
    3   50   74   75    3
    3   50   75   51    3
    3   51   75   76    3
    3   51   76   52    3
    3   52   76   77    3
    3   52   77   53    3
    3   53   77   78    3
    3   53   78   54    3
    3   54   78   79    3
    3   54   79   55    3
    3   55   79   80    3
    3   55   80   56    3
    3   56   80   81    3
    3   56   81   57    3
    3   57   81   82    3
    3   57   82   58    3
    3   58   82   83    3
    3   58   83   59    3
    3   59   83   84    3
    3   59   84   60    3
    3   60   84   85    3
    3   60   85   61    3
    3   61   85   86    3
    3   61   86   62    3
    3   62   86   87    3
    3   62   87   63    3
    3   63   87   88    3
    3   63   88   64    3
    3   64   88   89    3
    3   64   89   65    3
    3   65   89   90    3
    3   65   90   66    3
    3   66   90   91    3
    3   66   91   67    3
    3   67   91   92    3
    3   67   92   68    3
    3   68   92   93    3
    3   68   93   69    3
    3   69   93   94    3
    3   69   94   70    3
    3   70   94   95    3
    3   70   95   71    3
    3   71   95   96    3
    3   71   96   72    3
    3   72   96   73    3
    3   72   73   49    3
    3   73   97   98    3
    3   73   98   74    3
    3   74   98   99    3
    3   74   99   75    3
    3   75   99  100    3
    3   75  100   76    3
    3   76  100  101    3
    3   76  101   77    3
    3   77  101  102    3
    3   77  102   78    3
    3   78  102  103    3
    3   78  103   79    3
    3   79  103  104    3
    3   79  104   80    3
    3   80  104  105    3
    3   80  105   81    3
    3   81  105  106    3
    3   81  106   82    3
    3   82  106  107    3
    3   82  107   83    3
    3   83  107  108    3
    3   83  108   84    3
    3   84  108  109    3
    3   84  109   85    3
    3   85  109  110    3
    3   85  110   86    3
    3   86  110  111    3
    3   86  111   87    3
    3   87  111  112    3
    3   87  112   88    3
    3   88  112  113    3
    3   88  113   89    3
    3   89  113  114    3
    3   89  114   90    3
    3   90  114  115    3
    3   90  115   91    3
    3   91  115  116    3
    3   91  116   92    3
    3   92  116  117    3
    3   92  117   93    3
    3   93  117  118    3
    3   93  118   94    3
    3   94  118  119    3
    3   94  119   95    3
    3   95  119  120    3
    3   95  120   96    3
    3   96  120   97    3
    3   96   97   73    3
    3   97  121  122    3
    3   97  122   98    3
    3   98  122  123    3
    3   98  123   99    3
    3   99  123  124    3
    3   99  124  100    3
    3  100  124  125    3
    3  100  125  101    3
    3  101  125  126    3
    3  101  126  102    3
    3  102  126  127    3
    3  102  127  103    3
    3  103  127  128    3
    3  103  128  104    3
    3  104  128  129    3
    3  104  129  105    3
    3  105  129  130    3
    3  105  130  106    3
    3  106  130  131    3
    3  106  131  107    3
    3  107  131  132    3
    3  107  132  108    3
    3  108  132  133    3
    3  108  133  109    3
    3  109  133  134    3
    3  109  134  110    3
    3  110  134  135    3
    3  110  135  111    3
    3  111  135  136    3
    3  111  136  112    3
    3  112  136  137    3
    3  112  137  113    3
    3  113  137  138    3
    3  113  138  114    3
    3  114  138  139    3
    3  114  139  115    3
    3  115  139  140    3
    3  115  140  116    3
    3  116  140  141    3
    3  116  141  117    3
    3  117  141  142    3
    3  117  142  118    3
    3  118  142  143    3
    3  118  143  119    3
    3  119  143  144    3
    3  119  144  120    3
    3  120  144  121    3
    3  120  121   97    3
    3  121  145  146    3
    3  121  146  122    3
    3  122  146  147    3
    3  122  147  123    3
    3  123  147  148    3
    3  123  148  124    3
    3  124  148  149    3
    3  124  149  125    3
    3  125  149  150    3
    3  125  150  126    3
    3  126  150  151    3
    3  126  151  127    3
    3  127  151  152    3
    3  127  152  128    3
    3  128  152  153    3
    3  128  153  129    3
    3  129  153  154    3
    3  129  154  130    3
    3  130  154  155    3
    3  130  155  131    3
    3  131  155  156    3
    3  131  156  132    3
    3  132  156  157    3
    3  132  157  133    3
    3  133  157  158    3
    3  133  158  134    3
    3  134  158  159    3
    3  134  159  135    3
    3  135  159  160    3
    3  135  160  136    3
    3  136  160  161    3
    3  136  161  137    3
    3  137  161  162    3
    3  137  162  138    3
    3  138  162  163    3
    3  138  163  139    3
    3  139  163  164    3
    3  139  164  140    3
    3  140  164  165    3
    3  140  165  141    3
    3  141  165  166    3
    3  141  166  142    3
    3  142  166  167    3
    3  142  167  143    3
    3  143  167  168    3
    3  143  168  144    3
    3  144  168  145    3
    3  144  145  121    3
    3  145  169  170    3
    3  145  170  146    3
    3  146  170  171    3
    3  146  171  147    3
    3  147  171  172    3
    3  147  172  148    3
    3  148  172  173    3
    3  148  173  149    3
    3  149  173  174    3
    3  149  174  150    3
    3  150  174  175    3
    3  150  175  151    3
    3  151  175  176    3
    3  151  176  152    3
    3  152  176  177    3
    3  152  177  153    3
    3  153  177  178    3
    3  153  178  154    3
    3  154  178  179    3
    3  154  179  155    3
    3  155  179  180    3
    3  155  180  156    3
    3  156  180  181    3
    3  156  181  157    3
    3  157  181  182    3
    3  157  182  158    3
    3  158  182  183    3
    3  158  183  159    3
    3  159  183  184    3
    3  159  184  160    3
    3  160  184  185    3
    3  160  185  161    3
    3  161  185  186    3
    3  161  186  162    3
    3  162  186  187    3
    3  162  187  163    3
    3  163  187  188    3
    3  163  188  164    3
    3  164  188  189    3
    3  164  189  165    3
    3  165  189  190    3
    3  165  190  166    3
    3  166  190  191    3
    3  166  191  167    3
    3  167  191  192    3
    3  167  192  168    3
    3  168  192  169    3
    3  168  169  145    3
    3  169  193  194    3
    3  169  194  170    3
    3  170  194  195    3
    3  170  195  171    3
    3  171  195  196    3
    3  171  196  172    3
    3  172  196  197    3
    3  172  197  173    3
    3  173  197  198    3
    3  173  198  174    3
    3  174  198  199    3
    3  174  199  175    3
    3  175  199  200    3
    3  175  200  176    3
    3  176  200  201    3
    3  176  201  177    3
    3  177  201  202    3
    3  177  202  178    3
    3  178  202  203    3
    3  178  203  179    3
    3  179  203  204    3
    3  179  204  180    3
    3  180  204  205    3
    3  180  205  181    3
    3  181  205  206    3
    3  181  206  182    3
    3  182  206  207    3
    3  182  207  183    3
    3  183  207  208    3
    3  183  208  184    3
    3  184  208  209    3
    3  184  209  185    3
    3  185  209  210    3
    3  185  210  186    3
    3  186  210  211    3
    3  186  211  187    3
    3  187  211  212    3
    3  187  212  188    3
    3  188  212  213    3
    3  188  213  189    3
    3  189  213  214    3
    3  189  214  190    3
    3  190  214  215    3
    3  190  215  191    3
    3  191  215  216    3
    3  191  216  192    3
    3  192  216  193    3
    3  192  193  169    3
    3  193  217  218    3
    3  193  218  194    3
    3  194  218  219    3
    3  194  219  195    3
    3  195  219  220    3
    3  195  220  196    3
    3  196  220  221    3
    3  196  221  197    3
    3  197  221  222    3
    3  197  222  198    3
    3  198  222  223    3
    3  198  223  199    3
    3  199  223  224    3
    3  199  224  200    3
    3  200  224  225    3
    3  200  225  201    3
    3  201  225  226    3
    3  201  226  202    3
    3  202  226  227    3
    3  202  227  203    3
    3  203  227  228    3
    3  203  228  204    3
    3  204  228  229    3
    3  204  229  205    3
    3  205  229  230    3
    3  205  230  206    3
    3  206  230  231    3
    3  206  231  207    3
    3  207  231  232    3
    3  207  232  208    3
    3  208  232  233    3
    3  208  233  209    3
    3  209  233  234    3
    3  209  234  210    3
    3  210  234  235    3
    3  210  235  211    3
    3  211  235  236    3
    3  211  236  212    3
    3  212  236  237    3
    3  212  237  213    3
    3  213  237  238    3
    3  213  238  214    3
    3  214  238  239    3
    3  214  239  215    3
    3  215  239  240    3
    3  215  240  216    3
    3  216  240  217    3
    3  216  217  193    3
    3  217  241  242    3
    3  217  242  218    3
    3  218  242  243    3
    3  218  243  219    3
    3  219  243  244    3
    3  219  244  220    3
    3  220  244  245    3
    3  220  245  221    3
    3  221  245  246    3
    3  221  246  222    3
    3  222  246  247    3
    3  222  247  223    3
    3  223  247  248    3
    3  223  248  224    3
    3  224  248  249    3
    3  224  249  225    3
    3  225  249  250    3
    3  225  250  226    3
    3  226  250  251    3
    3  226  251  227    3
    3  227  251  252    3
    3  227  252  228    3
    3  228  252  253    3
    3  228  253  229    3
    3  229  253  254    3
    3  229  254  230    3
    3  230  254  255    3
    3  230  255  231    3
    3  231  255  256    3
    3  231  256  232    3
    3  232  256  257    3
    3  232  257  233    3
    3  233  257  258    3
    3  233  258  234    3
    3  234  258  259    3
    3  234  259  235    3
    3  235  259  260    3
    3  235  260  236    3
    3  236  260  261    3
    3  236  261  237    3
    3  237  261  262    3
    3  237  262  238    3
    3  238  262  263    3
    3  238  263  239    3
    3  239  263  264    3
    3  239  264  240    3
    3  240  264  241    3
    3  240  241  217    3
    3  264  265  241    3
    3  264  266  265    3
    3  263  266  264    3
    3  263  267  266    3
    3  262  267  263    3
    3  262  268  267    3
    3  261  268  262    3
    3  261  269  268    3
    3  260  269  261    3
    3  260  270  269    3
    3  259  270  260    3
    3  259  271  270    3
    3  258  271  259    3
    3  258  272  271    3
    3  257  272  258    3
    3  257  273  272    3
    3  256  273  257    3
    3  256  274  273    3
    3  255  274  256    3
    3  255  275  274    3
    3  254  275  255    3
    3  254  276  275    3
    3  253  276  254    3
    3  253  277  276    3
    3  252  277  253    3
    3  252  278  277    3
    3  251  278  252    3
    3  251  279  278    3
    3  250  279  251    3
    3  250  280  279    3
    3  249  280  250    3
    3  249  281  280    3
    3  248  281  249    3
    3  248  282  281    3
    3  247  282  248    3
    3  247  283  282    3
    3  246  283  247    3
    3  246  284  283    3
    3  245  284  246    3
    3  245  285  284    3
    3  244  285  245    3
    3  244  286  285    3
    3  243  286  244    3
    3  243  287  286    3
    3  242  287  243    3
    3  242  288  287    3
    3  241  288  242    3
    3  241  265  288    3
    3  289  279  290    1
    3  291  288  292    1
    3  293  294  295    3
    3  296  275  276    1
    3  297  298  299    1
    3  300  301  302    1
    3  303  304  305    3
    3  292  306  307    1
    3  308  309  310    4
    3  300  293  301    1
    3  311  312  313    3
    3  290  314  315    1
    3  316  317  318    1
    3  319  320  321    3
    3  317  322  308    1
    3  286  323  285    1
    3  286  287  320    1
    3  298  297  293    1
    3  324  325  273    1
    3  326  271  272    1
    3  327  328  301    1
    3  329  326  330    1
    3  300  331  304    1
    3  332  282  302    1
    3  272  325  326    1
    3  296  276  316    1
    3  296  333  275    1
    3  324  334  325    1
    3  335  329  336    1
    3  315  328  337    1
    3  338  339  303    3
    3  334  340  341    4
    3  279  289  278    1
    3  274  275  333    1
    3  322  278  289    1
    3  342  343  344    3
    3  332  301  328    1
    3  314  290  280    1
    3  345  338  346    3
    3  324  333  334    1
    3  277  316  276    1
    3  266  267  335    1
    3  288  291  287    1
    3  347  348  349    3
    3  316  322  317    1
    3  297  350  351    4
    3  327  301  293    1
    3  283  331  302    1
    3  352  353  354    4
    3  326  269  270    1
    3  332  302  301    1
    3  355  299  298    1
    3  312  356  357    3
    3  330  355  329    1
    3  336  306  335    1
    3  271  326  270    1
    3  358  359  360    4
    3  298  361  362    3
    3  283  302  282    1
    3  336  329  355    1
    3  326  363  330    1
    3  265  292  288    1
    3  300  364  365    3
    3  366  367  368    4
    3  333  318  334    1
    3  369  361  370    3
    3  327  293  297    1
    3  278  322  277    1
    3  320  291  356    3
    3  371  285  323    1
    3  363  325  334    1
    3  371  331  284    1
    3  364  339  349    3
    3  268  335  267    1
    3  372  363  373    4
    3  280  290  279    1
    3  266  306  265    1
    3  316  277  322    1
    3  328  315  314    1
    3  308  315  367    1
    3  355  330  372    1
    3  327  297  337    1
    3  280  281  314    1
    3  374  340  375    4
    3  296  316  318    1
    3  352  376  377    4
    3  355  307  336    1
    3  292  343  378    3
    3  326  325  363    1
    3  320  287  291    1
    3  345  319  379    3
    3  380  372  381    4
    3  358  366  382    4
    3  268  329  335    1
    3  273  274  324    1
    3  336  307  306    1
    3  265  306  292    1
    3  296  318  333    1
    3  383  374  384    4
    3  329  268  269    1
    3  385  373  386    4
    3  333  324  274    1
    3  283  284  331    1
    3  298  307  355    1
    3  299  353  387    4
    3  308  289  315    1
    3  273  325  272    1
    3  327  337  328    1
    3  388  376  389    4
    3  314  332  328    1
    3  281  282  332    1
    3  315  289  290    1
    3  363  372  330    1
    3  355  372  299    1
    3  285  371  284    1
    3  314  281  332    1
    3  269  326  329    1
    3  369  347  311    3
    3  266  335  306    1
    3  286  320  323    1
    3  308  322  289    1
    3  300  302  331    1
    3  343  390  313    3
    3  292  307  344    3
    3  298  348  370    3
    3  361  390  342    3
    3  343  342  390    3
    3  342  307  362    3
    3  347  369  348    3
    3  361  369  390    3
    3  369  311  390    3
    3  312  311  347    3
    3  311  313  390    3
    3  313  312  378    3
    3  298  362  307    3
    3  342  362  361    3
    3  342  344  307    3
    3  292  344  343    3
    3  369  370  348    3
    3  298  370  361    3
    3  292  378  312    3
    3  313  378  343    3
    3  334  318  375    4
    3  340  391  388    4
    3  318  317  384    4
    3  340  374  391    4
    3  352  385  389    4
    3  376  391  359    4
    3  376  388  391    4
    3  388  385  341    4
    3  359  391  383    4
    3  359  358  377    4
    3  374  383  391    4
    3  383  317  360    4
    3  374  375  318    4
    3  334  375  340    4
    3  334  341  385    4
    3  388  341  340    4
    3  388  389  385    4
    3  352  389  376    4
    3  352  377  358    4
    3  359  377  376    4
    3  358  360  317    4
    3  383  360  359    4
    3  383  384  317    4
    3  318  384  374    4
    3  367  358  309    4
    3  315  337  368    1
    3  353  352  350    4
    3  353  299  380    4
    3  372  380  299    4
    3  380  385  354    4
    3  350  352  392    4
    3  350  297  387    4
    3  366  337  392    4
    3  367  366  358    4
    3  363  334  386    4
    3  373  385  381    4
    3  392  337  351    4
    3  392  352  382    4
    3  380  381  385    4
    3  373  381  372    4
    3  358  317  310    4
    3  367  309  308    4
    3  385  386  334    4
    3  363  386  373    4
    3  366  368  337    4
    3  315  368  367    1
    3  299  387  297    4
    3  350  387  353    4
    3  352  354  385    4
    3  380  354  353    4
    3  358  382  352    4
    3  392  382  366    4
    3  297  351  337    4
    3  392  351  350    4
    3  308  310  317    4
    3  358  310  309    4
    3  312  347  379    3
    3  320  319  323    3
    3  371  323  346    3
    3  338  347  393    3
    3  364  300  394    3
    3  364  348  294    3
    3  319  345  323    3
    3  338  345  347    3
    3  348  298  295    3
    3  294  293  365    3
    3  304  339  394    3
    3  331  371  305    1
    3  364  349  348    3
    3  349  339  393    3
    3  338  393  339    3
    3  349  393  347    3
    3  338  303  371    3
    3  304  303  339    3
    3  356  312  321    3
    3  291  292  357    3
    3  364  394  339    3
    3  304  394  300    3
    3  319  321  312    3
    3  356  321  320    3
    3  293  295  298    3
    3  348  295  294    3
    3  312  357  292    3
    3  291  357  356    3
    3  345  346  323    3
    3  371  346  338    3
    3  303  305  371    3
    3  331  305  304    1
    3  345  379  347    3
    3  312  379  319    3
    3  300  365  293    3
    3  294  365  364    3
C Prescribed Values(Inlet, Outlet), InteractionSurface(Inlet, Outlet)
       3        1        0        2        2        2
C Inlet Velocity
C     Vx,           Vy,            Vz,    indVx,indVy,indVz, FunID (3E18.9, 4I5)
   0.000000000e+00   1.000000000e+00   0.000000000e+00    1    0    1    4
C Inlet Pressure, FunID (E18.9,I5)
   1.000000000e+00    3
C Outlet Pressure (E18.9,I5)
   1.000000000e+00    2
C Inlet Velocity
C nNodeID,    Vx,           Vy,            Vz (I5, 3E18.9)
  265
    1   1.000000000e+00   7.400000000e+00  -5.000000000e-01
    2  -1.200000000e+00   7.000000000e+00  -8.000000000e-01
    3  -1.100000000e+00   7.000000000e+00  -1.600000000e+00
    4  -7.000000000e-01   7.000000000e+00  -2.200000000e+00
    5   0.000000000e+00   7.000000000e+00  -3.000000000e+00
    6   1.200000000e+00   7.000000000e+00  -3.500000000e+00
    7   2.300000000e+00   7.000000000e+00  -3.400000000e+00
    8   2.400000000e+00   7.000000000e+00  -2.600000000e+00
    9   2.100000000e+00   7.000000000e+00  -2.000000000e+00
   10   1.900000000e+00   7.000000000e+00  -1.800000000e+00
   11   1.900000000e+00   7.000000000e+00  -1.600000000e+00
   12   2.000000000e+00   7.000000000e+00  -1.500000000e+00
   13   2.400000000e+00   7.000000000e+00  -1.300000000e+00
   14   2.700000000e+00   7.000000000e+00  -6.000000000e-01
   15   2.700000000e+00   7.000000000e+00   4.000000000e-01
   16   2.300000000e+00   7.000000000e+00   1.200000000e+00
   17   1.900000000e+00   7.000000000e+00   1.600000000e+00
   18   1.400000000e+00   7.000000000e+00   1.800000000e+00
   19   5.000000000e-01   7.000000000e+00   2.000000000e+00
   20  -5.000000000e-01   7.000000000e+00   1.700000000e+00
   21  -1.000000000e-01   7.000000000e+00   1.100000000e+00
   22   1.000000000e-01   7.000000000e+00   9.000000000e-01
   23   1.000000000e-01   7.000000000e+00   1.000000000e+00
   24  -2.000000000e-01   7.000000000e+00   9.000000000e-01
   25  -7.000000000e-01   7.000000000e+00   4.000000000e-01
   26  -1.700000000e+00   6.600000000e+00  -2.000000000e-01
   27  -1.600000000e+00   6.600000000e+00  -1.200000000e+00
   28  -1.200000000e+00   6.600000000e+00  -2.100000000e+00
   29  -4.000000000e-01   6.600000000e+00  -3.000000000e+00
   30   9.000000000e-01   6.600000000e+00  -3.800000000e+00
   31   2.000000000e+00   6.600000000e+00  -3.700000000e+00
   32   2.200000000e+00   6.600000000e+00  -3.100000000e+00
   33   2.100000000e+00   6.600000000e+00  -2.600000000e+00
   34   2.000000000e+00   6.600000000e+00  -2.400000000e+00
   35   2.300000000e+00   6.600000000e+00  -2.100000000e+00
   36   2.800000000e+00   6.600000000e+00  -1.700000000e+00
   37   3.200000000e+00   6.600000000e+00  -1.100000000e+00
   38   3.400000000e+00   6.600000000e+00  -3.000000000e-01
   39   3.400000000e+00   6.600000000e+00   8.000000000e-01
   40   2.900000000e+00   6.600000000e+00   1.700000000e+00
   41   2.400000000e+00   6.600000000e+00   2.200000000e+00
   42   1.800000000e+00   6.600000000e+00   2.400000000e+00
   43   9.000000000e-01   6.600000000e+00   2.600000000e+00
   44   1.000000000e-01   6.600000000e+00   2.300000000e+00
   45   5.000000000e-01   6.600000000e+00   1.900000000e+00
   46   9.000000000e-01   6.600000000e+00   1.900000000e+00
   47   6.000000000e-01   6.600000000e+00   2.100000000e+00
   48   0.000000000e+00   6.600000000e+00   2.100000000e+00
   49  -1.000000000e+00   6.600000000e+00   1.400000000e+00
   50  -1.900000000e+00   6.100000000e+00   1.400000000e+00
   51  -2.100000000e+00   6.100000000e+00   5.000000000e-01
   52  -1.900000000e+00   6.100000000e+00  -9.000000000e-01
   53  -1.100000000e+00   6.100000000e+00  -2.300000000e+00
   54   3.000000000e-01   6.100000000e+00  -3.400000000e+00
   55   1.500000000e+00   6.100000000e+00  -3.500000000e+00
   56   2.100000000e+00   6.100000000e+00  -3.200000000e+00
   57   2.200000000e+00   6.100000000e+00  -2.800000000e+00
   58   2.500000000e+00   6.100000000e+00  -2.500000000e+00
   59   3.000000000e+00   6.100000000e+00  -2.000000000e+00
   60   3.600000000e+00   6.100000000e+00  -1.300000000e+00
   61   4.000000000e+00   6.100000000e+00  -5.000000000e-01
   62   4.200000000e+00   6.100000000e+00   5.000000000e-01
   63   4.000000000e+00   6.100000000e+00   1.700000000e+00
   64   3.500000000e+00   6.100000000e+00   2.600000000e+00
   65   3.100000000e+00   6.100000000e+00   2.600000000e+00
   66   2.900000000e+00   6.100000000e+00   2.600000000e+00
   67   2.200000000e+00   6.100000000e+00   2.900000000e+00
   68   9.000000000e-01   6.100000000e+00   3.000000000e+00
   69   4.000000000e-01   6.100000000e+00   2.800000000e+00
   70   2.000000000e-01   6.100000000e+00   2.600000000e+00
   71   1.000000000e-01   6.100000000e+00   2.800000000e+00
   72  -3.000000000e-01   6.100000000e+00   2.800000000e+00
   73  -1.200000000e+00   6.100000000e+00   2.600000000e+00
   74  -2.200000000e+00   5.800000000e+00   2.600000000e+00
   75  -2.600000000e+00   5.800000000e+00   1.600000000e+00
   76  -2.600000000e+00   5.800000000e+00   1.000000000e-01
   77  -1.900000000e+00   5.800000000e+00  -1.700000000e+00
   78  -4.000000000e-01   5.800000000e+00  -3.200000000e+00
   79   1.000000000e+00   5.800000000e+00  -3.500000000e+00
   80   1.900000000e+00   5.800000000e+00  -3.200000000e+00
   81   2.500000000e+00   5.800000000e+00  -2.900000000e+00
   82   2.900000000e+00   5.800000000e+00  -2.400000000e+00
   83   3.500000000e+00   5.800000000e+00  -1.900000000e+00
   84   4.100000000e+00   5.800000000e+00  -1.200000000e+00
   85   4.400000000e+00   5.800000000e+00  -3.000000000e-01
   86   4.600000000e+00   5.800000000e+00   6.000000000e-01
   87   4.400000000e+00   5.800000000e+00   1.900000000e+00
   88   3.800000000e+00   5.800000000e+00   3.000000000e+00
   89   3.300000000e+00   5.800000000e+00   3.100000000e+00
   90   3.100000000e+00   5.800000000e+00   3.000000000e+00
   91   2.700000000e+00   5.800000000e+00   3.300000000e+00
   92   1.500000000e+00   5.800000000e+00   3.500000000e+00
   93   8.000000000e-01   5.800000000e+00   3.500000000e+00
   94   3.000000000e-01   5.800000000e+00   3.400000000e+00
   95   0.000000000e+00   5.800000000e+00   3.400000000e+00
   96  -6.000000000e-01   5.800000000e+00   3.600000000e+00
   97  -1.300000000e+00   5.800000000e+00   3.500000000e+00
   98  -2.400000000e+00   5.400000000e+00   3.100000000e+00
   99  -3.000000000e+00   5.400000000e+00   2.100000000e+00
  100  -3.200000000e+00   5.400000000e+00   4.000000000e-01
  101  -2.500000000e+00   5.400000000e+00  -1.600000000e+00
  102  -7.000000000e-01   5.400000000e+00  -3.600000000e+00
  103   1.100000000e+00   5.400000000e+00  -4.100000000e+00
  104   2.300000000e+00   5.400000000e+00  -3.700000000e+00
  105   2.900000000e+00   5.400000000e+00  -3.100000000e+00
  106   3.400000000e+00   5.400000000e+00  -2.600000000e+00
  107   4.000000000e+00   5.400000000e+00  -1.900000000e+00
  108   4.400000000e+00   5.400000000e+00  -1.100000000e+00
  109   4.600000000e+00   5.400000000e+00  -3.000000000e-01
  110   4.800000000e+00   5.400000000e+00   5.000000000e-01
  111   4.600000000e+00   5.400000000e+00   1.700000000e+00
  112   3.900000000e+00   5.400000000e+00   3.200000000e+00
  113   3.100000000e+00   5.400000000e+00   3.500000000e+00
  114   2.800000000e+00   5.400000000e+00   3.500000000e+00
  115   2.300000000e+00   5.400000000e+00   3.600000000e+00
  116   1.300000000e+00   5.400000000e+00   3.800000000e+00
  117   4.000000000e-01   5.400000000e+00   3.800000000e+00
  118  -3.000000000e-01   5.400000000e+00   3.600000000e+00
  119  -7.000000000e-01   5.400000000e+00   3.500000000e+00
  120  -1.000000000e+00   5.400000000e+00   3.700000000e+00
  121  -1.600000000e+00   5.400000000e+00   3.900000000e+00
  122  -2.900000000e+00   4.900000000e+00   3.300000000e+00
  123  -3.500000000e+00   4.900000000e+00   2.200000000e+00
  124  -3.600000000e+00   4.900000000e+00   4.000000000e-01
  125  -2.800000000e+00   4.900000000e+00  -1.900000000e+00
  126  -7.000000000e-01   4.900000000e+00  -4.000000000e+00
  127   1.400000000e+00   4.900000000e+00  -4.600000000e+00
  128   2.700000000e+00   4.900000000e+00  -4.200000000e+00
  129   3.500000000e+00   4.900000000e+00  -3.300000000e+00
  130   4.000000000e+00   4.900000000e+00  -2.600000000e+00
  131   4.600000000e+00   4.900000000e+00  -1.800000000e+00
  132   5.000000000e+00   4.900000000e+00  -7.000000000e-01
  133   5.000000000e+00   4.900000000e+00   1.000000000e-01
  134   4.900000000e+00   4.900000000e+00   6.000000000e-01
  135   4.700000000e+00   4.900000000e+00   1.700000000e+00
  136   3.900000000e+00   4.900000000e+00   3.300000000e+00
  137   2.800000000e+00   4.900000000e+00   4.100000000e+00
  138   2.200000000e+00   4.900000000e+00   4.100000000e+00
  139   1.400000000e+00   4.900000000e+00   4.100000000e+00
  140   4.000000000e-01   4.900000000e+00   4.200000000e+00
  141  -5.000000000e-01   4.900000000e+00   3.900000000e+00
  142  -1.200000000e+00   4.900000000e+00   3.600000000e+00
  143  -1.300000000e+00   4.900000000e+00   3.400000000e+00
  144  -1.500000000e+00   4.900000000e+00   3.800000000e+00
  145  -2.000000000e+00   4.900000000e+00   4.100000000e+00
  146  -3.400000000e+00   3.900000000e+00   2.100000000e+00
  147  -3.900000000e+00   3.900000000e+00   9.000000000e-01
  148  -3.800000000e+00   3.900000000e+00  -1.100000000e+00
  149  -2.700000000e+00   3.900000000e+00  -3.600000000e+00
  150  -1.000000000e-01   3.900000000e+00  -5.700000000e+00
  151   2.500000000e+00   3.900000000e+00  -6.200000000e+00
  152   3.800000000e+00   3.900000000e+00  -5.500000000e+00
  153   4.300000000e+00   3.900000000e+00  -4.400000000e+00
  154   4.600000000e+00   3.900000000e+00  -3.600000000e+00
  155   5.100000000e+00   3.900000000e+00  -2.600000000e+00
  156   5.800000000e+00   3.900000000e+00  -1.300000000e+00
  157   5.600000000e+00   3.900000000e+00  -3.000000000e-01
  158   5.300000000e+00   3.900000000e+00   4.000000000e-01
  159   5.100000000e+00   3.900000000e+00   1.200000000e+00
  160   4.100000000e+00   3.900000000e+00   3.100000000e+00
  161   2.900000000e+00   3.900000000e+00   3.900000000e+00
  162   2.200000000e+00   3.900000000e+00   3.900000000e+00
  163   1.500000000e+00   3.900000000e+00   3.700000000e+00
  164   5.000000000e-01   3.900000000e+00   3.800000000e+00
  165  -8.000000000e-01   3.900000000e+00   3.600000000e+00
  166  -1.900000000e+00   3.900000000e+00   3.000000000e+00
  167  -1.900000000e+00   3.900000000e+00   2.900000000e+00
  168  -1.900000000e+00   3.900000000e+00   3.200000000e+00
  169  -2.600000000e+00   3.900000000e+00   3.200000000e+00
  170  -4.100000000e+00   2.800000000e+00  -3.000000000e-01
  171  -4.200000000e+00   2.800000000e+00  -1.400000000e+00
  172  -3.900000000e+00   2.800000000e+00  -3.000000000e+00
  173  -3.000000000e+00   2.800000000e+00  -4.900000000e+00
  174  -5.000000000e-01   2.800000000e+00  -6.900000000e+00
  175   2.500000000e+00   2.800000000e+00  -7.600000000e+00
  176   4.100000000e+00   2.800000000e+00  -6.600000000e+00
  177   4.500000000e+00   2.800000000e+00  -5.400000000e+00
  178   4.500000000e+00   2.800000000e+00  -4.400000000e+00
  179   4.700000000e+00   2.800000000e+00  -3.700000000e+00
  180   5.400000000e+00   2.800000000e+00  -2.600000000e+00
  181   5.500000000e+00   2.800000000e+00  -1.700000000e+00
  182   5.500000000e+00   2.800000000e+00  -1.000000000e+00
  183   5.400000000e+00   2.800000000e+00   1.000000000e-01
  184   4.400000000e+00   2.800000000e+00   2.500000000e+00
  185   2.900000000e+00   2.800000000e+00   3.600000000e+00
  186   2.100000000e+00   2.800000000e+00   3.300000000e+00
  187   1.500000000e+00   2.800000000e+00   3.100000000e+00
  188   4.000000000e-01   2.800000000e+00   3.200000000e+00
  189  -6.000000000e-01   2.800000000e+00   3.000000000e+00
  190  -1.500000000e+00   2.800000000e+00   2.500000000e+00
  191  -1.800000000e+00   2.800000000e+00   2.400000000e+00
  192  -2.300000000e+00   2.800000000e+00   2.400000000e+00
  193  -3.300000000e+00   2.800000000e+00   1.700000000e+00
  194  -4.800000000e+00   1.700000000e+00  -2.800000000e+00
  195  -4.400000000e+00   1.700000000e+00  -3.600000000e+00
  196  -4.100000000e+00   1.700000000e+00  -4.300000000e+00
  197  -3.700000000e+00   1.700000000e+00  -5.500000000e+00
  198  -1.700000000e+00   1.700000000e+00  -7.200000000e+00
  199   1.300000000e+00   1.700000000e+00  -8.000000000e+00
  200   3.400000000e+00   1.700000000e+00  -7.300000000e+00
  201   4.200000000e+00   1.700000000e+00  -6.200000000e+00
  202   4.500000000e+00   1.700000000e+00  -5.200000000e+00
  203   4.800000000e+00   1.700000000e+00  -4.300000000e+00
  204   5.500000000e+00   1.700000000e+00  -3.300000000e+00
  205   5.700000000e+00   1.700000000e+00  -2.400000000e+00
  206   5.700000000e+00   1.700000000e+00  -1.900000000e+00
  207   5.700000000e+00   1.700000000e+00  -7.000000000e-01
  208   4.600000000e+00   1.700000000e+00   2.000000000e+00
  209   3.000000000e+00   1.700000000e+00   3.100000000e+00
  210   2.200000000e+00   1.700000000e+00   2.800000000e+00
  211   1.600000000e+00   1.700000000e+00   2.600000000e+00
  212   6.000000000e-01   1.700000000e+00   2.700000000e+00
  213  -6.000000000e-01   1.700000000e+00   2.600000000e+00
  214  -1.400000000e+00   1.700000000e+00   2.100000000e+00
  215  -1.900000000e+00   1.700000000e+00   1.900000000e+00
  216  -2.800000000e+00   1.700000000e+00   1.600000000e+00
  217  -4.200000000e+00   1.700000000e+00  -2.000000000e-01
  218  -5.000000000e+00   5.000000000e-01  -4.000000000e+00
  219  -4.400000000e+00   5.000000000e-01  -4.800000000e+00
  220  -3.900000000e+00   5.000000000e-01  -5.600000000e+00
  221  -3.100000000e+00   5.000000000e-01  -6.700000000e+00
  222  -8.000000000e-01   5.000000000e-01  -8.600000000e+00
  223   2.200000000e+00   5.000000000e-01  -9.100000000e+00
  224   3.800000000e+00   5.000000000e-01  -8.200000000e+00
  225   4.300000000e+00   5.000000000e-01  -7.000000000e+00
  226   4.600000000e+00   5.000000000e-01  -6.200000000e+00
  227   5.200000000e+00   5.000000000e-01  -5.300000000e+00
  228   6.100000000e+00   5.000000000e-01  -3.700000000e+00
  229   6.200000000e+00   5.000000000e-01  -2.500000000e+00
  230   6.000000000e+00   5.000000000e-01  -1.700000000e+00
  231   5.900000000e+00   5.000000000e-01  -7.000000000e-01
  232   4.800000000e+00   5.000000000e-01   1.700000000e+00
  233   3.100000000e+00   5.000000000e-01   2.900000000e+00
  234   2.200000000e+00   5.000000000e-01   2.600000000e+00
  235   1.600000000e+00   5.000000000e-01   2.400000000e+00
  236   1.000000000e-01   5.000000000e-01   2.400000000e+00
  237  -1.200000000e+00   5.000000000e-01   2.000000000e+00
  238  -1.800000000e+00   5.000000000e-01   1.400000000e+00
  239  -2.100000000e+00   5.000000000e-01   1.200000000e+00
  240  -3.000000000e+00   5.000000000e-01   8.000000000e-01
  241  -4.500000000e+00   5.000000000e-01  -1.200000000e+00
  242  -4.400000000e+00  -6.000000000e-01  -4.000000000e+00
  243  -3.900000000e+00  -6.000000000e-01  -4.900000000e+00
  244  -3.600000000e+00  -6.000000000e-01  -5.800000000e+00
  245  -2.700000000e+00  -6.000000000e-01  -7.200000000e+00
  246  -2.000000000e-01  -6.000000000e-01  -9.000000000e+00
  247   2.300000000e+00  -6.000000000e-01  -9.400000000e+00
  248   3.400000000e+00  -6.000000000e-01  -8.700000000e+00
  249   3.900000000e+00  -6.000000000e-01  -7.900000000e+00
  250   4.500000000e+00  -6.000000000e-01  -7.300000000e+00
  251   5.700000000e+00  -6.000000000e-01  -6.200000000e+00
  252   7.000000000e+00  -6.000000000e-01  -4.100000000e+00
  253   7.000000000e+00  -6.000000000e-01  -2.700000000e+00
  254   6.600000000e+00  -6.000000000e-01  -2.200000000e+00
  255   6.400000000e+00  -6.000000000e-01  -1.700000000e+00
  256   5.600000000e+00  -6.000000000e-01   3.000000000e-01
  257   4.100000000e+00  -6.000000000e-01   1.900000000e+00
  258   3.400000000e+00  -6.000000000e-01   1.400000000e+00
  259   3.300000000e+00  -6.000000000e-01   1.300000000e+00
  260   1.800000000e+00  -6.000000000e-01   1.700000000e+00
  261  -2.000000000e-01  -6.000000000e-01   1.500000000e+00
  262  -1.100000000e+00  -6.000000000e-01   1.000000000e+00
  263  -1.600000000e+00  -6.000000000e-01   9.000000000e-01
  264  -2.500000000e+00  -6.000000000e-01   5.000000000e-01
  265  -4.100000000e+00  -6.000000000e-01  -1.700000000e+00
C Region List
