C PointsNum,MaxElemVol,TetGenParams,nAtrib,IndMov,MDMaxVolume,MDomDiv,MDOnly,MDDivF,MDPrescP
  395    1.000000e+00 YYpznno2q1.414a     0     0    1.000000e+00     1     0     0     0     0     0 YYpznno2q1.414a
  -1.372148000e-01  -8.573570000e+00  -1.491810000e-01
   1.578771000e-01  -8.097820000e+00   8.159840000e-01
  -8.745900000e-02  -8.097820000e+00   9.030480000e-01
  -3.458280000e-01  -8.097820000e+00   8.632330000e-01
  -5.802570000e-01  -8.097820000e+00   7.542300000e-01
  -7.774580000e-01  -8.097820000e+00   5.918930000e-01
  -9.248340000e-01  -8.097820000e+00   3.864290000e-01
  -1.029789000e+00  -8.097820000e+00   1.570960000e-01
  -1.095068000e+00  -8.097820000e+00  -9.378800000e-02
  -1.101557000e+00  -8.097820000e+00  -3.627610000e-01
  -1.017087000e+00  -8.097820000e+00  -6.238680000e-01
  -8.485420000e-01  -8.097820000e+00  -8.437370000e-01
  -6.317010000e-01  -8.097820000e+00  -1.014525000e+00
  -3.801229000e-01  -8.097820000e+00  -1.134389000e+00
  -1.034480000e-01  -8.097820000e+00  -1.190834000e+00
   1.793440000e-01  -8.097820000e+00  -1.156361000e+00
   4.304660000e-01  -8.097820000e+00  -1.026493000e+00
   6.335370000e-01  -8.097820000e+00  -8.408660000e-01
   7.847250000e-01  -8.097820000e+00  -6.174650000e-01
   8.531810000e-01  -8.097820000e+00  -3.629040000e-01
   7.554040000e-01  -8.097820000e+00  -1.079020000e-01
   6.169050000e-01  -8.097820000e+00   8.421300000e-02
   5.031650000e-01  -8.097820000e+00   2.383840000e-01
   4.127470000e-01  -8.097820000e+00   3.990700000e-01
   3.156420000e-01  -8.097820000e+00   5.979680000e-01
   1.919166000e-01  -7.620070000e+00   1.146310000e+00
  -1.444520000e-01  -7.620070000e+00   1.243125000e+00
  -4.866990000e-01  -7.620070000e+00   1.166763000e+00
  -7.834050000e-01  -7.620070000e+00   9.979350000e-01
  -1.025928000e+00  -7.620070000e+00   7.756800000e-01
  -1.211520000e+00  -7.620070000e+00   5.113960000e-01
  -1.354600000e+00  -7.620070000e+00   2.226132000e-01
  -1.456030000e+00  -7.620070000e+00  -9.901500000e-02
  -1.486650000e+00  -7.620070000e+00  -4.548790000e-01
  -1.391598000e+00  -7.620070000e+00  -8.109010000e-01
  -1.169129000e+00  -7.620070000e+00  -1.107340000e+00
  -8.737920000e-01  -7.620070000e+00  -1.332840000e+00
  -5.350834000e-01  -7.620070000e+00  -1.483650000e+00
  -1.658710000e-01  -7.620070000e+00  -1.550470000e+00
   2.035210000e-01  -7.620070000e+00  -1.490909000e+00
   5.109010000e-01  -7.620070000e+00  -1.282371000e+00
   7.337500000e-01  -7.620070000e+00  -1.011938000e+00
   8.911340000e-01  -7.620070000e+00  -7.232580000e-01
   9.779860000e-01  -7.620070000e+00  -4.223868000e-01
   9.052410000e-01  -7.620070000e+00  -1.167970000e-01
   7.711710000e-01  -7.620070000e+00   1.313610000e-01
   6.446970000e-01  -7.620070000e+00   3.443930000e-01
   5.365450000e-01  -7.620070000e+00   5.717270000e-01
   4.089450000e-01  -7.620070000e+00   8.510340000e-01
   1.947290000e-01  -7.143310000e+00   1.446160000e+00
  -2.219520000e-01  -7.143310000e+00   1.554930000e+00
  -6.377170000e-01  -7.143310000e+00   1.446374000e+00
  -9.934310000e-01  -7.143310000e+00   1.230688000e+00
  -1.280160000e+00  -7.143310000e+00   9.548940000e-01
  -1.499030000e+00  -7.143310000e+00   6.360600000e-01
  -1.668430000e+00  -7.143310000e+00   2.895288000e-01
  -1.786910000e+00  -7.143310000e+00  -9.531900000e-02
  -1.826080000e+00  -7.143310000e+00  -5.205190000e-01
  -1.721860000e+00  -7.143310000e+00  -9.510640000e-01
  -1.454643000e+00  -7.143310000e+00  -1.309050000e+00
  -1.096412000e+00  -7.143310000e+00  -1.573200000e+00
  -6.862710000e-01  -7.143310000e+00  -1.743670000e+00
  -2.480850000e-01  -7.143310000e+00  -1.814310000e+00
   1.913810000e-01  -7.143310000e+00  -1.746105000e+00
   5.449140000e-01  -7.143310000e+00  -1.481656000e+00
   7.852660000e-01  -7.143310000e+00  -1.142266000e+00
   9.458670000e-01  -7.143310000e+00  -8.001500000e-01
   1.038126000e+00  -7.143310000e+00  -4.584712000e-01
   9.500710000e-01  -7.143310000e+00  -1.163830000e-01
   7.981910000e-01  -7.143310000e+00   1.611430000e-01
   6.660120000e-01  -7.143310000e+00   4.038120000e-01
   5.634670000e-01  -7.143310000e+00   6.783000000e-01
   4.423980000e-01  -7.143310000e+00   1.044800000e+00
   1.930940000e-01  -6.667560000e+00   1.726210000e+00
  -2.977960000e-01  -6.667560000e+00   1.835460000e+00
  -7.800470000e-01  -6.667560000e+00   1.692660000e+00
  -1.182810000e+00  -6.667560000e+00   1.428637000e+00
  -1.506090000e+00  -6.667560000e+00   1.106342000e+00
  -1.756580000e+00  -6.667560000e+00   7.425060000e-01
  -1.958380000e+00  -6.667560000e+00   3.487276000e-01
  -2.111640000e+00  -6.667560000e+00  -9.184700000e-02
  -2.176630000e+00  -6.667560000e+00  -5.902860000e-01
  -2.071090000e+00  -6.667560000e+00  -1.103460000e+00
  -1.754030000e+00  -6.667560000e+00  -1.525750000e+00
  -1.318791000e+00  -6.667560000e+00  -1.817720000e+00
  -8.329060000e-01  -6.667560000e+00  -1.988640000e+00
  -3.274300000e-01  -6.667560000e+00  -2.049400000e+00
   1.711550000e-01  -6.667560000e+00  -1.968250000e+00
   5.668320000e-01  -6.667560000e+00  -1.656010000e+00
   8.204680000e-01  -6.667560000e+00  -1.256584000e+00
   9.850970000e-01  -6.667560000e+00  -8.686180000e-01
   1.085992000e+00  -6.667560000e+00  -4.922724000e-01
   9.985360000e-01  -6.667560000e+00  -1.163430000e-01
   8.388740000e-01  -6.667560000e+00   1.928790000e-01
   7.026160000e-01  -6.667560000e+00   4.702490000e-01
   6.016960000e-01  -6.667560000e+00   7.947100000e-01
   4.799540000e-01  -6.667560000e+00   1.242800000e+00
   1.887950000e-01  -6.190800000e+00   1.906060000e+00
  -3.505600000e-01  -6.190800000e+00   2.007910000e+00
  -8.774370000e-01  -6.190800000e+00   1.863890000e+00
  -1.326770000e+00  -6.190800000e+00   1.588361000e+00
  -1.692770000e+00  -6.190800000e+00   1.242382000e+00
  -1.975940000e+00  -6.190800000e+00   8.408580000e-01
  -2.205730000e+00  -6.190800000e+00   4.028001000e-01
  -2.382890000e+00  -6.190800000e+00  -8.954700000e-02
  -2.463990000e+00  -6.190800000e+00  -6.492160000e-01
  -2.350810000e+00  -6.190800000e+00  -1.229810000e+00
  -1.988990000e+00  -6.190800000e+00  -1.702390000e+00
  -1.486682000e+00  -6.190800000e+00  -2.010810000e+00
  -9.392050000e-01  -6.190800000e+00  -2.176370000e+00
  -3.829680000e-01  -6.190800000e+00  -2.223200000e+00
   1.595170000e-01  -6.190800000e+00  -2.130170000e+00
   5.865360000e-01  -6.190800000e+00  -1.784940000e+00
   8.520970000e-01  -6.190800000e+00  -1.341854000e+00
   1.022512000e+00  -6.190800000e+00  -9.208530000e-01
   1.137068000e+00  -6.190800000e+00  -5.201999000e-01
   1.079909000e+00  -6.190800000e+00  -1.159940000e-01
   9.336970000e-01  -6.190800000e+00   2.323950000e-01
   7.934360000e-01  -6.190800000e+00   5.534410000e-01
   6.783280000e-01  -6.190800000e+00   9.232800000e-01
   5.258210000e-01  -6.190800000e+00   1.414470000e+00
   2.081610000e-01  -5.715050000e+00   2.143360000e+00
  -3.862700000e-01  -5.715050000e+00   2.255020000e+00
  -9.661100000e-01  -5.715050000e+00   2.088090000e+00
  -1.454750000e+00  -5.715050000e+00   1.778486000e+00
  -1.851280000e+00  -5.715050000e+00   1.395312000e+00
  -2.157130000e+00  -5.715050000e+00   9.561110000e-01
  -2.397210000e+00  -5.715050000e+00   4.765741000e-01
  -2.575890000e+00  -5.715050000e+00  -5.722000000e-02
  -2.651590000e+00  -5.715050000e+00  -6.573500000e-01
  -2.529430000e+00  -5.715050000e+00  -1.278020000e+00
  -2.144250000e+00  -5.715050000e+00  -1.787450000e+00
  -1.602796000e+00  -5.715050000e+00  -2.113080000e+00
  -1.014839000e+00  -5.715050000e+00  -2.281270000e+00
  -4.215400000e-01  -5.715050000e+00  -2.322720000e+00
   1.546600000e-01  -5.715050000e+00  -2.224900000e+00
   6.077640000e-01  -5.715050000e+00  -1.859030000e+00
   8.875960000e-01  -5.715050000e+00  -1.385870000e+00
   1.067610000e+00  -5.715050000e+00  -9.381370000e-01
   1.187743000e+00  -5.715050000e+00  -5.134259000e-01
   1.133371000e+00  -5.715050000e+00  -8.567300000e-02
   9.917440000e-01  -5.715050000e+00   2.896150000e-01
   8.524040000e-01  -5.715050000e+00   6.388170000e-01
   7.364280000e-01  -5.715050000e+00   1.049310000e+00
   5.777446000e-01  -5.715050000e+00   1.597250000e+00
   2.133960000e-01  -4.776630000e+00   2.427170000e+00
  -4.364260000e-01  -4.776630000e+00   2.555810000e+00
  -1.086000000e+00  -4.776630000e+00   2.422470000e+00
  -1.669710000e+00  -4.776630000e+00   2.140270000e+00
  -2.162240000e+00  -4.776630000e+00   1.734446000e+00
  -2.531890000e+00  -4.776630000e+00   1.221322000e+00
  -2.768560000e+00  -4.776630000e+00   6.401583000e-01
  -2.887340000e+00  -4.776630000e+00   2.014500000e-02
  -2.875450000e+00  -4.776630000e+00  -6.267300000e-01
  -2.692690000e+00  -4.776630000e+00  -1.266930000e+00
  -2.289530000e+00  -4.776630000e+00  -1.803320000e+00
  -1.718278000e+00  -4.776630000e+00  -2.146530000e+00
  -1.097604000e+00  -4.776630000e+00  -2.320040000e+00
  -4.745888000e-01  -4.776630000e+00  -2.360430000e+00
   1.335400000e-01  -4.776630000e+00  -2.269680000e+00
   6.238500000e-01  -4.776630000e+00  -1.902296000e+00
   9.376460000e-01  -4.776630000e+00  -1.413510000e+00
   1.145760000e+00  -4.776630000e+00  -9.396590000e-01
   1.277281000e+00  -4.776630000e+00  -4.768417000e-01
   1.233008000e+00  -4.776630000e+00  -1.095600000e-02
   1.102447000e+00  -4.776630000e+00   4.066880000e-01
   9.602810000e-01  -4.776630000e+00   8.050430000e-01
   8.309780000e-01  -4.776630000e+00   1.269170000e+00
   6.376162900e-01  -4.776630000e+00   1.863440000e+00
   1.998470000e-01  -3.838210000e+00   2.605100000e+00
  -4.789590000e-01  -3.838210000e+00   2.739100000e+00
  -1.165980000e+00  -3.838210000e+00   2.636090000e+00
  -1.802220000e+00  -3.838210000e+00   2.366630000e+00
  -2.356990000e+00  -3.838210000e+00   1.956959000e+00
  -2.769310000e+00  -3.838210000e+00   1.404271000e+00
  -2.992540000e+00  -3.838210000e+00   7.595661000e-01
  -3.056270000e+00  -3.838210000e+00   9.077400000e-02
  -2.978900000e+00  -3.838210000e+00  -5.724400000e-01
  -2.754050000e+00  -3.838210000e+00  -1.207330000e+00
  -2.351520000e+00  -3.838210000e+00  -1.752850000e+00
  -1.781200000e+00  -3.838210000e+00  -2.109790000e+00
  -1.152153000e+00  -3.838210000e+00  -2.292030000e+00
  -5.186358000e-01  -3.838210000e+00  -2.336100000e+00
   1.023620000e-01  -3.838210000e+00  -2.245070000e+00
   5.983120000e-01  -3.838210000e+00  -1.863900000e+00
   9.017290000e-01  -3.838210000e+00  -1.351666000e+00
   1.101327000e+00  -3.838210000e+00  -8.689530000e-01
   1.239983000e+00  -3.838210000e+00  -4.094339000e-01
   1.240012000e+00  -3.838210000e+00   5.762400000e-02
   1.144208000e+00  -3.838210000e+00   4.986060000e-01
   1.010937000e+00  -3.838210000e+00   9.276600000e-01
   8.761460000e-01  -3.838210000e+00   1.426350000e+00
   6.617498000e-01  -3.838210000e+00   2.047890000e+00
   1.954030000e-01  -2.899800000e+00   2.795380000e+00
  -5.260400000e-01  -2.899800000e+00   2.944140000e+00
  -1.265120000e+00  -2.899800000e+00   2.873500000e+00
  -1.971750000e+00  -2.899800000e+00   2.615610000e+00
  -2.604220000e+00  -2.899800000e+00   2.192050000e+00
  -3.073390000e+00  -2.899800000e+00   1.587489000e+00
  -3.297530000e+00  -2.899800000e+00   8.674598000e-01
  -3.317860000e+00  -2.899800000e+00   1.288740000e-01
  -3.183750000e+00  -2.899800000e+00  -5.766500000e-01
  -2.914310000e+00  -2.899800000e+00  -1.235250000e+00
  -2.488030000e+00  -2.899800000e+00  -1.803020000e+00
  -1.889910000e+00  -2.899800000e+00  -2.175590000e+00
  -1.230597000e+00  -2.899800000e+00  -2.362180000e+00
  -5.669577000e-01  -2.899800000e+00  -2.407940000e+00
   8.197200000e-02  -2.899800000e+00  -2.318580000e+00
   6.174200000e-01  -2.899800000e+00  -1.947560000e+00
   9.580360000e-01  -2.899800000e+00  -1.421692000e+00
   1.184928000e+00  -2.899800000e+00  -9.110050000e-01
   1.329816000e+00  -2.899800000e+00  -4.115402000e-01
   1.310447000e+00  -2.899800000e+00   9.311200000e-02
   1.195271000e+00  -2.899800000e+00   5.600300000e-01
   1.054332000e+00  -2.899800000e+00   1.016390000e+00
   9.147340000e-01  -2.899800000e+00   1.548720000e+00
   6.885627000e-01  -2.899800000e+00   2.211660000e+00
   1.386740000e-01  -1.961380000e+00   2.931200000e+00
  -6.222400000e-01  -1.961380000e+00   3.089590000e+00
  -1.407650000e+00  -1.961380000e+00   3.025840000e+00
  -2.175030000e+00  -1.961380000e+00   2.788580000e+00
  -2.872820000e+00  -1.961380000e+00   2.359100000e+00
  -3.379740000e+00  -1.961380000e+00   1.704914000e+00
  -3.606190000e+00  -1.961380000e+00   9.138790000e-01
  -3.606510000e+00  -1.961380000e+00   1.155710000e-01
  -3.444080000e+00  -1.961380000e+00  -6.338800000e-01
  -3.146990000e+00  -1.961380000e+00  -1.325780000e+00
  -2.697350000e+00  -1.961380000e+00  -1.928770000e+00
  -2.072730000e+00  -1.961380000e+00  -2.335960000e+00
  -1.375326000e+00  -1.961380000e+00  -2.552930000e+00
  -6.654214000e-01  -1.961380000e+00  -2.615160000e+00
   3.481800000e-02  -1.961380000e+00  -2.525220000e+00
   6.089560000e-01  -1.961380000e+00  -2.117400000e+00
   9.488180000e-01  -1.961380000e+00  -1.525149000e+00
   1.161702000e+00  -1.961380000e+00  -9.685870000e-01
   1.298085000e+00  -1.961380000e+00  -4.431210000e-01
   1.243493000e+00  -1.961380000e+00   7.844300000e-02
   1.104508000e+00  -1.961380000e+00   5.480710000e-01
   9.737980000e-01  -1.961380000e+00   1.011003000e+00
   8.561820000e-01  -1.961380000e+00   1.571410000e+00
   6.525200000e-01  -1.961380000e+00   2.300870000e+00
   2.621000000e-02  -1.023960000e+00   2.911430000e+00
  -7.355300000e-01  -1.023960000e+00   3.067250000e+00
  -1.524820000e+00  -1.023960000e+00   3.020690000e+00
  -2.303170000e+00  -1.023960000e+00   2.792630000e+00
  -3.014020000e+00  -1.023960000e+00   2.356420000e+00
  -3.529340000e+00  -1.023960000e+00   1.702011000e+00
  -3.792630000e+00  -1.023960000e+00   9.032550000e-01
  -3.852860000e+00  -1.023960000e+00   9.358200000e-02
  -3.744810000e+00  -1.023960000e+00  -7.045900000e-01
  -3.454140000e+00  -1.023960000e+00  -1.460100000e+00
  -2.964750000e+00  -1.023960000e+00  -2.098330000e+00
  -2.242720000e+00  -1.023960000e+00  -2.458720000e+00
  -1.489790000e+00  -1.023960000e+00  -2.576320000e+00
  -7.791575000e-01  -1.023960000e+00  -2.553430000e+00
  -1.074030000e-01  -1.023960000e+00  -2.437230000e+00
   4.817660000e-01  -1.023960000e+00  -2.118300000e+00
   8.569660000e-01  -1.023960000e+00  -1.571344000e+00
   1.083203000e+00  -1.023960000e+00  -1.012938000e+00
   1.207835000e+00  -1.023960000e+00  -4.727450000e-01
   1.039537000e+00  -1.023960000e+00   5.604100000e-02
   8.513420000e-01  -1.023960000e+00   4.887110000e-01
   7.514740000e-01  -1.023960000e+00   9.265190000e-01
   6.824980000e-01  -1.023960000e+00   1.489540000e+00
   5.422020000e-01  -1.023960000e+00   2.283830000e+00
  -9.260400000e-02  -3.545410000e-01   2.942920000e+00
   4.481790000e-01  -3.545410000e-01   2.337500000e+00
   5.161060000e-01  -3.545410000e-01   1.444330000e+00
   5.267300000e-01  -3.545410000e-01   8.630400000e-01
   5.823140000e-01  -3.545410000e-01   4.428270000e-01
   7.726230000e-01  -3.545410000e-01   4.757900000e-02
   1.065906000e+00  -3.545410000e-01  -4.792940000e-01
   9.572870000e-01  -3.545410000e-01  -1.025231000e+00
   7.321980000e-01  -3.545410000e-01  -1.587210000e+00
   3.352500000e-01  -3.545410000e-01  -2.100150000e+00
  -2.598090000e-01  -3.545410000e-01  -2.362640000e+00
  -9.088674000e-01  -3.545410000e-01  -2.516830000e+00
  -1.627604000e+00  -3.545410000e-01  -2.613930000e+00
  -2.438150000e+00  -3.545410000e-01  -2.583170000e+00
  -3.245530000e+00  -3.545410000e-01  -2.262460000e+00
  -3.782070000e+00  -3.545410000e-01  -1.581760000e+00
  -4.049710000e+00  -3.545410000e-01  -7.613500000e-01
  -4.110550000e+00  -3.545410000e-01   8.480500000e-02
  -3.997280000e+00  -3.545410000e-01   9.207060000e-01
  -3.698580000e+00  -3.545410000e-01   1.711634000e+00
  -3.177310000e+00  -3.545410000e-01   2.388010000e+00
  -2.457820000e+00  -3.545410000e-01   2.827920000e+00
  -1.667320000e+00  -3.545410000e-01   3.056490000e+00
  -8.664100000e-01  -3.545410000e-01   3.103470000e+00
  -2.684010000e+00  -3.916410000e-01  -1.939960000e+00
  -3.228700000e+00  -3.875410000e-01  -1.614080000e+00
  -1.437620000e+00  -3.848410000e-01   2.716280000e+00
  -9.548800000e-01  -4.010410000e-01   2.390420000e+00
  -2.368380000e+00  -4.407410000e-01   5.526180000e-01
  -2.305130000e+00  -4.376410000e-01   8.971075000e-01
  -1.931400000e+00  -4.420410000e-01   8.723108000e-01
  -7.804957000e-01  -3.860410000e-01  -2.131020000e+00
  -1.948390000e+00  -4.475410000e-01   4.444000000e-02
  -1.556660000e+00  -4.452410000e-01   8.445140000e-01
  -1.229120000e+00  -4.463410000e-01   3.553100000e-02
  -2.869880000e+00  -4.230410000e-01   9.003400000e-01
  -2.976460000e+00  -4.252410000e-01   2.335950000e-01
  -3.493710000e+00  -3.980410000e-01   5.590870000e-01
  -2.846280000e+00  -4.057410000e-01   1.648005000e+00
  -3.029140000e+00  -4.069410000e-01   1.350366000e+00
  -2.988800000e+00  -4.009410000e-01   1.600249000e+00
  -1.964840000e-01  -3.944410000e-01   2.049377000e+00
  -8.508630000e-01  -4.265410000e-01   1.510407000e+00
  -2.234850000e+00  -4.135410000e-01  -1.641460000e+00
  -2.112510000e+00  -4.232410000e-01  -1.399610000e+00
  -1.882948000e+00  -4.202410000e-01  -1.543760000e+00
  -1.952600000e+00  -4.241410000e-01   1.777501000e+00
  -1.775720000e+00  -4.073410000e-01   2.284297000e+00
  -1.688330000e+00  -4.181410000e-01   2.015365000e+00
  -3.431570000e+00  -3.957410000e-01  -9.681400000e-01
  -2.729030000e+00  -4.176410000e-01  -1.209380000e+00
  -1.339793000e+00  -3.917410000e-01  -2.141390000e+00
  -1.652384000e+00  -4.168410000e-01  -1.684220000e+00
  -9.878300000e-01  -4.113410000e-01  -1.734060000e+00
  -2.106060000e+00  -4.009410000e-01   2.301328000e+00
  -1.945130000e+00  -3.838410000e-01   2.647950000e+00
  -1.859330000e+00  -3.956410000e-01   2.471120000e+00
  -2.017533000e+00  -3.923410000e-01  -2.124110000e+00
  -2.428300000e+00  -3.920410000e-01   2.318359000e+00
   1.264090000e-01  -3.857410000e-01  -1.635070000e+00
   2.906000000e-01  -3.921410000e-01  -1.091596000e+00
   4.395690000e-01  -3.888410000e-01  -2.360880000e-01
  -2.525640000e+00  -4.387410000e-01  -3.347600000e-02
  -2.945940000e+00  -4.241410000e-01  -4.533200000e-01
   8.973410000e-02  -3.988410000e-01   6.239250000e-01
  -2.007170000e-01  -4.201410000e-01   6.585700000e-02
  -3.309190000e+00  -3.958410000e-01   1.254854900e+00
  -3.535480000e+00  -3.985410000e-01  -1.980110000e-01
  -3.369150000e-01  -3.902410000e-01  -1.913360000e+00
  -4.713240000e-01  -4.164410000e-01  -1.286290000e+00
   2.019210000e-01  -3.845410000e-01   1.390704000e+00
  -2.632530000e-01  -4.126410000e-01   1.256561000e+00
  -2.312730000e+00  -4.388410000e-01  -5.694780000e-01
  -2.624810000e+00  -4.071410000e-01   1.839350000e+00
  -2.742090000e+00  -4.161410000e-01   1.435877000e+00
  -8.778150000e-01  -4.256410000e-01  -1.228640000e+00
  -8.982650000e-01  -4.320410000e-01  -9.322790000e-01
  -1.229650000e+00  -4.284410000e-01   1.625920000e+00
  -1.273860000e+00  -4.168410000e-01   2.038426000e+00
  -1.062660000e+00  -4.221410000e-01   1.781916000e+00
  -2.361730000e+00  -4.048410000e-01   2.083463000e+00
  -2.526060000e+00  -3.998410000e-01   2.083855000e+00
  -2.293150000e+00  -4.171410000e-01   1.828567000e+00
  -2.245890000e+00  -4.336410000e-01   1.235597000e+00
  -2.495490000e+00  -4.259410000e-01   1.335737000e+00
  -1.789850000e+00  -4.464410000e-01  -2.723470000e-01
  -2.052290000e+00  -4.432410000e-01  -4.194130000e-01
  -1.625300000e+00  -4.441410000e-01  -5.831340000e-01
  -1.427210000e+00  -4.461410000e-01  -2.783020000e-01
  -1.174463000e+00  -4.424410000e-01  -4.510090000e-01
  -6.469280000e-01  -4.337410000e-01   6.247197000e-01
  -1.597820000e+00  -3.969410000e-01   2.505290000e+00
  -1.278650000e+00  -3.992410000e-01   2.447850000e+00
  -1.989180000e+00  -4.317410000e-01  -1.162160000e+00
  -1.636241000e+00  -4.327410000e-01  -1.170680000e+00
  -1.647813000e+00  -4.252410000e-01  -1.430850000e+00
  -1.577350000e+00  -4.376410000e-01   1.288974000e+00
  -1.214010000e+00  -4.329410000e-01   1.404191000e+00
  -2.384590000e-01  -4.204410000e-01  -5.617780000e-01
  -2.561380000e+00  -4.296410000e-01   1.067968780e+00
  -2.463380000e+00  -4.354410000e-01   8.122930000e-01
  -2.153450000e+00  -4.358410000e-01  -8.708200000e-01
  -2.360600000e+00  -4.259410000e-01  -1.182270000e+00
  -2.338160000e+00  -4.327410000e-01  -8.793700000e-01
  -1.925470000e+00  -4.326410000e-01   1.466015000e+00
  -1.912620000e+00  -4.366410000e-01   1.259286000e+00
  -2.950470000e+00  -3.945410000e-01   1.850132000e+00
  -6.506610000e-01  -4.354410000e-01  -9.421000000e-02
  -5.762870000e-01  -4.303410000e-01  -5.913970000e-01
  -1.132567000e+00  -4.218410000e-01  -1.478730000e+00
  -9.323220000e-01  -4.187410000e-01  -1.491750000e+00
  -1.456302000e+00  -4.384410000e-01  -8.968600000e-01
  -1.722740000e+00  -4.358410000e-01  -1.025510000e+00
  -1.524440000e+00  -4.122410000e-01   2.171361000e+00
  -2.198210000e+00  -4.093410000e-01   2.069948000e+00
  -1.077418000e+00  -4.427410000e-01  -2.980930000e-01
  -7.826880000e-01  -4.371410000e-01  -3.614630000e-01
  -1.890880000e+00  -4.405410000e-01  -7.254800000e-01
  -1.472845000e+00  -4.250410000e-01  -1.438410000e+00
  -1.395976000e+00  -4.200410000e-01  -1.577920000e+00
  -9.207160000e-01  -4.378410000e-01  -6.227170000e-01
  -5.238060000e-01  -4.236410000e-01  -9.415420000e-01
  -1.689800000e+00  -4.472410000e-01  -1.164310000e-01
  -1.100510000e+00  -4.353410000e-01  -9.135560000e-01
  -1.187009000e+00  -4.387410000e-01  -7.597910000e-01
  -1.607540000e+00  -4.280410000e-01   1.706434000e+00
  -1.282305000e+00  -4.312410000e-01  -1.191890000e+00
  -1.971510000e+00  -4.423410000e-01  -5.743060000e-01
  -2.518620000e+00  -4.173410000e-01   1.627222000e+00
  -2.805980000e+00  -4.199410000e-01   1.168108900e+00
C Number of facets
  786
C  Size  Node 1  ......Node N Marker
    3    0    1    2    3
    3    0    2    3    3
    3    0    3    4    3
    3    0    4    5    3
    3    0    5    6    3
    3    0    6    7    3
    3    0    7    8    3
    3    0    8    9    3
    3    0    9   10    3
    3    0   10   11    3
    3    0   11   12    3
    3    0   12   13    3
    3    0   13   14    3
    3    0   14   15    3
    3    0   15   16    3
    3    0   16   17    3
    3    0   17   18    3
    3    0   18   19    3
    3    0   19   20    3
    3    0   20   21    3
    3    0   21   22    3
    3    0   22   23    3
    3    0   23   24    3
    3    0   24    1    3
    3    1   25   26    3
    3    1   26    2    3
    3    2   26   27    3
    3    2   27    3    3
    3    3   27   28    3
    3    3   28    4    3
    3    4   28   29    3
    3    4   29    5    3
    3    5   29   30    3
    3    5   30    6    3
    3    6   30   31    3
    3    6   31    7    3
    3    7   31   32    3
    3    7   32    8    3
    3    8   32   33    3
    3    8   33    9    3
    3    9   33   34    3
    3    9   34   10    3
    3   10   34   35    3
    3   10   35   11    3
    3   11   35   36    3
    3   11   36   12    3
    3   12   36   37    3
    3   12   37   13    3
    3   13   37   38    3
    3   13   38   14    3
    3   14   38   39    3
    3   14   39   15    3
    3   15   39   40    3
    3   15   40   16    3
    3   16   40   41    3
    3   16   41   17    3
    3   17   41   42    3
    3   17   42   18    3
    3   18   42   43    3
    3   18   43   19    3
    3   19   43   44    3
    3   19   44   20    3
    3   20   44   45    3
    3   20   45   21    3
    3   21   45   46    3
    3   21   46   22    3
    3   22   46   47    3
    3   22   47   23    3
    3   23   47   48    3
    3   23   48   24    3
    3   24   48   25    3
    3   24   25    1    3
    3   25   49   50    3
    3   25   50   26    3
    3   26   50   51    3
    3   26   51   27    3
    3   27   51   52    3
    3   27   52   28    3
    3   28   52   53    3
    3   28   53   29    3
    3   29   53   54    3
    3   29   54   30    3
    3   30   54   55    3
    3   30   55   31    3
    3   31   55   56    3
    3   31   56   32    3
    3   32   56   57    3
    3   32   57   33    3
    3   33   57   58    3
    3   33   58   34    3
    3   34   58   59    3
    3   34   59   35    3
    3   35   59   60    3
    3   35   60   36    3
    3   36   60   61    3
    3   36   61   37    3
    3   37   61   62    3
    3   37   62   38    3
    3   38   62   63    3
    3   38   63   39    3
    3   39   63   64    3
    3   39   64   40    3
    3   40   64   65    3
    3   40   65   41    3
    3   41   65   66    3
    3   41   66   42    3
    3   42   66   67    3
    3   42   67   43    3
    3   43   67   68    3
    3   43   68   44    3
    3   44   68   69    3
    3   44   69   45    3
    3   45   69   70    3
    3   45   70   46    3
    3   46   70   71    3
    3   46   71   47    3
    3   47   71   72    3
    3   47   72   48    3
    3   48   72   49    3
    3   48   49   25    3
    3   49   73   74    3
    3   49   74   50    3
    3   50   74   75    3
    3   50   75   51    3
    3   51   75   76    3
    3   51   76   52    3
    3   52   76   77    3
    3   52   77   53    3
    3   53   77   78    3
    3   53   78   54    3
    3   54   78   79    3
    3   54   79   55    3
    3   55   79   80    3
    3   55   80   56    3
    3   56   80   81    3
    3   56   81   57    3
    3   57   81   82    3
    3   57   82   58    3
    3   58   82   83    3
    3   58   83   59    3
    3   59   83   84    3
    3   59   84   60    3
    3   60   84   85    3
    3   60   85   61    3
    3   61   85   86    3
    3   61   86   62    3
    3   62   86   87    3
    3   62   87   63    3
    3   63   87   88    3
    3   63   88   64    3
    3   64   88   89    3
    3   64   89   65    3
    3   65   89   90    3
    3   65   90   66    3
    3   66   90   91    3
    3   66   91   67    3
    3   67   91   92    3
    3   67   92   68    3
    3   68   92   93    3
    3   68   93   69    3
    3   69   93   94    3
    3   69   94   70    3
    3   70   94   95    3
    3   70   95   71    3
    3   71   95   96    3
    3   71   96   72    3
    3   72   96   73    3
    3   72   73   49    3
    3   73   97   98    3
    3   73   98   74    3
    3   74   98   99    3
    3   74   99   75    3
    3   75   99  100    3
    3   75  100   76    3
    3   76  100  101    3
    3   76  101   77    3
    3   77  101  102    3
    3   77  102   78    3
    3   78  102  103    3
    3   78  103   79    3
    3   79  103  104    3
    3   79  104   80    3
    3   80  104  105    3
    3   80  105   81    3
    3   81  105  106    3
    3   81  106   82    3
    3   82  106  107    3
    3   82  107   83    3
    3   83  107  108    3
    3   83  108   84    3
    3   84  108  109    3
    3   84  109   85    3
    3   85  109  110    3
    3   85  110   86    3
    3   86  110  111    3
    3   86  111   87    3
    3   87  111  112    3
    3   87  112   88    3
    3   88  112  113    3
    3   88  113   89    3
    3   89  113  114    3
    3   89  114   90    3
    3   90  114  115    3
    3   90  115   91    3
    3   91  115  116    3
    3   91  116   92    3
    3   92  116  117    3
    3   92  117   93    3
    3   93  117  118    3
    3   93  118   94    3
    3   94  118  119    3
    3   94  119   95    3
    3   95  119  120    3
    3   95  120   96    3
    3   96  120   97    3
    3   96   97   73    3
    3   97  121  122    3
    3   97  122   98    3
    3   98  122  123    3
    3   98  123   99    3
    3   99  123  124    3
    3   99  124  100    3
    3  100  124  125    3
    3  100  125  101    3
    3  101  125  126    3
    3  101  126  102    3
    3  102  126  127    3
    3  102  127  103    3
    3  103  127  128    3
    3  103  128  104    3
    3  104  128  129    3
    3  104  129  105    3
    3  105  129  130    3
    3  105  130  106    3
    3  106  130  131    3
    3  106  131  107    3
    3  107  131  132    3
    3  107  132  108    3
    3  108  132  133    3
    3  108  133  109    3
    3  109  133  134    3
    3  109  134  110    3
    3  110  134  135    3
    3  110  135  111    3
    3  111  135  136    3
    3  111  136  112    3
    3  112  136  137    3
    3  112  137  113    3
    3  113  137  138    3
    3  113  138  114    3
    3  114  138  139    3
    3  114  139  115    3
    3  115  139  140    3
    3  115  140  116    3
    3  116  140  141    3
    3  116  141  117    3
    3  117  141  142    3
    3  117  142  118    3
    3  118  142  143    3
    3  118  143  119    3
    3  119  143  144    3
    3  119  144  120    3
    3  120  144  121    3
    3  120  121   97    3
    3  121  145  146    3
    3  121  146  122    3
    3  122  146  147    3
    3  122  147  123    3
    3  123  147  148    3
    3  123  148  124    3
    3  124  148  149    3
    3  124  149  125    3
    3  125  149  150    3
    3  125  150  126    3
    3  126  150  151    3
    3  126  151  127    3
    3  127  151  152    3
    3  127  152  128    3
    3  128  152  153    3
    3  128  153  129    3
    3  129  153  154    3
    3  129  154  130    3
    3  130  154  155    3
    3  130  155  131    3
    3  131  155  156    3
    3  131  156  132    3
    3  132  156  157    3
    3  132  157  133    3
    3  133  157  158    3
    3  133  158  134    3
    3  134  158  159    3
    3  134  159  135    3
    3  135  159  160    3
    3  135  160  136    3
    3  136  160  161    3
    3  136  161  137    3
    3  137  161  162    3
    3  137  162  138    3
    3  138  162  163    3
    3  138  163  139    3
    3  139  163  164    3
    3  139  164  140    3
    3  140  164  165    3
    3  140  165  141    3
    3  141  165  166    3
    3  141  166  142    3
    3  142  166  167    3
    3  142  167  143    3
    3  143  167  168    3
    3  143  168  144    3
    3  144  168  145    3
    3  144  145  121    3
    3  145  169  170    3
    3  145  170  146    3
    3  146  170  171    3
    3  146  171  147    3
    3  147  171  172    3
    3  147  172  148    3
    3  148  172  173    3
    3  148  173  149    3
    3  149  173  174    3
    3  149  174  150    3
    3  150  174  175    3
    3  150  175  151    3
    3  151  175  176    3
    3  151  176  152    3
    3  152  176  177    3
    3  152  177  153    3
    3  153  177  178    3
    3  153  178  154    3
    3  154  178  179    3
    3  154  179  155    3
    3  155  179  180    3
    3  155  180  156    3
    3  156  180  181    3
    3  156  181  157    3
    3  157  181  182    3
    3  157  182  158    3
    3  158  182  183    3
    3  158  183  159    3
    3  159  183  184    3
    3  159  184  160    3
    3  160  184  185    3
    3  160  185  161    3
    3  161  185  186    3
    3  161  186  162    3
    3  162  186  187    3
    3  162  187  163    3
    3  163  187  188    3
    3  163  188  164    3
    3  164  188  189    3
    3  164  189  165    3
    3  165  189  190    3
    3  165  190  166    3
    3  166  190  191    3
    3  166  191  167    3
    3  167  191  192    3
    3  167  192  168    3
    3  168  192  169    3
    3  168  169  145    3
    3  169  193  194    3
    3  169  194  170    3
    3  170  194  195    3
    3  170  195  171    3
    3  171  195  196    3
    3  171  196  172    3
    3  172  196  197    3
    3  172  197  173    3
    3  173  197  198    3
    3  173  198  174    3
    3  174  198  199    3
    3  174  199  175    3
    3  175  199  200    3
    3  175  200  176    3
    3  176  200  201    3
    3  176  201  177    3
    3  177  201  202    3
    3  177  202  178    3
    3  178  202  203    3
    3  178  203  179    3
    3  179  203  204    3
    3  179  204  180    3
    3  180  204  205    3
    3  180  205  181    3
    3  181  205  206    3
    3  181  206  182    3
    3  182  206  207    3
    3  182  207  183    3
    3  183  207  208    3
    3  183  208  184    3
    3  184  208  209    3
    3  184  209  185    3
    3  185  209  210    3
    3  185  210  186    3
    3  186  210  211    3
    3  186  211  187    3
    3  187  211  212    3
    3  187  212  188    3
    3  188  212  213    3
    3  188  213  189    3
    3  189  213  214    3
    3  189  214  190    3
    3  190  214  215    3
    3  190  215  191    3
    3  191  215  216    3
    3  191  216  192    3
    3  192  216  193    3
    3  192  193  169    3
    3  193  217  218    3
    3  193  218  194    3
    3  194  218  219    3
    3  194  219  195    3
    3  195  219  220    3
    3  195  220  196    3
    3  196  220  221    3
    3  196  221  197    3
    3  197  221  222    3
    3  197  222  198    3
    3  198  222  223    3
    3  198  223  199    3
    3  199  223  224    3
    3  199  224  200    3
    3  200  224  225    3
    3  200  225  201    3
    3  201  225  226    3
    3  201  226  202    3
    3  202  226  227    3
    3  202  227  203    3
    3  203  227  228    3
    3  203  228  204    3
    3  204  228  229    3
    3  204  229  205    3
    3  205  229  230    3
    3  205  230  206    3
    3  206  230  231    3
    3  206  231  207    3
    3  207  231  232    3
    3  207  232  208    3
    3  208  232  233    3
    3  208  233  209    3
    3  209  233  234    3
    3  209  234  210    3
    3  210  234  235    3
    3  210  235  211    3
    3  211  235  236    3
    3  211  236  212    3
    3  212  236  237    3
    3  212  237  213    3
    3  213  237  238    3
    3  213  238  214    3
    3  214  238  239    3
    3  214  239  215    3
    3  215  239  240    3
    3  215  240  216    3
    3  216  240  217    3
    3  216  217  193    3
    3  217  241  242    3
    3  217  242  218    3
    3  218  242  243    3
    3  218  243  219    3
    3  219  243  244    3
    3  219  244  220    3
    3  220  244  245    3
    3  220  245  221    3
    3  221  245  246    3
    3  221  246  222    3
    3  222  246  247    3
    3  222  247  223    3
    3  223  247  248    3
    3  223  248  224    3
    3  224  248  249    3
    3  224  249  225    3
    3  225  249  250    3
    3  225  250  226    3
    3  226  250  251    3
    3  226  251  227    3
    3  227  251  252    3
    3  227  252  228    3
    3  228  252  253    3
    3  228  253  229    3
    3  229  253  254    3
    3  229  254  230    3
    3  230  254  255    3
    3  230  255  231    3
    3  231  255  256    3
    3  231  256  232    3
    3  232  256  257    3
    3  232  257  233    3
    3  233  257  258    3
    3  233  258  234    3
    3  234  258  259    3
    3  234  259  235    3
    3  235  259  260    3
    3  235  260  236    3
    3  236  260  261    3
    3  236  261  237    3
    3  237  261  262    3
    3  237  262  238    3
    3  238  262  263    3
    3  238  263  239    3
    3  239  263  264    3
    3  239  264  240    3
    3  240  264  241    3
    3  240  241  217    3
    3  264  265  241    3
    3  264  266  265    3
    3  263  266  264    3
    3  263  267  266    3
    3  262  267  263    3
    3  262  268  267    3
    3  261  268  262    3
    3  261  269  268    3
    3  260  269  261    3
    3  260  270  269    3
    3  259  270  260    3
    3  259  271  270    3
    3  258  271  259    3
    3  258  272  271    3
    3  257  272  258    3
    3  257  273  272    3
    3  256  273  257    3
    3  256  274  273    3
    3  255  274  256    3
    3  255  275  274    3
    3  254  275  255    3
    3  254  276  275    3
    3  253  276  254    3
    3  253  277  276    3
    3  252  277  253    3
    3  252  278  277    3
    3  251  278  252    3
    3  251  279  278    3
    3  250  279  251    3
    3  250  280  279    3
    3  249  280  250    3
    3  249  281  280    3
    3  248  281  249    3
    3  248  282  281    3
    3  247  282  248    3
    3  247  283  282    3
    3  246  283  247    3
    3  246  284  283    3
    3  245  284  246    3
    3  245  285  284    3
    3  244  285  245    3
    3  244  286  285    3
    3  243  286  244    3
    3  243  287  286    3
    3  242  287  243    3
    3  242  288  287    3
    3  241  288  242    3
    3  241  265  288    3
    3  289  279  290    1
    3  291  288  292    1
    3  293  294  295    3
    3  296  275  276    1
    3  297  298  299    1
    3  300  301  302    1
    3  303  304  305    3
    3  292  306  307    1
    3  308  309  310    4
    3  300  293  301    1
    3  311  312  313    3
    3  290  314  315    1
    3  316  317  318    1
    3  319  320  321    3
    3  317  322  308    1
    3  286  323  285    1
    3  286  287  320    1
    3  298  297  293    1
    3  324  325  273    1
    3  326  271  272    1
    3  327  328  301    1
    3  329  326  330    1
    3  300  331  304    1
    3  332  282  302    1
    3  272  325  326    1
    3  296  276  316    1
    3  296  333  275    1
    3  324  334  325    1
    3  335  329  336    1
    3  315  328  337    1
    3  338  339  303    3
    3  334  340  341    4
    3  279  289  278    1
    3  274  275  333    1
    3  322  278  289    1
    3  342  343  344    3
    3  332  301  328    1
    3  314  290  280    1
    3  345  338  346    3
    3  324  333  334    1
    3  277  316  276    1
    3  266  267  335    1
    3  288  291  287    1
    3  347  348  349    3
    3  316  322  317    1
    3  297  350  351    4
    3  327  301  293    1
    3  283  331  302    1
    3  352  353  354    4
    3  326  269  270    1
    3  332  302  301    1
    3  355  299  298    1
    3  312  356  357    3
    3  330  355  329    1
    3  336  306  335    1
    3  271  326  270    1
    3  358  359  360    4
    3  298  361  362    3
    3  283  302  282    1
    3  336  329  355    1
    3  326  363  330    1
    3  265  292  288    1
    3  300  364  365    3
    3  366  367  368    4
    3  333  318  334    1
    3  369  361  370    3
    3  327  293  297    1
    3  278  322  277    1
    3  320  291  356    3
    3  371  285  323    1
    3  363  325  334    1
    3  371  331  284    1
    3  364  339  349    3
    3  268  335  267    1
    3  372  363  373    4
    3  280  290  279    1
    3  266  306  265    1
    3  316  277  322    1
    3  328  315  314    1
    3  308  315  367    1
    3  355  330  372    1
    3  327  297  337    1
    3  280  281  314    1
    3  374  340  375    4
    3  296  316  318    1
    3  352  376  377    4
    3  355  307  336    1
    3  292  343  378    3
    3  326  325  363    1
    3  320  287  291    1
    3  345  319  379    3
    3  380  372  381    4
    3  358  366  382    4
    3  268  329  335    1
    3  273  274  324    1
    3  336  307  306    1
    3  265  306  292    1
    3  296  318  333    1
    3  383  374  384    4
    3  329  268  269    1
    3  385  373  386    4
    3  333  324  274    1
    3  283  284  331    1
    3  298  307  355    1
    3  299  353  387    4
    3  308  289  315    1
    3  273  325  272    1
    3  327  337  328    1
    3  388  376  389    4
    3  314  332  328    1
    3  281  282  332    1
    3  315  289  290    1
    3  363  372  330    1
    3  355  372  299    1
    3  285  371  284    1
    3  314  281  332    1
    3  269  326  329    1
    3  369  347  311    3
    3  266  335  306    1
    3  286  320  323    1
    3  308  322  289    1
    3  300  302  331    1
    3  343  390  313    3
    3  292  307  344    3
    3  298  348  370    3
    3  361  390  342    3
    3  343  342  390    3
    3  342  307  362    3
    3  347  369  348    3
    3  361  369  390    3
    3  369  311  390    3
    3  312  311  347    3
    3  311  313  390    3
    3  313  312  378    3
    3  298  362  307    3
    3  342  362  361    3
    3  342  344  307    3
    3  292  344  343    3
    3  369  370  348    3
    3  298  370  361    3
    3  292  378  312    3
    3  313  378  343    3
    3  334  318  375    4
    3  340  391  388    4
    3  318  317  384    4
    3  340  374  391    4
    3  352  385  389    4
    3  376  391  359    4
    3  376  388  391    4
    3  388  385  341    4
    3  359  391  383    4
    3  359  358  377    4
    3  374  383  391    4
    3  383  317  360    4
    3  374  375  318    4
    3  334  375  340    4
    3  334  341  385    4
    3  388  341  340    4
    3  388  389  385    4
    3  352  389  376    4
    3  352  377  358    4
    3  359  377  376    4
    3  358  360  317    4
    3  383  360  359    4
    3  383  384  317    4
    3  318  384  374    4
    3  367  358  309    4
    3  315  337  368    1
    3  353  352  350    4
    3  353  299  380    4
    3  372  380  299    4
    3  380  385  354    4
    3  350  352  392    4
    3  350  297  387    4
    3  366  337  392    4
    3  367  366  358    4
    3  363  334  386    4
    3  373  385  381    4
    3  392  337  351    4
    3  392  352  382    4
    3  380  381  385    4
    3  373  381  372    4
    3  358  317  310    4
    3  367  309  308    4
    3  385  386  334    4
    3  363  386  373    4
    3  366  368  337    4
    3  315  368  367    1
    3  299  387  297    4
    3  350  387  353    4
    3  352  354  385    4
    3  380  354  353    4
    3  358  382  352    4
    3  392  382  366    4
    3  297  351  337    4
    3  392  351  350    4
    3  308  310  317    4
    3  358  310  309    4
    3  312  347  379    3
    3  320  319  323    3
    3  371  323  346    3
    3  338  347  393    3
    3  364  300  394    3
    3  364  348  294    3
    3  319  345  323    3
    3  338  345  347    3
    3  348  298  295    3
    3  294  293  365    3
    3  304  339  394    3
    3  331  371  305    1
    3  364  349  348    3
    3  349  339  393    3
    3  338  393  339    3
    3  349  393  347    3
    3  338  303  371    3
    3  304  303  339    3
    3  356  312  321    3
    3  291  292  357    3
    3  364  394  339    3
    3  304  394  300    3
    3  319  321  312    3
    3  356  321  320    3
    3  293  295  298    3
    3  348  295  294    3
    3  312  357  292    3
    3  291  357  356    3
    3  345  346  323    3
    3  371  346  338    3
    3  303  305  371    3
    3  331  305  304    1
    3  345  379  347    3
    3  312  379  319    3
    3  300  365  293    3
    3  294  365  364    3
C Prescribed Values(Inlet, Outlet), InteractionSurface(Inlet, Outlet)
       3        1        0        2        2        2
C Inlet Velocity
C     Vx,           Vy,            Vz,    indVx,indVy,indVz, FunID (3E18.9, 4I5)
   0.000000000e+00   1.000000000e+00   0.000000000e+00    1    0    1    4
C Inlet Pressure, FunID (E18.9,I5)
   1.000000000e+00    3
C Outlet Pressure (E18.9,I5)
   1.000000000e+00    2
C Inlet Velocity
C nNodeID,    Vx,           Vy,            Vz (I5, 3E18.9)
  265
    1  -1.200000000e+00  -1.000000000e+00   1.300000000e+00
    2  -1.100000000e+00  -1.000000000e+00   3.000000000e-01
    3  -9.000000000e-01  -1.000000000e+00  -1.000000000e-01
    4  -8.000000000e-01  -1.000000000e+00   4.000000000e-01
    5  -1.200000000e+00  -1.000000000e+00   1.200000000e+00
    6  -1.800000000e+00  -1.000000000e+00   1.700000000e+00
    7  -2.200000000e+00  -1.000000000e+00   1.500000000e+00
    8  -1.800000000e+00  -1.000000000e+00   1.000000000e+00
    9  -9.000000000e-01  -1.000000000e+00   8.000000000e-01
   10  -1.000000000e-01  -1.000000000e+00   1.000000000e+00
   11   1.000000000e-01  -1.000000000e+00   1.300000000e+00
   12  -1.000000000e-01  -1.000000000e+00   1.500000000e+00
   13  -3.000000000e-01  -1.000000000e+00   1.700000000e+00
   14  -5.000000000e-01  -1.000000000e+00   1.800000000e+00
   15  -8.000000000e-01  -1.000000000e+00   1.800000000e+00
   16  -1.000000000e+00  -1.000000000e+00   1.800000000e+00
   17  -1.600000000e+00  -1.000000000e+00   2.200000000e+00
   18  -2.300000000e+00  -1.000000000e+00   2.400000000e+00
   19  -3.000000000e+00  -1.000000000e+00   2.100000000e+00
   20  -3.100000000e+00  -1.000000000e+00   1.500000000e+00
   21  -2.200000000e+00  -1.000000000e+00   9.000000000e-01
   22  -1.300000000e+00  -1.000000000e+00   8.000000000e-01
   23  -8.000000000e-01  -1.000000000e+00   9.000000000e-01
   24  -7.000000000e-01  -1.000000000e+00   1.100000000e+00
   25  -9.000000000e-01  -1.000000000e+00   1.000000000e+00
   26  -1.100000000e+00  -1.400000000e+00   8.000000000e-01
   27  -1.000000000e+00  -1.400000000e+00   5.000000000e-01
   28  -9.000000000e-01  -1.400000000e+00   9.000000000e-01
   29  -1.300000000e+00  -1.400000000e+00   1.700000000e+00
   30  -2.000000000e+00  -1.400000000e+00   1.900000000e+00
   31  -2.300000000e+00  -1.400000000e+00   1.700000000e+00
   32  -1.900000000e+00  -1.400000000e+00   1.100000000e+00
   33  -1.000000000e+00  -1.400000000e+00   9.000000000e-01
   34  -1.000000000e-01  -1.400000000e+00   1.100000000e+00
   35   2.000000000e-01  -1.400000000e+00   1.500000000e+00
   36   1.000000000e-01  -1.400000000e+00   1.700000000e+00
   37  -1.000000000e-01  -1.400000000e+00   2.000000000e+00
   38  -3.000000000e-01  -1.400000000e+00   2.200000000e+00
   39  -7.000000000e-01  -1.400000000e+00   2.500000000e+00
   40  -1.000000000e+00  -1.400000000e+00   2.400000000e+00
   41  -1.500000000e+00  -1.400000000e+00   2.400000000e+00
   42  -2.200000000e+00  -1.400000000e+00   2.600000000e+00
   43  -2.700000000e+00  -1.400000000e+00   2.200000000e+00
   44  -2.800000000e+00  -1.400000000e+00   1.700000000e+00
   45  -2.200000000e+00  -1.400000000e+00   1.100000000e+00
   46  -1.400000000e+00  -1.400000000e+00   1.000000000e+00
   47  -1.000000000e+00  -1.400000000e+00   1.100000000e+00
   48  -8.000000000e-01  -1.400000000e+00   1.200000000e+00
   49  -8.000000000e-01  -1.400000000e+00   1.300000000e+00
   50  -1.100000000e+00  -1.400000000e+00   8.000000000e-01
   51  -9.000000000e-01  -1.400000000e+00   4.000000000e-01
   52  -9.000000000e-01  -1.400000000e+00   1.100000000e+00
   53  -1.200000000e+00  -1.400000000e+00   1.900000000e+00
   54  -1.900000000e+00  -1.400000000e+00   2.300000000e+00
   55  -2.400000000e+00  -1.400000000e+00   2.100000000e+00
   56  -2.000000000e+00  -1.400000000e+00   1.500000000e+00
   57  -1.200000000e+00  -1.400000000e+00   1.200000000e+00
   58  -2.000000000e-01  -1.400000000e+00   1.400000000e+00
   59   2.000000000e-01  -1.400000000e+00   1.800000000e+00
   60   1.000000000e-01  -1.400000000e+00   2.000000000e+00
   61   1.000000000e-01  -1.400000000e+00   2.400000000e+00
   62  -2.000000000e-01  -1.400000000e+00   2.900000000e+00
   63  -5.000000000e-01  -1.400000000e+00   3.300000000e+00
   64  -1.100000000e+00  -1.400000000e+00   3.300000000e+00
   65  -1.700000000e+00  -1.400000000e+00   3.400000000e+00
   66  -2.600000000e+00  -1.400000000e+00   3.300000000e+00
   67  -3.100000000e+00  -1.400000000e+00   2.800000000e+00
   68  -3.000000000e+00  -1.400000000e+00   2.100000000e+00
   69  -1.600000000e+00  -1.400000000e+00   1.500000000e+00
   70  -3.000000000e-01  -1.400000000e+00   1.600000000e+00
   71   1.000000000e-01  -1.400000000e+00   2.000000000e+00
   72   0.000000000e+00  -1.400000000e+00   2.300000000e+00
   73  -5.000000000e-01  -1.400000000e+00   2.100000000e+00
   74  -1.000000000e+00  -1.300000000e+00   4.000000000e-01
   75  -7.000000000e-01  -1.300000000e+00  -1.000000000e-01
   76  -4.000000000e-01  -1.300000000e+00   6.000000000e-01
   77  -8.000000000e-01  -1.300000000e+00   1.500000000e+00
   78  -1.300000000e+00  -1.300000000e+00   2.000000000e+00
   79  -1.700000000e+00  -1.300000000e+00   1.900000000e+00
   80  -1.400000000e+00  -1.300000000e+00   1.500000000e+00
   81  -7.000000000e-01  -1.300000000e+00   1.200000000e+00
   82   0.000000000e+00  -1.300000000e+00   1.400000000e+00
   83   4.000000000e-01  -1.300000000e+00   1.700000000e+00
   84   3.000000000e-01  -1.300000000e+00   2.000000000e+00
   85   4.000000000e-01  -1.300000000e+00   2.600000000e+00
   86   2.000000000e-01  -1.300000000e+00   3.400000000e+00
   87  -3.000000000e-01  -1.300000000e+00   4.000000000e+00
   88  -1.000000000e+00  -1.300000000e+00   4.100000000e+00
   89  -1.800000000e+00  -1.300000000e+00   4.000000000e+00
   90  -2.600000000e+00  -1.300000000e+00   3.700000000e+00
   91  -3.100000000e+00  -1.300000000e+00   3.100000000e+00
   92  -2.900000000e+00  -1.300000000e+00   2.300000000e+00
   93  -1.200000000e+00  -1.300000000e+00   1.600000000e+00
   94   4.000000000e-01  -1.300000000e+00   1.900000000e+00
   95   9.000000000e-01  -1.300000000e+00   2.400000000e+00
   96   6.000000000e-01  -1.300000000e+00   2.700000000e+00
   97  -3.000000000e-01  -1.300000000e+00   2.100000000e+00
   98  -9.000000000e-01  -1.200000000e+00   3.000000000e-01
   99  -6.000000000e-01  -1.200000000e+00   0.000000000e+00
  100  -4.000000000e-01  -1.200000000e+00   5.000000000e-01
  101  -6.000000000e-01  -1.200000000e+00   1.300000000e+00
  102  -1.000000000e+00  -1.200000000e+00   1.700000000e+00
  103  -1.200000000e+00  -1.200000000e+00   1.700000000e+00
  104  -1.000000000e+00  -1.200000000e+00   1.400000000e+00
  105  -3.000000000e-01  -1.200000000e+00   1.200000000e+00
  106   4.000000000e-01  -1.200000000e+00   1.400000000e+00
  107   8.000000000e-01  -1.200000000e+00   1.800000000e+00
  108   7.000000000e-01  -1.200000000e+00   2.100000000e+00
  109   7.000000000e-01  -1.200000000e+00   2.800000000e+00
  110   5.000000000e-01  -1.200000000e+00   3.600000000e+00
  111  -2.000000000e-01  -1.200000000e+00   4.300000000e+00
  112  -9.000000000e-01  -1.200000000e+00   4.300000000e+00
  113  -1.700000000e+00  -1.200000000e+00   4.000000000e+00
  114  -2.400000000e+00  -1.200000000e+00   3.600000000e+00
  115  -2.800000000e+00  -1.200000000e+00   2.900000000e+00
  116  -2.700000000e+00  -1.200000000e+00   2.200000000e+00
  117  -1.200000000e+00  -1.200000000e+00   1.600000000e+00
  118   3.000000000e-01  -1.200000000e+00   1.800000000e+00
  119   6.000000000e-01  -1.200000000e+00   2.100000000e+00
  120   3.000000000e-01  -1.200000000e+00   2.400000000e+00
  121  -3.000000000e-01  -1.200000000e+00   1.900000000e+00
  122  -1.300000000e+00  -1.100000000e+00  -7.000000000e-01
  123  -8.000000000e-01  -1.100000000e+00  -1.000000000e+00
  124  -4.000000000e-01  -1.100000000e+00  -1.000000000e-01
  125  -7.000000000e-01  -1.100000000e+00   1.200000000e+00
  126  -1.400000000e+00  -1.100000000e+00   1.800000000e+00
  127  -1.800000000e+00  -1.100000000e+00   1.700000000e+00
  128  -1.600000000e+00  -1.100000000e+00   1.300000000e+00
  129  -7.000000000e-01  -1.100000000e+00   1.000000000e+00
  130   3.000000000e-01  -1.100000000e+00   1.200000000e+00
  131   9.000000000e-01  -1.100000000e+00   1.600000000e+00
  132   7.000000000e-01  -1.100000000e+00   2.100000000e+00
  133   6.000000000e-01  -1.100000000e+00   2.700000000e+00
  134   4.000000000e-01  -1.100000000e+00   3.400000000e+00
  135  -3.000000000e-01  -1.100000000e+00   3.900000000e+00
  136  -1.000000000e+00  -1.100000000e+00   3.900000000e+00
  137  -1.600000000e+00  -1.100000000e+00   3.600000000e+00
  138  -2.300000000e+00  -1.100000000e+00   3.300000000e+00
  139  -2.800000000e+00  -1.100000000e+00   2.700000000e+00
  140  -2.600000000e+00  -1.100000000e+00   2.000000000e+00
  141  -1.200000000e+00  -1.100000000e+00   1.400000000e+00
  142   2.000000000e-01  -1.100000000e+00   1.500000000e+00
  143   4.000000000e-01  -1.100000000e+00   1.900000000e+00
  144   1.000000000e-01  -1.100000000e+00   2.100000000e+00
  145  -7.000000000e-01  -1.100000000e+00   1.300000000e+00
  146  -1.300000000e+00  -1.000000000e+00  -2.000000000e-01
  147  -1.000000000e+00  -1.000000000e+00  -1.000000000e+00
  148  -7.000000000e-01  -1.000000000e+00   0.000000000e+00
  149  -7.000000000e-01  -1.000000000e+00   6.000000000e-01
  150  -1.100000000e+00  -1.000000000e+00   1.000000000e+00
  151  -1.400000000e+00  -1.000000000e+00   1.100000000e+00
  152  -1.200000000e+00  -1.000000000e+00   9.000000000e-01
  153  -7.000000000e-01  -1.000000000e+00   8.000000000e-01
  154  -3.000000000e-01  -1.000000000e+00   8.000000000e-01
  155   0.000000000e+00  -1.000000000e+00   1.100000000e+00
  156  -1.000000000e-01  -1.000000000e+00   1.200000000e+00
  157  -1.000000000e-01  -1.000000000e+00   1.600000000e+00
  158  -1.000000000e-01  -1.000000000e+00   2.200000000e+00
  159  -5.000000000e-01  -1.000000000e+00   2.700000000e+00
  160  -1.000000000e+00  -1.000000000e+00   3.000000000e+00
  161  -1.700000000e+00  -1.000000000e+00   3.200000000e+00
  162  -2.800000000e+00  -1.000000000e+00   3.300000000e+00
  163  -3.600000000e+00  -1.000000000e+00   2.900000000e+00
  164  -3.400000000e+00  -1.000000000e+00   1.900000000e+00
  165  -1.600000000e+00  -1.000000000e+00   1.100000000e+00
  166   0.000000000e+00  -1.000000000e+00   1.300000000e+00
  167   3.000000000e-01  -1.000000000e+00   1.800000000e+00
  168  -1.000000000e-01  -1.000000000e+00   1.900000000e+00
  169  -7.000000000e-01  -1.000000000e+00   1.400000000e+00
  170  -1.200000000e+00  -9.000000000e-01   1.100000000e+00
  171  -1.200000000e+00  -9.000000000e-01   1.000000000e+00
  172  -1.100000000e+00  -9.000000000e-01   1.000000000e+00
  173  -1.300000000e+00  -9.000000000e-01   1.000000000e+00
  174  -1.600000000e+00  -9.000000000e-01   1.000000000e+00
  175  -1.800000000e+00  -9.000000000e-01   1.400000000e+00
  176  -1.600000000e+00  -9.000000000e-01   1.100000000e+00
  177  -1.000000000e+00  -9.000000000e-01   9.000000000e-01
  178  -3.000000000e-01  -9.000000000e-01   1.100000000e+00
  179   0.000000000e+00  -9.000000000e-01   1.400000000e+00
  180  -2.000000000e-01  -9.000000000e-01   1.600000000e+00
  181  -3.000000000e-01  -9.000000000e-01   1.700000000e+00
  182  -5.000000000e-01  -9.000000000e-01   2.000000000e+00
  183  -6.000000000e-01  -9.000000000e-01   2.300000000e+00
  184  -1.100000000e+00  -9.000000000e-01   2.500000000e+00
  185  -1.700000000e+00  -9.000000000e-01   2.900000000e+00
  186  -3.000000000e+00  -9.000000000e-01   3.500000000e+00
  187  -3.800000000e+00  -9.000000000e-01   3.000000000e+00
  188  -3.600000000e+00  -9.000000000e-01   2.100000000e+00
  189  -2.000000000e+00  -9.000000000e-01   1.400000000e+00
  190  -7.000000000e-01  -9.000000000e-01   1.400000000e+00
  191  -5.000000000e-01  -9.000000000e-01   1.700000000e+00
  192  -3.000000000e-01  -9.000000000e-01   2.000000000e+00
  193  -7.000000000e-01  -9.000000000e-01   2.000000000e+00
  194  -1.500000000e+00  -8.000000000e-01   2.000000000e+00
  195  -1.600000000e+00  -8.000000000e-01   1.000000000e+00
  196  -1.500000000e+00  -8.000000000e-01   0.000000000e+00
  197  -1.500000000e+00  -8.000000000e-01   1.000000000e+00
  198  -1.600000000e+00  -8.000000000e-01   2.000000000e+00
  199  -1.600000000e+00  -8.000000000e-01   2.000000000e+00
  200  -1.500000000e+00  -8.000000000e-01   1.000000000e+00
  201  -1.300000000e+00  -8.000000000e-01   9.000000000e-01
  202  -1.100000000e+00  -8.000000000e-01   9.000000000e-01
  203  -1.000000000e+00  -8.000000000e-01   1.100000000e+00
  204  -1.000000000e+00  -8.000000000e-01   1.100000000e+00
  205  -9.000000000e-01  -8.000000000e-01   1.300000000e+00
  206  -8.000000000e-01  -8.000000000e-01   1.900000000e+00
  207  -1.100000000e+00  -8.000000000e-01   2.600000000e+00
  208  -1.400000000e+00  -8.000000000e-01   2.900000000e+00
  209  -2.200000000e+00  -8.000000000e-01   3.300000000e+00
  210  -3.800000000e+00  -8.000000000e-01   4.100000000e+00
  211  -4.800000000e+00  -8.000000000e-01   3.500000000e+00
  212  -4.700000000e+00  -8.000000000e-01   2.400000000e+00
  213  -2.600000000e+00  -8.000000000e-01   1.400000000e+00
  214  -1.300000000e+00  -8.000000000e-01   1.400000000e+00
  215  -8.000000000e-01  -8.000000000e-01   1.700000000e+00
  216  -6.000000000e-01  -8.000000000e-01   2.100000000e+00
  217  -1.000000000e+00  -8.000000000e-01   2.200000000e+00
  218  -1.600000000e+00  -8.000000000e-01   1.000000000e+00
  219  -1.400000000e+00  -8.000000000e-01   0.000000000e+00
  220  -1.200000000e+00  -8.000000000e-01   1.000000000e+00
  221  -1.100000000e+00  -8.000000000e-01   1.000000000e+00
  222  -1.100000000e+00  -8.000000000e-01   0.000000000e+00
  223  -1.200000000e+00  -8.000000000e-01   1.000000000e+00
  224  -1.000000000e+00  -8.000000000e-01   1.000000000e+00
  225  -9.000000000e-01  -8.000000000e-01   1.100000000e+00
  226  -7.000000000e-01  -8.000000000e-01   1.100000000e+00
  227  -7.000000000e-01  -8.000000000e-01   1.300000000e+00
  228  -1.000000000e+00  -8.000000000e-01   1.400000000e+00
  229  -5.000000000e-01  -8.000000000e-01   1.800000000e+00
  230  -5.000000000e-01  -8.000000000e-01   2.600000000e+00
  231  -9.000000000e-01  -8.000000000e-01   3.600000000e+00
  232  -1.500000000e+00  -8.000000000e-01   4.000000000e+00
  233  -2.200000000e+00  -8.000000000e-01   3.800000000e+00
  234  -3.600000000e+00  -8.000000000e-01   4.200000000e+00
  235  -4.600000000e+00  -8.000000000e-01   3.600000000e+00
  236  -4.500000000e+00  -8.000000000e-01   2.400000000e+00
  237  -2.600000000e+00  -8.000000000e-01   1.600000000e+00
  238  -1.400000000e+00  -8.000000000e-01   1.400000000e+00
  239  -9.000000000e-01  -8.000000000e-01   1.700000000e+00
  240  -7.000000000e-01  -8.000000000e-01   2.100000000e+00
  241  -1.000000000e+00  -8.000000000e-01   2.100000000e+00
  242  -1.700000000e+00  -6.000000000e-01   1.000000000e+00
  243  -1.700000000e+00  -6.000000000e-01   1.000000000e+00
  244  -1.600000000e+00  -6.000000000e-01   1.000000000e+00
  245  -1.700000000e+00  -6.000000000e-01   2.000000000e+00
  246  -2.000000000e+00  -6.000000000e-01   2.000000000e+00
  247  -2.200000000e+00  -6.000000000e-01   1.000000000e+00
  248  -2.100000000e+00  -6.000000000e-01   2.000000000e+00
  249  -1.700000000e+00  -6.000000000e-01   1.200000000e+00
  250  -1.000000000e+00  -6.000000000e-01   1.200000000e+00
  251  -1.000000000e+00  -6.000000000e-01   1.300000000e+00
  252  -1.000000000e+00  -6.000000000e-01   1.200000000e+00
  253  -1.000000000e+00  -6.000000000e-01   1.600000000e+00
  254  -8.000000000e-01  -6.000000000e-01   2.600000000e+00
  255  -1.100000000e+00  -6.000000000e-01   3.500000000e+00
  256  -1.800000000e+00  -6.000000000e-01   4.000000000e+00
  257  -2.200000000e+00  -6.000000000e-01   3.600000000e+00
  258  -3.400000000e+00  -6.000000000e-01   3.900000000e+00
  259  -4.400000000e+00  -6.000000000e-01   3.600000000e+00
  260  -4.600000000e+00  -6.000000000e-01   2.500000000e+00
  261  -2.600000000e+00  -6.000000000e-01   1.700000000e+00
  262  -1.300000000e+00  -6.000000000e-01   1.600000000e+00
  263  -8.000000000e-01  -6.000000000e-01   2.000000000e+00
  264  -5.000000000e-01  -6.000000000e-01   2.700000000e+00
  265  -9.000000000e-01  -6.000000000e-01   2.700000000e+00
C Region List
