         1         0   0.10000E+00   0.00000E+00
         2         0   0.20000E+00   0.00000E+00
         3         0   0.30000E+00   0.00000E+00
         4         0   0.40000E+00   0.00000E+00
         5         0   0.50000E+00   0.00000E+00
         6         0   0.55000E+00   0.00000E+00
         7         0   0.60000E+00   0.00000E+00
         8         0   0.65000E+00   0.00000E+00
         9         0   0.70000E+00   0.00000E+00
        10         0   0.75000E+00   0.00000E+00
        11         0   0.80000E+00   0.00000E+00
        12         0   0.85000E+00   0.00000E+00
        13         0   0.90000E+00   0.00000E+00
        14         0   0.95000E+00   0.00000E+00
        15         0   0.10000E+01   0.00000E+00
