 LOADING REGIME
 TIME,DEF.ENERGY,SPEC.DEF.ENERGY,VOLUME
  0.20000E-01,  0.40525E-01,  0.58977E-03,  0.68714E+02
  0.40000E-01,  0.28013E+00,  0.40670E-02,  0.68879E+02
  0.60000E-01,  0.99030E+00,  0.14317E-01,  0.69172E+02
  0.80000E-01,  0.24124E+01,  0.34658E-01,  0.69606E+02
  0.10000E+00,  0.48108E+01,  0.68461E-01,  0.70271E+02
  0.12000E+00,  0.44201E+01,  0.62839E-01,  0.70339E+02
  0.14000E+00,  0.46243E+01,  0.65586E-01,  0.70507E+02
  0.16000E+00,  0.53994E+01,  0.76258E-01,  0.70805E+02
  0.18000E+00,  0.67696E+01,  0.95027E-01,  0.71239E+02
  0.20000E+00,  0.88317E+01,  0.12296E+00,  0.71827E+02
  0.22000E+00,  0.99068E+01,  0.13744E+00,  0.72083E+02
  0.24000E+00,  0.11352E+02,  0.15683E+00,  0.72386E+02
  0.26000E+00,  0.13124E+02,  0.18039E+00,  0.72754E+02
  0.28000E+00,  0.15250E+02,  0.20838E+00,  0.73184E+02
  0.30000E+00,  0.17705E+02,  0.24035E+00,  0.73664E+02
  0.32000E+00,  0.16361E+02,  0.22274E+00,  0.73454E+02
  0.34000E+00,  0.15393E+02,  0.21006E+00,  0.73278E+02
  0.36000E+00,  0.14908E+02,  0.20371E+00,  0.73182E+02
  0.38000E+00,  0.14746E+02,  0.20159E+00,  0.73150E+02
  0.40000E+00,  0.14960E+02,  0.20439E+00,  0.73192E+02
  0.42000E+00,  0.15129E+02,  0.20654E+00,  0.73251E+02
  0.44000E+00,  0.15427E+02,  0.21049E+00,  0.73290E+02
  0.46000E+00,  0.15983E+02,  0.21783E+00,  0.73373E+02
  0.48000E+00,  0.16678E+02,  0.22700E+00,  0.73472E+02
  0.50000E+00,  0.17706E+02,  0.24053E+00,  0.73614E+02
  0.52000E+00,  0.19157E+02,  0.25907E+00,  0.73947E+02
  0.54000E+00,  0.20954E+02,  0.28156E+00,  0.74423E+02
  0.56000E+00,  0.23022E+02,  0.30733E+00,  0.74911E+02
  0.58000E+00,  0.25397E+02,  0.33657E+00,  0.75457E+02
  0.60000E+00,  0.28023E+02,  0.36851E+00,  0.76042E+02
REVERSE LOADING REGIME
TIME,DEF.ENERGY,SPEC.DEF.ENERGY,VOLUME,HYSTERETIC ENERGY
   0.6000E+00,   0.2802E+02,   0.3685E+00,   0.7604E+02,   0.0000E+00
